KEY,logFC_lo,FDR_lo,logFC_med,FDR_med,logFC_hi,FDR_hi,SYMBOL,pass_lo,pass_med,pass_hi,pass_any,mean_abs_logFC,dir_consistent,in_GO_focus,score
Nr4a3,-1.2522137638022368,0.034230705945774174,-1.2401344946338044,0.07684192185984365,-2.026955605039118,0.04913501460555962,Nr4a3,TRUE,FALSE,TRUE,TRUE,1.5064346211583863,FALSE,TRUE,2.406522393518848
Sycp3,1.3259383637597235,0.08748090539214214,1.5792051582040052,0.08803823262798008,1.3768587952479256,0.17484601599802074,Sycp3,FALSE,FALSE,FALSE,FALSE,1.4273341057372182,FALSE,TRUE,2.385134603037897
Knl1,1.5683239147279173,0.038254963185461115,1.1232437215004452,0.15289262433005546,1.295047905116189,0.1711176852477748,Knl1,TRUE,FALSE,FALSE,TRUE,1.3288718471148504,FALSE,TRUE,2.358511639249561
Ncapg,1.5204658208124928,0.05161747799358566,0.6359534077086447,0.45155634002129874,1.6998442138340746,0.1002620105675008,Ncapg,FALSE,FALSE,FALSE,FALSE,1.2854211474517374,FALSE,TRUE,2.3467631132671785
Adcy8,-1.1257797611340485,0.21025000009788422,-1.0987426425475881,0.2432198801580557,-1.6085050423120184,0.22455190325108323,Adcy8,FALSE,FALSE,FALSE,FALSE,1.2776758153312184,FALSE,TRUE,2.3446688722914146
Ube2c,1.218997562362922,0.18802129649275798,1.231074584902347,0.21320569468413628,1.3735423279338197,0.263937480222375,Ube2c,FALSE,FALSE,FALSE,FALSE,1.2745381583996962,FALSE,TRUE,2.343820489083098
Hspa1a,-1.3298316496819358,0.03568027773812975,-1.0171723221458007,0.10069442807404672,-1.4443071109399443,0.07902608801737694,Hspa1a,TRUE,FALSE,FALSE,TRUE,1.2637703609225603,FALSE,TRUE,2.3409090112607847
Cenpi,1.579934101775717,0.02402884468577471,0.5655994853642847,0.4118995503994028,1.4622204689360085,0.09143882993334339,Cenpi,TRUE,FALSE,FALSE,TRUE,1.2025846853586701,FALSE,TRUE,2.3243651695117364
4930447C04Rik,1.2477491926538988,0.01752676768374091,1.1783797703243968,0.0704576830990092,1.103109484923757,0.06750873220157737,4930447C04Rik,TRUE,FALSE,FALSE,TRUE,1.1764128159673508,FALSE,TRUE,2.3172886232205276
Cenpf,1.3748404898134838,0.0294685758210866,0.6319714958709488,0.31075062795405345,1.413251251357209,0.08096894039228028,Cenpf,TRUE,FALSE,FALSE,TRUE,1.1400210790138805,FALSE,TRUE,2.3074487525059757
Cenpu,0.7990819608673768,0.23750563526547439,1.4810740576582024,0.07939073389715677,1.1213294808579959,0.2077190284490418,Cenpu,FALSE,FALSE,FALSE,FALSE,1.1338284997945252,FALSE,TRUE,2.3057743565026745
Esco2,1.9410165845892053,0.03370580140610914,0.492635337362027,0.6305232293340162,0.8746887804587803,0.47967468294702076,Esco2,TRUE,FALSE,FALSE,TRUE,1.1027802341366708,FALSE,TRUE,2.2973792936241155
Ccnb1,1.0727362337347355,0.1576366102998766,0.5638913017655371,0.5101936636793424,1.4623302528688122,0.14120234546347582,Ccnb1,FALSE,FALSE,FALSE,FALSE,1.0329859294563617,FALSE,TRUE,2.278507786184271
Prc1,0.8986619935827513,0.07391413984556996,0.8101620903071218,0.13820967438382178,1.3685282060226056,0.058087765943643586,Prc1,FALSE,FALSE,FALSE,FALSE,1.025784096637493,FALSE,TRUE,2.2765605006250214
Hspa1b,-1.3290041107114754,0.03962206051692648,-0.44677539746175654,0.3965666529384725,-1.250512027328622,0.11156556707211306,Hspa1b,TRUE,FALSE,FALSE,TRUE,1.0087638451672847,FALSE,TRUE,2.2719584374091286
Bub1,1.3350920197252423,0.023478178854300733,0.6887351405785307,0.218875905884679,0.8947682925312745,0.19999072086906083,Bub1,TRUE,FALSE,FALSE,TRUE,0.9728651509450158,FALSE,TRUE,2.2622518792852335
Rpl36-ps12,-1.4070998444671377,0.024629542147386174,-0.3312162462379134,0.47837325166481226,-1.1589742738719784,0.1005378684561948,Rpl36-ps12,TRUE,FALSE,FALSE,TRUE,0.9657634548590098,FALSE,TRUE,2.2603316694466735
Atf3,-0.9662374626843608,0.20038262277428237,-0.6892729927651804,0.35152179893346636,-1.179703817079909,0.25445387841808387,Atf3,FALSE,FALSE,FALSE,FALSE,0.9450714241764834,FALSE,TRUE,2.25473680303516
Top2a,1.339207807071245,0.036602288743575066,0.4965641150023976,0.4487883978725616,0.9681965665056387,0.22739560197176337,Top2a,TRUE,FALSE,FALSE,TRUE,0.9346561628597604,FALSE,TRUE,2.2519206465833297
Spdya,0.6453702951981333,0.2126040711364037,1.0860146749058375,0.08456131587098986,0.9913593407657697,0.1410195325599866,Spdya,FALSE,FALSE,FALSE,FALSE,0.9075814369565801,FALSE,TRUE,2.2445999791785325
Aspm,0.9713045477369933,0.07629974157098911,0.6191758077473517,0.28483043194451224,1.0794668694166931,0.13465946208849597,Aspm,FALSE,FALSE,FALSE,FALSE,0.889982408300346,FALSE,TRUE,2.2398414218472227
Sik1,-1.1094282588119473,0.014495712817790078,-0.5612391265538621,0.11660506728628543,-0.9703779442211884,0.05475877694670262,Sik1,TRUE,FALSE,FALSE,TRUE,0.880348443195666,FALSE,TRUE,2.237236518123617
Lipg,-0.9618192893379294,0.15484898312690978,-0.6229913177392218,0.34906179077309546,-1.042347061489441,0.24767959591140917,Lipg,FALSE,FALSE,FALSE,FALSE,0.8757192228555307,FALSE,TRUE,2.235984834816653
Kntc1,1.2621604309512255,0.05428956408387389,0.27210661038293765,0.7256093549385525,1.0682508425549764,0.2097049595423849,Kntc1,FALSE,FALSE,FALSE,FALSE,0.8675059612963798,FALSE,TRUE,2.2337640715705844
Scn11a,-1.0799413301760863,0.08969899961218232,-0.6364250971450642,0.28561104768883167,-0.7974794924434678,0.3069935193989426,Scn11a,FALSE,FALSE,FALSE,FALSE,0.8379486399215395,FALSE,TRUE,2.225772141386852
Scn10a,-0.8259634810441143,0.19825447654713343,-0.892742885293694,0.19737130604079642,-0.7666555652790078,0.36754740599431734,Scn10a,FALSE,FALSE,FALSE,FALSE,0.8284539772056054,FALSE,TRUE,2.2232049032876504
Fgfr4,-1.0775775141477253,0.10693796456706334,-0.94225692376557,0.17144102126774746,-0.4561302008926548,0.5816505525224932,Fgfr4,FALSE,FALSE,FALSE,FALSE,0.8253215462686501,FALSE,TRUE,2.222357933122931
Gucy2e,-1.1585272672752136,0.10147178056114015,-1.195725852453023,0.12933222359792737,0.09546599841413222,0.9254249867141772,Gucy2e,FALSE,FALSE,FALSE,FALSE,0.8165730393807896,FALSE,TRUE,2.2199924462314433
Ngfr,-1.0297648294835104,0.14967885427777347,-1.1503373142711601,0.14319812976133764,0.19877253449707832,0.8238687271177537,Ngfr,FALSE,FALSE,FALSE,FALSE,0.7929582260839163,FALSE,TRUE,2.2136072959406885
Lars2,-0.9180233539377758,0.3610332274699352,-1.0276738378493384,0.34282986302364743,-0.41578784821285364,0.7949153379449914,Lars2,FALSE,FALSE,FALSE,FALSE,0.7871616799999893,FALSE,TRUE,2.2120399823461296
Gldc,-1.138464819207731,0.10991384671136264,-0.9220130636276198,0.19673928510121272,0.2839131080404522,0.7484190835594656,Gldc,FALSE,FALSE,FALSE,FALSE,0.7814636636252676,FALSE,TRUE,2.2104993099531534
Tex15,0.8590332894216773,0.07536040132121372,0.7692522312124347,0.14245759520038395,0.7093841579228269,0.26316911693416595,Tex15,FALSE,FALSE,FALSE,FALSE,0.7792232261856463,FALSE,TRUE,2.2098935236787005
Ttk,1.1264957425316209,0.11773269322870387,-0.13859547941695594,0.8874806215289917,1.0657005348531987,0.2694941174106051,Ttk,FALSE,FALSE,FALSE,FALSE,0.7769305856005918,FALSE,TRUE,2.209273622326349
Kif11,0.9882721348534802,0.12502773288644484,0.5415092659006004,0.44491256757296294,0.8002226044866361,0.36456401969128355,Kif11,FALSE,FALSE,FALSE,FALSE,0.7766680017469055,FALSE,TRUE,2.2092026229350505
Ccne2,0.991456067332162,0.027839720029878327,0.7427681304207714,0.11242675194089401,0.5184490514100868,0.34277890806746325,Ccne2,FALSE,FALSE,FALSE,FALSE,0.75089108305434,FALSE,TRUE,2.2022328663752395
Mki67,1.032811297546588,0.08969167529019491,0.2647363791923816,0.7128339208165703,0.9243635557620946,0.25445387841808387,Mki67,FALSE,FALSE,FALSE,FALSE,0.7406370775003547,FALSE,TRUE,2.1994603114656863
Haus3,0.9553684687538908,0.02822996323863744,0.5603967361393098,0.18714316511102974,0.6999722514481528,0.17983991492950538,Haus3,FALSE,FALSE,FALSE,FALSE,0.7385791521137844,FALSE,TRUE,2.1989038741686717
Ect2,0.9495504004054314,0.08346373517236265,0.4338870303707001,0.46806886616059445,0.8171882398031745,0.25977568238390664,Ect2,FALSE,FALSE,FALSE,FALSE,0.733541890193102,FALSE,TRUE,2.1975418615195306
Rpusd3,-0.2625799128606544,0.7241052508682863,-0.837996949859759,0.2811135013368479,-1.0662764974116181,0.29470753231510066,Rpusd3,FALSE,FALSE,FALSE,FALSE,0.7222844533773438,FALSE,TRUE,2.194497991341365
Alox8,-1.007276242084492,0.07241098093098175,-0.5716211339828683,0.2690623322269226,-0.5788957743768668,0.3893809453148289,Alox8,FALSE,FALSE,FALSE,FALSE,0.7192643834814091,FALSE,TRUE,2.193681402197437
Uck2,-0.8179855016677751,0.02734049331395135,-0.5113798029764514,0.15412885058219658,-0.8087903534512053,0.0893504597692248,Uck2,FALSE,FALSE,FALSE,FALSE,0.7127185526984773,FALSE,TRUE,2.1919114913875806
Brip1,0.9850055853515384,0.04663613781080912,0.278612964204551,0.607417278399315,0.8318270390112427,0.1841687092605436,Brip1,FALSE,FALSE,FALSE,FALSE,0.6984818628557774,FALSE,TRUE,2.1880620684365835
Calca,-1.0699605022987335,0.31887915303485187,0.6928548962633165,0.4609171531929044,-0.29400291419750324,0.855888697745216,Calca,FALSE,FALSE,FALSE,FALSE,0.6856061042531845,FALSE,TRUE,2.184580624278991
Spc25,1.061122648474269,0.11397821902643435,0.37491423897660703,0.6347665110775306,0.6138109607804463,0.5298595407555036,Spc25,FALSE,FALSE,FALSE,FALSE,0.6832826160771075,FALSE,TRUE,2.1839523821236737
Cdk1,1.0333213469791125,0.08329038105966449,0.20472740347781304,0.7811634950009924,0.7465965081924154,0.3560603151549478,Cdk1,FALSE,FALSE,FALSE,FALSE,0.6615484195497803,FALSE,TRUE,2.178075727096545
Mif,-0.6125311153728159,0.03709196898568159,-0.6092228588465325,0.07978550165448961,-0.6646197263664142,0.0873081814626103,Mif,FALSE,FALSE,FALSE,FALSE,0.6287912335285876,FALSE,TRUE,2.1692185935161064
Xylb,-0.5710945116425913,0.32440694145650745,-0.8631411052894891,0.18415075673481834,-0.4488366044393169,0.5725414283030349,Xylb,FALSE,FALSE,FALSE,FALSE,0.6276907404571324,FALSE,TRUE,2.1689210339475915
Cyp4f15,-1.1854108181810368,0.10031343436224324,-0.392199052607,0.5590248144852829,0.3024125492154475,0.7185455806064397,Cyp4f15,FALSE,FALSE,FALSE,FALSE,0.6266741400011614,FALSE,TRUE,2.1686461578935052
Grwd1,-0.8508456810535137,0.014762386682051128,-0.44053618702251596,0.10381114606151486,-0.5755778694709712,0.08932465111277789,Grwd1,FALSE,FALSE,FALSE,FALSE,0.622319912515667,FALSE,TRUE,2.1674688292165643
Rps26,-0.6442746646991306,0.017823060973944406,-0.5653671492837624,0.0704576830990092,-0.6539988695570145,0.05475877694670262,Rps26,FALSE,FALSE,FALSE,FALSE,0.6212135611799692,FALSE,TRUE,2.1671696856466367
Kif4,0.8476685166381177,0.050110670506300845,-0.15628811013200322,0.7663132045105532,0.8432697251940282,0.12794618861742096,Kif4,FALSE,FALSE,FALSE,FALSE,0.6157421173213831,FALSE,TRUE,2.1656902756294873
Stac,-0.8919961276208526,0.09356533874743883,-0.17592949934225732,0.7304567079158235,-0.7742606375093634,0.2497143909421401,Stac,FALSE,FALSE,FALSE,FALSE,0.6140620881574911,FALSE,TRUE,2.1652360167467495
Celf5,-0.9312949535237907,0.08575066174897954,-0.7353568293615582,0.17508461306641326,0.17054090024396573,0.7988200690067017,Celf5,FALSE,FALSE,FALSE,FALSE,0.6123975610431048,FALSE,TRUE,2.1647859494243966
Terf1,0.48870191626811543,0.0637155515725939,0.6462559083485266,0.0704576830990092,0.6823117435550583,0.06750873220157737,Terf1,FALSE,FALSE,FALSE,FALSE,0.6057565227239001,FALSE,TRUE,2.1629902956869858
Hal,-0.557585275827591,0.33448988882713904,-0.8539014798860192,0.18598641846202824,-0.40054487667864835,0.6129758732020755,Hal,FALSE,FALSE,FALSE,FALSE,0.6040105441307528,FALSE,TRUE,2.162518204903056
Rpl32,-0.6850192661088252,0.014010242121571018,-0.49567711192345865,0.0704576830990092,-0.6080235368266447,0.05475877694670262,Rpl32,FALSE,FALSE,FALSE,FALSE,0.5962399716196428,FALSE,TRUE,2.1604171392412232
Ccnb2,0.6897290966888017,0.2440419280196545,0.42652937493674364,0.5142536910044518,0.6699206657248078,0.409082037651014,Ccnb2,FALSE,FALSE,FALSE,FALSE,0.5953930457834511,FALSE,TRUE,2.1601881410831085
Cyp46a1,0.4928808580294551,0.4677557415538738,-0.7894165272209661,0.34906179077309546,0.5012537442631619,0.5951006925891179,Cyp46a1,FALSE,FALSE,FALSE,FALSE,0.5945170431711944,FALSE,TRUE,2.1599512809282544
Chmp2b,0.9005129263686733,0.017823060973944406,0.5522151889331068,0.1085213595893556,0.3182957492574783,0.42535835249362053,Chmp2b,FALSE,FALSE,FALSE,FALSE,0.5903412881864195,FALSE,TRUE,2.1588222089843025
Cenpk,0.8053600931963611,0.08179041580263124,0.4926675275013328,0.31207004954883505,0.4652536138532082,0.46374080637267573,Cenpk,FALSE,FALSE,FALSE,FALSE,0.5877604115169673,FALSE,TRUE,2.158124372198164
Rpl37,-0.6515357852010926,0.018371466261579567,-0.5803579649637562,0.0704576830990092,-0.5291229602293477,0.0899475958867595,Rpl37,FALSE,FALSE,FALSE,FALSE,0.5870055701313989,FALSE,TRUE,2.157920272524288
Gulo,-0.803740354767104,0.13459505372804934,-0.5827671225307922,0.29588738892291083,-0.3621829839273154,0.6323909429312146,Gulo,FALSE,FALSE,FALSE,FALSE,0.5828968204084038,FALSE,TRUE,2.1568093179654437
Rps29,-0.6569978496327007,0.01986542432863018,-0.5376430474824856,0.07556490478840473,-0.544502018127055,0.09610154956615466,Rps29,FALSE,FALSE,FALSE,FALSE,0.5797143050807471,FALSE,TRUE,2.1559488056076175
Sgo2a,0.6520529343369683,0.3174670093612753,0.32426202984853614,0.668628813331965,0.7557843359741464,0.3924658494731179,Sgo2a,FALSE,FALSE,FALSE,FALSE,0.5773664333865502,FALSE,TRUE,2.155313970453835
Fbll1,-0.6991838305722448,0.1368845711453523,0.2213984411891421,0.6195055163426982,-0.811484435216098,0.20413169178851054,Fbll1,FALSE,FALSE,FALSE,FALSE,0.577355568992495,FALSE,TRUE,2.155311032857506
Cenpq,0.7796186631317825,0.01661440266828112,0.48918799181279704,0.09988289957271715,0.4508373086622943,0.17891057821632086,Cenpq,FALSE,FALSE,FALSE,FALSE,0.5732146545356246,FALSE,TRUE,2.1541913813567346
Rpl23a,-0.6346705020184613,0.01752676768374091,-0.49461138755682477,0.07350987811893962,-0.5862234082543694,0.06396116089959382,Rpl23a,FALSE,FALSE,FALSE,FALSE,0.5718350992765519,FALSE,TRUE,2.153818366861433
Aldh1l2,1.2916585826353804,0.0380043780706344,-0.30314244587166606,0.6874367868298817,-0.11949521917583583,0.9162903148707165,Aldh1l2,TRUE,FALSE,FALSE,TRUE,0.5714320825609608,FALSE,TRUE,2.153709396179921
Ncapg2,0.7418860570934944,0.01071828627468486,0.5733085460987528,0.0704576830990092,0.3988431324920816,0.10905122251834758,Ncapg2,FALSE,FALSE,FALSE,FALSE,0.5713459118947762,FALSE,TRUE,2.1536860967090625
Ndufa3,-0.6785081654794283,0.022250389338099964,-0.48728083079857765,0.09085111530551959,-0.543093624297911,0.10101098238561386,Ndufa3,FALSE,FALSE,FALSE,FALSE,0.5696275401919723,FALSE,TRUE,2.1532214704831487
Fbl,-0.6757183669584399,0.022606933826155737,-0.4149853256338427,0.12120325726231725,-0.6112463467554985,0.0803719609813072,Fbl,FALSE,FALSE,FALSE,FALSE,0.5673166797825937,FALSE,TRUE,2.1525966427180783
Tpx2,0.5080246730690676,0.4481907204295391,0.378738814489215,0.6044482429582759,0.8120138424977874,0.3462400621824429,Tpx2,FALSE,FALSE,FALSE,FALSE,0.56625911001869,FALSE,TRUE,2.1523106890753123
Dnajb1,-0.45045121559008017,0.03199299932373977,-0.49160113421172813,0.0704576830990092,-0.7553858026254519,0.042179419271414866,Dnajb1,FALSE,FALSE,FALSE,FALSE,0.5658127174757533,FALSE,TRUE,2.1521899901123565
Rpl37a,-0.6477315150759182,0.01600573855620976,-0.5191162045820477,0.0704576830990092,-0.523593807273655,0.07902608801737694,Rpl37a,FALSE,FALSE,FALSE,FALSE,0.5634805089772069,FALSE,TRUE,2.151559390090862
Mvk,-0.7514086751317528,0.038136671736335816,-0.42055585080509017,0.1951463739665055,-0.5112536029304939,0.2160746753329498,Mvk,FALSE,FALSE,FALSE,FALSE,0.5610727096224456,FALSE,TRUE,2.1509083512468594
Ncaph,0.7830472534211427,0.3253122321794847,0.33181692869362867,0.7248032612003568,0.5661818121499633,0.6290172071201772,Ncaph,FALSE,FALSE,FALSE,FALSE,0.5603486647549115,FALSE,TRUE,2.150712578566452
Rpl36,-0.6564544863671538,0.014466638834183743,-0.5611785097633302,0.0704576830990092,-0.4621418099897294,0.09610154956615466,Rpl36,FALSE,FALSE,FALSE,FALSE,0.5599249353734045,FALSE,TRUE,2.1505980074390196
Stil,0.5023607014479565,0.5093827426374335,0.13619010202554382,0.881729237225064,1.0314295213623401,0.2710842067017824,Stil,FALSE,FALSE,FALSE,FALSE,0.5566601082786135,FALSE,TRUE,2.149715239008395
Itgb3bp,0.8072010051285501,0.023478178854300733,0.5523809194358815,0.1177927071434135,0.3018754995835131,0.48101347484134177,Itgb3bp,FALSE,FALSE,FALSE,FALSE,0.5538191413826482,FALSE,TRUE,2.1489470770765706
Hmox1,-0.4623628071492396,0.42216437409888596,-0.9934839155307251,0.14692460314276878,0.19283948679432772,0.8067029261544192,Hmox1,FALSE,FALSE,FALSE,FALSE,0.5495620698247642,FALSE,TRUE,2.1477960181478437
Smc4,0.593421487746336,0.019850968814593157,0.5753864160592732,0.0704576830990092,0.45805554765791534,0.11072394358696394,Smc4,FALSE,FALSE,FALSE,FALSE,0.5422878171545081,FALSE,TRUE,2.145829151166149
Egr1,-0.7741707468228478,0.20014076909341716,0.3623654888098393,0.5538785785299825,0.4894309318445611,0.5374640967791049,Egr1,FALSE,FALSE,FALSE,FALSE,0.5419890558257494,FALSE,TRUE,2.14574836983787
Mfsd2a,-0.5929556884033753,0.26418495607371817,-0.3832524409887046,0.47743212599999346,-0.6469968625769034,0.36456401969128355,Mfsd2a,FALSE,FALSE,FALSE,FALSE,0.5410683306563278,FALSE,TRUE,2.145499417262665
Slc25a25,-0.748542464406948,0.05422062006045754,-0.22906707924737457,0.5663407097417025,-0.638286979409922,0.20598376384920522,Slc25a25,FALSE,FALSE,FALSE,FALSE,0.5386321743547482,FALSE,TRUE,2.144840711054752
Tufm,-0.6426479872639055,0.024900909943646563,-0.4974876650735389,0.09180503249903499,-0.47292408949362574,0.14847691052552625,Tufm,FALSE,FALSE,FALSE,FALSE,0.5376865806103567,FALSE,TRUE,2.144585034327774
Pmvk,-0.7906496793527893,0.044090152498948126,-0.23612199979435822,0.5149635859767472,-0.5699558075251288,0.22858287402043195,Pmvk,FALSE,FALSE,FALSE,FALSE,0.5322424955574254,FALSE,TRUE,2.143113021789643
Mrps36,-0.5164053358455991,0.03931643433684292,-0.46593554644403445,0.08967000640739733,-0.6121163177996434,0.06929544730311386,Mrps36,FALSE,FALSE,FALSE,FALSE,0.5314857333630923,FALSE,TRUE,2.1429084027530907
Rb1,0.5341818311137061,0.05382002994369843,0.6337015693936712,0.07538223704315088,0.40719177648579397,0.25451065036757703,Rb1,FALSE,FALSE,FALSE,FALSE,0.5250250589977238,FALSE,TRUE,2.1411615171739458
Hsp90ab1,-0.6387291899858525,0.021218439507966206,-0.41520173672669003,0.11601268445501388,-0.5063436879795091,0.11438024775093975,Hsp90ab1,FALSE,FALSE,FALSE,FALSE,0.5200915382306839,FALSE,TRUE,2.139827554835811
Spag5,0.5637433262048752,0.34914052942357365,-0.1209682238978308,0.8767549711175674,0.8672467450487935,0.2649621374136752,Spag5,FALSE,FALSE,FALSE,FALSE,0.5173194317171665,FALSE,TRUE,2.139078011890531
Rpl29,-0.5845560200886482,0.0189573660921356,-0.4714146110242545,0.07385531872751548,-0.49543162063256396,0.08297164312895335,Rpl29,FALSE,FALSE,FALSE,FALSE,0.5171340839151556,FALSE,TRUE,2.139027896162025
Nek2,0.5506143018598583,0.4191932427292261,-0.3016875124187173,0.721010484446685,0.6889526529035126,0.44653217569857523,Nek2,FALSE,FALSE,FALSE,FALSE,0.513751489060696,FALSE,TRUE,2.1381132848014803
Rpl38,-0.5208136731733424,0.014455723425594891,-0.515513384189493,0.0704576830990092,-0.5023366314657727,0.049977204071617515,Rpl38,FALSE,FALSE,FALSE,FALSE,0.5128878962762027,FALSE,TRUE,2.1378797801089098
Rpl28,-0.5742651268963019,0.030793365723213884,-0.48341327056839223,0.09504062435080558,-0.476093803751243,0.1428727193465167,Rpl28,FALSE,FALSE,FALSE,FALSE,0.5112574004053124,FALSE,TRUE,2.1374389144093504
Sptlc3,-0.6553421827918011,0.1507674539875152,-0.5343592942577855,0.2525471309290613,-0.33239110897298724,0.5814768853913868,Sptlc3,FALSE,FALSE,FALSE,FALSE,0.507364195340858,FALSE,TRUE,2.136386240431506
Trmt9b,-0.5414621770736181,0.14690563911420015,-0.41800793140196313,0.27110775784098745,-0.5566238458613972,0.26126947147517515,Trmt9b,FALSE,FALSE,FALSE,FALSE,0.5053646514456595,FALSE,TRUE,2.135845588759892
Cbs,-0.6923421119948318,0.2518977151000761,-0.47954834868669116,0.4329704019182371,-0.3425590474864256,0.6758327487003399,Cbs,FALSE,FALSE,FALSE,FALSE,0.5048165027226496,FALSE,TRUE,2.1356973761979674
Rps5,-0.5844835637491297,0.018371466261579567,-0.4349468273935635,0.08262150847561836,-0.49458141893460805,0.08096894039228028,Rps5,FALSE,FALSE,FALSE,FALSE,0.5046706033591004,FALSE,TRUE,2.13565792683405
P2ry6,-0.6508023381281804,0.1190709825081112,-0.4693636213736584,0.25902698653346085,-0.38892604539383613,0.46507597198792544,P2ry6,FALSE,FALSE,FALSE,FALSE,0.5030306682985584,FALSE,TRUE,2.135214508895615
Rpl35,-0.581768961885297,0.012339119127892623,-0.3737632461256375,0.0704576830990092,-0.552997270840411,0.04913501460555962,Rpl35,FALSE,FALSE,FALSE,FALSE,0.5028431596171151,FALSE,TRUE,2.135163808892325
Rplp0,-0.48038242110682283,0.018647158665054384,-0.5108368641621723,0.0704576830990092,-0.5154374336289909,0.05475877694670262,Rplp0,FALSE,FALSE,FALSE,FALSE,0.5022189062993286,FALSE,TRUE,2.1349950185994078
Rpl18,-0.5499170267548905,0.014840024695314973,-0.46325696243252956,0.0704576830990092,-0.4931966398555634,0.05475877694670262,Rpl18,FALSE,FALSE,FALSE,FALSE,0.5021235430143278,FALSE,TRUE,2.134969233559344
Trpt1,-0.38359795354952864,0.42137740828730325,-0.7117043225786195,0.18315557668902585,-0.401642629077374,0.542232017933202,Trpt1,FALSE,FALSE,FALSE,FALSE,0.4989816350685074,FALSE,TRUE,2.134119700929906
Pirt,-0.5992289677748639,0.4247998515075859,-0.7817188795128245,0.320622653240816,-0.114015971756245,0.9248627502252181,Pirt,FALSE,FALSE,FALSE,FALSE,0.49832127301464446,FALSE,TRUE,2.1339411472861736
Dbi,-0.48115016416495493,0.12728334504007993,-0.3160259303417172,0.339108139858088,-0.6965301510249118,0.12049300589085365,Dbi,FALSE,FALSE,FALSE,FALSE,0.4979020818438613,FALSE,TRUE,2.1338278032341855
Gen1,0.4728851592367024,0.3149461275122901,0.3647010798474165,0.4705903496669289,0.6551957554723595,0.2875721650212734,Gen1,FALSE,FALSE,FALSE,FALSE,0.4975939981854928,FALSE,TRUE,2.133744501264524
Rps16,-0.5551839167471915,0.014762386682051128,-0.4850148247210777,0.0704576830990092,-0.4503351305137713,0.06750873220157737,Rps16,FALSE,FALSE,FALSE,FALSE,0.49684462399401347,FALSE,TRUE,2.133541879851581
Mmp24,-0.6870634478389386,0.040090584178383015,-0.4879747901430216,0.1352466132251879,-0.2972416595353402,0.4419463566914107,Mmp24,FALSE,FALSE,FALSE,FALSE,0.49075996583910014,FALSE,TRUE,2.131896664354911
Eef2,-0.6044424057589541,0.026886994149113802,-0.4551521087011139,0.10956679750621234,-0.4069551838099681,0.2144958965798415,Eef2,FALSE,FALSE,FALSE,FALSE,0.4888498994233454,FALSE,TRUE,2.13138020627512
Cd74,-0.5444751736200555,0.04529800063681137,-0.4212023749241123,0.13931143725561845,-0.4981644961294416,0.15207835575571246,Cd74,FALSE,FALSE,FALSE,FALSE,0.48794734822453645,FALSE,TRUE,2.131136167714364
Per2,-0.46293401481202734,0.2751639836620958,0.40792921875135324,0.3167458363461255,0.592785798354007,0.2511398158114848,Per2,FALSE,FALSE,FALSE,FALSE,0.4878830106391292,FALSE,TRUE,2.1311187716355975
Rplp2,-0.5282207854218433,0.01661440266828112,-0.4512698169008287,0.0704576830990092,-0.4703714600188791,0.06750873220157737,Rplp2,FALSE,FALSE,FALSE,FALSE,0.4832873541138503,FALSE,TRUE,2.129876163564566
Zwilch,0.5331263148892619,0.16754846641184357,0.487787159173973,0.23380447441797855,0.4267488117597936,0.422832318958479,Zwilch,FALSE,FALSE,FALSE,FALSE,0.48255409527434284,FALSE,TRUE,2.129677899541327
Mcmdc2,0.5995029449354294,0.2888274844433858,0.6621013254096861,0.26604345105836863,0.17423989074203736,0.8595500930257407,Mcmdc2,FALSE,FALSE,FALSE,FALSE,0.4786147203623843,FALSE,TRUE,2.128612741813918
Ndufs5,-0.45669319259045515,0.025043567645686424,-0.4275630117229259,0.07177798693527772,-0.5452744077170166,0.05475877694670262,Ndufs5,FALSE,FALSE,FALSE,FALSE,0.47651020401013255,FALSE,TRUE,2.1280437069022486
Rps28,-0.4509012141028039,0.02300251776828198,-0.45844796484832173,0.0704576830990092,-0.5190820383560286,0.05475877694670262,Rps28,FALSE,FALSE,FALSE,FALSE,0.4761437391023848,FALSE,TRUE,2.127944619372619
Rpl41,-0.40902812341235517,0.039555403208869,-0.4394711654694774,0.07556490478840473,-0.5775727854853212,0.05475877694670262,Rpl41,FALSE,FALSE,FALSE,FALSE,0.4753573581223846,FALSE,TRUE,2.127731991786706
Nipbl,0.6001653398734534,0.01661440266828112,0.5075743535589945,0.0704576830990092,0.3118595744695769,0.22613175626772028,Nipbl,FALSE,FALSE,FALSE,FALSE,0.4731997559673416,FALSE,TRUE,2.127148603137623
Pten,0.5884213008544128,0.02095553687999382,0.5061269905770578,0.07346255419668397,0.3226991887399153,0.24715645519038124,Pten,FALSE,FALSE,FALSE,FALSE,0.4724158267237953,FALSE,TRUE,2.126936638470597
Rps18,-0.502459308401118,0.016464514009781613,-0.4416708207754727,0.0704576830990092,-0.47286229494491216,0.05475877694670262,Rps18,FALSE,FALSE,FALSE,FALSE,0.4723308080405009,FALSE,TRUE,2.12691365048151
Akr1c14,0.16730811979872762,0.784584618676206,-0.48869994334924893,0.4153839264326638,-0.7592216485037335,0.32566580746760365,Akr1c14,FALSE,FALSE,FALSE,FALSE,0.4717432372172367,FALSE,TRUE,2.126754778676519
Kif2a,0.6294139398971952,0.031513019920142014,0.5002523935973597,0.10782108313813464,0.2788698095252924,0.4411571550032388,Kif2a,FALSE,FALSE,FALSE,FALSE,0.4695120476732824,FALSE,TRUE,2.12615149291744
Khk,-0.5161320747990441,0.031968617370469646,-0.5075371028286497,0.07384538352232438,-0.3835970785873406,0.16644114484498482,Khk,FALSE,FALSE,FALSE,FALSE,0.46908875207167816,FALSE,TRUE,2.1260370390786703
Sgo1,0.7603869618629348,0.15931187647912623,0.15473405174861746,0.8205523423858933,0.4871443105135146,0.5305694329351527,Sgo1,FALSE,FALSE,FALSE,FALSE,0.4674217747083556,FALSE,TRUE,2.1255863092396368
Cenpl,0.6739841964627187,0.09075105744501766,0.4606097182094657,0.2708176564916809,0.263556770380468,0.650562486798973,Cenpl,FALSE,FALSE,FALSE,FALSE,0.4660502283508841,FALSE,TRUE,2.1252154602512032
Rpl18a,-0.483616679130936,0.015571191153496351,-0.4378867436451923,0.0704576830990092,-0.46393612344333146,0.05475877694670262,Rpl18a,FALSE,FALSE,FALSE,FALSE,0.46181318207315325,FALSE,TRUE,2.1240698159078804
Bysl,-0.637144076263064,0.02300251776828198,-0.26956440212543953,0.24768355562535901,-0.47500713860863275,0.1271905710602574,Bysl,FALSE,FALSE,FALSE,FALSE,0.4605718723323788,FALSE,TRUE,2.1237341812724257
Nme2,-0.2745854379393138,0.5368588543149622,-0.6219589476656904,0.19629335121828242,-0.4846767033188276,0.4169495874309355,Nme2,FALSE,FALSE,FALSE,FALSE,0.4604070296412773,FALSE,TRUE,2.1236896098695617
Cenpc1,0.5184228547973504,0.01752676768374091,0.4571223941658147,0.0704576830990092,0.3921001740452006,0.1002620105675008,Cenpc1,FALSE,FALSE,FALSE,FALSE,0.45588180766945524,FALSE,TRUE,2.122466046421235
Mrm3,-0.5096321416177787,0.08542193164589022,-0.3653932254718657,0.2138550876532609,-0.4923632374965572,0.1957227309825472,Mrm3,FALSE,FALSE,FALSE,FALSE,0.45579620152873385,FALSE,TRUE,2.1224428995910043
Aldoa,-0.5434621633800027,0.027134440961391244,-0.38169389365023143,0.12448868292762594,-0.44178214593733856,0.13846274326631194,Aldoa,FALSE,FALSE,FALSE,FALSE,0.4556460676558576,FALSE,TRUE,2.1224023052687033
Aprt,-0.541295178704968,0.019861619528007517,-0.44095393025327656,0.07242313242785868,-0.38382445595817805,0.12049300589085365,Aprt,FALSE,FALSE,FALSE,FALSE,0.4553578549721409,FALSE,TRUE,2.1223243761621675
Gper1,-0.4971745073475944,0.16754846641184357,-0.44735900078896584,0.23890412743813666,-0.41951903081035713,0.3896594828547996,Gper1,FALSE,FALSE,FALSE,FALSE,0.45468417964897245,FALSE,TRUE,2.1221422227768527
Cirbp,-0.5762473821481766,0.09936571559985244,-0.5075703873775206,0.17812959620448013,-0.27604745830174426,0.5711601376426727,Cirbp,FALSE,FALSE,FALSE,FALSE,0.4532884092758138,FALSE,TRUE,2.121764823917418
Cdk5rap1,-0.4359608231117731,0.301921871997801,-0.2988443697966492,0.49944551150720284,-0.6231422004458449,0.28462516900839446,Cdk5rap1,FALSE,FALSE,FALSE,FALSE,0.4526491311180891,FALSE,TRUE,2.1215919710956173
Dhcr24,-0.39417949336587244,0.310731470390935,-0.6138061979935405,0.16124149767615134,-0.34968967721696886,0.5142216748241247,Dhcr24,FALSE,FALSE,FALSE,FALSE,0.45255845619212726,FALSE,TRUE,2.1215674537292255
Nol3,-0.5523970983391222,0.1539109359258738,-0.5302817583627886,0.1951463739665055,-0.27471611388572637,0.6015495062515869,Nol3,FALSE,FALSE,FALSE,FALSE,0.45246499019587905,FALSE,TRUE,2.1215421816923214
Fmn2,0.594830675679578,0.014455723425594891,0.4089800336510061,0.07556490478840473,0.3523987191590141,0.13561843586769132,Fmn2,FALSE,FALSE,FALSE,FALSE,0.45206980949653275,FALSE,TRUE,2.121435329771639
Rps11,-0.5161428725731909,0.021166538341988103,-0.42278191763622086,0.0794588707975626,-0.4154743370294858,0.1055527316503517,Rps11,FALSE,FALSE,FALSE,FALSE,0.45146637574629916,FALSE,TRUE,2.1212721688295084
Park7,-0.5516821694559404,0.014455723425594891,-0.3816776904527961,0.0704576830990092,-0.42004969733983977,0.06750873220157737,Park7,FALSE,FALSE,FALSE,FALSE,0.45113651908285873,FALSE,TRUE,2.1211829797114747
Snrpb,-0.5903466141398157,0.014466638834183743,-0.4185210367429253,0.07319949539497417,-0.34265842374350886,0.13969684197102653,Snrpb,FALSE,FALSE,FALSE,FALSE,0.4505086915420833,FALSE,TRUE,2.121013222993345
Ndufa12,-0.4862965927545453,0.05333433753160921,-0.3736030221812632,0.15168902067944873,-0.48687814400035645,0.1368467972435788,Ndufa12,FALSE,FALSE,FALSE,FALSE,0.4489259196453883,FALSE,TRUE,2.1205852612597784
Bckdha,-0.5691155664050189,0.12273982900291505,-0.44395938573073224,0.24168242366686105,-0.3316035134372264,0.4990025911900669,Bckdha,FALSE,FALSE,FALSE,FALSE,0.4482261551909925,FALSE,TRUE,2.1203960536995377
Fabp5,-0.40814131840353296,0.15806567020361884,-0.4730943591528476,0.14219133257756708,-0.4630746549358573,0.2333514599174436,Fabp5,FALSE,FALSE,FALSE,FALSE,0.44810344416407927,FALSE,TRUE,2.1203628741719536
Birc5,0.4311639972652213,0.5377176786355589,0.20057842629186862,0.8042602463196082,0.7121749629502521,0.42621625133629476,Birc5,FALSE,FALSE,FALSE,FALSE,0.447972462169114,FALSE,TRUE,2.1203274582780094
Gmpr,-0.5781034947918178,0.05787463296902891,-0.4985835164852004,0.12294547328922825,-0.2623127771283986,0.48481238182758035,Gmpr,FALSE,FALSE,FALSE,FALSE,0.4463332628018056,FALSE,TRUE,2.119884239261827
Rpl8,-0.5024739666281306,0.014455723425594891,-0.38680403327417956,0.0704576830990092,-0.44952857381116473,0.05475877694670262,Rpl8,FALSE,FALSE,FALSE,FALSE,0.4462688579044916,FALSE,TRUE,2.119866824982762
G6pdx,-0.4997346611568485,0.029887603850818716,-0.3603901411588524,0.12303603958829368,-0.4779631442707952,0.1002620105675008,G6pdx,FALSE,FALSE,FALSE,FALSE,0.446029315528832,FALSE,TRUE,2.119802055719065
Ndufa8,-0.5284210626500645,0.04031042634429414,-0.41616142483296503,0.11947178497106878,-0.391651602442356,0.210724425683816,Ndufa8,FALSE,FALSE,FALSE,FALSE,0.4454113633084618,FALSE,TRUE,2.1196349691641148
Cidea,-0.7551708656422416,0.07041310714213872,0.152742311468538,0.7077403571215986,-0.42814773711024534,0.4124058764772356,Cidea,FALSE,FALSE,FALSE,FALSE,0.44535363807367495,FALSE,TRUE,2.1196193609822904
Ccdc69,0.3585967281508352,0.5720374228996903,-0.5848804247605404,0.41903684389294993,-0.38783768646760375,0.6893773649417326,Ccdc69,FALSE,FALSE,FALSE,FALSE,0.44377161312632646,FALSE,TRUE,2.119191601214489
Ano1,-0.5086150891376628,0.2974948461382096,-0.5945469551484823,0.2526116737561763,0.22663881021825638,0.734817723572929,Ano1,FALSE,FALSE,FALSE,FALSE,0.44326695150146717,FALSE,TRUE,2.1190551470202426
Rps6,-0.45971154497366307,0.02700421529331782,-0.39530826669260044,0.08595320746617705,-0.47468572741974757,0.07945684796201677,Rps6,FALSE,FALSE,FALSE,FALSE,0.44323517969533704,FALSE,TRUE,2.1190465563210656
Mrps18b,-0.6850843157696742,0.016531461885642206,-0.17181515734657093,0.389899563402664,-0.4721250279974907,0.10022784058966161,Mrps18b,FALSE,FALSE,FALSE,FALSE,0.44300816703791196,FALSE,TRUE,2.1189851749365367
Smc5,0.5735360230293178,0.02005871878534375,0.4203904583601483,0.08898183009393343,0.33476575402501485,0.2133104250217475,Smc5,FALSE,FALSE,FALSE,FALSE,0.442897411804827,FALSE,TRUE,2.1189552281061363
Bag3,-0.5156339364259885,0.06354035898346383,-0.2222630630595317,0.4240820219470195,-0.588792043536448,0.1190604612294846,Bag3,FALSE,FALSE,FALSE,FALSE,0.44222968100732274,FALSE,TRUE,2.1187746820462445
Ndufb7,-0.5109398473545843,0.03196941664973488,-0.5358973204677131,0.0704576830990092,-0.27832255007769824,0.32024573688721225,Ndufb7,FALSE,FALSE,FALSE,FALSE,0.4417199059666652,FALSE,TRUE,2.1186368452482927
Lsm4,-0.47191991604590555,0.04387869027105032,-0.4326936886384076,0.09320053515036178,-0.41303279168878904,0.15082074878694726,Lsm4,FALSE,FALSE,FALSE,FALSE,0.43921546545770074,FALSE,TRUE,2.1179596758443697
Pkm,-0.503484135113732,0.026392833875682736,-0.40939130248313127,0.091943241723137,-0.40399843955431614,0.1396697986803263,Pkm,FALSE,FALSE,FALSE,FALSE,0.43895795905039314,FALSE,TRUE,2.1178900493310953
Trmt112,-0.5187050993964819,0.04263349673436463,-0.520691943478508,0.08414847600606047,-0.27534029431291085,0.37196772930315614,Trmt112,FALSE,FALSE,FALSE,FALSE,0.43824577906263357,FALSE,TRUE,2.1176974847658476
Rps3a1,-0.46769199457954436,0.016464514009781613,-0.3489369514249585,0.07556490478840473,-0.49647189284474535,0.05475877694670262,Rps3a1,FALSE,FALSE,FALSE,FALSE,0.43770027961641605,FALSE,TRUE,2.1175499885352473
Pih1d1,-0.47172456572309107,0.07876222225368872,-0.4359141752478095,0.13149725031883697,-0.39913711595362056,0.24189300937821134,Pih1d1,FALSE,FALSE,FALSE,FALSE,0.4355919523081737,FALSE,TRUE,2.116979923188721
Nsl1,0.4475386048333207,0.41461087105335753,-0.8385884835457601,0.21944683890036917,-0.012962828672904103,0.9897422061655735,Nsl1,FALSE,FALSE,FALSE,FALSE,0.43302997235066165,FALSE,TRUE,2.1162871958372507
Nop2,-0.5671029969849126,0.02095553687999382,-0.3171527673654042,0.13820967438382178,-0.4145081794517358,0.12049300589085365,Nop2,FALSE,FALSE,FALSE,FALSE,0.4329213146006842,FALSE,TRUE,2.1162578161400605
Kifc1,0.5724156476090021,0.4100217372260786,0.3021413516641964,0.7048651419804823,0.4229802429037471,0.6771264621052996,Kifc1,FALSE,FALSE,FALSE,FALSE,0.4325124140589819,FALSE,TRUE,2.1161472545455258
Ndufb10,-0.4991022916861594,0.022505162304206176,-0.4227475464634658,0.07606648934127645,-0.3745852345818692,0.12751977623026692,Ndufb10,FALSE,FALSE,FALSE,FALSE,0.43214502424383144,FALSE,TRUE,2.116047916932497
Hk1,-0.527625582674947,0.04854504487359026,-0.42231005233247565,0.1383581407961631,-0.34501855121297,0.31679381803870843,Hk1,FALSE,FALSE,FALSE,FALSE,0.43165139540679753,FALSE,TRUE,2.1159144458661507
Lyar,-0.5175177031100744,0.03484454506916334,-0.29373856095954975,0.19180465546682338,-0.4789407437514215,0.1119854160740728,Lyar,FALSE,FALSE,FALSE,FALSE,0.4300656692736819,FALSE,TRUE,2.1154856853439887
Nusap1,0.6767074463201121,0.050354640232729043,-0.04607578180540184,0.9130802680762017,0.5608355097098012,0.20226800695994418,Nusap1,FALSE,FALSE,FALSE,FALSE,0.42787291261177174,FALSE,TRUE,2.1148927913557394
Rps13,-0.4781489528088043,0.016531461885642206,-0.39136453773891944,0.0704576830990092,-0.41194383572203286,0.06750873220157737,Rps13,FALSE,FALSE,FALSE,FALSE,0.42715244208991887,FALSE,TRUE,2.1146979851337186
Smarcad1,0.4706629416522077,0.03432188691898051,0.4796385203943485,0.07556490478840473,0.3297829556934495,0.22745919674814088,Smarcad1,FALSE,FALSE,FALSE,FALSE,0.42669480591333525,FALSE,TRUE,2.114574246032789
Rps9,-0.4667775269403407,0.015571191153496351,-0.3528622489902755,0.07242313242785868,-0.45895769604889836,0.05475877694670262,Rps9,FALSE,FALSE,FALSE,FALSE,0.4261991573265049,FALSE,TRUE,2.1144402288513477
Stag2,0.6286160581318647,0.022606933826155737,0.4526813613245526,0.10095190277904546,0.19607213752601815,0.5448033996385021,Stag2,FALSE,FALSE,FALSE,FALSE,0.4257898523274785,FALSE,TRUE,2.114329557896609
Rps4x,-0.5181121369045858,0.023478178854300733,-0.37564269013807206,0.10494045800144329,-0.38343241179180687,0.1509383888453483,Rps4x,FALSE,FALSE,FALSE,FALSE,0.42572907961148826,FALSE,TRUE,2.114313125713966
Smc6,0.5246141441675407,0.027910305702979202,0.46230241890811996,0.08521930057579834,0.28964937609240327,0.31109217526227284,Smc6,FALSE,FALSE,FALSE,FALSE,0.42552197972268796,FALSE,TRUE,2.1142571284931297
Rps8,-0.43726186481311125,0.017823060973944406,-0.38679704486820743,0.0704576830990092,-0.45201541309182147,0.05475877694670262,Rps8,FALSE,FALSE,FALSE,FALSE,0.4253581075910467,FALSE,TRUE,2.11421281951741
Ak1,-0.39846420853577413,0.23546316373797277,-0.6204533154982608,0.1204340438862683,-0.24975561462632534,0.6012628216990415,Ak1,FALSE,FALSE,FALSE,FALSE,0.4228910462201201,FALSE,TRUE,2.113545756965111
Pfkm,-0.5729576268207701,0.027432391525268662,-0.38518772204423435,0.13460721094597888,-0.3097351355494826,0.3168404957395442,Pfkm,FALSE,FALSE,FALSE,FALSE,0.4226268281381624,FALSE,TRUE,2.113474315698918
Pfkl,-0.4757772039029291,0.034951996629719685,-0.4303953617282925,0.08967000640739733,-0.36152102137821895,0.19014084876294937,Pfkl,FALSE,FALSE,FALSE,FALSE,0.42256452900314684,FALSE,TRUE,2.1134574707916536
Aldoc,-0.6746277909572145,0.030122368093491298,-0.3883658007082351,0.19339889667733332,-0.2033789508876973,0.607299144723091,Aldoc,FALSE,FALSE,FALSE,FALSE,0.42212418085104897,FALSE,TRUE,2.1133384061564158
Utp4,-0.4418861605789144,0.049798818743672646,-0.32775904603004324,0.15107250934188324,-0.49620723936442745,0.1002620105675008,Utp4,FALSE,FALSE,FALSE,FALSE,0.4219508153244617,FALSE,TRUE,2.113291530285386
Hspb1,-0.7624669555199208,0.026392833875682736,-0.17300664660318876,0.5612221571688996,-0.330275201133289,0.38554530468001513,Hspb1,FALSE,FALSE,FALSE,FALSE,0.42191626775213287,FALSE,TRUE,2.1132821890537308
Gstp1,-0.4617199329927386,0.0585724814727974,-0.4931945306818992,0.08967000640739733,-0.31056983849085373,0.3216401247097565,Gstp1,FALSE,FALSE,FALSE,FALSE,0.4218281007218305,FALSE,TRUE,2.1132583497909727
Ndufa1,-0.36653076983555444,0.04540553229296813,-0.4473995221456324,0.0704576830990092,-0.4494044151183454,0.07885021915255766,Ndufa1,FALSE,FALSE,FALSE,FALSE,0.4211115690331774,FALSE,TRUE,2.113064608580207
Cenpw,0.4680894641424095,0.25871637524934893,0.189235058279278,0.6951586476546432,0.5979411324243163,0.27094845677333723,Cenpw,FALSE,FALSE,FALSE,FALSE,0.41842188494866794,FALSE,TRUE,2.112337351629312
Uqcc3,-0.6148668712122167,0.023607871238459647,-0.3530554350281161,0.147168337943907,-0.286855430629505,0.32856826596063826,Uqcc3,FALSE,FALSE,FALSE,FALSE,0.41825924562327926,FALSE,TRUE,2.112293375988991
Rpp25l,-0.5021875424781777,0.08297048447090458,-0.41739471020331065,0.16348194880465483,-0.3333539187445296,0.36452411371933907,Rpp25l,FALSE,FALSE,FALSE,FALSE,0.4176453904753393,FALSE,TRUE,2.1121273972312054
Spdl1,0.44382094730126825,0.27636708159974227,0.4191898546362009,0.3292474079421271,0.38767436061786553,0.49329945949632686,Spdl1,FALSE,FALSE,FALSE,FALSE,0.4168950541851116,FALSE,TRUE,2.1119245156787883
Smc2,0.5235943240856447,0.02617545644861623,0.4200641818838369,0.09180503249903499,0.30405988702646525,0.2700064473470664,Smc2,FALSE,FALSE,FALSE,FALSE,0.4159061309986489,FALSE,TRUE,2.111657123212365
Haus6,0.4589489606767301,0.0786236969341647,0.4040235008780444,0.15032458132550802,0.3842816571206251,0.25916219418382946,Haus6,FALSE,FALSE,FALSE,FALSE,0.41575137289179986,FALSE,TRUE,2.1116152785550084
Cdt1,0.38368450094424933,0.34789906762692857,-0.43039709313717844,0.3689947881236647,0.43060055289377974,0.43208725836388395,Cdt1,FALSE,FALSE,FALSE,FALSE,0.4148940489917358,FALSE,TRUE,2.111383468890416
Cyb5r3,-0.5466694038469084,0.03864412666210684,-0.38543225884755117,0.15105070524928238,-0.31222027210553005,0.34044919123850087,Cyb5r3,FALSE,FALSE,FALSE,FALSE,0.41477397826666323,FALSE,TRUE,2.1113510032674414
Thra,-0.5587870132230393,0.03285043405876371,-0.41390771057846276,0.12465356218130366,-0.27084176363799983,0.4002679119061853,Thra,FALSE,FALSE,FALSE,FALSE,0.41451216247983397,FALSE,TRUE,2.1112802115518186
Top2b,0.581545936809615,0.025108797127996386,0.4258130755559719,0.10890761169862719,0.23171519689278952,0.45395475270261093,Top2b,FALSE,FALSE,FALSE,FALSE,0.4130247364194588,FALSE,TRUE,2.11087803014041
Cda,0.03799035047173155,0.9511011140196888,-0.9618458245922459,0.14795876091439553,0.23450279923848322,0.7542822050554974,Cda,FALSE,FALSE,FALSE,FALSE,0.4114463247674869,FALSE,TRUE,2.1104512473625063
G6pc3,-0.4620206346039817,0.05103953858233119,-0.41982277769432574,0.10589165044582284,-0.3484326125554773,0.23556047760483703,G6pc3,FALSE,FALSE,FALSE,FALSE,0.4100920082845949,FALSE,TRUE,2.110085057116757
Mrpl34,-0.4509589074998024,0.08388125210480293,-0.37571621433230273,0.1640071247027931,-0.4028006870075229,0.22858287402043195,Mrpl34,FALSE,FALSE,FALSE,FALSE,0.40982526961320936,FALSE,TRUE,2.1100129343146943
Nop53,-0.5635590542784259,0.02504287528015629,-0.33474455369039013,0.15968766521218056,-0.3300842576997862,0.2593732184078173,Nop53,FALSE,FALSE,FALSE,FALSE,0.4094626218895341,FALSE,TRUE,2.1099148789039166
Adh1,-0.7766240728892991,0.06688261472311506,-0.39185575494283964,0.3140556971910197,-0.05968558312750161,0.9233321711285933,Adh1,FALSE,FALSE,FALSE,FALSE,0.4093884703198801,FALSE,TRUE,2.109894829246501
Snrpc,-0.376102884116285,0.052093698003800544,-0.46825551109250885,0.0704576830990092,-0.38176522407344304,0.12595684420104247,Snrpc,FALSE,FALSE,FALSE,FALSE,0.40870787309407897,FALSE,TRUE,2.1097108042652497
Rrp12,-0.4281238111135641,0.12119882495196378,-0.3401821230714952,0.23348192325897665,-0.45716167797067353,0.21542954119219163,Rrp12,FALSE,FALSE,FALSE,FALSE,0.40848920405191097,FALSE,TRUE,2.1096516788899766
Errfi1,-0.6603662220161226,0.1641430222974805,0.05097252787410955,0.9269684426737689,-0.5131491080634545,0.4295365963389473,Errfi1,FALSE,FALSE,FALSE,FALSE,0.40816261931789555,FALSE,TRUE,2.1095633744607554
Ppan,-0.5445123142595931,0.0349112762613977,-0.2865796374133507,0.2222888701351596,-0.39142778460431993,0.19537879179157389,Ppan,FALSE,FALSE,FALSE,FALSE,0.4075065787590879,FALSE,TRUE,2.1093859892952596
Ruvbl1,-0.548025058071127,0.02085428041126281,-0.3004009918139374,0.13935040125189146,-0.3680941072667663,0.1396697986803263,Ruvbl1,FALSE,FALSE,FALSE,FALSE,0.40550671905061025,FALSE,TRUE,2.108845252231683
Sdhc,-0.432946486732539,0.06308064547969464,-0.4153554960321868,0.11278448655616846,-0.36764331692049,0.22455190325108323,Sdhc,FALSE,FALSE,FALSE,FALSE,0.4053150998950719,FALSE,TRUE,2.108793440807586
Eno1,-0.46296000677435867,0.05880248279583383,-0.4314750586441489,0.11713048511995162,-0.32063621144456356,0.3193296984570465,Eno1,FALSE,FALSE,FALSE,FALSE,0.40502375895435705,FALSE,TRUE,2.108714665859466
Haao,-0.5258469871748424,0.2543434060915999,-0.32563364481721163,0.4894502557431365,-0.35996951975131,0.5665604033428336,Haao,FALSE,FALSE,FALSE,FALSE,0.403816717247788,FALSE,TRUE,2.1083882968720533
Isyna1,-0.5476604529043172,0.024097312080618837,-0.3785995668532207,0.11072458956577719,-0.28481992698585756,0.2938618654252344,Isyna1,FALSE,FALSE,FALSE,FALSE,0.4036933155811318,FALSE,TRUE,2.1083549306041167
Riox1,-0.6345487042538389,0.029244578861474933,-0.20348164901697574,0.40473077824708503,-0.37189432754016094,0.24444264031075097,Riox1,FALSE,FALSE,FALSE,FALSE,0.40330822693699186,FALSE,TRUE,2.1082508074489943
Nme6,-0.22084841399317812,0.4203315612073131,-0.442265983606966,0.15193238581728596,-0.5460190511513308,0.15621210794763085,Nme6,FALSE,FALSE,FALSE,FALSE,0.4030444829171583,FALSE,TRUE,2.1081794943632732
Etfb,-0.43154412621430405,0.03298181707236668,-0.499596317599849,0.0704576830990092,-0.27463357665202626,0.2365779149997614,Etfb,FALSE,FALSE,FALSE,FALSE,0.40192467348872646,FALSE,TRUE,2.107876711893319
Mgst3,-0.5086456782638886,0.04979573940298909,-0.45769861690073377,0.10224229439259612,-0.23794657837615363,0.446322972450948,Mgst3,FALSE,FALSE,FALSE,FALSE,0.4014302911802587,FALSE,TRUE,2.107743037097716
Rps3,-0.40443294091556226,0.02513618460981352,-0.31566532205231823,0.09660780210323533,-0.48338844729454244,0.05475877694670262,Rps3,FALSE,FALSE,FALSE,FALSE,0.401162236754141,FALSE,TRUE,2.1076705585320235
Gemin7,-0.40868511300692134,0.03353365904116094,-0.4189018980159567,0.07242313242785868,-0.37524440106359336,0.11518110504712628,Gemin7,FALSE,FALSE,FALSE,FALSE,0.4009438040288238,FALSE,TRUE,2.1076114970538726
Rpl27,-0.3691399917597522,0.02672464206529116,-0.41629189258001364,0.0704576830990092,-0.41551331117835666,0.06730097900188187,Rpl27,FALSE,FALSE,FALSE,FALSE,0.4003150651727075,FALSE,TRUE,2.1074414939274675
Zfp516,-0.47192205168709034,0.02300251776828198,-0.3028041158555075,0.13032144732835405,-0.42545321784098356,0.09610154956615466,Zfp516,FALSE,FALSE,FALSE,FALSE,0.40005979512786044,FALSE,TRUE,2.107372472098644
Phf10,0.4714562994804732,0.032436897241476845,0.3863397389487089,0.10069442807404672,0.34152306630431184,0.2014386064461111,Phf10,FALSE,FALSE,FALSE,FALSE,0.3997730349111646,FALSE,TRUE,2.107294935721032
Sdhb,-0.3979934011750679,0.04540553229296813,-0.440480347451615,0.07593641254791489,-0.35990860215473575,0.15262300443147547,Sdhb,FALSE,FALSE,FALSE,FALSE,0.3994607835938062,FALSE,TRUE,2.107210506868483
Rrp1,-0.5719147506126392,0.02005871878534375,-0.25698176478035073,0.21909787835717465,-0.3677107878523831,0.16735442230976913,Rrp1,FALSE,FALSE,FALSE,FALSE,0.398869101081791,FALSE,TRUE,2.1070505233142565
Ska2,0.4917060420883308,0.02899786831531294,0.3237010609644764,0.144341509017057,0.3748749257880837,0.16221655099137217,Ska2,FALSE,FALSE,FALSE,FALSE,0.39676067628029693,FALSE,TRUE,2.1064804316067742
Rps25,-0.3549085526460942,0.022606933826155737,-0.3041490668719229,0.07907452565222185,-0.530007255326491,0.042179419271414866,Rps25,FALSE,FALSE,FALSE,FALSE,0.3963549582815027,FALSE,TRUE,2.106370730532055
Uqcrc1,-0.4675554975259475,0.018647158665054384,-0.40429951617456883,0.0704576830990092,-0.31645954162430545,0.13467244691507405,Uqcrc1,FALSE,FALSE,FALSE,FALSE,0.3961048517749406,FALSE,TRUE,2.1063031048594305
Sord,-0.6114371353965091,0.037764919584000446,-0.40468226661214013,0.15202031156578022,-0.17121444574731104,0.6323909429312146,Sord,FALSE,FALSE,FALSE,FALSE,0.3957779492519868,FALSE,TRUE,2.106214714504053
Rps15a,-0.3455842650881449,0.05275902261457179,-0.3055007377250458,0.12170321781334313,-0.528933352031494,0.05475877694670262,Rps15a,FALSE,FALSE,FALSE,FALSE,0.3933394516148949,FALSE,TRUE,2.1055553752282883
Wapl,0.4804286238834967,0.04571502526579462,0.462959538416599,0.09383983788379412,0.2336422623260308,0.4544863891536926,Wapl,FALSE,FALSE,FALSE,FALSE,0.3923434748753755,FALSE,TRUE,2.1052860755692997
Eef1d,-0.47287561386482846,0.02454000316854638,-0.34433171380141037,0.10646560787387155,-0.356061878943998,0.14825283123670416,Eef1d,FALSE,FALSE,FALSE,FALSE,0.3910897355367456,FALSE,TRUE,2.1049470801259758
Ndufs8,-0.294371842662156,0.04785123996586283,-0.4221529510537918,0.0704576830990092,-0.45424232254199204,0.05475877694670262,Ndufs8,FALSE,FALSE,FALSE,FALSE,0.39025570541931326,FALSE,TRUE,2.1047215688089955
Sod1,-0.418122321217675,0.022606933826155737,-0.3973973821444545,0.0704576830990092,-0.35401415996705143,0.10119329360509104,Sod1,FALSE,FALSE,FALSE,FALSE,0.389844621109727,FALSE,TRUE,2.104610416750926
Got2,-0.4645661434221431,0.027161725965926687,-0.37508468773132275,0.09278943644870202,-0.326681581793828,0.18844246856997743,Got2,FALSE,FALSE,FALSE,FALSE,0.38877747098243126,FALSE,TRUE,2.104321872697669
Ndufv3,-0.39600665294993487,0.1242974819969247,-0.4150954099653026,0.14953211504574346,-0.3452617321712088,0.3248219619173585,Ndufv3,FALSE,FALSE,FALSE,FALSE,0.38545459836214874,FALSE,TRUE,2.103423409482618
Uqcrb,-0.4093904948502063,0.023478178854300733,-0.3216855212096297,0.08932363389894,-0.42191276684934653,0.06750873220157737,Uqcrb,FALSE,FALSE,FALSE,FALSE,0.38432959430306085,FALSE,TRUE,2.1031192224494757
Pecr,-0.35782232786538737,0.1541028254548815,-0.49958334884102973,0.09968431829754035,-0.2906082310541658,0.3807026513727912,Pecr,FALSE,FALSE,FALSE,FALSE,0.38267130258686094,FALSE,TRUE,2.1026708411008395
Alox12e,-0.9124181161967768,0.034951996629719685,-0.09523700095438858,0.8137108074299843,-0.13875609682878665,0.7959782417716054,Alox12e,FALSE,FALSE,FALSE,FALSE,0.3821370713266507,FALSE,TRUE,2.102526391646864
Cox4i1,-0.42963105386838674,0.026704941912584202,-0.3616483499520964,0.08932363389894,-0.352156700396697,0.13467244691507405,Cox4i1,FALSE,FALSE,FALSE,FALSE,0.38114536807239335,FALSE,TRUE,2.1022582474848646
Pnpo,-0.48794954525126233,0.02220032849259621,-0.284878262113903,0.13626437817637893,-0.3687772234929927,0.12069063460318598,Pnpo,FALSE,FALSE,FALSE,FALSE,0.3805350102860527,FALSE,TRUE,2.1020932143699325
Abt1,-0.4558541106235432,0.04255365801486025,-0.2781744673276938,0.1927883121297176,-0.40697595080918836,0.1396697986803263,Abt1,FALSE,FALSE,FALSE,FALSE,0.3803348429201418,FALSE,TRUE,2.102039091616618
Ruvbl2,-0.6426128855666402,0.014010242121571018,-0.3465158130850794,0.08744001491958998,-0.15144032454802492,0.48857870137842385,Ruvbl2,FALSE,FALSE,FALSE,FALSE,0.38018967439991486,FALSE,TRUE,2.101999839863598
Fau,-0.4579304175580914,0.022196427619339296,-0.35834535875343576,0.08551658867812084,-0.32329247130763683,0.1516722891161823,Fau,FALSE,FALSE,FALSE,FALSE,0.3798560825397213,FALSE,TRUE,2.101909640795059
Got1,-0.48986994966658326,0.02294994007604725,-0.3044236611156874,0.13186027488844035,-0.34042245753136324,0.15907932514977172,Got1,FALSE,FALSE,FALSE,FALSE,0.378238689437878,FALSE,TRUE,2.101472317920443
Cox8a,-0.4307467001268934,0.05161747799358566,-0.3715447096717108,0.12471256889465994,-0.33238064452646743,0.24340161750380987,Cox8a,FALSE,FALSE,FALSE,FALSE,0.3782240181083572,FALSE,TRUE,2.101468350976357
Ndufa10,-0.3960896267053835,0.03831333094046757,-0.40782159409518304,0.07836596487833845,-0.3289861779090124,0.162978954396471,Ndufa10,FALSE,FALSE,FALSE,FALSE,0.3776324662365263,FALSE,TRUE,2.101308402745603
Bid,-0.3626937738367826,0.3206788713320486,-0.4588146927774326,0.2370386758266454,-0.31118062046010486,0.5340572342099397,Bid,FALSE,FALSE,FALSE,FALSE,0.37756302902477334,FALSE,TRUE,2.101289627791626
Ndufs7,-0.46787686596274014,0.042799707416974586,-0.364692695207558,0.128740417194296,-0.2994671619562199,0.2887298405786618,Ndufs7,FALSE,FALSE,FALSE,FALSE,0.37734557437550603,FALSE,TRUE,2.101230830773012
Exosc5,-0.2935819215770108,0.12221443949602534,-0.44039646147209766,0.07977570619975831,-0.3973303194901683,0.12751977623026692,Exosc5,FALSE,FALSE,FALSE,FALSE,0.37710290084642556,FALSE,TRUE,2.101165214884574
Nop10,-0.3333398520597992,0.09312046511419368,-0.3995413936702885,0.09383983788379412,-0.39798319126984616,0.13865163310195783,Nop10,FALSE,FALSE,FALSE,FALSE,0.3769548123333113,FALSE,TRUE,2.1011251736019823
Ebna1bp2,-0.4453661843657999,0.014663324154079834,-0.291238093054651,0.08120675934582743,-0.39176569334819167,0.05475877694670262,Ebna1bp2,FALSE,FALSE,FALSE,FALSE,0.37612332358954753,FALSE,TRUE,2.100900349440671
Cenpe,0.519282187726352,0.25115626991299433,-0.06797054946398262,0.9073340458539008,0.5400964182966197,0.3765862219262863,Cenpe,FALSE,FALSE,FALSE,FALSE,0.3757830518289848,FALSE,TRUE,2.1008083442105816
Pnkd,-0.49102398683324067,0.05004367791759385,-0.4043891557706827,0.12542433192054883,-0.2314657438452521,0.4579741573138738,Pnkd,FALSE,FALSE,FALSE,FALSE,0.3756262954830585,FALSE,TRUE,2.10076595925436
Mthfr,-0.377884222443587,0.08861253762385753,-0.3418563733103941,0.15487039650158682,-0.40221699629768715,0.17509501644842335,Mthfr,FALSE,FALSE,FALSE,FALSE,0.3739858640172227,FALSE,TRUE,2.100322407094139
Arrb2,-0.5154899845531271,0.05408371069317548,-0.338035307147059,0.19338259148175432,-0.2683216720686943,0.4119518333497763,Arrb2,FALSE,FALSE,FALSE,FALSE,0.3739489879229601,FALSE,TRUE,2.100312436259263
Ndufa11,-0.5105265524597113,0.026428813291045263,-0.3237185574024375,0.1383581407961631,-0.28737604612111767,0.2704720936007913,Ndufa11,FALSE,FALSE,FALSE,FALSE,0.3738737186610888,FALSE,TRUE,2.100292084391845
Fbxo5,0.3810037222715609,0.30188721400930685,0.09915593464122952,0.8254676662774778,0.6413185422278777,0.18062361102062527,Fbxo5,FALSE,FALSE,FALSE,FALSE,0.3738260663802227,FALSE,TRUE,2.1002791998108323
Rpl26,-0.37879262765595456,0.02083837903159282,-0.2676838857282604,0.09552603915776765,-0.4733888658092624,0.04913501460555962,Rpl26,FALSE,FALSE,FALSE,FALSE,0.37328845973115915,FALSE,TRUE,2.100133837693909
Adcy5,-0.4602207670285221,0.0510552944958365,-0.3895684552725598,0.1288986675776628,-0.26879438689771984,0.3784887725981537,Adcy5,FALSE,FALSE,FALSE,FALSE,0.37286120306626724,FALSE,TRUE,2.100018312833146
Srebf1,-0.4645996478672094,0.0792829605341622,-0.5388613320746831,0.09180503249903499,-0.11138875784142765,0.7817239150803742,Srebf1,FALSE,FALSE,FALSE,FALSE,0.37161657926110675,FALSE,TRUE,2.099681782116113
Wdr55,-0.36985189473148594,0.09227267271813612,-0.3187101342471923,0.16624462768238393,-0.42575222127088663,0.14236977006030324,Wdr55,FALSE,FALSE,FALSE,FALSE,0.3714380834165216,FALSE,TRUE,2.0996335190712343
Mrpl24,-0.3699743633222381,0.028782156505429733,-0.32930281385535576,0.08414847600606047,-0.41483961461748464,0.06750873220157737,Mrpl24,FALSE,FALSE,FALSE,FALSE,0.3713722639316928,FALSE,TRUE,2.09961572230539
Ube2b,0.4886717005549679,0.03763663419858371,0.41023622827636963,0.10727133316288569,0.2144619729433499,0.4698512066375568,Ube2b,FALSE,FALSE,FALSE,FALSE,0.37112330059156245,FALSE,TRUE,2.099548405730678
Nop56,-0.4487997244106028,0.061988674983787635,-0.28107778274262785,0.25130193226292036,-0.380854189083613,0.2261566664636893,Nop56,FALSE,FALSE,FALSE,FALSE,0.37024389874561453,FALSE,TRUE,2.0993106264655297
Ndufb3,-0.33816086502977694,0.06685610684488208,-0.3755818532346744,0.08967000640739733,-0.39692736186455324,0.11382264852620436,Ndufb3,FALSE,FALSE,FALSE,FALSE,0.37022336004300155,FALSE,TRUE,2.0993050730571112
Rpl10,-0.3987980577065393,0.037764919584000446,-0.3638735004431535,0.09180503249903499,-0.3470507547715229,0.15003822188993562,Rpl10,FALSE,FALSE,FALSE,FALSE,0.36990743764040523,FALSE,TRUE,2.0992196515890083
Pop4,-0.33481071174517485,0.08164123699045404,-0.2654846314146777,0.18163660243227356,-0.5055411481944976,0.07133377250010331,Pop4,FALSE,FALSE,FALSE,FALSE,0.3686121637847834,FALSE,TRUE,2.098869425731541
Idh2,-0.3673911805237253,0.06864109151519582,-0.44561465802223577,0.08181019512505758,-0.2926078527107343,0.263937480222375,Idh2,FALSE,FALSE,FALSE,FALSE,0.3685378970855651,FALSE,TRUE,2.0988493449445302
Mthfd1,-0.41206610104184893,0.03350553209965684,-0.3276193134484693,0.1060927084274755,-0.36409603369216903,0.12694410298332043,Mthfd1,FALSE,FALSE,FALSE,FALSE,0.36792714939416243,FALSE,TRUE,2.0986842064041444
Chchd10,-0.4088445183569549,0.14063119430581963,-0.4124588400957627,0.1715453371617219,-0.278753759688418,0.4570186161614942,Chchd10,FALSE,FALSE,FALSE,FALSE,0.3666857060470452,FALSE,TRUE,2.098348535643205
Rps15,-0.3779658954683729,0.021527426362789856,-0.31796925920918895,0.07772973234211623,-0.39806823360740395,0.061721686755493096,Rps15,FALSE,FALSE,FALSE,FALSE,0.3646677960949886,FALSE,TRUE,2.0978029180194233
Stub1,-0.4016583494821573,0.04437413047848329,-0.3920757507949224,0.08967000640739733,-0.3002601378597456,0.22865767604459633,Stub1,FALSE,FALSE,FALSE,FALSE,0.36466474604560845,FALSE,TRUE,2.0978020933242014
Cox6a1,-0.38138394250172425,0.07632809242793562,-0.43342910734818396,0.09266349833969459,-0.27130304649754144,0.3432167337996853,Cox6a1,FALSE,FALSE,FALSE,FALSE,0.36203869878248324,FALSE,TRUE,2.097092042974242
Cox5b,-0.4553043111028652,0.0689871520886827,-0.3383481218915767,0.19338259148175432,-0.2905804600397639,0.3758240347301949,Cox5b,FALSE,FALSE,FALSE,FALSE,0.36141096434473524,FALSE,TRUE,2.0969223114300064
Ddx47,-0.43030942425310137,0.019351832112294208,-0.2975839193548184,0.09071724354038928,-0.356161228412347,0.0873081814626103,Ddx47,FALSE,FALSE,FALSE,FALSE,0.3613515240067556,FALSE,TRUE,2.0969062395057207
Rpl6,-0.40840177236805886,0.022606933826155737,-0.3294123169740839,0.08521930057579834,-0.34486542989802516,0.10417470393813735,Rpl6,FALSE,FALSE,FALSE,FALSE,0.360893173080056,FALSE,TRUE,2.0967823071452956
Mrps28,-0.3239436791185133,0.17449391214589643,-0.5305318213982422,0.08525470443769087,-0.2272193133124616,0.4818397663255097,Mrps28,FALSE,FALSE,FALSE,FALSE,0.36056493794307237,FALSE,TRUE,2.096693556467744
Rrp7a,-0.4997312712807256,0.014455723425594891,-0.3017812246121707,0.08521930057579834,-0.27777584975619085,0.1396697986803263,Rrp7a,FALSE,FALSE,FALSE,FALSE,0.35976278188302907,FALSE,TRUE,2.096476663497403
Gstm7,-0.44891018486277057,0.1712931126346169,-0.35430295690925995,0.2913687912323456,-0.27404067398497745,0.5366259856518361,Gstm7,FALSE,FALSE,FALSE,FALSE,0.359084605252336,FALSE,TRUE,2.096293293014807
Smarca5,0.4344612839545743,0.10364189856450866,0.45718522494439906,0.13371534873841176,0.18556397048421935,0.6309539820456576,Smarca5,FALSE,FALSE,FALSE,FALSE,0.35907015979439755,FALSE,TRUE,2.096289387143573
Lage3,-0.40785742573298167,0.11842749741881303,-0.3440926008258658,0.20219424649146514,-0.32512642578206696,0.33777481172764856,Lage3,FALSE,FALSE,FALSE,FALSE,0.35902548411363816,FALSE,TRUE,2.0962773073980165
Nppc,-0.42642635636124504,0.4204498647173848,0.23269535958196672,0.6598611042269089,-0.4170069245820368,0.5711601376426727,Nppc,FALSE,FALSE,FALSE,FALSE,0.3587095468417495,FALSE,TRUE,2.096191881909443
Elp5,-0.412973089436103,0.02617545644861623,-0.36009297631871906,0.08120675934582743,-0.30087058630929864,0.1564952205742026,Elp5,FALSE,FALSE,FALSE,FALSE,0.35797888402137357,FALSE,TRUE,2.095994319817322
Sirt1,0.4616948663301077,0.05787463296902891,0.444909500392078,0.10727133316288569,0.16712943221563936,0.620447283293836,Sirt1,FALSE,FALSE,FALSE,FALSE,0.35791126631260833,FALSE,TRUE,2.0959760368342066
Tbl3,-0.4621095286890342,0.0340314453499057,-0.3018075294207456,0.15024592225889916,-0.3096383382218635,0.22640384886677803,Tbl3,FALSE,FALSE,FALSE,FALSE,0.35785179877721446,FALSE,TRUE,2.09595995755608
Snrpd3,-0.5518315876543389,0.040457000377134976,-0.3057060210767406,0.22089799953048503,-0.21586119240518142,0.5023491191058883,Snrpd3,FALSE,FALSE,FALSE,FALSE,0.35779960037875363,FALSE,TRUE,2.0959458437617036
Ints1,-0.4787885723883667,0.05273948396062499,-0.3585806502907669,0.16302366272243765,-0.23454955195362626,0.466627146180179,Ints1,FALSE,FALSE,FALSE,FALSE,0.35730625821091994,FALSE,TRUE,2.095812450207125
Gamt,-0.3872548620801002,0.23477931485608414,-0.35000374862791617,0.2998956254423904,-0.3346260789311897,0.44653217569857523,Gamt,FALSE,FALSE,FALSE,FALSE,0.357294896546402,FALSE,TRUE,2.095809378155079
Rpl14,-0.33185777960223994,0.022606933826155737,-0.27184808506434166,0.08453473759992562,-0.46740638092535036,0.04913501460555962,Rpl14,FALSE,FALSE,FALSE,FALSE,0.35703741519731064,FALSE,TRUE,2.0957397584172326
Tecr,-0.4631028624322413,0.03646461952995848,-0.30216270658808764,0.1696384291254824,-0.3018235206166313,0.2649621374136752,Tecr,FALSE,FALSE,FALSE,FALSE,0.35569636321232007,FALSE,TRUE,2.0953771547258873
Ahcy,-0.44749447641583817,0.01600573855620976,-0.3422977261702922,0.0704576830990092,-0.27455401412960256,0.13824671090470514,Ahcy,FALSE,FALSE,FALSE,FALSE,0.35478207223857766,FALSE,TRUE,2.095129941876756
Haus2,0.44785572724362055,0.030440707199467964,0.39287932049189056,0.08803823262798008,0.22285989363499592,0.3757876326004789,Haus2,FALSE,FALSE,FALSE,FALSE,0.3545316471235023,FALSE,TRUE,2.095062230056373
Rpl34,-0.3539834262310144,0.05174195631799594,-0.2388629028851632,0.1995812088419037,-0.47030444791946024,0.07089670484826842,Rpl34,FALSE,FALSE,FALSE,FALSE,0.3543835923452126,FALSE,TRUE,2.0950221978952563
Rpl13,-0.3751273873201857,0.02939232684025071,-0.3719119201162444,0.07385531872751548,-0.3157059295417888,0.1368467972435788,Rpl13,FALSE,FALSE,FALSE,FALSE,0.35424841232607296,FALSE,TRUE,2.094985646908057
Dcxr,-0.3740966082298822,0.2778553592892094,-0.39562869620131,0.2735186688330124,-0.2893559399041039,0.5374640967791049,Dcxr,FALSE,FALSE,FALSE,FALSE,0.3530270814450987,FALSE,TRUE,2.0946554143065237
Rpl23,-0.3739145206185652,0.04282492705268315,-0.3088311527590415,0.12170321781334313,-0.37428838801042996,0.12111192359048781,Rpl23,FALSE,FALSE,FALSE,FALSE,0.3523446871293456,FALSE,TRUE,2.094470903414616
Gpi1,-0.49211779932054345,0.034827847886037294,-0.333209710297111,0.15418461591823973,-0.2310118617432968,0.4256105441935098,Gpi1,FALSE,FALSE,FALSE,FALSE,0.35211312378698373,FALSE,TRUE,2.0944082915817708
Asl,-0.40097271562230796,0.07956415857273086,-0.41177879775613624,0.11016285583736615,-0.24271891337087226,0.4069113700088323,Asl,FALSE,FALSE,FALSE,FALSE,0.3518234755831055,FALSE,TRUE,2.09432997432853
Mrps12,-0.3113121969128496,0.07285632773310015,-0.34620782352677804,0.091943241723137,-0.3944951470452205,0.1002620105675008,Mrps12,FALSE,FALSE,FALSE,FALSE,0.3506717224949494,FALSE,TRUE,2.0940185546923353
Haghl,-0.3494837001370992,0.2542302270436104,-0.5105723673456035,0.14319192341357487,-0.19104382542433118,0.6575644461362093,Haghl,FALSE,FALSE,FALSE,FALSE,0.3503666309690113,FALSE,TRUE,2.093936061757877
Trmt61a,-0.4776352709887832,0.04178226443439048,-0.15862817853094313,0.4620749796561745,-0.41388298053422146,0.14800322637922628,Trmt61a,FALSE,FALSE,FALSE,FALSE,0.3500488100179826,FALSE,TRUE,2.0938501269460126
Pum2,0.4635037643169735,0.031968617370469646,0.36681504381174257,0.1096990708396276,0.21641069350817688,0.4169495874309355,Pum2,FALSE,FALSE,FALSE,FALSE,0.3489098338789643,FALSE,TRUE,2.0935421620371315
Xab2,-0.4612037830347191,0.021527426362789856,-0.31671692447712996,0.10005216606778224,-0.26880036883942005,0.2157661235667044,Xab2,FALSE,FALSE,FALSE,FALSE,0.348907025450423,FALSE,TRUE,2.0935414026731642
Pygl,-0.5992240257797792,0.06630242953670573,-0.32893918258023414,0.28689089729611505,-0.1152472773289368,0.7927797519038418,Pygl,FALSE,FALSE,FALSE,FALSE,0.34780349522965004,FALSE,TRUE,2.093243021897443
Rpl19,-0.3421493316423003,0.02097691801756085,-0.32132380705120767,0.0704576830990092,-0.37684117634550773,0.05475877694670262,Rpl19,FALSE,FALSE,FALSE,FALSE,0.34677143834633856,FALSE,TRUE,2.0929639666186355
Mis18a,0.48905738160688705,0.14974126184683947,0.2748324558767772,0.45230447162368564,0.2749608122813112,0.5728286428397761,Mis18a,FALSE,FALSE,FALSE,FALSE,0.3462835499216585,FALSE,TRUE,2.0928320476880247
Adrb2,-0.5414679965213232,0.26367520828100094,-0.40158665292788687,0.4175768888803147,0.09545467954079179,0.9000094342140169,Adrb2,FALSE,FALSE,FALSE,FALSE,0.3461697763300006,FALSE,TRUE,2.092801284731201
Npl,0.14823736478996158,0.7594726713009157,-0.8551691769426375,0.13669133543891968,0.03243248184316333,0.9688372780310917,Npl,FALSE,FALSE,FALSE,FALSE,0.34527967452525415,FALSE,TRUE,2.092560612330961
Pgam1,-0.2916293513434107,0.05581051371273738,-0.3932361664048152,0.0704576830990092,-0.35087482002550807,0.09610154956615466,Pgam1,FALSE,FALSE,FALSE,FALSE,0.3452467792579113,FALSE,TRUE,2.0925517178619173
Cryab,-0.45066255556694035,0.10845362285596448,-0.18225220171930356,0.5157824865597054,-0.4016125189013673,0.2677770325853278,Cryab,FALSE,FALSE,FALSE,FALSE,0.3448424253958704,FALSE,TRUE,2.092442385632722
Coq6,-0.5444691926436009,0.057832353897503776,-0.2925628361933086,0.27915047559982814,-0.19733151815861083,0.5811431081036605,Coq6,FALSE,FALSE,FALSE,FALSE,0.3447878489985068,FALSE,TRUE,2.092427628857171
Eif6,-0.4514461583853855,0.019192026354453908,-0.29375050237026645,0.09993305936367947,-0.28747217016661786,0.15547972137647564,Eif6,FALSE,FALSE,FALSE,FALSE,0.3442229436407566,FALSE,TRUE,2.0922748855106987
Mrpl2,-0.5241063318973183,0.051491943282559,-0.30895209637997656,0.2315979882466294,-0.19881873673551276,0.5572624935729553,Mrpl2,FALSE,FALSE,FALSE,FALSE,0.3439590550042692,FALSE,TRUE,2.0922035333224422
Seh1l,0.5273479853747398,0.023794292225643953,0.30942840461521026,0.15968766521218056,0.19374560954584474,0.4849477244044249,Seh1l,FALSE,FALSE,FALSE,FALSE,0.3435073331785983,FALSE,TRUE,2.09208139338806
Idh3g,-0.3412862016177316,0.07756949711382077,-0.32845479168727554,0.1288168262249695,-0.3591392076518245,0.162978954396471,Idh3g,FALSE,FALSE,FALSE,FALSE,0.34296006698561055,FALSE,TRUE,2.0919334194512205
Ndufa13,-0.31001187423547183,0.04075000225377727,-0.3074891145929639,0.08521930057579834,-0.4091177673432753,0.06351961467429512,Ndufa13,FALSE,FALSE,FALSE,FALSE,0.34220625205723704,FALSE,TRUE,2.0917295973185377
Ripor2,0.5559324527281255,0.019169328863609184,0.194225094847027,0.32750878799080696,0.27373596560210567,0.2790648403294029,Ripor2,FALSE,FALSE,FALSE,FALSE,0.34129783772575273,FALSE,TRUE,2.091483973440005
Hecw2,0.48203895005608377,0.05975257897136249,0.4114095762913932,0.13849670483220658,0.12848420908388025,0.7303752574601557,Hecw2,FALSE,FALSE,FALSE,FALSE,0.3406442451437857,FALSE,TRUE,2.0913072501768433
Rpsa,-0.3024966237474569,0.046955916837819585,-0.2853709729167573,0.09968431829754035,-0.4322465320675519,0.058047400370533166,Rpsa,FALSE,FALSE,FALSE,FALSE,0.3400380429105887,FALSE,TRUE,2.09114334067153
Spout1,-0.3198383562738365,0.06180797686016801,-0.4150610685922338,0.0704576830990092,-0.2847996076046848,0.19157284538373945,Spout1,FALSE,FALSE,FALSE,FALSE,0.3398996774902517,FALSE,TRUE,2.0911059283916704
Gsto1,-0.6638877639345968,0.04190476013600385,-0.26254830139895224,0.36219968859828106,-0.09233036597329525,0.8279368738083966,Gsto1,FALSE,FALSE,FALSE,FALSE,0.3395888104356148,FALSE,TRUE,2.091021873826455
Wdr6,-0.3648624164335317,0.10049162037408749,-0.43649920392808816,0.10181309857558601,-0.21664990511220772,0.48460845529476526,Wdr6,FALSE,FALSE,FALSE,FALSE,0.33933717515794254,FALSE,TRUE,2.0909538347932353
Noc2l,-0.42229976541999115,0.03255599025877398,-0.3168692847641772,0.11648197128551506,-0.2786451157504688,0.23325349211507815,Noc2l,FALSE,FALSE,FALSE,FALSE,0.33927138864487905,FALSE,TRUE,2.090936046942544
Kcnq2,-0.46420950393165494,0.090841266631725745,-0.33891249151622294,0.2317759352176192,-0.21375094636626102,0.5693581937067275,Kcnq2,FALSE,FALSE,FALSE,FALSE,0.3389576472713796,FALSE,TRUE,2.0908512151974428
Amdhd2,-0.45822229183449226,0.05299688159765128,-0.3456952650074996,0.14909274234166467,-0.210898265195973,0.4663561524596232,Amdhd2,FALSE,FALSE,FALSE,FALSE,0.3382719406793216,FALSE,TRUE,2.0906658087074312
Pibf1,0.38053964732486456,0.13378963051202727,0.35789321977117083,0.19114827687325964,0.2763062290246534,0.43143168179947894,Pibf1,FALSE,FALSE,FALSE,FALSE,0.33824636537356295,FALSE,TRUE,2.090658893464488
Ndufb11,-0.3789913622483576,0.0403330919229201,-0.3064511056511332,0.11933370608800707,-0.3286671663686329,0.15547972137647564,Ndufb11,FALSE,FALSE,FALSE,FALSE,0.3380365447560412,FALSE,TRUE,2.0906021605926197
Acot7,-0.43161915160673914,0.048712033332651436,-0.34723293953380185,0.13383531730822268,-0.2311666815120823,0.406869233025473,Acot7,FALSE,FALSE,FALSE,FALSE,0.3366729242175411,FALSE,TRUE,2.0902334546465497
Idnk,-0.43163911295156643,0.043716579416909096,-0.37052270944850596,0.1047916356224192,-0.20749762984638798,0.42319479030660206,Idnk,FALSE,FALSE,FALSE,FALSE,0.33655315074882014,FALSE,TRUE,2.0902010693979767
Mzt1,0.5247079236824996,0.031068801781632394,0.251320213844175,0.27459108560436146,0.2318801478920962,0.44071452753163515,Mzt1,FALSE,FALSE,FALSE,FALSE,0.3359694284729236,FALSE,TRUE,2.0900432381920804
Uqcr10,-0.200179218478862,0.15497234082833894,-0.3699758271600748,0.0704576830990092,-0.4349495863028272,0.05475877694670262,Uqcr10,FALSE,FALSE,FALSE,FALSE,0.33503487731392134,FALSE,TRUE,2.089790547242141
Rps21,-0.3436306925374355,0.021473886887012395,-0.28230435350031513,0.07988615261437133,-0.37762880494148554,0.05475877694670262,Rps21,FALSE,FALSE,FALSE,FALSE,0.33452128365974537,FALSE,TRUE,2.089651677938833
Map2k7,-0.5147544507442374,0.021218439507966206,-0.23067780656941927,0.21817658289036848,-0.2533375574878445,0.28716629245434133,Map2k7,FALSE,FALSE,FALSE,FALSE,0.3329232716005004,FALSE,TRUE,2.08921959545584
Tlk1,0.4319515116498325,0.01758902538584339,0.32480829996928584,0.07860560439896262,0.24172997433242127,0.2004434017479847,Tlk1,FALSE,FALSE,FALSE,FALSE,0.3328299286505132,FALSE,TRUE,2.089194356689107
Fbp2,-0.45362234798203094,0.2886007172658795,-0.2503711303632392,0.568713913739913,-0.2933238822803419,0.6140083495595726,Fbp2,FALSE,FALSE,FALSE,FALSE,0.33243912020853733,FALSE,TRUE,2.0890886869721568
Rpl13a,-0.20437970785057935,0.3297964188352,-0.24769315683219695,0.2699066648820588,-0.5451926533194262,0.0873081814626103,Rpl13a,FALSE,FALSE,FALSE,FALSE,0.3324218393340675,FALSE,TRUE,2.08908401443974
Mapt,-0.35389845914418405,0.19194320995127828,-0.42634289898103894,0.15985023391555542,-0.21514648623216281,0.579053990186208,Mapt,FALSE,FALSE,FALSE,FALSE,0.3317959481191286,FALSE,TRUE,2.088914781279909
Cul3,0.4099237167104155,0.02891691459499379,0.38456432599894974,0.07978550165448961,0.20039725104952222,0.3758240347301949,Cul3,FALSE,FALSE,FALSE,FALSE,0.3316284312529625,FALSE,TRUE,2.088869486813539
Terb1,0.46032342304938956,0.13603734875854143,0.3232360534266987,0.32353850903206177,0.2097692528739583,0.6430879831106097,Terb1,FALSE,FALSE,FALSE,FALSE,0.33110957645001554,FALSE,TRUE,2.088729194961376
Ndufa7,-0.4089495421883331,0.03829026207806311,-0.3268323440959744,0.1156090072283418,-0.25525375435486897,0.2873591841964026,Ndufa7,FALSE,FALSE,FALSE,FALSE,0.3303452135463922,FALSE,TRUE,2.0885225207880533
Polr1b,-0.40570363200041815,0.019351832112294208,-0.32540518573109,0.07346255419668397,-0.25927625049441705,0.15082074878694726,Polr1b,FALSE,FALSE,FALSE,FALSE,0.3301283560753084,FALSE,TRUE,2.0884638852389537
Atic,-0.41500744632930964,0.023495574798305448,-0.2681811548367623,0.12960356908884219,-0.3058451450418689,0.1490594263882202,Atic,FALSE,FALSE,FALSE,FALSE,0.32967791540264696,FALSE,TRUE,2.088342091712329
Snrpf,-0.4278196742329756,0.057893356470577514,-0.30425994689126723,0.17696091670477454,-0.2544116189669121,0.36150401411774274,Snrpf,FALSE,FALSE,FALSE,FALSE,0.3288304133637183,FALSE,TRUE,2.0881129377561978
Mvd,-0.41177226501360464,0.37274020635557076,-0.5085191498531727,0.2917449702221051,-0.06551281137180753,0.931950064309217,Mvd,FALSE,FALSE,FALSE,FALSE,0.328601408746195,FALSE,TRUE,2.0880510177705607
Rplp1,-0.2599081284266731,0.07609276074433094,-0.3398914337288854,0.07825919134944642,-0.383851089177929,0.07536301027772947,Rplp1,FALSE,FALSE,FALSE,FALSE,0.32788355044449585,FALSE,TRUE,2.087856917860212
Fancd2,0.46498460055856594,0.20153019454907575,0.017795534371905397,0.9702866746104893,0.4997379202685156,0.30120166896755146,Fancd2,FALSE,FALSE,FALSE,FALSE,0.3275060183996623,FALSE,TRUE,2.0877548379150723
Decr2,-0.40248546732952395,0.11365564966779428,-0.3537614124070352,0.19025808232305622,-0.22514770225713399,0.5136451318462426,Decr2,FALSE,FALSE,FALSE,FALSE,0.327131527331231,FALSE,TRUE,2.087653580211934
Slc25a44,-0.4268182243201215,0.05947258509512984,-0.3241321301062463,0.17026313196676432,-0.23021820142876415,0.4368212987563136,Slc25a44,FALSE,FALSE,FALSE,FALSE,0.327056185285044,FALSE,TRUE,2.087633208664547
Npr2,-0.38228488679833283,0.05718870976062702,-0.31361609342420316,0.14600483083553098,-0.28349632334675867,0.2783788457538102,Npr2,FALSE,FALSE,FALSE,FALSE,0.32646576785643155,FALSE,TRUE,2.0874735671730567
Mrpl21,-0.3281693518368347,0.1493030536952961,-0.23933907755984896,0.30540278759314415,-0.4118796010750403,0.17991730657020547,Mrpl21,FALSE,FALSE,FALSE,FALSE,0.326462676823908,FALSE,TRUE,2.0874727313965056
Rpl36a,-0.2831471575852147,0.06367836414668322,-0.21937358625070846,0.17582532679141047,-0.47589596017654134,0.05475877694670262,Rpl36a,FALSE,FALSE,FALSE,FALSE,0.3261389013374882,FALSE,TRUE,2.0873851865527135
Ndufa9,-0.4209315914977996,0.04785123996586283,-0.2741823415449698,0.1941233734056168,-0.2813800937867832,0.2890231497452525,Ndufa9,FALSE,FALSE,FALSE,FALSE,0.3254980089431842,FALSE,TRUE,2.0872118972615223
Trir,-0.3420344529711432,0.032436897241476845,-0.31976587471742235,0.08414847600606047,-0.3141832306731427,0.11806547828557637,Trir,FALSE,FALSE,FALSE,FALSE,0.3253278527872361,FALSE,TRUE,2.087165889164191
Sirt7,-0.35060280620423967,0.09523013216851871,-0.3164528684811363,0.1564280205671835,-0.3061426004215062,0.26061586668829656,Sirt7,FALSE,FALSE,FALSE,FALSE,0.3243994250356274,FALSE,TRUE,2.0869148539070577
Pop7,-0.3372505199539,0.22306410672759378,-0.3409936439028507,0.2418725836381834,-0.29177267232232396,0.4364099649809756,Pop7,FALSE,FALSE,FALSE,FALSE,0.3233389453930249,FALSE,TRUE,2.08662811346947
Nop16,-0.30528672357015285,0.10857798108946265,-0.3555383940658441,0.10849905442664975,-0.30805046560776894,0.22166325430344627,Nop16,FALSE,FALSE,FALSE,FALSE,0.32295852774792194,FALSE,TRUE,2.086525253294092
Noc4l,-0.5201855780933391,0.030002108595931252,-0.2910077048942661,0.17996766021774446,-0.15653474681887314,0.5701822731011398,Noc4l,FALSE,FALSE,FALSE,FALSE,0.3225760099354928,FALSE,TRUE,2.086421825259724
Ndufb9,-0.29174462092511266,0.06057188323532129,-0.3514053402060684,0.07804653139486552,-0.3241876253751741,0.12049300589085365,Ndufb9,FALSE,FALSE,FALSE,FALSE,0.32244586216878507,FALSE,TRUE,2.0863866349306717
Exosc2,-0.3257547183087919,0.039365595251663506,-0.3716781921192025,0.0704576830990092,-0.2689723774207802,0.15840052201623991,Exosc2,FALSE,FALSE,FALSE,FALSE,0.3221350959495915,FALSE,TRUE,2.0863026076301
Acads,-0.5040201063895351,0.055117872491177264,-0.38659754563035964,0.14929431788511924,-0.07564289145685299,0.8400009053122465,Acads,FALSE,FALSE,FALSE,FALSE,0.32208684782558256,FALSE,TRUE,2.08628956194055
Hsd17b10,-0.44532559881546474,0.021527426362789856,-0.23219920494658997,0.16255084820151106,-0.28861523664910305,0.162978954396471,Hsd17b10,FALSE,FALSE,FALSE,FALSE,0.32204668013705257,FALSE,TRUE,2.0862787010997352
Tac4,-0.47198202080492835,0.35412889620762944,-0.09001865406607734,0.8743198131149713,-0.40194891163093405,0.5683937472068795,Tac4,FALSE,FALSE,FALSE,FALSE,0.32131652883397993,FALSE,TRUE,2.0860812773154986
Fads2,-0.4632282796691909,0.08299396746333737,-0.3336184550030499,0.22706342722971493,-0.1656277798101904,0.657015434313698,Fads2,FALSE,FALSE,FALSE,FALSE,0.32082483816081037,FALSE,TRUE,2.08594833030443
Impdh2,-0.3096987238801079,0.0491949323243061,-0.26759255057058606,0.11875400914399828,-0.3848892102629966,0.08010653915669237,Impdh2,FALSE,FALSE,FALSE,FALSE,0.32072682823789683,FALSE,TRUE,2.085921829646563
Rpl7a,-0.23136824652144128,0.06023327478522391,-0.3086540504963988,0.0704576830990092,-0.4211535805568847,0.04913501460555962,Rpl7a,FALSE,FALSE,FALSE,FALSE,0.3203919591915749,FALSE,TRUE,2.085831285242861
Akt1,-0.4241487458852147,0.023298544871650877,-0.3083028598618833,0.10211259847939146,-0.22846649016569032,0.2849881505914223,Akt1,FALSE,FALSE,FALSE,FALSE,0.32030603197092944,FALSE,TRUE,2.085808051596633
Sdsl,-0.41854659157374074,0.14978906633449665,-0.3800256615115398,0.20847368273691425,-0.1618095714322838,0.6853048367240798,Sdsl,FALSE,FALSE,FALSE,FALSE,0.3201272748391881,FALSE,TRUE,2.0857597179029734
Acox3,-0.4465817245615611,0.05938451716834093,-0.3002987856063237,0.20242631026084787,-0.2128066741986503,0.4818397663255097,Acox3,FALSE,FALSE,FALSE,FALSE,0.31989572812217837,FALSE,TRUE,2.085697110565416
Guk1,-0.2857909524147537,0.0832793894320986,-0.34373794582183503,0.08932363389894,-0.32979153621503254,0.1382447252913647,Guk1,FALSE,FALSE,FALSE,FALSE,0.3197734781505404,FALSE,TRUE,2.0856640557014146
Puf60,-0.41571052823851673,0.04621068703376684,-0.3192940729402851,0.14508183879024866,-0.22419802440905912,0.4052735736740306,Puf60,FALSE,FALSE,FALSE,FALSE,0.31973420852928697,FALSE,TRUE,2.0856534376867635
Sirt6,-0.4790943931671303,0.09919194133862769,-0.20689678736414585,0.4657757852125461,-0.272155756439477,0.4637563166349325,Sirt6,FALSE,FALSE,FALSE,FALSE,0.3193823123235844,FALSE,TRUE,2.0855582893520337
Gtf3a,-0.3304091448105133,0.2210442933169954,-0.3692021653353823,0.1996295453426815,-0.25763287011341696,0.4802323611650335,Gtf3a,FALSE,FALSE,FALSE,FALSE,0.3190813934197709,FALSE,TRUE,2.0854769246424327
Trmt1,-0.37943218391050504,0.08530674341901846,-0.36034800468878725,0.13545660606743487,-0.2168130750026087,0.45565692452552997,Trmt1,FALSE,FALSE,FALSE,FALSE,0.3188644212006337,FALSE,TRUE,2.0854182580668943
Lats1,0.4349654266185006,0.04995432303259618,0.3359799028477912,0.15190841682167272,0.18523706685496943,0.532159658742239,Lats1,FALSE,FALSE,FALSE,FALSE,0.3187274654404204,FALSE,TRUE,2.085381226941509
Coq8a,-0.36598830624623613,0.29843143854040266,-0.41747916348179714,0.265724484379953,-0.1726959678456943,0.7399063347114023,Coq8a,FALSE,FALSE,FALSE,FALSE,0.31872114585790917,FALSE,TRUE,2.085379518205403
Rpl10a,-0.27182719500426433,0.0471466120936946,-0.3049182354254647,0.07802530422231774,-0.37846173390398885,0.06317781196216721,Rpl10a,FALSE,FALSE,FALSE,FALSE,0.3184023881112393,FALSE,TRUE,2.0852933300957095
Bop1,-0.5608414952545595,0.023752210267499393,-0.22759026041282393,0.2795154351954123,-0.16619775773909762,0.552359896973369,Bop1,FALSE,FALSE,FALSE,FALSE,0.31820983780216033,FALSE,TRUE,2.085241266899336
Rpusd1,-0.5062124005384852,0.1385705857193276,-0.29259072425956667,0.3887473444527897,-0.1556959580815298,0.7428128430247322,Rpusd1,FALSE,FALSE,FALSE,FALSE,0.31816636095986056,FALSE,TRUE,2.0852295113047115
Stoml2,-0.4954515987237089,0.028848957200278042,-0.1873465203084681,0.34309134688518905,-0.26821912927950553,0.29438789596651693,Stoml2,FALSE,FALSE,FALSE,FALSE,0.31700574943722754,FALSE,TRUE,2.0849156964585793
Gck,-0.3027971656311834,0.07012066486598523,-0.3574018378945736,0.08521930057579834,-0.29041839253754187,0.18815779305818145,Gck,FALSE,FALSE,FALSE,FALSE,0.316872465354433,FALSE,TRUE,2.084879658108866
Elp3,-0.32342024103815525,0.04669697656454759,-0.3204742233702378,0.09085111530551959,-0.3060139306632923,0.14359914685562333,Elp3,FALSE,FALSE,FALSE,FALSE,0.31663613169056176,FALSE,TRUE,2.084815756440722
Pdk2,-0.34435166656751104,0.3821521319598079,-0.5060991340822518,0.23297726659049384,-0.0992178938022672,0.8783600791555015,Pdk2,FALSE,FALSE,FALSE,FALSE,0.31655623148401,FALSE,TRUE,2.0847941524237568
Akr1cl,0.17485368951265468,0.6891592915496533,-0.4985534705004924,0.2900276366190269,-0.27460978418705434,0.6592130259753674,Akr1cl,FALSE,FALSE,FALSE,FALSE,0.3160056480667338,FALSE,TRUE,2.08464528155094
Cdca2,0.35560311792735055,0.5146039114745962,-0.29658401477984647,0.6416068317108908,0.2956814548993355,0.7040683763809263,Cdca2,FALSE,FALSE,FALSE,FALSE,0.31595619586884416,FALSE,TRUE,2.084631910294866
Rps27rt,0.1308987470391469,0.8603624423390122,0.5818870989639946,0.3710330737892728,-0.23383956751140078,0.8282781612449489,Rps27rt,FALSE,FALSE,FALSE,FALSE,0.3155418045048474,FALSE,TRUE,2.0845198640506277
Mrpl48,-0.3228156382578735,0.04209061459922475,-0.33459416735200875,0.08120675934582743,-0.2885096479177367,0.14732197449506546,Mrpl48,FALSE,FALSE,FALSE,FALSE,0.31530648450920634,FALSE,TRUE,2.0844562364657
Trib3,-0.7873028024211691,0.16004160635309217,-0.10743944410481276,0.8525053131574538,-0.05042927332637226,0.9553553424533673,Trib3,FALSE,FALSE,FALSE,FALSE,0.31505717328411803,FALSE,TRUE,2.0843888258272445
Pgm2,-0.2886931806745787,0.09273416170085805,-0.3597810979476579,0.08967000640739733,-0.2945828594029356,0.20055541747898592,Pgm2,FALSE,FALSE,FALSE,FALSE,0.31435237934172405,FALSE,TRUE,2.084198258356326
Rcl1,-0.29595851957546637,0.1402349547047837,-0.3380836374010303,0.13460721094597888,-0.3088738708342045,0.25091809259518183,Rcl1,FALSE,FALSE,FALSE,FALSE,0.3143053426035671,FALSE,TRUE,2.084185540210366
Coa3,-0.25654962162268813,0.19012871029833042,-0.34662493944273454,0.12728123722533752,-0.3395702949722237,0.20774352750616212,Coa3,FALSE,FALSE,FALSE,FALSE,0.3142482853458821,FALSE,TRUE,2.0841701126411993
Cox7a1,-0.4247479805542336,0.4204567036029415,-0.4069188766019376,0.45443118526023235,0.11107504675538687,0.8901827965684321,Cox7a1,FALSE,FALSE,FALSE,FALSE,0.3142473013038527,FALSE,TRUE,2.0841698465685368
Mecr,-0.48828919517390057,0.057866366417955666,-0.3068367260178415,0.2151573423276377,-0.1471308290516702,0.6507770209797082,Mecr,FALSE,FALSE,FALSE,FALSE,0.31408558341447074,FALSE,TRUE,2.0841261200729924
Rps19bp1,-0.4934363444494916,0.06904329439500226,-0.3008499640184281,0.25179821216206116,-0.14571607960306032,0.6783661045538775,Rps19bp1,FALSE,FALSE,FALSE,FALSE,0.31333412935699334,FALSE,TRUE,2.0839229362902847
Zfp207,0.39686658207569714,0.0690742042652222,0.3625930334665082,0.13447711375412272,0.17970355577455965,0.5516967539178483,Zfp207,FALSE,FALSE,FALSE,FALSE,0.31305439043892164,FALSE,TRUE,2.0838472983840433
Pgd,-0.4296734521908636,0.03421299746923567,-0.2591530682247871,0.1805877448834008,-0.2501679106528494,0.2971931772477146,Pgd,FALSE,FALSE,FALSE,FALSE,0.3129981436895,FALSE,TRUE,2.083832089966178
Stag1,0.441832932884326,0.03143092402678548,0.3459820973182257,0.11045483247293414,0.15013621468536886,0.564869940815699,Stag1,FALSE,FALSE,FALSE,FALSE,0.3126504149626402,FALSE,TRUE,2.083738068465627
Tubgcp5,0.39467772864360295,0.034951996629719685,0.3111219108619707,0.11505680127725304,0.23214171671709583,0.31329532751972705,Tubgcp5,FALSE,FALSE,FALSE,FALSE,0.31264711874088985,FALSE,TRUE,2.083737177208474
Apoc3,-0.6302370626198518,0.2960290774283752,-0.1764979693994941,0.7865164881774891,0.12732430103928682,0.8885007944410638,Apoc3,FALSE,FALSE,FALSE,FALSE,0.3113531110195442,FALSE,TRUE,2.083387293697886
Mrpl23,-0.29655005011706326,0.14923702123013138,-0.3201292294247824,0.1544812483096782,-0.31732757357786845,0.24678562090817668,Mrpl23,FALSE,FALSE,FALSE,FALSE,0.31133561770657137,FALSE,TRUE,2.083382563724754
Stat3,-0.39813333680560614,0.08679604552879423,-0.27706301358841223,0.2566030891903909,-0.2568512901169502,0.41713827770798473,Stat3,FALSE,FALSE,FALSE,FALSE,0.31068254683698954,FALSE,TRUE,2.0832059815260986
Rpl27a,-0.2794941788320777,0.04008167322532405,-0.2704417167604962,0.08803823262798008,-0.38193407680664215,0.05475877694670262,Rpl27a,FALSE,FALSE,FALSE,FALSE,0.31062332413307203,FALSE,TRUE,2.0831899684473423
Nfe2l1,-0.3975563911616282,0.04634208309212006,-0.3332893973013791,0.12365928409629509,-0.1999747350708203,0.4411571550032388,Nfe2l1,FALSE,FALSE,FALSE,FALSE,0.3102735078446092,FALSE,TRUE,2.0830953824962317
Pwp2,-0.3372722850285461,0.07260801097560574,-0.26273483412377274,0.17969155015834967,-0.32791615558457643,0.18061343796298449,Pwp2,FALSE,FALSE,FALSE,FALSE,0.3093077582456318,FALSE,TRUE,2.0828342558781556
Abca2,-0.38225170574327816,0.05503611051032145,-0.31931401436393436,0.13849670483220658,-0.226217907549235,0.38837162734824326,Abca2,FALSE,FALSE,FALSE,FALSE,0.30926120921881584,FALSE,TRUE,2.0828216696032453
Amt,-0.35987587058540615,0.15713932219831314,-0.3980744969400236,0.15593333411628635,-0.16840859360482785,0.6388746135393064,Amt,FALSE,FALSE,FALSE,FALSE,0.3087863203767525,FALSE,TRUE,2.0826932655972574
Pus1,-0.31213985534427646,0.13830404792755405,-0.36098966385428266,0.12947871565590208,-0.25098060477109607,0.3674681188904697,Pus1,FALSE,FALSE,FALSE,FALSE,0.3080367079898851,FALSE,TRUE,2.0824905797792588
Stk11,-0.4158305549167016,0.045249810674074326,-0.3126000451321769,0.1461016191169466,-0.194582280486844,0.46186011699147894,Stk11,FALSE,FALSE,FALSE,FALSE,0.30767096017857415,FALSE,TRUE,2.0823916861435405
Ddx39b,-0.4117647370773607,0.04282492705268315,-0.2732753700133941,0.18415075673481834,-0.23684789475485246,0.35823291856319384,Ddx39b,FALSE,FALSE,FALSE,FALSE,0.3072960006152024,FALSE,TRUE,2.0822903017652274
Smarca4,-0.3652384102772368,0.08935304941149429,-0.32187802035882296,0.1696384291254824,-0.23366321610976382,0.42662935640264976,Smarca4,FALSE,FALSE,FALSE,FALSE,0.30692654891527454,FALSE,TRUE,2.082190406644332
Glb1,-0.36906206986367973,0.04445710699290745,-0.32714838900537124,0.10425129658461646,-0.22290410626453117,0.32861084691786685,Glb1,FALSE,FALSE,FALSE,FALSE,0.30637152171119403,FALSE,TRUE,2.0820403342271185
Ddx3x,0.4575918184777894,0.05997385598308451,0.35923541206707377,0.16581126261684212,0.10208457268357485,0.7779566538191943,Ddx3x,FALSE,FALSE,FALSE,FALSE,0.30630393440947934,FALSE,TRUE,2.082022059465689
Traf7,-0.39119239753259993,0.04849389014100938,-0.2966205437944831,0.14749595140965702,-0.22729843305757225,0.36039708807854065,Traf7,FALSE,FALSE,FALSE,FALSE,0.3050371247948851,FALSE,TRUE,2.0816795299831448
Mrpl4,-0.43456651056422313,0.038167379702754634,-0.22671182993396943,0.24548515370740417,-0.2517514080661396,0.3140739856534276,Mrpl4,FALSE,FALSE,FALSE,FALSE,0.30434324952144404,FALSE,TRUE,2.0814919147838093
Plscr2,0.35182592281772096,0.2960290774283752,0.36522638349122327,0.3012324355580313,0.19589186120703994,0.6953877553012826,Plscr2,FALSE,FALSE,FALSE,FALSE,0.30431472250532804,FALSE,TRUE,2.0814842014352872
Rbfa,-0.24123016028483812,0.3174670093612753,-0.44288249964543347,0.12061995108359509,-0.22846206113820422,0.4906105170215995,Rbfa,FALSE,FALSE,FALSE,FALSE,0.30419157368949196,FALSE,TRUE,2.0814509035350515
Wdr46,-0.5160427688419738,0.025664562526706087,-0.2049046372341281,0.2956642239735883,-0.19125849182417243,0.4544863891536926,Wdr46,FALSE,FALSE,FALSE,FALSE,0.30406863263342476,FALSE,TRUE,2.0814176618104603
Rbm3,-0.43539325871862466,0.22627488703013818,-0.1624916486369461,0.6944708391455173,-0.31428170342456596,0.5441106587100206,Rbm3,FALSE,FALSE,FALSE,FALSE,0.3040555369267122,FALSE,TRUE,2.0814141208950834
Rnf113a2,-0.38236624179461254,0.04341539680361599,-0.21516875275271552,0.23133689999330706,-0.3138701275974838,0.1763939604759524,Rnf113a2,FALSE,FALSE,FALSE,FALSE,0.30380170738160395,FALSE,TRUE,2.0813454885593807
Tpi1,-0.3208248689826041,0.04359896653838728,-0.295148819651045,0.09955301218514566,-0.2953867608218621,0.14643786774033146,Tpi1,FALSE,FALSE,FALSE,FALSE,0.3037868164851704,FALSE,TRUE,2.081341462247146
Chchd1,0.44229768097492705,0.14042434526718878,0.20034848416211304,0.5434381384287883,-0.2683224298239182,0.541217482229437,Chchd1,FALSE,FALSE,FALSE,FALSE,0.3036561983203194,FALSE,TRUE,2.081306144728316
Avpr1b,-0.5053203230610325,0.3006661792072301,-0.1830171996301293,0.7227835965485301,-0.22205745124544674,0.7483214140126295,Avpr1b,FALSE,FALSE,FALSE,FALSE,0.30346499131220284,FALSE,TRUE,2.0812544447437293
Cdc27,0.44003106183607166,0.042115166113742594,0.36273608901003573,0.12061995108359509,0.10662097826409145,0.7241982097822737,Cdc27,FALSE,FALSE,FALSE,FALSE,0.30312937637006626,FALSE,TRUE,2.0811636986591244
Mrpl54,-0.14972958958289428,0.3323857934492031,-0.35982920200331314,0.08226320350755506,-0.398502820509794,0.0873081814626103,Mrpl54,FALSE,FALSE,FALSE,FALSE,0.3026872040320005,FALSE,TRUE,2.0810441407868066
Polr1a,-0.33331750734552834,0.09227267271813612,-0.2763107475601183,0.18859720229045795,-0.2952865237708959,0.2608385322288701,Polr1a,FALSE,FALSE,FALSE,FALSE,0.30163825955884754,FALSE,TRUE,2.0807605193148286
Gapdh,-0.35717243601431825,0.04854504487359026,-0.26001737714275563,0.1679405989230665,-0.28754394610969847,0.21706523208732784,Gapdh,FALSE,FALSE,FALSE,FALSE,0.3015779197555908,FALSE,TRUE,2.080744204186377
Trmt12,-0.40969116284635154,0.022250389338099964,-0.23040672366211634,0.14133563152964893,-0.26461073309094196,0.16365257450141046,Trmt12,FALSE,FALSE,FALSE,FALSE,0.30156953986646995,FALSE,TRUE,2.0807419383691212
Srfbp1,-0.6127428040343217,0.027839720029878327,-0.11385545309450018,0.642333126468183,-0.17801207671709918,0.5738401051309501,Srfbp1,FALSE,FALSE,FALSE,FALSE,0.30153677794864037,FALSE,TRUE,2.080733079956119
Ncbp2,-0.27421091245922735,0.09152069897280923,-0.2784156694946951,0.12995711766355675,-0.350368007533147,0.12049300589085365,Ncbp2,FALSE,FALSE,FALSE,FALSE,0.3009981964956898,FALSE,TRUE,2.0805874542644114
Trpv4,-0.3579969149120088,0.3118169820283934,-0.27492586319245915,0.4501727812479166,-0.2690405701312131,0.5799459136414272,Trpv4,FALSE,FALSE,FALSE,FALSE,0.3006544494118937,FALSE,TRUE,2.080494509350367
Mfn2,-0.3656225615958073,0.04282492705268315,-0.3039191197910638,0.1187700963924737,-0.2311272091263854,0.30995639629376925,Mfn2,FALSE,FALSE,FALSE,FALSE,0.30022296350441885,FALSE,TRUE,2.0803778409552827
Tut1,-0.3832362358369341,0.04571502526579462,-0.2430508482924969,0.19552366357614318,-0.27194836504136344,0.25108192709281335,Tut1,FALSE,FALSE,FALSE,FALSE,0.2994118163902648,FALSE,TRUE,2.080158516916313
Glo1,-0.314270321176366,0.07732091475578745,-0.3076857320157824,0.12351233695174244,-0.2745006128769827,0.24200848289713714,Glo1,FALSE,FALSE,FALSE,FALSE,0.29881888868971035,FALSE,TRUE,2.0799981966786723
Rps23,-0.29130202209146816,0.05428956408387389,-0.24238308916813622,0.13849670483220658,-0.3589288949092957,0.09143882993334339,Rps23,FALSE,FALSE,FALSE,FALSE,0.29753800205630004,FALSE,TRUE,2.0796518609462264
Iscu,-0.3851926172457958,0.052355916806270525,-0.2559947130507485,0.19665710528955893,-0.24802876267867013,0.3219967355785621,Iscu,FALSE,FALSE,FALSE,FALSE,0.2964053643250715,FALSE,TRUE,2.0793456098635708
Atm,0.5458026850733626,0.014455723425594891,0.19892423470458276,0.21817658289036848,0.14421391835825315,0.49248436660409767,Atm,FALSE,FALSE,FALSE,FALSE,0.2963136127120662,FALSE,TRUE,2.0793208013744633
Adrb1,-0.5445515704762318,0.28331963190675624,-0.13606369282637587,0.8053680592737981,0.20785084832156597,0.760494657762592,Adrb1,FALSE,FALSE,FALSE,FALSE,0.29615537054139124,FALSE,TRUE,2.079278014669805
Prmt5,-0.3576628122464678,0.02472653853662935,-0.27392316859683863,0.09520800542316403,-0.2550967276627212,0.16364376158938812,Prmt5,FALSE,FALSE,FALSE,FALSE,0.29556090283534253,FALSE,TRUE,2.079117278033931
Rpl11,-0.2624996086509679,0.12116319454980866,-0.23809896540520015,0.19637888462228525,-0.3854312569764904,0.11228554778284633,Rpl11,FALSE,FALSE,FALSE,FALSE,0.29534327701088614,FALSE,TRUE,2.0790584347316856
Fah,-0.2545354574125591,0.4158772496482009,-0.3543911941448208,0.2805751185809365,-0.27611459463095134,0.5215437741724721,Fah,FALSE,FALSE,FALSE,FALSE,0.29501374872944375,FALSE,TRUE,2.078969334404039
Mad2l1,0.43820593580941525,0.0771162382785361,0.20641630575654757,0.4232650996929328,0.24008757643288048,0.47383187519113884,Mad2l1,FALSE,FALSE,FALSE,FALSE,0.2949032726662811,FALSE,TRUE,2.078939463057696
Cyp27a1,-0.5614928646751864,0.23670928855615536,0.09294809574821539,0.8525053131574538,0.22750001619367888,0.7125646114017681,Cyp27a1,FALSE,FALSE,FALSE,FALSE,0.2939803255390269,FALSE,TRUE,2.078689909692871
Ndufb6,-0.19941128678309283,0.20153019454907575,-0.3289894428086706,0.09180503249903499,-0.34927687598413204,0.11892479530377088,Ndufb6,FALSE,FALSE,FALSE,FALSE,0.2925592018586318,FALSE,TRUE,2.0783056556161186
Hadha,-0.3083831668709607,0.03994617398770833,-0.2956530949344236,0.08898183009393343,-0.27299662911448763,0.14970007595460086,Hadha,FALSE,FALSE,FALSE,FALSE,0.2923442969732906,FALSE,TRUE,2.0782475480217935
Pfkp,-0.29294434775740275,0.07835453692915285,-0.2912299573987047,0.12111348630760825,-0.2894618315132593,0.18964487099592864,Pfkp,FALSE,FALSE,FALSE,FALSE,0.2912120455564556,FALSE,TRUE,2.0779414013937205
Mat1a,-0.32222698842226283,0.07299394562283804,-0.3071152177607681,0.12240252456424414,-0.24112847768219936,0.2971931772477146,Mat1a,FALSE,FALSE,FALSE,FALSE,0.29015689462174343,FALSE,TRUE,2.0776561017721282
Srebf2,-0.4578234043059295,0.10304666386704239,-0.30136685065946356,0.3032809928931921,-0.11074961917093784,0.7979012849547554,Srebf2,FALSE,FALSE,FALSE,FALSE,0.28997995804544363,FALSE,TRUE,2.0776082603339003
Gch1,-0.5305625907718527,0.12831368622269113,0.10123598592652971,0.7771295764674017,-0.23803065677047996,0.6077096769118988,Gch1,FALSE,FALSE,FALSE,FALSE,0.28994307782295414,FALSE,TRUE,2.077598288382804
Mak16,-0.30906010629252956,0.17670743686735446,-0.306219663072977,0.2074031996763363,-0.2540731089433388,0.4102469938210051,Mak16,FALSE,FALSE,FALSE,FALSE,0.2897842927696151,FALSE,TRUE,2.07755535488946
Ndufs2,-0.25284483795286405,0.10700618405720634,-0.32736510741156977,0.09180503249903499,-0.28884019947076034,0.1788977566386504,Ndufs2,FALSE,FALSE,FALSE,FALSE,0.2896833816117314,FALSE,TRUE,2.0775280697739267
Klhl25,-0.37068159736928097,0.07470964822592321,-0.28903001596165323,0.17653426914519374,-0.2090866825026847,0.43245528704756403,Klhl25,FALSE,FALSE,FALSE,FALSE,0.28959943194453963,FALSE,TRUE,2.0775053708334297
Mrto4,-0.349051751254676,0.08451876085159653,-0.3183105228286869,0.14203483612242648,-0.20001285795283819,0.44486998371893066,Mrto4,FALSE,FALSE,FALSE,FALSE,0.289125044012067,FALSE,TRUE,2.077377102267133
Mrpl28,-0.31914517032958667,0.09584054237171401,-0.28047338041396763,0.16883624532857525,-0.26698137002614253,0.2873591841964026,Mrpl28,FALSE,FALSE,FALSE,FALSE,0.2888666402565656,FALSE,TRUE,2.077307233122125
Nhp2,-0.218739934842469,0.34637598293104427,-0.22425108685097284,0.35493907191688084,-0.4234331971414895,0.18744052178052834,Nhp2,FALSE,FALSE,FALSE,FALSE,0.2888080729449771,FALSE,TRUE,2.0772913972532607
Uqcc2,-0.22182270117018188,0.21864932117356495,-0.29445738955758394,0.1487996174629827,-0.3485086922499532,0.162978954396471,Uqcc2,FALSE,FALSE,FALSE,FALSE,0.28826292765923966,FALSE,TRUE,2.0771439967832266
Rpl12,-0.21030099700222848,0.194820429586777,-0.2452821149529214,0.1773042269211828,-0.40806930610227,0.09452091125397234,Rpl12,FALSE,FALSE,FALSE,FALSE,0.2878841393524733,FALSE,TRUE,2.077041577160565
Abraxas1,0.3909260302583131,0.10031343436224324,0.29948247287184326,0.22896396093480978,0.17312305455111643,0.6082944726950605,Abraxas1,FALSE,FALSE,FALSE,FALSE,0.2878438525604243,FALSE,TRUE,2.0770306841156474
Prpsap1,-0.43327267269265857,0.01600573855620976,-0.28376864187366113,0.08455288667900665,-0.1459230570688499,0.40048469660473834,Prpsap1,FALSE,FALSE,FALSE,FALSE,0.28765479054505655,FALSE,TRUE,2.076979564110284
Ephx1,-0.5367412795395756,0.043009539532502215,-0.16656470824555925,0.5192277936613415,-0.15625030234498194,0.6553420686848732,Ephx1,FALSE,FALSE,FALSE,FALSE,0.2865187633767056,FALSE,TRUE,2.076672396566204
Ddx27,-0.5203268660206253,0.0408077391264366,-0.16531127498969278,0.4785243845111755,-0.1729715802950169,0.579053990186208,Ddx27,FALSE,FALSE,FALSE,FALSE,0.28620324043511164,FALSE,TRUE,2.0765870831073627
Wdr18,-0.3753940169153003,0.03183076814064115,-0.2705832387495173,0.12392065412312836,-0.2119084713869661,0.30477940035824674,Wdr18,FALSE,FALSE,FALSE,FALSE,0.2859619090172612,FALSE,TRUE,2.076521830109023
Gart,-0.24523681322834,0.0844524473672226,-0.2710997336102201,0.10394173157614646,-0.340130326811769,0.09610154956615466,Gart,FALSE,FALSE,FALSE,FALSE,0.28548895788344303,FALSE,TRUE,2.0763939500351194
Ddx54,-0.40645495660997355,0.048745583009281925,-0.236209628403115,0.23702437072093926,-0.2130093483830624,0.4077939115924666,Ddx54,FALSE,FALSE,FALSE,FALSE,0.28522464446538365,FALSE,TRUE,2.0763224829912366
Scn9a,-0.4907784434531113,0.10665462045303319,-0.15417888411780334,0.6167366404093115,0.20630414017393894,0.5882683382091421,Scn9a,FALSE,FALSE,FALSE,FALSE,0.28375382258161785,FALSE,TRUE,2.0759247911416034
Gucy2f,-0.3134172217756426,0.5377176786355589,0.4590924645982559,0.35833967712507475,-0.07866851953584586,0.9277681321383151,Gucy2f,FALSE,FALSE,FALSE,FALSE,0.28372606863658145,FALSE,TRUE,2.0759172868218365
Bckdk,-0.2244415347347557,0.331726543863212,-0.38180549339599956,0.14768108866812987,-0.2447573182540177,0.4491884528960449,Bckdk,FALSE,FALSE,FALSE,FALSE,0.283668115461591,FALSE,TRUE,2.075901617007831
Daxx,-0.41511911610078833,0.046397830532258925,-0.3023965654683032,0.15058140646537818,-0.12937313450675259,0.629283199765418,Daxx,FALSE,FALSE,FALSE,FALSE,0.28229627202528135,FALSE,TRUE,2.0755306876929933
Arid2,0.3518860243333046,0.02402884468577471,0.23501579083194013,0.12542433192054883,0.2582203039755626,0.15664030110840374,Arid2,FALSE,FALSE,FALSE,FALSE,0.28170737304693577,FALSE,TRUE,2.0753714567714723
Mrpl22,-0.23631084705727368,0.2232748607426699,-0.2492359883766806,0.2256117727521928,-0.3590896942990711,0.17772869661514587,Mrpl22,FALSE,FALSE,FALSE,FALSE,0.28154550991100846,FALSE,TRUE,2.075327691003078
Rpl7l1,-0.29557911584052654,0.027910305702979202,-0.26067015066597943,0.08456131587098986,-0.28834984740572,0.0945307768205195,Rpl7l1,FALSE,FALSE,FALSE,FALSE,0.281533037970742,FALSE,TRUE,2.07532431874635
Ndufs6,-0.19321894995733668,0.23105243101098577,-0.3424050300926078,0.09132508641051881,-0.30787415476137703,0.1665813896285624,Ndufs6,FALSE,FALSE,FALSE,FALSE,0.2811660449371072,FALSE,TRUE,2.0752250884180827
Eif4a1,-0.27397653571143277,0.11393795995486249,-0.22638778799392423,0.22440132408905683,-0.34303747848763155,0.1521466001677968,Eif4a1,FALSE,FALSE,FALSE,FALSE,0.2811339340643295,FALSE,TRUE,2.0752164060395235
Oxa1l,-0.3998040565807095,0.034951996629719685,-0.31080625012266605,0.11278448655616846,-0.13114193468731106,0.574730424264244,Oxa1l,FALSE,FALSE,FALSE,FALSE,0.2805840804635622,FALSE,TRUE,2.075067732499967
Suclg2,-0.38962493949208277,0.018647158665054384,-0.238713785152882,0.10782108313813464,-0.21211174394592636,0.2133104250217475,Suclg2,FALSE,FALSE,FALSE,FALSE,0.2801501561969637,FALSE,TRUE,2.074950404803059
Ndufv1,-0.2687215470272317,0.06768812426438686,-0.2768401420118147,0.10425129658461646,-0.2943569322881361,0.13764680466853033,Ndufv1,FALSE,FALSE,FALSE,FALSE,0.2799728737757275,FALSE,TRUE,2.0749024698526837
Acaa2,-0.3790226312559666,0.11222458635341812,-0.3453510356733416,0.1773042269211828,-0.11533362480141385,0.7387467393828504,Acaa2,FALSE,FALSE,FALSE,FALSE,0.27990243057690734,FALSE,TRUE,2.074883422892381
Plod3,-0.3870719783389722,0.09440544115952373,-0.29892969542567105,0.215670205533633,-0.1535716126888893,0.6353991793414071,Plod3,FALSE,FALSE,FALSE,FALSE,0.2798577621511775,FALSE,TRUE,2.0748713451084937
Gon7,-0.34341074251664083,0.287287521410413,-0.29623431042155124,0.375334969264717,-0.1998273562025934,0.6559947940117007,Gon7,FALSE,FALSE,FALSE,FALSE,0.2798241363802618,FALSE,TRUE,2.0748622531204166
Taco1,-0.1930958221118626,0.32432438426582055,-0.35337183692162766,0.12351233695174244,-0.29111974921793005,0.2715223289789071,Taco1,FALSE,FALSE,FALSE,FALSE,0.27919580275047345,FALSE,TRUE,2.0746923595621447
Kat2a,-0.29016021542460013,0.1046216933500408,-0.3336203131729025,0.10890761169862719,-0.21060701573794471,0.3739153711547562,Kat2a,FALSE,FALSE,FALSE,FALSE,0.27812918144514914,FALSE,TRUE,2.0744039584957377
Hsd17b4,-0.31921165458166634,0.025389499294878118,-0.2591056441607211,0.08968228935192599,-0.25409599615995315,0.13467244691507405,Hsd17b4,FALSE,FALSE,FALSE,FALSE,0.2774710983007802,FALSE,TRUE,2.074226021040642
Tarbp2,-0.2385233605075503,0.2565845491932043,-0.3998687547489692,0.11088012062719721,-0.19098932499980492,0.5036745974217761,Tarbp2,FALSE,FALSE,FALSE,FALSE,0.2764604800854415,FALSE,TRUE,2.073952762509635
Ran,-0.31441817988374066,0.027910305702979202,-0.21666871519695974,0.13149725031883697,-0.29659349262549917,0.1002620105675008,Ran,FALSE,FALSE,FALSE,FALSE,0.2758934625687332,FALSE,TRUE,2.0737994480617856
Thnsl2,-0.3003092015330724,0.2017599909512142,-0.3374143324015897,0.1846518904164374,-0.18955295939054695,0.5572624935729553,Thnsl2,FALSE,FALSE,FALSE,FALSE,0.275758831108403,FALSE,TRUE,2.073763045398031
Rab11a,0.37563042780580425,0.07478644444977975,0.3040958245030474,0.17828098405589368,0.14729005856177046,0.6203250451878516,Rab11a,FALSE,FALSE,FALSE,FALSE,0.2756721036235407,FALSE,TRUE,2.073739595370363
Bad,-0.2582034535928628,0.32010850497873394,-0.40159438582078444,0.16585656989068812,-0.16669518796704086,0.6553420686848732,Bad,FALSE,FALSE,FALSE,FALSE,0.2754976757935627,FALSE,TRUE,2.073692432265777
Galk1,-0.238962670189792,0.20248067774928472,-0.3245356140192186,0.1315294306256746,-0.26256388558639987,0.2984246277716934,Galk1,FALSE,FALSE,FALSE,FALSE,0.2753540565984702,FALSE,TRUE,2.0736535994309047
Upp1,-0.24340034774839064,0.5861582412215764,-0.2450356050841601,0.5926738866903108,-0.3375900170408458,0.5739581774354638,Upp1,FALSE,FALSE,FALSE,FALSE,0.27534198995779885,FALSE,TRUE,2.07365033676212
Eif2b2,-0.37521879320356444,0.09226194683996032,-0.2427907751806364,0.28048506718224225,-0.20627746591775598,0.4834810130866619,Eif2b2,FALSE,FALSE,FALSE,FALSE,0.2747623447673189,FALSE,TRUE,2.07349360794915
Npr1,-0.4361402598055224,0.12407398019861132,-0.2917950816568351,0.30429991943229645,0.09552436541706388,0.8126019780198526,Npr1,FALSE,FALSE,FALSE,FALSE,0.2744865689598071,FALSE,TRUE,2.0734190416184584
Ip6k2,-0.37379125912805566,0.03394198976232586,-0.2208992082718133,0.19200957456218778,-0.2282056328217008,0.28315990045604944,Ip6k2,FALSE,FALSE,FALSE,FALSE,0.2742987000738566,FALSE,TRUE,2.073368244220373
Mrps25,-0.33699839018527467,0.10216478589450752,-0.29047189603426293,0.1783443115775611,-0.19501861692713263,0.4681791423427732,Mrps25,FALSE,FALSE,FALSE,FALSE,0.27416296771555676,FALSE,TRUE,2.0733315438875706
Uqcr11,-0.23419155809940317,0.10148350008269028,-0.3023362837435455,0.08968228935192599,-0.28447383873316845,0.1454892461553779,Uqcr11,FALSE,FALSE,FALSE,FALSE,0.2736672268587057,FALSE,TRUE,2.0731975017574693
Cox7a2l,-0.23958135341718556,0.13890949822424414,-0.2332405283788992,0.19025808232305622,-0.347251408481962,0.12911137253174965,Cox7a2l,FALSE,FALSE,FALSE,FALSE,0.2733577634260156,FALSE,TRUE,2.073113826714081
Slc27a1,-0.3953145949536081,0.09250819637498128,-0.3031294314560906,0.2211990976149194,-0.12073118397553717,0.7281231251795859,Slc27a1,FALSE,FALSE,FALSE,FALSE,0.2730584034617453,FALSE,TRUE,2.0730328835222434
Fasn,-0.3547367594128126,0.08916609143030806,-0.29545511350001696,0.18859720229045795,-0.1685838857498192,0.5676000617732655,Fasn,FALSE,FALSE,FALSE,FALSE,0.2729252528875496,FALSE,TRUE,2.072996881271586
Rps7,-0.17391169374213789,0.4185085284409928,-0.18813503999043135,0.4156653040339261,-0.45521624732445964,0.13394247274527482,Rps7,FALSE,FALSE,FALSE,FALSE,0.2724209936856763,FALSE,TRUE,2.072860535887484
Ddx49,-0.4076603201353284,0.023495574798305448,-0.1845506023740917,0.23381552044274836,-0.22466152217371338,0.25531754747038526,Ddx49,FALSE,FALSE,FALSE,FALSE,0.27229081489437784,FALSE,TRUE,2.07282533716977
Arl2,-0.34410323037463897,0.11008732839995047,-0.3100252501554994,0.1766653270357218,-0.16226255441368576,0.5816040457170253,Arl2,FALSE,FALSE,FALSE,FALSE,0.2721303449812747,FALSE,TRUE,2.07278194811141
Rpl3,-0.2171472619713697,0.0971215762953265,-0.28901809022941194,0.08521930057579834,-0.3092386329652701,0.1002620105675008,Rpl3,FALSE,FALSE,FALSE,FALSE,0.2718013283886839,FALSE,TRUE,2.0726929861380317
Elp6,-0.2220635299476421,0.28540891283387415,-0.4030856731148793,0.10837292482091772,-0.19022585511943513,0.5029563897221131,Elp6,FALSE,FALSE,FALSE,FALSE,0.2717916860606522,FALSE,TRUE,2.072690378973077
Bcl2l1,-0.416955084484143,0.08313776531888556,-0.2307563299058959,0.3468923847512097,-0.16589225121636364,0.6190677363088166,Bcl2l1,FALSE,FALSE,FALSE,FALSE,0.27120122186880086,FALSE,TRUE,2.072530724837392
Brca1,0.3766019581475708,0.1582145357335307,-0.35020751474749945,0.2591057418763741,0.08666384121101145,0.8458363608252204,Brca1,FALSE,FALSE,FALSE,FALSE,0.2711577713686939,FALSE,TRUE,2.072518976365367
Xrcc5,-0.3562479741069948,0.021218439507966206,-0.18197292025516276,0.17638364357828434,-0.2750446583345125,0.11558118690629755,Xrcc5,FALSE,FALSE,FALSE,FALSE,0.2710885175655567,FALSE,TRUE,2.0725002510027872
Surf6,-0.33267816311444776,0.09207806829862306,-0.22009403286105034,0.27443111474581866,-0.25953318459211694,0.3182897974764567,Surf6,FALSE,FALSE,FALSE,FALSE,0.27076846018920503,FALSE,TRUE,2.072413711489475
Pelo,-0.2881964243781858,0.407108189541256,0.02426915505170557,0.9519663294979488,-0.4967870378608623,0.2948524436830024,Pelo,FALSE,FALSE,FALSE,FALSE,0.26975087243025125,FALSE,TRUE,2.072138568481005
Rrp8,-0.41735396448963513,0.023495574798305448,-0.16193991211699554,0.3033116815553314,-0.22949232933667751,0.25867442542304214,Rrp8,FALSE,FALSE,FALSE,FALSE,0.2695954019811027,FALSE,TRUE,2.0720965312151964
Ldha,-0.3284971601033977,0.047114623547554683,-0.16761819162578817,0.30628840842591787,-0.31187067558829273,0.14359914685562333,Ldha,FALSE,FALSE,FALSE,FALSE,0.26932867577249286,FALSE,TRUE,2.072024411782913
Rpl21,-0.25580928059599195,0.044762552315402486,-0.2254696058690211,0.11025421348490946,-0.3254300335410125,0.07072404792980423,Rpl21,FALSE,FALSE,FALSE,FALSE,0.26890297333534185,FALSE,TRUE,2.0719093071659005
Dus3l,-0.3015203674988651,0.19151183579712552,-0.34433702233314545,0.1731274878620818,-0.16044184127374495,0.6201295296077994,Dus3l,FALSE,FALSE,FALSE,FALSE,0.2687664103685852,FALSE,TRUE,2.0718723822469554
Itpkc,-0.3543463375731366,0.13755079258614933,-0.1988536154681091,0.4114315134543845,-0.2508681938286279,0.42920243779024003,Itpkc,FALSE,FALSE,FALSE,FALSE,0.2680227156232912,FALSE,TRUE,2.071671296485258
Lyrm7,-0.3481407885612766,0.2659285060393898,-0.24649790696636442,0.4447803242870797,-0.20882402217179674,0.6297341360634865,Lyrm7,FALSE,FALSE,FALSE,FALSE,0.2678209058998126,FALSE,TRUE,2.071616729658989
Faah,-0.33571585693634365,0.1600946679662055,-0.37417853533568524,0.15536279914095444,-0.09291529369199747,0.7967520624452618,Faah,FALSE,FALSE,FALSE,FALSE,0.26760322865467545,FALSE,TRUE,2.071557872453234
Cox7a2,-0.2680036393262464,0.08754557010769749,-0.2585870570961184,0.13793073677514825,-0.2755074396391297,0.18964487099592864,Cox7a2,FALSE,FALSE,FALSE,FALSE,0.2673660453538315,FALSE,TRUE,2.071493741053874
Celf3,-0.40910746108293417,0.05103953858233119,-0.2080076002706619,0.3165188523730102,-0.18466487726345893,0.5010569257892595,Celf3,FALSE,FALSE,FALSE,FALSE,0.2672599795390183,FALSE,TRUE,2.0714650621835493
Alox15,-0.3982935872307607,0.2720509258592884,-0.0992501722242296,0.8042602463196082,-0.3028209785344682,0.5412508422525819,Alox15,FALSE,FALSE,FALSE,FALSE,0.26678824599648615,FALSE,TRUE,2.071337511331108
Hsd17b7,-0.5247193056431836,0.11220864081218818,-0.2447573669705827,0.45054155548577673,-0.030278114500287945,0.9561166086653877,Hsd17b7,FALSE,FALSE,FALSE,FALSE,0.26658492903801806,FALSE,TRUE,2.0712825369673404
Dguok,-0.29243715084957866,0.08916609143030806,-0.3067531438349649,0.1156090072283418,-0.19988659233021178,0.3732082106500253,Dguok,FALSE,FALSE,FALSE,FALSE,0.2663589623382518,FALSE,TRUE,2.071221438396686
Brca2,0.3751768835952083,0.07609276074433094,0.17337056258632266,0.42756104150704893,0.24419846797761746,0.3804141190832194,Brca2,FALSE,FALSE,FALSE,FALSE,0.2642486380530495,FALSE,TRUE,2.0706508330925555
Prkaca,-0.3773287407114134,0.0544324822431178,-0.24409451837867824,0.22249477838767479,-0.17052603038648595,0.5146808573359559,Prkaca,FALSE,FALSE,FALSE,FALSE,0.26398309649219254,FALSE,TRUE,2.070579033974214
Ang,-0.4399029495426938,0.4681107500556769,-0.313064411182289,0.6211312282162286,0.03761614667001495,0.9695215245494374,Ang,FALSE,FALSE,FALSE,FALSE,0.2635278357983326,FALSE,TRUE,2.0704559371741156
Rtcb,-0.2820983299545423,0.04185669439483118,-0.23530746303730332,0.11669734289800063,-0.27312374925330474,0.12751977623026692,Rtcb,FALSE,FALSE,FALSE,FALSE,0.2635098474150501,FALSE,TRUE,2.070451073340161
Mrps7,-0.37734533849238394,0.0408077391264366,-0.21395046949972674,0.22144352641964105,-0.1987058636104253,0.3730024733180667,Mrps7,FALSE,FALSE,FALSE,FALSE,0.26333389053417866,FALSE,TRUE,2.070403496799329
Apoe,-0.4302715344302017,0.08880151115698669,-0.3095716644851487,0.24654059603996592,-0.04990455462167809,0.9082471205101105,Apoe,FALSE,FALSE,FALSE,FALSE,0.2632492511790095,FALSE,TRUE,2.070380611375825
Spr,-0.3438005739308494,0.17582915433807433,-0.21759944720818813,0.4054768422870969,-0.22779509437062107,0.5086284984190682,Spr,FALSE,FALSE,FALSE,FALSE,0.26306503850321955,FALSE,TRUE,2.0703308025712586
Akr1a1,-0.28728602813122617,0.04540553229296813,-0.22176632135204066,0.14296970811855425,-0.2778583314035137,0.13764680466853033,Akr1a1,FALSE,FALSE,FALSE,FALSE,0.2623035602955935,FALSE,TRUE,2.0701249083836695
Dhx30,-0.33188340957733775,0.027910305702979202,-0.2514502306871753,0.10881888673248968,-0.20342997413838848,0.2558740468954893,Dhx30,FALSE,FALSE,FALSE,FALSE,0.2622545381343005,FALSE,TRUE,2.070111653404115
Larp7,-0.34136095973352765,0.04786518223175527,-0.12014926793232306,0.46594562100791087,-0.324902104200004,0.13764680466853033,Larp7,FALSE,FALSE,FALSE,FALSE,0.2621374439552849,FALSE,TRUE,2.0700799926019826
Srrt,-0.2785177634739897,0.07787714605366218,-0.25585163308433945,0.14078741782646365,-0.2512629604231167,0.23115651415177713,Srrt,FALSE,FALSE,FALSE,FALSE,0.2618774523271486,FALSE,TRUE,2.0700096941160653
Hdc,-0.15307829789386096,0.6385955191472619,-0.28211445805495083,0.39028881032423013,-0.35029418185680816,0.4169495874309355,Hdc,FALSE,FALSE,FALSE,FALSE,0.26182897926854,FALSE,TRUE,2.0699965876070117
Acly,-0.2598849874648943,0.1246575713210183,-0.23770771187925455,0.19665710528955893,-0.2855579053891706,0.21992316737618295,Acly,FALSE,FALSE,FALSE,FALSE,0.26105020157777314,FALSE,TRUE,2.069786015855454
Ago1,-0.3625058915706081,0.06896832970165813,-0.26422012152004104,0.20306373917236015,-0.15564504012270852,0.5711601376426727,Ago1,FALSE,FALSE,FALSE,FALSE,0.2607903510711192,FALSE,TRUE,2.0697157555270214
Mrpl55,-0.3119006019807342,0.2542198300741111,-0.20947175293346376,0.46018698242880485,-0.2592257750260485,0.48603355437783735,Mrpl55,FALSE,FALSE,FALSE,FALSE,0.2601993766467488,FALSE,TRUE,2.0695559634308416
Rps12,-0.23858476717601818,0.06476735655092918,-0.24816072416676072,0.10069442807404672,-0.29340266983619756,0.10101098238561386,Rps12,FALSE,FALSE,FALSE,FALSE,0.2600493870596588,FALSE,TRUE,2.069515408121614
Mri1,-0.3539188584265096,0.11232917213564408,-0.2063497757608821,0.3548156566775525,-0.21618708614210025,0.45843542372530305,Mri1,FALSE,FALSE,FALSE,FALSE,0.258818573443164,FALSE,TRUE,2.069182611506945
Actr2,0.3587266033801022,0.10501896722270283,0.3226642630508687,0.1821971665436358,0.0945367564643309,0.783446509362906,Actr2,FALSE,FALSE,FALSE,FALSE,0.2586425409651006,FALSE,TRUE,2.069135014525578
Pck2,-0.23832006965369068,0.3094654441575261,-0.4033183472666515,0.13687665003209518,-0.13232033749721417,0.7044857380128031,Pck2,FALSE,FALSE,FALSE,FALSE,0.2579862514725188,FALSE,TRUE,2.0689575620515015
Urm1,-0.34752642830828284,0.1104274086280884,-0.26650081919757707,0.23301317736439983,-0.15792657504827412,0.5924578301026943,Urm1,FALSE,FALSE,FALSE,FALSE,0.257317940851378,FALSE,TRUE,2.0687768592145472
Cinp,-0.2949249762770667,0.0869271043608238,-0.26277660680705317,0.15197534624995201,-0.2138794537761517,0.3351526116781136,Cinp,FALSE,FALSE,FALSE,FALSE,0.2571936789534239,FALSE,TRUE,2.0687432603508222
Mrpl27,-0.17535086747972795,0.31295465463878996,-0.2862260270693948,0.14636920839508377,-0.30878913989825163,0.198473821274924,Mrpl27,FALSE,FALSE,FALSE,FALSE,0.2567886781491248,FALSE,TRUE,2.0686337531965284
Rpl4,-0.2486674124808701,0.06882618089935826,-0.2312747322862645,0.13078105459057643,-0.28956130679059733,0.12189092341917261,Rpl4,FALSE,FALSE,FALSE,FALSE,0.256501150519244,FALSE,TRUE,2.0685560093199853
Rps6-ps4,-0.285633548763529,0.38378167837905824,-0.156878506581549,0.6550084877994476,-0.3264743208508738,0.4642198353352169,Rps6-ps4,FALSE,FALSE,FALSE,FALSE,0.2563287920653173,FALSE,TRUE,2.068509405748813
Mtfr1l,-0.3425690172083842,0.0730012385101004,-0.24180036653727122,0.22203378274188226,-0.18396504845257766,0.4737056104533744,Mtfr1l,FALSE,FALSE,FALSE,FALSE,0.25611147739941104,FALSE,TRUE,2.0684506465799495
Rsl24d1,-0.43729203863206134,0.024720412701602988,-0.10600965559150133,0.5273935154706656,-0.22430511330104919,0.2943649772118689,Rsl24d1,FALSE,FALSE,FALSE,FALSE,0.2558689358415373,FALSE,TRUE,2.068385066374876
Mpi,-0.1367692635610096,0.47403997085729566,-0.2800152932085145,0.17632911954063515,-0.34620360200950495,0.18187677139784494,Mpi,FALSE,FALSE,FALSE,FALSE,0.2543293862596763,FALSE,TRUE,2.067968791414889
Ndufa2,-0.2684868043086226,0.0880766746138984,-0.23322892055777533,0.16854888477785981,-0.2601820673518338,0.21569604710655,Ndufa2,FALSE,FALSE,FALSE,FALSE,0.2539659307394106,FALSE,TRUE,2.067870517586012
Ak2,-0.31763018263215015,0.0610333277365259,-0.21370759785896754,0.20699939018972607,-0.22947184414161015,0.2845495211607672,Ak2,FALSE,FALSE,FALSE,FALSE,0.25360320821090926,FALSE,TRUE,2.0677724419489443
Ada,-0.2543756318817451,0.6437756297955918,0.13706160019588298,0.8092391205572255,-0.36801849682890364,0.6186991383381398,Ada,FALSE,FALSE,FALSE,FALSE,0.2531519096355106,FALSE,TRUE,2.0676504164561447
Shmt2,-0.19886747433377128,0.4556734786727934,-0.318653222582598,0.25675284614814375,-0.24115690076726803,0.5091507602564904,Shmt2,FALSE,FALSE,FALSE,FALSE,0.2528925325612124,FALSE,TRUE,2.0675802841379025
Srpk3,-0.4109487566953966,0.533646968244999,0.2866701915556351,0.6563619142693797,-0.06068954254212655,0.9568917316396195,Srpk3,FALSE,FALSE,FALSE,FALSE,0.2527694969310528,FALSE,TRUE,2.0675470168416585
Rps20,-0.17994643294573365,0.18140204799004764,-0.22739877714205203,0.1419643378607187,-0.3508315982751098,0.08543498570417775,Rps20,FALSE,FALSE,FALSE,FALSE,0.25272560278763184,FALSE,TRUE,2.067535148414028
Haus5,0.5210382526512051,0.4658330601020472,0.13347618970501468,0.8780397365401934,0.10335036135878567,0.9365508379727022,Haus5,FALSE,FALSE,FALSE,FALSE,0.25262160123833516,FALSE,TRUE,2.067507027695292
Soga1,-0.4185502567339796,0.07191778744893128,-0.2322968708950226,0.3262909511891079,-0.10302171965393914,0.76396457272146,Soga1,FALSE,FALSE,FALSE,FALSE,0.25128961576098047,FALSE,TRUE,2.0671468754742643
Mrps11,-0.16579579094466856,0.42197919325961447,-0.32871114974136395,0.15383544683701847,-0.25749620150100716,0.3579947376999649,Mrps11,FALSE,FALSE,FALSE,FALSE,0.25066771406234656,FALSE,TRUE,2.0669787210297668
Trmt10b,-0.24229393849763436,0.13763450612603542,-0.24974560899206866,0.158937198239896,-0.2594566263560556,0.23303292953504956,Trmt10b,FALSE,FALSE,FALSE,FALSE,0.25049872461525285,FALSE,TRUE,2.066933028395924
Rad21,0.3745747697978228,0.02005871878534375,0.20267990889479925,0.15522449091160967,0.17270528416838893,0.32477541791068887,Rad21,FALSE,FALSE,FALSE,FALSE,0.24998665428700365,FALSE,TRUE,2.066794570980902
Adcy3,-0.3057931055728811,0.17364208852375299,-0.34669117626005175,0.15987713177717186,-0.09681114595570683,0.7700562878232969,Adcy3,FALSE,FALSE,FALSE,FALSE,0.2497651425962132,FALSE,TRUE,2.0667346769889794
Aldh1l1,-0.20384828496108742,0.6302574083771063,-0.2834937242855662,0.5110923295653009,0.2613759941550433,0.6248779672221111,Aldh1l1,FALSE,FALSE,FALSE,FALSE,0.24957266780056564,FALSE,TRUE,2.0666826342104936
Elovl2,-0.2909274641658224,0.46987347462580126,-0.28692619732167857,0.48939847515361895,0.17085089035746037,0.7536911530479463,Elovl2,FALSE,FALSE,FALSE,FALSE,0.24956818394832045,FALSE,TRUE,2.0666814218329024
Acaa1a,-0.27015562065424703,0.059601225454916404,-0.28673651524223764,0.09085111530551959,-0.19123286399731487,0.3001084635069012,Acaa1a,FALSE,FALSE,FALSE,FALSE,0.24937499996459986,FALSE,TRUE,2.0666291872988274
Daglb,-0.41818060054291006,0.05680961022878276,-0.30520163444593784,0.16931968225551924,-0.02263573798884444,0.9498062990402122,Daglb,FALSE,FALSE,FALSE,FALSE,0.24867265765923077,FALSE,TRUE,2.066439282719911
Lsg1,-0.425598570837848,0.026414250229909987,-0.17510355950703982,0.29767984787147467,-0.14480634949430726,0.5138195973015232,Lsg1,FALSE,FALSE,FALSE,FALSE,0.24850282661306503,FALSE,TRUE,2.0663933625282
Tssc4,-0.22059706906949028,0.17218609478121985,-0.27534070459073856,0.13640229214674449,-0.24789876567120128,0.2608314460212179,Tssc4,FALSE,FALSE,FALSE,FALSE,0.24794551311047672,FALSE,TRUE,2.0662426719244524
Pbrm1,0.3930994181676697,0.025664562526706087,0.2289672615862921,0.1716999405201267,0.12035197783171636,0.5805166955400937,Pbrm1,FALSE,FALSE,FALSE,FALSE,0.24747288586189273,FALSE,TRUE,2.0661148794250677
Adcyap1r1,-0.4342669747821435,0.22939062001444557,-0.23652590348905633,0.534128914394433,-0.07084170295497483,0.9054114982218228,Adcyap1r1,FALSE,FALSE,FALSE,FALSE,0.24721152707539154,FALSE,TRUE,2.0660442112766204
Mrps24,-0.2686160012900167,0.22742382707642086,-0.33497004706210953,0.17117242512459538,-0.13725420360288254,0.6617071207654013,Mrps24,FALSE,FALSE,FALSE,FALSE,0.2469467506516696,FALSE,TRUE,2.0659726190417946
Rps17,-0.17284060087679443,0.22124929772242108,-0.1499350168162561,0.32672412494339437,-0.4175030606082295,0.06466742049771497,Rps17,FALSE,FALSE,FALSE,FALSE,0.24675955943376002,FALSE,TRUE,2.065922004876676
Rrp1b,-0.39744966021106753,0.07697450719048429,-0.08281144677486285,0.7239467996144686,-0.2580877380056874,0.3706629608357334,Rrp1b,FALSE,FALSE,FALSE,FALSE,0.2461162816638726,FALSE,TRUE,2.065748070609748
Tcof1,-0.298957063121045,0.16731940696605402,-0.312507815953345,0.18533306724967827,-0.12606054855283233,0.6867045081950023,Tcof1,FALSE,FALSE,FALSE,FALSE,0.24584180920907409,FALSE,TRUE,2.065673856689336
Idh3b,-0.2734155636638542,0.07039645194821166,-0.22256315950461136,0.16548875890920278,-0.23983374040007455,0.22745919674814088,Idh3b,FALSE,FALSE,FALSE,FALSE,0.24527082118951338,FALSE,TRUE,2.065519468667153
Oas1c,0.04964996523226528,0.9026983910221476,-0.36678681610108277,0.3360450604646225,-0.317642638246318,0.52681363362745115,Oas1c,FALSE,FALSE,FALSE,FALSE,0.2446931398598887,FALSE,TRUE,2.065363270857607
Coq5,-0.29946661855589163,0.06688261472311506,-0.24380365070657462,0.15487039650158682,-0.18874680121954857,0.3676932033235882,Coq5,FALSE,FALSE,FALSE,FALSE,0.2440056901606716,FALSE,TRUE,2.065177393053211
Nop9,-0.4844066284177666,0.03143092402678548,-0.15767066886876524,0.4232650996929328,-0.0889732873270046,0.748253422469952,Nop9,FALSE,FALSE,FALSE,FALSE,0.24368352820451214,FALSE,TRUE,2.06509028448783
Gnpda1,-0.15998246313707387,0.5515408211662931,-0.4426119379848079,0.13938379843182475,-0.12748789160770713,0.7428128430247322,Gnpda1,FALSE,FALSE,FALSE,FALSE,0.2433607642431963,FALSE,TRUE,2.06500301314778
Shmt1,-0.3859312043967782,0.21972748176388393,0.19907908446649536,0.5126213781182919,-0.14419512647159838,0.7473680811939173,Shmt1,FALSE,FALSE,FALSE,FALSE,0.24306847177829063,FALSE,TRUE,2.064923980919415
Gls2,-0.3089935082904347,0.5211995564945032,0.18484794139919014,0.7037545482935852,-0.2349123104501416,0.7305843520392913,Gls2,FALSE,FALSE,FALSE,FALSE,0.24291792004658883,FALSE,TRUE,2.0648832736133116
Pcx,-0.36873157967481784,0.08026239364464098,-0.2868498550825773,0.19180465546682338,-0.07134687485285873,0.8225607008959642,Pcx,FALSE,FALSE,FALSE,FALSE,0.2423094365367513,FALSE,TRUE,2.0647187472793145
Prpf19,-0.3076638086743255,0.06044085476772089,-0.2166230006858454,0.20213072094436588,-0.2019308311903707,0.34984006942986096,Prpf19,FALSE,FALSE,FALSE,FALSE,0.24207254685018054,FALSE,TRUE,2.0646546952695837
Ogdh,-0.23344224941284608,0.1622934917747772,-0.2390032653982299,0.19419100532409753,-0.24938485840264946,0.2819557242717475,Ogdh,FALSE,FALSE,FALSE,FALSE,0.24061012440457516,FALSE,TRUE,2.064259274523022
Eno2,-0.2723613398565572,0.12639369698709887,-0.2563353416119565,0.18694027203838565,-0.192629420514157,0.4351880865934207,Eno2,FALSE,FALSE,FALSE,FALSE,0.24044203399422356,FALSE,TRUE,2.064213824977475
Eri3,-0.27770795388895575,0.08591670316122728,-0.2726878031208777,0.132983822416788,-0.17076144008238625,0.43696528021659997,Eri3,FALSE,FALSE,FALSE,FALSE,0.24038573236407323,FALSE,TRUE,2.064198601720547
Wdtc1,-0.33917942435484427,0.13687967839990978,-0.3337400242469375,0.1809728750750657,-0.04785823563214464,0.9029953454455604,Wdtc1,FALSE,FALSE,FALSE,FALSE,0.24025922807797548,FALSE,TRUE,2.0641643965431014
Fars2,-0.28895547570178426,0.08107810625547547,-0.26569994713075484,0.13849670483220658,-0.16592783805257127,0.44505439627464977,Fars2,FALSE,FALSE,FALSE,FALSE,0.2401944202950368,FALSE,TRUE,2.0641468733288004
Nol11,-0.3192614136057079,0.05530472778855567,-0.12151742702842139,0.45707867469665214,-0.27957815127748287,0.1871674699394971,Nol11,FALSE,FALSE,FALSE,FALSE,0.24011899730387073,FALSE,TRUE,2.064126479894903
Cs,-0.266520163366752,0.14974126184683947,-0.2767037721638568,0.17776703939425775,-0.1745719111390054,0.5045835870926165,Cs,FALSE,FALSE,FALSE,FALSE,0.23926528222320473,FALSE,TRUE,2.0638956460099593
Rpl39,0.23377039656897214,0.38767637364707697,0.11139214209617165,0.7205562190540693,-0.3724296828705853,0.3219967355785621,Rpl39,FALSE,FALSE,FALSE,FALSE,0.23919740717857638,FALSE,TRUE,2.0638772934464438
Vdac1,-0.3739742142465472,0.02513348128227117,-0.230596638219275,0.15024592225889916,-0.1112134510866758,0.5873785725508125,Vdac1,FALSE,FALSE,FALSE,FALSE,0.23859476785083267,FALSE,TRUE,2.0637143473062225
Coq8b,-0.30810709760677923,0.11225462691072327,-0.2202718254171918,0.2703449101539654,-0.1873815289080607,0.47168998918942256,Coq8b,FALSE,FALSE,FALSE,FALSE,0.23858681731067724,FALSE,TRUE,2.0637121975795596
Imp4,-0.3653496143873003,0.05938451716834093,-0.16623653693231866,0.3870728038254774,-0.18316986343319375,0.46682547060915397,Imp4,FALSE,FALSE,FALSE,FALSE,0.23825200491760423,FALSE,TRUE,2.0636216684941884
Acad10,-0.41469570564453084,0.11933642411339296,-0.2670284976380519,0.3161553353152457,-0.0322278237387561,0.941363246267625,Acad10,FALSE,FALSE,FALSE,FALSE,0.23798400900711295,FALSE,TRUE,2.0635492057503892
Pcsk1n,-0.46997201198065053,0.09963804987305065,-0.226512238623914,0.45460286440577524,0.017189855759516703,0.9737286528711107,Pcsk1n,FALSE,FALSE,FALSE,FALSE,0.23789136878802708,FALSE,TRUE,2.0635241569933065
Prelid1,-0.19950833162967552,0.10665462045303319,-0.3150447769429672,0.0704576830990092,-0.19826311144741027,0.23532464430179284,Prelid1,FALSE,FALSE,FALSE,FALSE,0.23760540667335098,FALSE,TRUE,2.0634468364125036
Mrpl52,-0.2156357224680283,0.19027807111859518,-0.20643602403875505,0.23909422818641615,-0.2894245248366456,0.19999072086906083,Mrpl52,FALSE,FALSE,FALSE,FALSE,0.237165423781143,FALSE,TRUE,2.0633278705389735
Mrps21,-0.1961626573299542,0.2855437379868357,-0.2175309054616399,0.26638577884244463,-0.29726415594820743,0.23768278881388685,Mrps21,FALSE,FALSE,FALSE,FALSE,0.23698590624660051,FALSE,TRUE,2.0632793312419033
Gale,0.07194710180676367,0.8110365137931854,-0.2936266357659236,0.3184189296125935,-0.34468623716189306,0.3669246121980078,Gale,FALSE,FALSE,FALSE,FALSE,0.23675332491152679,FALSE,TRUE,2.0632164441565553
Smarcb1,-0.36536221262888713,0.04237751965998129,-0.21739591450972284,0.21425912568641653,-0.12596867672873469,0.5875180486955002,Smarcb1,FALSE,FALSE,FALSE,FALSE,0.23624226795578154,FALSE,TRUE,2.0630782607447897
Arsb,-0.3440279634063339,0.15841240907922605,-0.2971397850002999,0.25157863450184337,-0.06753614789751516,0.8663696857974812,Arsb,FALSE,FALSE,FALSE,FALSE,0.23623463210138299,FALSE,TRUE,2.0630761961052215
Dnaja4,-0.4120330907303811,0.05333433753160921,-0.2355487854003422,0.2520613411872367,-0.058538509025254815,0.8511190888576822,Dnaja4,FALSE,FALSE,FALSE,FALSE,0.23537346171865936,FALSE,TRUE,2.0628433463998053
Ndc80,0.440328501682297,0.5023941132869637,0.20022741148729098,0.7942387677079837,-0.06525921169543418,0.9596489487040052,Ndc80,FALSE,FALSE,FALSE,FALSE,0.2352717082883407,FALSE,TRUE,2.0628158335443354
Mrps5,-0.288648973929873,0.03370580140610914,-0.15535320752623516,0.22032727833183188,-0.2598524643844504,0.12049300589085365,Mrps5,FALSE,FALSE,FALSE,FALSE,0.2346182152801862,FALSE,TRUE,2.0626391372046875
Ddx56,-0.21816652673582304,0.09664968865051357,-0.24832841511176174,0.10603985526849716,-0.2369813253319233,0.17845074723301552,Ddx56,FALSE,FALSE,FALSE,FALSE,0.234492089059836,FALSE,TRUE,2.0626050342514937
Nr1d1,-0.4213184054447652,0.15394608313364594,-0.09454697349862418,0.7816264911127397,0.18681289878720975,0.6577656820609833,Nr1d1,FALSE,FALSE,FALSE,FALSE,0.23422609257686636,FALSE,TRUE,2.0625331121279005
Coq10b,-0.3095735422385566,0.4099249725754908,-0.054435714525917334,0.9029194348258063,-0.33778306967909266,0.5256265748836064,Coq10b,FALSE,FALSE,FALSE,FALSE,0.23393077548118887,FALSE,TRUE,2.0624532620771876
Lsm6,-0.1802793549042363,0.12013218220807362,-0.2525369535117159,0.0856437643014156,-0.2689171173663363,0.10331495777946066,Lsm6,FALSE,FALSE,FALSE,FALSE,0.23391114192742948,FALSE,TRUE,2.0624479534097033
Vcp,-0.26476944808455816,0.09690335597309364,-0.2052155576271275,0.22706342722971493,-0.23159660825494566,0.284133330115507,Vcp,FALSE,FALSE,FALSE,FALSE,0.2338605379888771,FALSE,TRUE,2.0624342707373526
Rpl9,-0.178607650817316,0.34164019300448434,-0.21960939934889012,0.28063390696879814,-0.30313486907380494,0.24502025202735642,Rpl9,FALSE,FALSE,FALSE,FALSE,0.23378397308000368,FALSE,TRUE,2.062413568543183
Cenpj,0.35485355718711364,0.05997385598308451,0.18579352389484516,0.3312946667127866,0.1575179188778737,0.5374640967791049,Cenpj,FALSE,FALSE,FALSE,FALSE,0.2327216666532775,FALSE,TRUE,2.062126334166006
Ptges2,-0.38921132222436405,0.06857688904973977,-0.13001675055296236,0.5376535558284866,-0.17812866608348132,0.5157799831459725,Ptges2,FALSE,FALSE,FALSE,FALSE,0.23245224628693592,FALSE,TRUE,2.062053486267153
Clcn2,-0.4089971778239585,0.1032549717800529,-0.17407747396011963,0.48818402287209994,0.11264678755754653,0.7407746195976205,Clcn2,FALSE,FALSE,FALSE,FALSE,0.23190714644720822,FALSE,TRUE,2.0619060980851516
Rrp15,-0.38194668721816605,0.11731706646934321,-0.11775155937804582,0.6409008310470077,-0.1959192272196124,0.5441106587100206,Rrp15,FALSE,FALSE,FALSE,FALSE,0.23187249127194143,FALSE,TRUE,2.0618967277590072
Hagh,-0.17298851284673677,0.25826556664889005,-0.27530383453863205,0.1243180628769836,-0.24617156721671662,0.24211557456315907,Hagh,FALSE,FALSE,FALSE,FALSE,0.23148797153402847,FALSE,TRUE,2.0617927584290165
Mdh2,-0.21503232862421484,0.09674731075524617,-0.24988904558417335,0.10430132864445578,-0.2272118310149578,0.19645140955366874,Mdh2,FALSE,FALSE,FALSE,FALSE,0.230711068407782,FALSE,TRUE,2.0615826935362698
Chchd5,-0.2091014162397946,0.4835656417823182,-0.3656928253518754,0.24228868821992164,-0.1172525541980396,0.7896027969148214,Chchd5,FALSE,FALSE,FALSE,FALSE,0.23068226526323654,FALSE,TRUE,2.061574905526072
Pop1,-0.3494501866644373,0.1507908216697839,-0.07108016650455751,0.7904971084357699,-0.26963945897934094,0.4056492897701902,Pop1,FALSE,FALSE,FALSE,FALSE,0.23005660404944525,FALSE,TRUE,2.061405734555676
Gadd45gip1,-0.2529255753845221,0.14766752450743276,-0.2918976757484155,0.13697171958811935,-0.1434778857550234,0.5501614656917557,Gadd45gip1,FALSE,FALSE,FALSE,FALSE,0.229433712295987,FALSE,TRUE,2.061237312412731
Slc25a10,-0.4325927656348534,0.07012066486598523,-0.19392811366982698,0.3965666529384725,-0.06167146146362601,0.8602812591895372,Slc25a10,FALSE,FALSE,FALSE,FALSE,0.22939744692276878,FALSE,TRUE,2.0612275067091907
Mrps10,-0.18283574309825346,0.45231451488252855,-0.17914079138374017,0.4777945044165687,-0.3260132314105304,0.31935325897778566,Mrps10,FALSE,FALSE,FALSE,FALSE,0.22932992196417468,FALSE,TRUE,2.061209248804562
Ldhb,-0.3534620670715727,0.07335343322109991,-0.23852395860127995,0.23479329945972705,-0.09308000032052988,0.7399279916301487,Ldhb,FALSE,FALSE,FALSE,FALSE,0.22835534199779417,FALSE,TRUE,2.060945734565535
Nudt3,-0.2439816043271401,0.08495972340231922,-0.24510338051668867,0.12563562523247213,-0.1944029849843183,0.3039996417076477,Nudt3,FALSE,FALSE,FALSE,FALSE,0.22782932327604902,FALSE,TRUE,2.06080350567929
Trap1,-0.23600809729223116,0.10568756105943175,-0.2551116033838099,0.12563562523247213,-0.1921886710648293,0.32856826596063826,Trap1,FALSE,FALSE,FALSE,FALSE,0.22776945724695677,FALSE,TRUE,2.060787318653449
Mrpl15,-0.27741456563255884,0.05787463296902891,-0.16050264039182416,0.26513810557637163,-0.24471842224305806,0.18844246856997743,Mrpl15,FALSE,FALSE,FALSE,FALSE,0.22754520942248035,FALSE,TRUE,2.060726684845184
Abcd1,-0.351712008641897,0.11731706646934321,-0.26983062871778696,0.24968657272601208,-0.06092211251687196,0.8663696857974812,Abcd1,FALSE,FALSE,FALSE,FALSE,0.22748824995885197,FALSE,TRUE,2.0607112837183075
Slc25a12,-0.1801925958323256,0.32315738574669206,-0.2487221026002624,0.21256601556466187,-0.2533621259912824,0.3190476864790385,Slc25a12,FALSE,FALSE,FALSE,FALSE,0.22742560814129012,FALSE,TRUE,2.0606943461539666
Ctu1,-0.3057834887075863,0.11678753627595008,-0.20469347876863786,0.3013269051288189,-0.17053109293199853,0.5128926163287819,Ctu1,FALSE,FALSE,FALSE,FALSE,0.2270026868027409,FALSE,TRUE,2.060579993511248
Tsr1,-0.19158506901402372,0.2830730690846524,-0.20503478263117536,0.28549415983973964,-0.28435347126890953,0.24974600456733995,Tsr1,FALSE,FALSE,FALSE,FALSE,0.2269911076380362,FALSE,TRUE,2.060576862649871
Hexa,-0.20373862883789773,0.17537492973525842,-0.2511771421370286,0.145025568613678,-0.22448650866987307,0.2822301101789184,Hexa,FALSE,FALSE,FALSE,FALSE,0.22646742654826646,FALSE,TRUE,2.0604352658300877
Mrpl51,-0.25082705493394375,0.12987563431096966,-0.1983251661937322,0.2568813992769697,-0.22963314205220442,0.30580971891383374,Mrpl51,FALSE,FALSE,FALSE,FALSE,0.22626178772662678,FALSE,TRUE,2.060379663663546
Bdh2,-0.06926939634101403,0.7854884088470282,-0.26340567706672324,0.28688168484805854,-0.34519506381905574,0.2812910891250446,Bdh2,FALSE,FALSE,FALSE,FALSE,0.225956712408931,FALSE,TRUE,2.0602971751115935
Nob1,-0.22254939403020524,0.18870125180572597,-0.20926894586758094,0.24129398666274077,-0.24519890227927954,0.281942899765409,Nob1,FALSE,FALSE,FALSE,FALSE,0.22567241405902191,FALSE,TRUE,2.060220304391984
Eif3d,-0.2290203043317245,0.07506027985433712,-0.23483067423739,0.11250662187393885,-0.21313193475377368,0.21386874429407313,Eif3d,FALSE,FALSE,FALSE,FALSE,0.2256609711076294,FALSE,TRUE,2.0602172103609835
Coasy,-0.2095583456481771,0.26214200219488476,-0.30047763173951836,0.15345187967322974,-0.1665287701523539,0.5278114840476344,Coasy,FALSE,FALSE,FALSE,FALSE,0.22552158251334978,FALSE,TRUE,2.060179521427681
Mrps23,-0.29106012500661116,0.044090152498948126,-0.20319456148053305,0.16111279969247416,-0.17816235673673564,0.3190476864790385,Mrps23,FALSE,FALSE,FALSE,FALSE,0.22413901440795994,FALSE,TRUE,2.0598056922964005
Por,-0.42522396553829633,0.033741053863750904,-0.18341687505856985,0.33308885274460337,-0.06268512954686223,0.8268245666367137,Por,FALSE,FALSE,FALSE,FALSE,0.2237753233812428,FALSE,TRUE,2.0597073547895235
Rpl30,-0.23117000902698415,0.06617720257417423,-0.13682382778956814,0.2900276366190269,-0.3030665615673369,0.09137478754353255,Rpl30,FALSE,FALSE,FALSE,FALSE,0.2236867994612964,FALSE,TRUE,2.059683419028267
Ucp2,-0.356371963888801,0.08163631456770981,-0.25084775909936674,0.24264803464090723,-0.0629400308736523,0.8490056947221292,Ucp2,FALSE,FALSE,FALSE,FALSE,0.22338658462060668,FALSE,TRUE,2.059602244688533
Gnmt,-0.3259611634148878,0.2532567817906024,-0.29099485372622436,0.3247285709845821,0.05295891583956491,0.9079417814631339,Gnmt,FALSE,FALSE,FALSE,FALSE,0.2233049776602257,FALSE,TRUE,2.0595801791866695
Acadvl,-0.13644467207442457,0.3170851674386341,-0.32235834134270824,0.08047062246520442,-0.2102767511632173,0.263028780668114,Acadvl,FALSE,FALSE,FALSE,FALSE,0.22302658819345003,FALSE,TRUE,2.059504906155188
1700028K03Rik,0.57423708794733,0.46050968944566545,0.0635049593001081,0.9500775420340432,0.030380857572799624,0.9827650500887918,1700028K03Rik,FALSE,FALSE,FALSE,FALSE,0.22270763494007922,FALSE,TRUE,2.0594186651829265
Prpf31,-0.2600379897342622,0.08275252178262911,-0.19525650132586492,0.20464628301786264,-0.21151726423417738,0.2778549088978108,Prpf31,FALSE,FALSE,FALSE,FALSE,0.2222705850981015,FALSE,TRUE,2.059300492369511
Mrpl38,-0.2682074561672305,0.15251480978135282,-0.23892653740911385,0.22810349560822954,-0.15925328173418762,0.5403758976649078,Mrpl38,FALSE,FALSE,FALSE,FALSE,0.22212909177017734,FALSE,TRUE,2.0592622343425435
Snrpd2,-0.126206350005849,0.45480975624375714,-0.15667157178365443,0.37696266015522917,-0.3827506046590097,0.11228554778284633,Snrpd2,FALSE,FALSE,FALSE,FALSE,0.2218761754828377,FALSE,TRUE,2.0591938489403243
Mrpl13,-0.25576174652037853,0.11651271067653067,-0.20042875774825752,0.2370386758266454,-0.2093317451653567,0.3331116922382617,Mrpl13,FALSE,FALSE,FALSE,FALSE,0.22184074981133092,FALSE,TRUE,2.059184270281629
Thumpd1,-0.2799675086971307,0.036700678483943205,-0.1261069890711708,0.3203457961648684,-0.25662521713584674,0.12728869686311514,Thumpd1,FALSE,FALSE,FALSE,FALSE,0.22089990496804943,FALSE,TRUE,2.058929877598142
Aco2,-0.23564521648050096,0.09098347726772074,-0.25149757619664204,0.11867636417051615,-0.17220064336599616,0.36320716261938657,Aco2,FALSE,FALSE,FALSE,FALSE,0.21978114534771306,FALSE,TRUE,2.0586273789831724
Rbm10,-0.3206610676815478,0.05293436015205483,-0.1799487900463177,0.27785808443537796,-0.15819742993814678,0.4653466312395885,Rbm10,FALSE,FALSE,FALSE,FALSE,0.2196024292220041,FALSE,TRUE,2.0585790563770314
Slc25a33,-0.3828085616023458,0.1972484035423163,-0.051383618427392364,0.8809877687062058,-0.22452958379202226,0.58883412785958,Slc25a33,FALSE,FALSE,FALSE,FALSE,0.21957392127392014,FALSE,TRUE,2.058571348184267
Sart3,-0.34126665954021007,0.08065705818527406,-0.20901898093662918,0.2913687912323456,-0.10643487534654827,0.6978021416030433,Sart3,FALSE,FALSE,FALSE,FALSE,0.21890683860779583,FALSE,TRUE,2.058390977370997
Tyw1,-0.2977341286665274,0.12741879100722597,-0.20775944018631343,0.30419958122636553,-0.1507625263275605,0.5799459136414272,Tyw1,FALSE,FALSE,FALSE,FALSE,0.21875203172680044,FALSE,TRUE,2.0583491195257215
Nsun5,-0.5031538792126087,0.09469870981796145,-0.07669071320857213,0.8077524729763588,-0.07578047048758219,0.8645933649066465,Nsun5,FALSE,FALSE,FALSE,FALSE,0.21854168763625434,FALSE,TRUE,2.0582922451132912
Celf6,-0.3534132213753338,0.1317451599834065,-0.14519596840322269,0.5665906158419216,-0.156942172083121,0.6423872543673297,Celf6,FALSE,FALSE,FALSE,FALSE,0.21851712062055917,FALSE,TRUE,2.0582856024993763
C1qtnf12,-0.3984478260832076,0.13161120950629943,-0.05904956323096755,0.8385585553666047,0.19618348161393317,0.5615265336964191,C1qtnf12,FALSE,FALSE,FALSE,FALSE,0.2178936236427028,FALSE,TRUE,2.0581170167113205
Mrps18a,-0.3524331484767118,0.07804037601002445,-0.09355448607326533,0.6521342817410232,-0.20666637562002954,0.42535835249362053,Mrps18a,FALSE,FALSE,FALSE,FALSE,0.21755133672333557,FALSE,TRUE,2.0580244666074834
Myh9,-0.29126094885885667,0.12148739308575644,-0.2644873303072153,0.1958063180562044,-0.09647577793631701,0.7351420034823858,Myh9,FALSE,FALSE,FALSE,FALSE,0.21740801903412965,FALSE,TRUE,2.057985715296033
Rpl5,0.2588393808729652,0.25673328962509123,0.15259884566913584,0.5467809428263171,-0.2404102591331121,0.45565692452552997,Rpl5,FALSE,FALSE,FALSE,FALSE,0.2172828285584044,FALSE,TRUE,2.057951865356488
Acsl5,-0.19169177111075442,0.16515739838780052,-0.27553862012294505,0.1006225792865134,-0.1836836915821234,0.32999170208633516,Acsl5,FALSE,FALSE,FALSE,FALSE,0.2169713609386076,FALSE,TRUE,2.0578676484059617
Alox5ap,-0.3624806685619659,0.21346379402046467,-0.15426223245004267,0.6132303951816417,-0.13417028804961673,0.7473680811939173,Alox5ap,FALSE,FALSE,FALSE,FALSE,0.21697106302054178,FALSE,TRUE,2.0578675678526412
Rexo4,-0.22412589903496904,0.20709692100907992,-0.26938999407003106,0.17026313196676432,-0.15734457402926338,0.52681363362745115,Rexo4,FALSE,FALSE,FALSE,FALSE,0.2169534890447545,FALSE,TRUE,2.0578628160692922
Slc37a2,-0.30791207510163243,0.30506733249484863,-0.25643070991082517,0.4089705376228242,0.08584613446661127,0.8507953147120729,Slc37a2,FALSE,FALSE,FALSE,FALSE,0.2167296398263563,FALSE,TRUE,2.0578022900391275
Carns1,-0.4776857678343598,0.19151183579712552,-0.040471326557168785,0.91991979524123,0.13031120672432395,0.7972101200994658,Carns1,FALSE,FALSE,FALSE,FALSE,0.21615610037195085,FALSE,TRUE,2.05764721214086
Etfdh,-0.05589917277759149,0.78805115733043,-0.34232018955540333,0.12352350119647071,-0.24881801466387543,0.343187477840385,Etfdh,FALSE,FALSE,FALSE,FALSE,0.21567912566562342,FALSE,TRUE,2.0575182441432522
Eif3i,-0.05917838088213845,0.6195811605018332,-0.24964950668217956,0.08792424217153642,-0.3374255147309082,0.06375154916589665,Eif3i,FALSE,FALSE,FALSE,FALSE,0.2154178007650754,FALSE,TRUE,2.057447585157143
Rpl7,-0.1801287035569814,0.1135114614612084,-0.18159061503584262,0.1541848750853232,-0.2806599634986906,0.0945307768205195,Rpl7,FALSE,FALSE,FALSE,FALSE,0.21412642736383822,FALSE,TRUE,2.0570984139337787
Sirt3,-0.27764275745996514,0.1644110316303592,-0.21850656582906947,0.29145945691797853,-0.1454684945665674,0.5989822201005338,Sirt3,FALSE,FALSE,FALSE,FALSE,0.21387260595186733,FALSE,TRUE,2.0570297837971747
Prpf6,-0.2848429433186528,0.13572106856036603,-0.1614739189571477,0.428487815611131,-0.1949403152678757,0.46523129384844125,Prpf6,FALSE,FALSE,FALSE,FALSE,0.21375239251455871,FALSE,TRUE,2.0569972795865956
Acot8,-0.19641467921781697,0.3118229220659659,-0.2819670636998848,0.18415075673481834,-0.16255846315273992,0.5467248980836092,Acot8,FALSE,FALSE,FALSE,FALSE,0.2136467353568139,FALSE,TRUE,2.0569687112120327
Coq7,-0.1468196568210942,0.49256989792669476,-0.27641535694494257,0.21923515587027972,-0.21595785819969615,0.4536006315483225,Coq7,FALSE,FALSE,FALSE,FALSE,0.21306429065524432,FALSE,TRUE,2.0568112254462627
Pfas,-0.2236530145799378,0.17385691408187948,-0.1811956889497992,0.3021322145718096,-0.23272507066249926,0.304922361440274,Pfas,FALSE,FALSE,FALSE,FALSE,0.2125245913974121,FALSE,TRUE,2.0566652975140896
Rpl15,-0.14276230534606693,0.3958705551865158,-0.1637705151941864,0.364337246814455,-0.3307504951018245,0.15778780386396823,Rpl15,FALSE,FALSE,FALSE,FALSE,0.21242777188069262,FALSE,TRUE,2.056639118727175
Gtf3c1,-0.23936753291234414,0.19584653031222926,-0.25547463983626706,0.20771293151680123,-0.1423017116869465,0.5991712734054857,Gtf3c1,FALSE,FALSE,FALSE,FALSE,0.21238129481185256,FALSE,TRUE,2.056626551908802
Ints4,-0.31344654704565666,0.11575887413917411,-0.134693572476845,0.5201834404439815,-0.18779175384513636,0.4905305490688894,Ints4,FALSE,FALSE,FALSE,FALSE,0.211977291122546,FALSE,TRUE,2.056517314361936
Adat1,-0.25324714259517034,0.25895828254069814,-0.17496876468549116,0.45230447162368564,-0.20760264072969914,0.495243360766905,Adat1,FALSE,FALSE,FALSE,FALSE,0.21193951600345354,FALSE,TRUE,2.0565071004419857
Acss1,-0.15285144942996104,0.7459552664180225,-0.36320228051345976,0.43739290961795535,0.11844722915428957,0.8615596179953492,Acss1,FALSE,FALSE,FALSE,FALSE,0.2115003196992368,FALSE,TRUE,2.056388347252015
Polr1e,-0.33397213721676744,0.2073333708570797,0.016662264401195337,0.9571889931022003,-0.28284938708264473,0.4274390008291333,Polr1e,FALSE,FALSE,FALSE,FALSE,0.2111612629002025,FALSE,TRUE,2.056296670532334
Ivd,-0.2542481853434966,0.20670937935258793,-0.247770750088546,0.2562613681657184,-0.1291730227360004,0.6641965863131121,Ivd,FALSE,FALSE,FALSE,FALSE,0.21039731938934766,FALSE,TRUE,2.056090109757572
Gcdh,-0.07067345280023218,0.7041253593237025,-0.3196042721086929,0.12032630107413,-0.23972517648224567,0.3187931521835489,Gcdh,FALSE,FALSE,FALSE,FALSE,0.21000096713039026,FALSE,TRUE,2.055982941061817
Acss2,-0.26185482475896027,0.11634104418019284,-0.19119779839189466,0.26828455600818285,-0.17678799984028615,0.43126307357474863,Acss2,FALSE,FALSE,FALSE,FALSE,0.20994687433038037,FALSE,TRUE,2.0559683150449453
Mybbp1a,-0.22537981907042415,0.1039324361098913,-0.2568017648641554,0.11432686890313623,-0.14702440555263685,0.4420378372299259,Mybbp1a,FALSE,FALSE,FALSE,FALSE,0.20973532982907214,FALSE,TRUE,2.055911116056452
Impdh1,-0.13862513547660882,0.5290095355838288,-0.25715183900607474,0.26413430326410103,-0.23207361500960833,0.4386917444373384,Impdh1,FALSE,FALSE,FALSE,FALSE,0.20928352983076395,FALSE,TRUE,2.0557889549851662
Elovl1,-0.3512493364847362,0.17725270293130027,-0.21817153292745006,0.4114315134543845,-0.05708542763487001,0.8910329044496753,Elovl1,FALSE,FALSE,FALSE,FALSE,0.20883543234901877,FALSE,TRUE,2.0556677950280715
Wnt4,-0.34721452501564576,0.5258272892395907,-0.2599422494734731,0.6502273798589221,0.019078176123745738,0.9824243459527173,Wnt4,FALSE,FALSE,FALSE,FALSE,0.20874498353762153,FALSE,TRUE,2.0556433388002313
Usp39,-0.3098348753779816,0.11258857002116451,-0.2353027699607666,0.2419766918395119,-0.08094609631613991,0.7762899432955253,Usp39,FALSE,FALSE,FALSE,FALSE,0.20869458055162937,FALSE,TRUE,2.0556297104629406
Tert,-0.3046842663780467,0.16698734142658486,-0.1761754966028728,0.43448031933013453,-0.14368978352643325,0.6375992078699716,Tert,FALSE,FALSE,FALSE,FALSE,0.20818318216911758,FALSE,TRUE,2.055491434733646
Mettl1,-0.11974807536757659,0.5578894087002453,-0.27766518666506546,0.1966064021089312,-0.22684312625530545,0.4064130148440176,Mettl1,FALSE,FALSE,FALSE,FALSE,0.20808546276264916,FALSE,TRUE,2.055465012627793
Rps10,0.08037011386872872,0.85618343298118,-0.2622289004515296,0.5565253621846682,-0.2792197976819929,0.6365115999153398,Rps10,FALSE,FALSE,FALSE,FALSE,0.20727293733408372,FALSE,TRUE,2.0552453159098376
Pelp1,-0.3320553789864591,0.08494746283512687,-0.19926613857273257,0.3003618630769628,-0.0887075615346209,0.7442724803559847,Pelp1,FALSE,FALSE,FALSE,FALSE,0.20667635969793752,FALSE,TRUE,2.0550840087752436
Echs1,-0.166154291872453,0.29513309211125127,-0.3362580462376572,0.09180503249903499,-0.11508474649393197,0.6170750206578537,Echs1,FALSE,FALSE,FALSE,FALSE,0.20583236153468074,FALSE,TRUE,2.0548558022232895
Mrps26,-0.2669957291577427,0.1460325316912178,-0.19989112960173738,0.29724179466154266,-0.15024902304248577,0.5572624935729553,Mrps26,FALSE,FALSE,FALSE,FALSE,0.2057119606006553,FALSE,TRUE,2.0548232473159427
Tm7sf2,-0.3111743824983053,0.42549597080459944,-0.06394056504282819,0.8836727456948127,-0.24133147958703915,0.6573798774633489,Tm7sf2,FALSE,FALSE,FALSE,FALSE,0.20548214237605755,FALSE,TRUE,2.054761107341124
Abcd4,-0.288515634361715,0.25786849860050975,-0.2763141633371222,0.29588738892291083,0.049483272597091066,0.9041100524624835,Abcd4,FALSE,FALSE,FALSE,FALSE,0.2047710234319761,FALSE,TRUE,2.0545688296688223
Nr1h2,-0.3591184932066964,0.06085102230919303,-0.21873490233944182,0.24936187148890213,-0.03389798002946787,0.9102667624574918,Nr1h2,FALSE,FALSE,FALSE,FALSE,0.2039171251918687,FALSE,TRUE,2.0543379462598557
Bud23,-0.2725558079201993,0.12396343097643611,-0.20456860286914047,0.2623751462623895,-0.13327627784468365,0.582654613205264,Bud23,FALSE,FALSE,FALSE,FALSE,0.20346689621134115,FALSE,TRUE,2.0542162099721373
Rrp36,-0.2990480164475833,0.1718723731373125,-0.10381702692206751,0.6577044612077596,-0.2064976238827576,0.48479142422714816,Rrp36,FALSE,FALSE,FALSE,FALSE,0.20312088908413614,FALSE,TRUE,2.0541226539706097
Myc,-0.4038282849043586,0.28590648842615934,0.02596512653979044,0.9536453244502564,-0.17874369696384473,0.7450992817402718,Myc,FALSE,FALSE,FALSE,FALSE,0.2028457028026646,FALSE,TRUE,2.054048247040389
Akt2,-0.15945547499628976,0.36220801747601983,-0.2759546992380386,0.16110675861815826,-0.17143151325447992,0.4895290636965754,Akt2,FALSE,FALSE,FALSE,FALSE,0.20228056249626944,FALSE,TRUE,2.05389544016674
Dcaf5,-0.3279079499402524,0.048745583009281925,-0.21197642985699527,0.20594668056636947,-0.06641924113740405,0.7840703026142669,Dcaf5,FALSE,FALSE,FALSE,FALSE,0.20210120697821723,FALSE,TRUE,2.0538469446769034
Mrpl42,-0.20373073411943254,0.230388492721326,-0.20226599218963814,0.2610981471260944,-0.19996145209680938,0.38839647696383683,Mrpl42,FALSE,FALSE,FALSE,FALSE,0.2019860594686267,FALSE,TRUE,2.053815810229847
Ces1d,-0.4202207998957892,0.05680961022878276,-0.15044033300651716,0.4923145824033823,0.03515840982516938,0.9228714783128431,Ces1d,FALSE,FALSE,FALSE,FALSE,0.20193984757582525,FALSE,TRUE,2.053803315111759
Cisd1,-0.25004564974995613,0.13855829794307029,-0.15483119766433528,0.3806522493174877,-0.19960042785544463,0.38452941348020525,Cisd1,FALSE,FALSE,FALSE,FALSE,0.20149242508991203,FALSE,TRUE,2.0536823376650988
Bcat2,-0.08129465081328702,0.618229675007948,-0.28454212393945344,0.12061995108359509,-0.23658475983270666,0.2638518221929833,Bcat2,FALSE,FALSE,FALSE,FALSE,0.20080717819514904,FALSE,TRUE,2.053497055471489
Mrpl10,-0.2646578050133135,0.18333872243377103,-0.23151655430175122,0.2708176564916809,-0.10572797916949739,0.7186101441521231,Mrpl10,FALSE,FALSE,FALSE,FALSE,0.20063411282818736,FALSE,TRUE,2.0534502607598695
Mlh3,0.36747778174136325,0.050807925836121294,0.16139560889419435,0.39142427794827617,0.07275039580131981,0.7936279048396948,Mlh3,FALSE,FALSE,FALSE,FALSE,0.20054126214562581,FALSE,TRUE,2.053425155096094
Eif2b4,-0.3750627566586049,0.04178226443439048,-0.06206469479561605,0.7352942075302151,-0.16448257058379134,0.4658526833196551,Eif2b4,FALSE,FALSE,FALSE,FALSE,0.20053667401267075,FALSE,TRUE,2.0534239145223023
Mrpl17,-0.19359835881102327,0.10683629907733029,-0.224317223889142,0.11088012062719721,-0.1829782318668407,0.25716025112894175,Mrpl17,FALSE,FALSE,FALSE,FALSE,0.200297938189002,FALSE,TRUE,2.0533593633401797
Uqcrh,-0.18913060174484198,0.11016338850382798,-0.17177857163346388,0.1846518904164374,-0.23972879934537783,0.1413342667227953,Uqcrh,FALSE,FALSE,FALSE,FALSE,0.20021265757456122,FALSE,TRUE,2.0533363045281856
Nudt1,-0.09505663640180728,0.7878921420896278,-0.4409538576458516,0.21647939421713946,-0.0638244089858746,0.9052905228684773,Nudt1,FALSE,FALSE,FALSE,FALSE,0.1999449676778445,FALSE,TRUE,2.0532639245266853
Ass1,-0.34299931027246355,0.14218841356052025,-0.23929324279546282,0.33148136164887937,-0.016577090206340905,0.9692527582689531,Ass1,FALSE,FALSE,FALSE,FALSE,0.19962321442475575,FALSE,TRUE,2.053176926469505
Tsnax,-0.18396918533044282,0.2086113406647077,-0.20109181583174163,0.20883229493647165,-0.21277820388641366,0.2948422425827348,Tsnax,FALSE,FALSE,FALSE,FALSE,0.19927973501619936,FALSE,TRUE,2.053084053931499
Gar1,-0.09310790303161043,0.7471263534423684,-0.1701859964528385,0.5519644918032286,-0.3342751445133991,0.36452411371933907,Gar1,FALSE,FALSE,FALSE,FALSE,0.19918968133261603,FALSE,TRUE,2.05305970454128
Zc3h10,-0.20568041939774329,0.22418355483566885,-0.13500248637538093,0.4479005461318,-0.25424005857048737,0.2671516408781135,Zc3h10,FALSE,FALSE,FALSE,FALSE,0.19830765478120385,FALSE,TRUE,2.052821215588587
Dhdh,-0.22180689581462687,0.3353546840525049,-0.3110076817827796,0.21178862686963948,-0.060195304651411874,0.8752993193659248,Dhdh,FALSE,FALSE,FALSE,FALSE,0.1976699607496061,FALSE,TRUE,2.0526487910946867
Plcg2,-0.29910992543173,0.2528220392398974,-0.19873188048247314,0.4657757852125461,0.0935742501244401,0.8100632978090848,Plcg2,FALSE,FALSE,FALSE,FALSE,0.1971386853462144,FALSE,TRUE,2.052505140867442
Umps,-0.28005442188088736,0.3310909102841259,0.1151081789157713,0.714016611582768,-0.19529825796801248,0.6352446466639203,Umps,FALSE,FALSE,FALSE,FALSE,0.19682028625489037,FALSE,TRUE,2.05241904973367
Ints3,-0.17569370491369263,0.2790821564149339,-0.2597034591367988,0.15770178933733603,-0.15469941791019703,0.5041967961034374,Ints3,FALSE,FALSE,FALSE,FALSE,0.19669886065356282,FALSE,TRUE,2.0523862177690946
Ppargc1a,-0.338679176107048,0.2272491276014853,-0.06567124545267422,0.8346823238434757,-0.18517392680629285,0.6359063770718255,Ppargc1a,FALSE,FALSE,FALSE,FALSE,0.19650811612200503,FALSE,TRUE,2.0523346428323874
Mrpl47,0.1956580894076123,0.403606478052306,0.1073132616006145,0.6845021429138817,-0.2861329414421738,0.3924658494731179,Mrpl47,FALSE,FALSE,FALSE,FALSE,0.19636809748346687,FALSE,TRUE,2.052296783542994
Acad12,-0.31094289336280445,0.19278129295314822,-0.2677425923113157,0.28063390696879814,-0.01006335619631571,0.980751680065544,Acad12,FALSE,FALSE,FALSE,FALSE,0.19624961395681195,FALSE,TRUE,2.0522647470786293
Dlst,-0.26826705745246837,0.061310859174074465,-0.16830084322824135,0.25157863450184337,-0.15212277388939555,0.42449749714736656,Dlst,FALSE,FALSE,FALSE,FALSE,0.19623022485670175,FALSE,TRUE,2.052259504508356
Galt,-0.24568555680616289,0.32330840554533963,-0.27202486250883906,0.29556947914630743,-0.06990399044555451,0.8595500930257407,Galt,FALSE,FALSE,FALSE,FALSE,0.19587146992018548,FALSE,TRUE,2.052162501658559
Lipa,0.15898463156885478,0.5496206508566926,-0.21795251167473095,0.4400940160871816,0.20905589195652619,0.556822008539511,Lipa,FALSE,FALSE,FALSE,FALSE,0.19533101173337064,FALSE,TRUE,2.052016368521477
Slc25a13,0.009530735685201464,0.9776270298507349,-0.27328902045553694,0.39639968531127845,-0.2966234388476874,0.48460845529476526,Slc25a13,FALSE,FALSE,FALSE,FALSE,0.1931477316628086,FALSE,TRUE,2.0514260368850548
Sphk2,-0.2368217228026177,0.26722076984205945,-0.25835419083731637,0.2588235815676235,-0.08394101944963595,0.8007407999651911,Sphk2,FALSE,FALSE,FALSE,FALSE,0.19303897769652334,FALSE,TRUE,2.051396631172178
Aldh1a1,-0.34687762739754113,0.07022839709791635,0.060715603211112246,0.7656731180805703,-0.17050390298906848,0.49545057943175097,Aldh1a1,FALSE,FALSE,FALSE,FALSE,0.19269904453257394,FALSE,TRUE,2.05130471749438
Aloxe3,-0.3544956414116649,0.495185075853303,0.18300791404140515,0.7239467996144686,-0.039334763620203717,0.9661443300099136,Aloxe3,FALSE,FALSE,FALSE,FALSE,0.19227943969109126,FALSE,TRUE,2.0511912615910064
Snu13,-0.24424117044906257,0.062208946772974213,-0.0871298604123858,0.5156586162048832,-0.24412988827771187,0.15547972137647564,Snu13,FALSE,FALSE,FALSE,FALSE,0.19183363971305342,FALSE,TRUE,2.0510707228501914
Itpkb,-0.4361314175501043,0.05428956408387389,-0.022897707357026675,0.9285190312657307,-0.11518747811447394,0.7130781784286742,Itpkb,FALSE,FALSE,FALSE,FALSE,0.19140553434053498,FALSE,TRUE,2.0509549685094965
Scap,-0.29315118877519186,0.14033901841889238,-0.21275872825445763,0.314950635156158,-0.06706597845480466,0.8358743441459907,Scap,FALSE,FALSE,FALSE,FALSE,0.19099196516148473,FALSE,TRUE,2.050843144573789
Mrpl16,-0.2350497699758165,0.175130380507267,-0.16868944283258758,0.3480154456585072,-0.168953276551695,0.473797922122546,Mrpl16,FALSE,FALSE,FALSE,FALSE,0.19089749645336637,FALSE,TRUE,2.050817601416131
Pak1ip1,-0.3152032756565655,0.03165866451679062,-0.08529406661843808,0.5350154955609462,-0.1720607930971969,0.32338458594836295,Pak1ip1,FALSE,FALSE,FALSE,FALSE,0.1908527117907335,FALSE,TRUE,2.050805492203238
Gars,-0.19224845012783742,0.26056510997592985,-0.2165900054358314,0.24185946255488433,-0.16325405373026225,0.49959201752488874,Gars,FALSE,FALSE,FALSE,FALSE,0.19069750309797703,FALSE,TRUE,2.0507635257130854
Glul,-0.45325488393665836,0.08525456713157673,0.05802307217546954,0.8506815924424644,0.060474790397414324,0.8917149962139086,Glul,FALSE,FALSE,FALSE,FALSE,0.19058424883651406,FALSE,TRUE,2.050732903176654
Rps19,-0.1343775195475745,0.23234745074698213,-0.16634090449490113,0.18551116152221053,-0.27027689695584023,0.1004872510865911,Rps19,FALSE,FALSE,FALSE,FALSE,0.1903317736661053,FALSE,TRUE,2.0506646370469377
Mrps33,-0.1484241767544061,0.5151600992607437,-0.012107811813153457,0.9644502016273993,-0.40878410180712565,0.18650588684365324,Mrps33,FALSE,FALSE,FALSE,FALSE,0.18977203012489507,FALSE,TRUE,2.0505132893911266
Ears2,-0.26046901670760203,0.19234375625862113,-0.10009274309927552,0.6459379549799374,-0.2076454788967892,0.4471474922198249,Ears2,FALSE,FALSE,FALSE,FALSE,0.18940241290122226,FALSE,TRUE,2.0504133495146797
Il10rb,-0.1667361162458203,0.4646774955080053,-0.20863032817526506,0.3760030136719274,-0.19215581360996126,0.5412508422525819,Il10rb,FALSE,FALSE,FALSE,FALSE,0.18917408601034888,FALSE,TRUE,2.050351612777856
Sf3a3,-0.1954744262812902,0.22572539936571975,-0.18377352055517004,0.2858856846017709,-0.18811489375783896,0.40048469660473834,Sf3a3,FALSE,FALSE,FALSE,FALSE,0.1891209468647664,FALSE,TRUE,2.050337244617219
Dhx37,-0.2853923023110254,0.21789028975212937,-0.1517925423404769,0.5334826033064121,-0.1293420182763101,0.6963753479700309,Dhx37,FALSE,FALSE,FALSE,FALSE,0.18884228764260413,FALSE,TRUE,2.0502618986472534
Sdha,-0.21852760545358496,0.1246575713210183,-0.16212710835407673,0.2865881799157268,-0.1826602922062488,0.35248228935837356,Sdha,FALSE,FALSE,FALSE,FALSE,0.1877716686713035,FALSE,TRUE,2.049972416661944
Mrps18c,0.21927695132025882,0.4224275993214427,0.1744108135850171,0.5527706212860239,-0.16840951358959666,0.6817878963637758,Mrps18c,FALSE,FALSE,FALSE,FALSE,0.18736575949829085,FALSE,TRUE,2.0498626638961057
Usb1,-0.2143892395072089,0.27684135324964665,-0.11824559541514734,0.5725526219420849,-0.22926929502795712,0.3919606964275855,Usb1,FALSE,FALSE,FALSE,FALSE,0.18730137665010446,FALSE,TRUE,2.0498452555788496
Mrpl58,-0.2532958359885882,0.1840741634121865,-0.17232333826645796,0.38491606387837085,-0.1359785708815786,0.6118002729195033,Mrpl58,FALSE,FALSE,FALSE,FALSE,0.18719924837887492,FALSE,TRUE,2.049817641371084
Ftsj3,-0.2925396162145901,0.07755259027917304,-0.08069498698017874,0.6464040205776249,-0.1881585503978691,0.3893809453148289,Ftsj3,FALSE,FALSE,FALSE,FALSE,0.187131051197546,FALSE,TRUE,2.0497992017058313
Fh1,-0.15937791365898324,0.2836845468399208,-0.08473174862256183,0.6101787147162824,-0.3129685993731588,0.138062210257774,Fh1,FALSE,FALSE,FALSE,FALSE,0.18569275388490128,FALSE,TRUE,2.049410304093618
Ybey,-0.23346430488429215,0.40104813866087274,-0.2474716928011973,0.39142427794827617,-0.0760039389277618,0.8628784281024926,Ybey,FALSE,FALSE,FALSE,FALSE,0.18564664553775043,FALSE,TRUE,2.0493978369729797
Fcf1,-0.16013231757727997,0.506272955626041,-0.13081989091068635,0.607417278399315,-0.2647705532728062,0.4129097120597232,Fcf1,FALSE,FALSE,FALSE,FALSE,0.18524092058692418,FALSE,TRUE,2.049288134018518
Mtor,-0.2413133105300167,0.14783000730243243,-0.20666378545878317,0.24968657272601208,-0.10649439660881654,0.6631538820812325,Mtor,FALSE,FALSE,FALSE,FALSE,0.18482383086587215,FALSE,TRUE,2.0491753581722656
Npm3,-0.15953450910176104,0.5082473158968721,-0.17446079302865858,0.4845802561257755,-0.21815704761629062,0.5033783582763196,Npm3,FALSE,FALSE,FALSE,FALSE,0.18405078324890342,FALSE,TRUE,2.048966335761027
Cln3,-0.32266725202253266,0.10312527064324412,-0.22226016899415502,0.2648061304468559,0.0071687414113745795,0.9820279074263849,Cln3,FALSE,FALSE,FALSE,FALSE,0.18403205414268742,FALSE,TRUE,2.0489612716448513
Mrpl11,-0.15710637835547558,0.2630394260928343,-0.14071707018375434,0.34183371636126963,-0.25356102922747503,0.18844246856997743,Mrpl11,FALSE,FALSE,FALSE,FALSE,0.18379482592223498,FALSE,TRUE,2.0488971280997914
Ggt5,-0.3172218121547352,0.32468529919863504,-0.0698334835628831,0.8468771031142535,0.1642464118313285,0.7071697441968643,Ggt5,FALSE,FALSE,FALSE,FALSE,0.18376723584964894,FALSE,TRUE,2.0488896680890862
Sart1,-0.2967838521079482,0.11397821902643435,-0.19573134523488545,0.3164020120674379,-0.056315950724968644,0.8520388059329983,Sart1,FALSE,FALSE,FALSE,FALSE,0.18294371602260076,FALSE,TRUE,2.0486669986232293
Bms1,-0.22505702626424462,0.15497234082833894,-0.10631185263387444,0.5297578987669008,-0.2161335099059878,0.3168404957395442,Bms1,FALSE,FALSE,FALSE,FALSE,0.18250079626803561,FALSE,TRUE,2.0485472386588337
Usp36,-0.25469948689270616,0.22475219642571534,-0.16746692635296778,0.45613038709562687,-0.12216853040585196,0.6937424592299365,Usp36,FALSE,FALSE,FALSE,FALSE,0.1814449812171753,FALSE,TRUE,2.048261759468538
Snrpg,-0.13858477414984627,0.3387813583141259,-0.05607761510292697,0.7308500349118469,-0.34945324931583155,0.1002620105675008,Snrpg,FALSE,FALSE,FALSE,FALSE,0.18137187952286826,FALSE,TRUE,2.048241993684291
Slu7,-0.2658671968045221,0.09318485452791604,-0.13293556176248522,0.41795480505646054,-0.14389634741054547,0.5052999948252911,Slu7,FALSE,FALSE,FALSE,FALSE,0.1808997019925176,FALSE,TRUE,2.048114322783094
Cbr3,-0.18213905737411884,0.6626726075599377,-0.27028887680935565,0.5222471021870394,-0.08922627712110964,0.8901827965684321,Cbr3,FALSE,FALSE,FALSE,FALSE,0.1805514037681947,FALSE,TRUE,2.048020147297548
Cox7c,-0.10496057905772194,0.42317110014276893,-0.18543985821268283,0.19447640933313137,-0.25077068597508667,0.1652317414759905,Cox7c,FALSE,FALSE,FALSE,FALSE,0.1803903744151638,FALSE,TRUE,2.0479766069736254
Trp53,-0.15710014398279748,0.3780402149202367,-0.38138412867384464,0.09085111530551959,-0.0010194148023443539,0.9965966962287021,Trp53,FALSE,FALSE,FALSE,FALSE,0.17983456248632881,FALSE,TRUE,2.0478263223766486
Rrp9,-0.47134177319284243,0.04682303913345231,-0.025476898417574834,0.9162981343990699,-0.03928547150533568,0.9096517207354082,Rrp9,FALSE,FALSE,FALSE,FALSE,0.17870138103858432,FALSE,TRUE,2.0475199242798445
Ifnlr1,-0.10311667634196042,0.7688648173626895,-0.29964258130558363,0.3776039950059067,0.13290640159786027,0.7734841988725338,Ifnlr1,FALSE,FALSE,FALSE,FALSE,0.1785552197484681,FALSE,TRUE,2.047480404094258
Eci2,-0.23448309919889354,0.11412867189902619,-0.26100998546858456,0.12426441805216319,-0.0400266945679304,0.8690764210524728,Eci2,FALSE,FALSE,FALSE,FALSE,0.1785065930784695,FALSE,TRUE,2.0474672560506053
Nipsnap2,-0.13088754588261953,0.38427066211201744,-0.26802827223833514,0.12780429037239882,-0.1362505338688509,0.5259441197500968,Nipsnap2,FALSE,FALSE,FALSE,FALSE,0.17838878399660185,FALSE,TRUE,2.047435401947679
Ogdhl,-0.1585116553227257,0.3742134625311514,-0.2392440677185368,0.21914600039478416,-0.13723370705039084,0.5984895437631904,Ogdhl,FALSE,FALSE,FALSE,FALSE,0.17832981003055112,FALSE,TRUE,2.047419456124532
Nol9,-0.2276969784653824,0.28692874617463504,-0.13245719990355465,0.5666609803940204,-0.1706176736599767,0.5744405731281154,Nol9,FALSE,FALSE,FALSE,FALSE,0.1769239506763046,FALSE,TRUE,2.0470393293307407
Slc27a2,-0.4596082762511813,0.15563422825353826,-0.05321004187689127,0.8808891500624723,0.01579181926720219,0.9767236837449109,Slc27a2,FALSE,FALSE,FALSE,FALSE,0.17620337913175824,FALSE,TRUE,2.0468444957934464
Enoph1,-0.29831716888168636,0.07732472844416452,-0.09608948929577599,0.5749353582378517,-0.13250840917957918,0.5529180452896785,Enoph1,FALSE,FALSE,FALSE,FALSE,0.17563835578568052,FALSE,TRUE,2.0466917205444055
Mrpl41,0.1618378553903872,0.568930681869462,0.10125100696750611,0.7482827361033694,-0.26330455347971693,0.502189438890087,Mrpl41,FALSE,FALSE,FALSE,FALSE,0.1754644719458701,FALSE,TRUE,2.0466447045279597
Pink1,-0.2609832426935057,0.12698918626437802,-0.2387136404129695,0.1992199383844262,-0.02588194618688089,0.9337036850760244,Pink1,FALSE,FALSE,FALSE,FALSE,0.17519294309778535,FALSE,TRUE,2.046571286522003
Pes1,-0.2136637220333526,0.1536981331194713,-0.20099987027630029,0.2095593413286789,-0.11028406949836267,0.6040510624745276,Pes1,FALSE,FALSE,FALSE,FALSE,0.17498255393600518,FALSE,TRUE,2.0465143999228745
Urb1,-0.26516213075961215,0.11573763711294745,-0.1352532567849476,0.4377556445224226,-0.1222091346416283,0.601862690259127,Urb1,FALSE,FALSE,FALSE,FALSE,0.17420817406206268,FALSE,TRUE,2.0463050172860062
Mdh1,-0.15864115781784616,0.20141591538550607,-0.15327522658137216,0.2569980406129594,-0.2077661911696591,0.23008422447598412,Mdh1,FALSE,FALSE,FALSE,FALSE,0.1732275251896258,FALSE,TRUE,2.0460398620906526
Mrpl30,-0.27018406521098814,0.101584631284361,-0.08477241673333857,0.6278983740802235,-0.16456531754892456,0.4555308277028583,Mrpl30,FALSE,FALSE,FALSE,FALSE,0.1731739331644171,FALSE,TRUE,2.0460253714770262
Rps27,0.12399312205974411,0.7283721763963631,0.053656530562287585,0.8935400241415515,-0.3409607547126363,0.46186011699147894,Rps27,FALSE,FALSE,FALSE,FALSE,0.17287013577822266,FALSE,TRUE,2.0459432284617756
Ppif,-0.31877332603970565,0.20020337030432506,0.00975583047655304,0.9733990183931629,-0.18976515632264634,0.5773056965220288,Ppif,FALSE,FALSE,FALSE,FALSE,0.1727647709463017,FALSE,TRUE,2.045914739128461
Opn3,-0.17674380278000656,0.8089300786075997,-0.08269178036022073,0.9148045333997679,-0.25758335593931725,0.8005718964673141,Opn3,FALSE,FALSE,FALSE,FALSE,0.1723396463598482,FALSE,TRUE,2.045799790755053
Mrm1,-0.24916166620175506,0.19787518380166258,-0.09641410143905205,0.642804172215781,-0.17136729734536882,0.5155387254492895,Mrm1,FALSE,FALSE,FALSE,FALSE,0.17231435499539197,FALSE,TRUE,2.0457929522862885
Hmgcs2,-0.3724845631471938,0.11032552973925264,0.04892934625576384,0.8537511140668482,-0.09245101218253016,0.7934462791602516,Hmgcs2,FALSE,FALSE,FALSE,FALSE,0.1712883071951626,FALSE,TRUE,2.0455155217884227
Nme7,-0.0778996218950243,0.7201999535157129,-0.21288677667924683,0.3183647195276501,-0.22283353784496418,0.42291025035866886,Nme7,FALSE,FALSE,FALSE,FALSE,0.17120664547307843,FALSE,TRUE,2.0454934414796795
Prdm16,-0.07233067216171962,0.8219145930130007,-0.38137740080588456,0.22754844311395783,-0.05800461468426299,0.9047723279972844,Prdm16,FALSE,FALSE,FALSE,FALSE,0.17057089588395571,FALSE,TRUE,2.0453215427387152
Urb2,-0.19708656457797602,0.38804669377665585,-0.1190812653097888,0.6342105031479075,-0.19366471255669016,0.5469517514539856,Urb2,FALSE,FALSE,FALSE,FALSE,0.16994418081481832,FALSE,TRUE,2.0451520868190087
Ipo4,-0.088733411600316,0.638383626669582,-0.23756125983773924,0.2211990976149194,-0.1828166389179513,0.46453136783549803,Ipo4,FALSE,FALSE,FALSE,FALSE,0.16970377011866886,FALSE,TRUE,2.0450870827723064
Exosc1,-0.29834405544784737,0.13432110689499363,-0.10898662082476296,0.6004476778296263,-0.10169161226175039,0.7186101441521231,Exosc1,FALSE,FALSE,FALSE,FALSE,0.16967409617812024,FALSE,TRUE,2.045079059309756
Pin4,-0.3102646793770689,0.3049135314506058,-0.08480143707927867,0.8020756894068517,-0.11394962291497057,0.8007407999651911,Pin4,FALSE,FALSE,FALSE,FALSE,0.16967191312377272,FALSE,TRUE,2.045078469039152
Sesn2,-0.1706367858374218,0.4901368144613787,-0.29614440874166936,0.2511717055131507,0.03863156286783731,0.9260668732862938,Sesn2,FALSE,FALSE,FALSE,FALSE,0.16847091914897616,FALSE,TRUE,2.0447537352828036
Uqcrq,0.13712027828522277,0.528310948513308,-0.09192792709203523,0.7052393609898631,-0.2728301568097269,0.357719004277161,Uqcrq,FALSE,FALSE,FALSE,FALSE,0.16729278739566164,FALSE,TRUE,2.0444351831853274
C1qbp,-0.14585192678742942,0.4046916393817827,-0.16788089804579975,0.3598948766222274,-0.18652002770607412,0.43751848322446485,C1qbp,FALSE,FALSE,FALSE,FALSE,0.16675095084643443,FALSE,TRUE,2.0442886773562807
Rps24,-0.08214270107334976,0.5966474984526148,-0.058560316720175365,0.7337224407776441,-0.35824323955508497,0.1002620105675008,Rps24,FALSE,FALSE,FALSE,FALSE,0.16631541911620337,FALSE,TRUE,2.0441709150213025
Immp2l,0.24330588617627624,0.41762338176805597,-0.015561010166039946,0.9675929392307037,-0.23883832117460968,0.5939113230126288,Immp2l,FALSE,FALSE,FALSE,FALSE,0.16590173917230863,FALSE,TRUE,2.0440590611361658
Rps27l,-0.119406298471743,0.4707918022496305,-0.13221823394869858,0.44497330162868876,-0.24539362498553086,0.26923222462842455,Rps27l,FALSE,FALSE,FALSE,FALSE,0.16567271913532414,FALSE,TRUE,2.0439971369812993
Pdcd11,-0.3194551320699235,0.08283360241168333,-0.07584850686987554,0.7068695339690604,-0.10067485560618472,0.7037178753758783,Pdcd11,FALSE,FALSE,FALSE,FALSE,0.16532616484866125,FALSE,TRUE,2.0439034330346946
Ints9,-0.1398593093675542,0.5992475700425254,-0.14249227302072232,0.6042341589645598,-0.21202276752205718,0.5527003026080436,Ints9,FALSE,FALSE,FALSE,FALSE,0.16479144997011122,FALSE,TRUE,2.043758852816366
Adsl,-0.1299172588806412,0.3280095112094878,-0.238636457501765,0.12392065412312836,-0.12555916025296732,0.49883722582828194,Adsl,FALSE,FALSE,FALSE,FALSE,0.16470429221179117,FALSE,TRUE,2.0437352864481344
Dalrd3,-0.0378279061742508,0.8669904311231067,-0.3121828679018188,0.16393813157825973,-0.14331308792769049,0.6162317647096978,Dalrd3,FALSE,FALSE,FALSE,FALSE,0.1644412873345867,FALSE,TRUE,2.0436641732173397
Mrps15,-0.2257412578062703,0.29081622147468794,-0.13126112718252614,0.5645937130587171,-0.13609725051710342,0.6553420686848732,Mrps15,FALSE,FALSE,FALSE,FALSE,0.16436654516863328,FALSE,TRUE,2.043643963870068
Mrps2,-0.22467274968719053,0.2686220678005517,-0.05660674241831298,0.8096819607388278,-0.209966924768076,0.453523213679619,Mrps2,FALSE,FALSE,FALSE,FALSE,0.1637488056245265,FALSE,TRUE,2.043476934820121
Ampd2,-0.20346405701104509,0.2905325498552288,-0.1494975831399321,0.4711929112969407,-0.13790379350901372,0.622580252672698,Ampd2,FALSE,FALSE,FALSE,FALSE,0.16362181121999697,FALSE,TRUE,2.043442597120779
Renbp,-0.16083321932874628,0.6111961217898026,-0.28786738112171917,0.3667464408846368,0.04183406463024175,0.9354236320279655,Renbp,FALSE,FALSE,FALSE,FALSE,0.1635115550269024,FALSE,TRUE,2.043412785224553
Cycs,0.1802557824353599,0.5727781376818537,0.10747334024397137,0.7636732883036986,-0.20184984176205667,0.6584721442302853,Cycs,FALSE,FALSE,FALSE,FALSE,0.16319298814712932,FALSE,TRUE,2.043326648722882
Gnl2,-0.2680702518226168,0.05550740713080407,-0.04579204956840588,0.7608681525653622,-0.1757102056429396,0.32743415582017643,Gnl2,FALSE,FALSE,FALSE,FALSE,0.16319083567798742,FALSE,TRUE,2.0433260667221353
Ftsj1,-0.219761257296184,0.13983597773299458,-0.08512071249157982,0.5899566081297316,-0.18224593531801103,0.3588235537097898,Ftsj1,FALSE,FALSE,FALSE,FALSE,0.1623759683685916,FALSE,TRUE,2.043105736788881
Nip7,0.1319307071360516,0.6140562775975715,0.1390789237924439,0.6152772871551521,-0.2159126328568366,0.5510282534209763,Nip7,FALSE,FALSE,FALSE,FALSE,0.16230742126177736,FALSE,TRUE,2.0430872025081523
Elp2,-0.13422505273164465,0.2515040088927644,-0.18194939167466107,0.16684718016681313,-0.16909169629921195,0.29750991151362405,Elp2,FALSE,FALSE,FALSE,FALSE,0.16175538023517255,FALSE,TRUE,2.0429379375159957
Cox7b,0.17906491606694885,0.39211853100684674,0.12804768532724964,0.5803973290939061,-0.17755272344447093,0.5572624935729553,Cox7b,FALSE,FALSE,FALSE,FALSE,0.16155510827955646,FALSE,TRUE,2.042883786482932
Aurkaip1,-0.13589018681545895,0.38601192573101234,-0.1996535778324331,0.23582847112431857,-0.14839723296740992,0.4990025911900669,Aurkaip1,FALSE,FALSE,FALSE,FALSE,0.16131366587176732,FALSE,TRUE,2.0428185034743005
Nol6,-0.22494486260821756,0.17597757231136993,-0.1909977888851282,0.28483043194451224,-0.06575197791565746,0.8030177517327042,Nol6,FALSE,FALSE,FALSE,FALSE,0.16056487646966774,FALSE,TRUE,2.042616040181094
Rpp14,-0.08308973145864584,0.49552383064378797,-0.12376956916500248,0.3258815164169204,-0.27337785706469653,0.11120272562056288,Rpp14,FALSE,FALSE,FALSE,FALSE,0.16007905256278163,FALSE,TRUE,2.042484679470285
Ipmk,-0.31615682951088964,0.0754471884074345,-0.013632430523958128,0.9473467429979565,-0.150372242623817,0.5243802984022411,Ipmk,FALSE,FALSE,FALSE,FALSE,0.1600538342195549,FALSE,TRUE,2.042477860745548
Rrs1,-0.27324907456162606,0.16760333861824991,-0.08004390988516263,0.714016611582768,-0.12672194475903087,0.6528759065211643,Rrs1,FALSE,FALSE,FALSE,FALSE,0.16000497640193986,FALSE,TRUE,2.0424646502024695
Pwp1,-0.21521855446079474,0.14350847190458643,-0.08898522946861398,0.5756589022212344,-0.17524036752570815,0.38189302516224666,Pwp1,FALSE,FALSE,FALSE,FALSE,0.15981471715170562,FALSE,TRUE,2.042413206479765
Mrm2,-0.22548654042673455,0.38511112398450453,-0.16386298179026282,0.5501827305736446,-0.08918743030058485,0.8210777185923199,Mrm2,FALSE,FALSE,FALSE,FALSE,0.15951231750586073,FALSE,TRUE,2.0423314413960307
Mettl17,-0.26667001650903766,0.2846973791500504,-0.13802926762375867,0.6010833535480513,-0.07300271722646112,0.8520388059329983,Mettl17,FALSE,FALSE,FALSE,FALSE,0.1592340004530858,FALSE,TRUE,2.04225618794439
Sf3a2,-0.28388305405944525,0.167777340200221,-0.06341956341564492,0.7830762775888619,-0.12928036826206268,0.6552519289983806,Sf3a2,FALSE,FALSE,FALSE,FALSE,0.15886099524571762,FALSE,TRUE,2.042155331999507
Rpl17,-0.04417840949793117,0.8473316222194731,-0.06203206293919905,0.7981710852428181,-0.3605220541893548,0.20226800695994418,Rpl17,FALSE,FALSE,FALSE,FALSE,0.155577508875495,FALSE,TRUE,2.0412675183340783
Uqcrc2,-0.15901769936194654,0.14402587214429047,-0.12618875603662172,0.27986782268072213,-0.18012080452262058,0.23008422447598412,Uqcrc2,FALSE,FALSE,FALSE,FALSE,0.15510908664039627,FALSE,TRUE,2.0411408628177705
Tdrd5,-0.038585191637866,0.9352034468466862,0.1977990435728523,0.6384031360269413,-0.22790577683418525,0.7016917066467218,Tdrd5,FALSE,FALSE,FALSE,FALSE,0.1547633373483012,FALSE,TRUE,2.0410473765316333
Ltv1,-0.12240457529182347,0.6879724292119489,-0.04693567184439562,0.8889568575349824,-0.2912832642339973,0.4637710952718513,Ltv1,FALSE,FALSE,FALSE,FALSE,0.1535411704567388,FALSE,TRUE,2.040716917883288
Tefm,0.11207804491830098,0.5686102424187418,0.15844935961342044,0.4216245473087002,-0.18958075821261833,0.4815565536870217,Tefm,FALSE,FALSE,FALSE,FALSE,0.15336938758144658,FALSE,TRUE,2.0406704699413827
Nle1,-0.07400945251984581,0.7629725380315485,-0.11861364973358102,0.6273163160144761,-0.26378181172398607,0.3948365519857308,Nle1,FALSE,FALSE,FALSE,FALSE,0.1521349713258043,FALSE,TRUE,2.0403366992181278
Thg1l,-0.051497496871630855,0.8429541279204588,-0.24991727950600806,0.311388625397581,-0.15308915857715544,0.6442905195745641,Thg1l,FALSE,FALSE,FALSE,FALSE,0.1515013116515981,FALSE,TRUE,2.0401653655640297
Npm1,0.19118702520047037,0.2543923701770452,0.0916247911860264,0.6288649606560172,-0.1700027683445331,0.4761821706314977,Npm1,FALSE,FALSE,FALSE,FALSE,0.1509381949103433,FALSE,TRUE,2.0400131058370965
Pdxk,-0.29547481588466784,0.05273948396062499,-0.12157675937918544,0.41882288294895337,-0.034225648740777714,0.8856245666017052,Pdxk,FALSE,FALSE,FALSE,FALSE,0.150425741334877,FALSE,TRUE,2.0398745447968185
Scly,0.02057195952695423,0.9283531920597763,-0.3438076667139516,0.13383531730822268,-0.08622553939679367,0.7712035767092684,Scly,FALSE,FALSE,FALSE,FALSE,0.15020172187923317,FALSE,TRUE,2.039813972736631
Mtg1,-0.09275231239780801,0.643473628213988,-0.20021196887019688,0.31767194589126563,-0.15667825861432272,0.5565381843116766,Mtg1,FALSE,FALSE,FALSE,FALSE,0.14988084662744253,FALSE,TRUE,2.0397272120800247
Ddx21,-0.16768449851010025,0.5539219535251069,0.06552579814664039,0.8412932181915236,-0.21628459197879746,0.5862552977521232,Ddx21,FALSE,FALSE,FALSE,FALSE,0.14983162954517937,FALSE,TRUE,2.039713904396277
Cox11,-0.05702499100785818,0.884599038704339,-0.29664468999401516,0.4209655259544489,0.09533792817667397,0.8601078292105824,Cox11,FALSE,FALSE,FALSE,FALSE,0.14966920305951578,FALSE,TRUE,2.0396699863051566
Rpl31,0.07234676308378063,0.6625919973035547,-0.03996060520264422,0.8320381306956754,-0.33618065193655866,0.1306330155548047,Rpl31,FALSE,FALSE,FALSE,FALSE,0.1494960067409945,FALSE,TRUE,2.0396231561858724
Utp15,-0.24093265410289,0.26404399957581537,-0.033078453776277605,0.8966391268941187,-0.17408408765362537,0.5707236746347453,Utp15,FALSE,FALSE,FALSE,FALSE,0.14936506517759765,FALSE,TRUE,2.039587751224119
Mrpl36,-0.06279939911325094,0.6800527280092007,-0.221470313038723,0.16399675219991716,-0.16222584457371036,0.4106055644947243,Mrpl36,FALSE,FALSE,FALSE,FALSE,0.14883185224189477,FALSE,TRUE,2.0394435771123596
Acacb,-0.30066845387806485,0.2805195678943924,-0.12328201347550571,0.6939962639031984,0.02183972130336631,0.9672576142655462,Acacb,FALSE,FALSE,FALSE,FALSE,0.1485967295523123,FALSE,TRUE,2.039380002876524
Srpk1,-0.13070893403103234,0.28049387309665563,-0.12964751368578042,0.3180005601478314,-0.18436745218465767,0.2690100225505971,Srpk1,FALSE,FALSE,FALSE,FALSE,0.14824129996715682,FALSE,TRUE,2.039283899160163
Adcy6,-0.21083674813693243,0.29124773134388005,-0.17887539297486832,0.4096959040517329,-0.05069130467602179,0.8828299988786049,Adcy6,FALSE,FALSE,FALSE,FALSE,0.14680114859594084,FALSE,TRUE,2.0388945002336905
Pa2g4,-0.153592193379116,0.31127966892260545,-0.10950253706624213,0.5071837315744592,-0.17696742194664417,0.40598998725442287,Pa2g4,FALSE,FALSE,FALSE,FALSE,0.14668738413066743,FALSE,TRUE,2.038863739744527
Mthfd1l,-0.3364235570337242,0.22623502083039632,0.004748256905351855,0.9874818132315694,0.0987659305417048,0.80660148337424,Mthfd1l,FALSE,FALSE,FALSE,FALSE,0.14664591482692693,FALSE,TRUE,2.038852526963231
Rpl22,-0.057727579154722264,0.7751883192467172,-0.04800056483584392,0.8277868395420931,-0.3320560179015155,0.1935869377333868,Rpl22,FALSE,FALSE,FALSE,FALSE,0.14592805396402722,FALSE,TRUE,2.0386584263603664
Kti12,-0.12750755880310205,0.6195504020374409,0.09555328867946145,0.7195145255311175,-0.21296209773011565,0.5341778600841011,Kti12,FALSE,FALSE,FALSE,FALSE,0.14534098173755972,FALSE,TRUE,2.038499689369716
Imp3,-0.12447832249794466,0.26940584540933343,-0.1463701866173821,0.2317759352176192,-0.1639587054946965,0.2937435452449475,Imp3,FALSE,FALSE,FALSE,FALSE,0.14493573820334107,FALSE,TRUE,2.038390116584286
Mcts2,-0.007195921041845299,0.9731126653806509,0.1250718220928877,0.4923145824033823,-0.3017159731497574,0.21992316737618295,Mcts2,FALSE,FALSE,FALSE,FALSE,0.1446612387614968,FALSE,TRUE,2.038315895366914
Sfswap,-0.2131578346129981,0.2425979541090085,-0.07873924961689127,0.7014572551118146,-0.14107825844282562,0.5884320637962951,Sfswap,FALSE,FALSE,FALSE,FALSE,0.14432511422423833,FALSE,TRUE,2.038225011494159
Ddx28,-0.30008424247646337,0.10303721710844499,-0.08402902237680898,0.6632807319526627,-0.04863787010303877,0.8645344729382035,Ddx28,FALSE,FALSE,FALSE,FALSE,0.14425037831877038,FALSE,TRUE,2.0382048038396445
Rpl35a,0.022883520052682016,0.907724138806489,-0.08927721100906805,0.6369174033292522,-0.3191846494482533,0.17183606838508003,Rpl35a,FALSE,FALSE,FALSE,FALSE,0.14378179350333445,FALSE,TRUE,2.038078104363646
Fgf1,-0.301774549417531,0.1895370460763121,-0.04661626825771403,0.8637835477629652,-0.0813881687177549,0.8227033277397745,Fgf1,FALSE,FALSE,FALSE,FALSE,0.14325966213099997,FALSE,TRUE,2.0379369265680833
Acsf3,-0.1439879691487289,0.5130092751899785,-0.26082513909463767,0.2550008787360287,-0.024198988706427116,0.9497574123378869,Acsf3,FALSE,FALSE,FALSE,FALSE,0.1430040323165979,FALSE,TRUE,2.0378678074620695
Oas1b,-0.0623227206411911,0.9000934404799463,-0.3341601611578071,0.4687683946450144,0.03185260251716915,0.9674806741726476,Oas1b,FALSE,FALSE,FALSE,FALSE,0.1427784947720558,FALSE,TRUE,2.0378068249296226
Dhodh,0.0047499290046095766,0.9825356742540379,-0.25315910768664907,0.2143217879561058,-0.16769864374292398,0.5260561148909672,Dhodh,FALSE,FALSE,FALSE,FALSE,0.14186922681139422,FALSE,TRUE,2.037560970240432
Yrdc,-0.11347999334016201,0.5452242168761199,-0.1366786782856293,0.48095716530092836,-0.17542543457823268,0.4874929153281715,Yrdc,FALSE,FALSE,FALSE,FALSE,0.14186136873467467,FALSE,TRUE,2.0375588455147264
Crat,-0.06207715514669143,0.7994392284293302,-0.2945976548925815,0.21914600039478416,0.06804242970410268,0.8460089597785166,Crat,FALSE,FALSE,FALSE,FALSE,0.14157241324779188,FALSE,TRUE,2.037480715563501
Lipe,-0.12307040549244519,0.6826531821772094,-0.2524432684945004,0.3974870377759186,0.04821420033757029,0.9196388922326018,Lipe,FALSE,FALSE,FALSE,FALSE,0.14124262477483862,FALSE,TRUE,2.0373915448833224
Rps14,0.14367705953651821,0.7252692696214115,0.05722086479982558,0.8999761075087186,-0.22225084272878703,0.6939209172157361,Rps14,FALSE,FALSE,FALSE,FALSE,0.14104958902171028,FALSE,TRUE,2.037339350428947
Pdha1,-0.09806307424954497,0.48867194248347595,-0.17419015792434145,0.24645492680492104,-0.14906661561947665,0.44488354752418446,Pdha1,FALSE,FALSE,FALSE,FALSE,0.14043994926445436,FALSE,TRUE,2.037174511460103
Las1l,-0.22726987586112823,0.101808402454932,-0.09404354591590014,0.5180626864909136,-0.09946687491740303,0.6082944726950605,Las1l,FALSE,FALSE,FALSE,FALSE,0.1402600988981438,FALSE,TRUE,2.0371258821694833
Mettl2,-0.16314210129569195,0.4582769541922609,0.0561299896475278,0.8176377296611491,-0.19720415316006035,0.5074203544472747,Mettl2,FALSE,FALSE,FALSE,FALSE,0.13882541470109336,FALSE,TRUE,2.0367379614985563
Ldhd,-0.2168389830327646,0.22426970713152483,-0.10159160771828901,0.5978439661085683,-0.09385633069132782,0.719604438740411,Ldhd,FALSE,FALSE,FALSE,FALSE,0.13742897381412714,FALSE,TRUE,2.036360381340571
Gatb,-0.13640692756332573,0.4076089077504138,0.009528929800245223,0.962119187047126,-0.2546226689599931,0.2549280372195607,Gatb,FALSE,FALSE,FALSE,FALSE,0.13351950877452134,FALSE,TRUE,2.0353033108687226
Dnajc30,-0.27572824903241955,0.272688232846327,-0.0447633424162075,0.8756566201780439,0.07591260980035175,0.8426818235002771,Dnajc30,FALSE,FALSE,FALSE,FALSE,0.1321347337496596,FALSE,TRUE,2.0349288850140073
Luc7l,-0.1978457046361326,0.1677466270637933,-0.03344868625944741,0.8457127964913018,-0.1643809671889631,0.4129097120597232,Luc7l,FALSE,FALSE,FALSE,FALSE,0.13189178602818105,FALSE,TRUE,2.034863194987373
Hsp90aa1,-0.026861600599646707,0.9334376378061998,0.12067697287449342,0.699440908089872,-0.24591433240021665,0.5263629821891718,Hsp90aa1,FALSE,FALSE,FALSE,FALSE,0.1311509686247856,FALSE,TRUE,2.034662887222953
Ubtf,-0.2198185201096443,0.10799499437033219,-0.12282411937660953,0.39641638666030843,0.049232766846136755,0.8199632219580517,Ubtf,FALSE,FALSE,FALSE,FALSE,0.1306251354441302,FALSE,TRUE,2.0345207085046995
Mrpl18,-0.005226823794868274,0.974390146429795,-0.1813720833687258,0.21579049571302875,-0.20504020578357807,0.2681304595948968,Mrpl18,FALSE,FALSE,FALSE,FALSE,0.13054637098239072,FALSE,TRUE,2.0344994115789325
Cad,-0.004773995017873567,0.9847868393684182,-0.19636140397852309,0.40896350813360194,-0.1902079057557966,0.5500346484234052,Cad,FALSE,FALSE,FALSE,FALSE,0.1304477682507311,FALSE,TRUE,2.0344727506329914
Tsr2,-0.0981552971771178,0.3723497654295852,-0.11018645310352237,0.3501534293254263,-0.18159977998040766,0.23290716842092996,Tsr2,FALSE,FALSE,FALSE,FALSE,0.12998051008701594,FALSE,TRUE,2.0343464098670325
Dus4l,0.12228050757514453,0.7005659304982015,0.026950557781958207,0.9414086346642628,-0.23980063334184676,0.5816040457170253,Dus4l,FALSE,FALSE,FALSE,FALSE,0.12967723289964983,FALSE,TRUE,2.0342644075070413
Rsrp1,0.07746352304971449,0.6366656854234817,-0.05257192978833469,0.7745849548121588,-0.25833840126926866,0.23181382751726812,Rsrp1,FALSE,FALSE,FALSE,FALSE,0.12945795136910596,FALSE,TRUE,2.0342051165225685
Isy1,-0.2719166531065311,0.10132260342241298,0.024455458767624005,0.8947830203555054,-0.08516428679763877,0.7150256651137155,Isy1,FALSE,FALSE,FALSE,FALSE,0.12717879955726463,FALSE,TRUE,2.033588862365862
Ppcdc,-0.22011391610248232,0.2682650382693954,-0.14273797709155467,0.49401204121730485,0.015646795074018893,0.9669037809700132,Ppcdc,FALSE,FALSE,FALSE,FALSE,0.1261662294226853,FALSE,TRUE,2.0333150760602945
Ndufs3,-0.058140947696537104,0.6103270837421727,-0.10807408766034854,0.3512175505661776,-0.2065373887266082,0.17005772001823222,Ndufs3,FALSE,FALSE,FALSE,FALSE,0.12425080802783128,FALSE,TRUE,2.0327971700611016
Mrpl12,0.13260106464618993,0.6495796488141474,0.004438245951198461,0.9886525092503717,-0.22813915919645877,0.5733234037295044,Mrpl12,FALSE,FALSE,FALSE,FALSE,0.12172615659794905,FALSE,TRUE,2.032114535876833
Prmt7,-0.14392226642189154,0.5674225632074713,-0.03556191190260982,0.9009874203427063,-0.18010417149541347,0.6040907740219245,Prmt7,FALSE,FALSE,FALSE,FALSE,0.11986278327330495,FALSE,TRUE,2.031610703025137
Clns1a,0.09844393951242214,0.47134223470477177,-0.013730095199579573,0.9342129477385314,-0.24576660185417154,0.18861602886537898,Clns1a,FALSE,FALSE,FALSE,FALSE,0.11931354552205775,FALSE,TRUE,2.0314621960035915
Suclg1,-0.044796662656226616,0.7311324843150211,-0.16131763745563799,0.21570719814909942,-0.15110394797810667,0.36452411371933907,Suclg1,FALSE,FALSE,FALSE,FALSE,0.11907274936332375,FALSE,TRUE,2.031397087732625
Zfp593,-0.183799515869826,0.7573969316504493,-0.017433500896791465,0.9790650735292723,-0.15546278842024186,0.8595500930257407,Zfp593,FALSE,FALSE,FALSE,FALSE,0.11889860172895311,FALSE,TRUE,2.0313500003894283
Nudt2,-0.04292603063024769,0.8815918875607407,-0.19048976778530902,0.4801651795063968,-0.1231899826247882,0.7424185563560125,Nudt2,FALSE,FALSE,FALSE,FALSE,0.11886859368011497,FALSE,TRUE,2.0313418865881734
Parn,0.054600541410327,0.7223017203101713,-0.1425250064901622,0.34868279533970153,-0.15785136476384132,0.42824276341243245,Parn,FALSE,FALSE,FALSE,FALSE,0.11832563755477683,FALSE,TRUE,2.031195078039743
Mrpl46,-0.09213180043319591,0.6507736284023758,-0.08054634675974182,0.7079546049838367,-0.17713418446618023,0.5083308282729935,Mrpl46,FALSE,FALSE,FALSE,FALSE,0.11660411055303932,FALSE,TRUE,2.030729598660444
Mrpl49,-0.007385321541822698,0.9608908006792275,-0.13222645790759024,0.3293196585402293,-0.2069065499228957,0.23764589812965575,Mrpl49,FALSE,FALSE,FALSE,FALSE,0.11550610979076954,FALSE,TRUE,2.030432712981175
Znhit6,-0.23260110229851216,0.3911146752897247,0.07139639517667051,0.811959235721534,0.03876323871857634,0.9330306356076901,Znhit6,FALSE,FALSE,FALSE,FALSE,0.11425357873125301,FALSE,TRUE,2.0300940442414177
Emg1,-0.06265148815828514,0.6360914089607993,-0.057257531119273786,0.6877270972503048,-0.22098321260893083,0.2045139955219912,Emg1,FALSE,FALSE,FALSE,FALSE,0.11363074396216326,FALSE,TRUE,2.029925637506334
Nsun2,-0.037743433815243144,0.7869116092388583,-0.10930919511990833,0.4229967230259528,-0.19244687945168426,0.27094845677333723,Nsun2,FALSE,FALSE,FALSE,FALSE,0.11316650279561191,FALSE,TRUE,2.0298001124986906
Mrps31,-0.1347083516777401,0.48306219121093,0.06628013064234262,0.7511390397379728,-0.13838413025919438,0.6030721797632304,Mrps31,FALSE,FALSE,FALSE,FALSE,0.11312420419309237,FALSE,TRUE,2.0297886754853725
Mdn1,-0.182447793745248,0.359988827139591,-0.004643310561346148,0.9848899591475027,-0.15019026393864543,0.6069099947055215,Mdn1,FALSE,FALSE,FALSE,FALSE,0.1124271227484132,FALSE,TRUE,2.029600193377417
Ubr4,-0.3056061812656665,0.1220746525159645,7.743476078516665e-4,0.9973840376780988,-0.029961205803680002,0.9337036850760244,Ubr4,FALSE,FALSE,FALSE,FALSE,0.11211391155906607,FALSE,TRUE,2.029515504987482
Snrpd1,-0.0631068480539918,0.7440767834310498,0.03923077169842326,0.8513881550071575,-0.23336328322547306,0.33985936450499615,Snrpd1,FALSE,FALSE,FALSE,FALSE,0.11190030099262938,FALSE,TRUE,2.0294577473608073
Nop14,-0.0501349191919358,0.780127752272427,0.024236404372923737,0.8992381472129694,-0.25969277883018815,0.2468454719793446,Nop14,FALSE,FALSE,FALSE,FALSE,0.11135470079834923,FALSE,TRUE,2.0293102238891905
Rpf2,-0.09242805368993023,0.7560113847740695,-0.026830917885821037,0.9343191883598919,-0.21429867500529776,0.5804595639073211,Rpf2,FALSE,FALSE,FALSE,FALSE,0.11118588219368301,FALSE,TRUE,2.0292645774490037
Utp14b,0.06176442205647348,0.7378660380179374,-0.001224117288219695,0.9948427548103485,-0.26288457927857767,0.2631221090335856,Utp14b,FALSE,FALSE,FALSE,FALSE,0.10862437287442361,FALSE,TRUE,2.028571977352233
Tma16,-0.2133240694004903,0.3513251031565855,-0.051726337581611936,0.8425836943502351,-0.05729013018871765,0.8766490443993098,Tma16,FALSE,FALSE,FALSE,FALSE,0.10744684572360663,FALSE,TRUE,2.028253588731714
Mphosph10,-0.08222869101121777,0.7377047008601422,0.09213612637783974,0.7127283851687464,-0.14744832866249524,0.6518423353640949,Mphosph10,FALSE,FALSE,FALSE,FALSE,0.10727104868385091,FALSE,TRUE,2.0282060554099215
Ddx51,-0.2182007635231682,0.2744776408755106,0.011818343845283241,0.9608829717533117,-0.08852225948436132,0.7672013539909329,Ddx51,FALSE,FALSE,FALSE,FALSE,0.10618045561760425,FALSE,TRUE,2.0279111726790484
Fastkd3,-0.04155641813984534,0.8812406008392932,-0.0937054598633913,0.7304726537533603,-0.17742297609048663,0.6082944726950605,Fastkd3,FALSE,FALSE,FALSE,FALSE,0.10422828469790775,FALSE,TRUE,2.0273833300677686
Nop58,-0.009591935376396243,0.9741370035611857,0.12049678197727953,0.6657785838256003,-0.1749259935070553,0.6284282048274501,Nop58,FALSE,FALSE,FALSE,FALSE,0.10167157028691036,FALSE,TRUE,2.0266920264542474
Utp6,-0.1193291709815929,0.37297952698344133,-0.03746385305024269,0.8137108074299843,-0.14806351383091343,0.4288803284742357,Utp6,FALSE,FALSE,FALSE,FALSE,0.10161884595424968,FALSE,TRUE,2.0266777704538383
Sbds,-0.09041695805657746,0.5188512374576946,-0.050136818085730006,0.7499550954863974,-0.16277861685232153,0.3907833964499173,Sbds,FALSE,FALSE,FALSE,FALSE,0.10111079766487634,FALSE,TRUE,2.0265404005478462
Wbp11,-0.22535863645995757,0.08933602790880406,-0.04546227352070975,0.759304582770528,0.029931893181394997,0.8915071457053368,Wbp11,FALSE,FALSE,FALSE,FALSE,0.10025093438735411,FALSE,TRUE,2.0263079042673358
Mterf4,0.05313091264856862,0.7906417463002342,-0.027910559748554054,0.8974999541186216,-0.2146798053461807,0.40001792953420223,Mterf4,FALSE,FALSE,FALSE,FALSE,0.09857375924776779,FALSE,TRUE,2.02585441707709
Sdhd,0.05647259839021235,0.6959603792131347,-0.05875787017352252,0.7042377193227982,-0.17923469647432277,0.33810804581489934,Sdhd,FALSE,FALSE,FALSE,FALSE,0.09815505501268589,FALSE,TRUE,2.025741204686428
Ndufb8,0.11869853557111476,0.6669943174551419,-0.01959093217869512,0.9529403133170532,-0.15594224320423855,0.6884502669466721,Ndufb8,FALSE,FALSE,FALSE,FALSE,0.0980772369846828,FALSE,TRUE,2.025720163664512
Suv39h1,-0.23308516835224058,0.19540892099334933,-0.026058834458771774,0.8988135904205636,-0.029920208482621113,0.9228714783128431,Suv39h1,FALSE,FALSE,FALSE,FALSE,0.09635473709787783,FALSE,TRUE,2.025254421229253
Cox5a,-0.010624680573491307,0.9600804335457782,-0.11310857904464777,0.5584253684346554,-0.16110665674325775,0.5214205425040812,Cox5a,FALSE,FALSE,FALSE,FALSE,0.09494663878713228,FALSE,TRUE,2.024873689049615
Mrpl19,-0.05992758347396521,0.7697344343635532,-0.0329759659668154,0.8809716222133253,-0.19061595379900975,0.4609619379459538,Mrpl19,FALSE,FALSE,FALSE,FALSE,0.09450650107993012,FALSE,TRUE,2.024754681316046
Tfb1m,0.07985928622550054,0.7367928039378974,-0.05580258058371568,0.8290397500629814,-0.14607634357119137,0.6487905668716706,Tfb1m,FALSE,FALSE,FALSE,FALSE,0.09391273679346919,FALSE,TRUE,2.0245941348760352
Nsa2,0.053255692927448806,0.771034052743557,0.012476345422247626,0.9529403133170532,-0.21398815748328737,0.3557754064164475,Nsa2,FALSE,FALSE,FALSE,FALSE,0.09324006527766127,FALSE,TRUE,2.0244122529076813
Ndufc1,-0.050555261443002486,0.7586499982032202,-0.06743730650268187,0.6901462024015291,-0.15841762337061294,0.4471474922198249,Ndufc1,FALSE,FALSE,FALSE,FALSE,0.09213673043876576,FALSE,TRUE,2.0241139249607776
Dkc1,0.026163303321323994,0.8914203345077808,-0.07823148407937985,0.6763380777220083,-0.1692483819721664,0.4655032212946332,Dkc1,FALSE,FALSE,FALSE,FALSE,0.09121438979095675,FALSE,TRUE,2.023864535580413
Pank1,-0.20224010605326903,0.27646476351526744,0.06660718177774516,0.7435321676007777,-2.999234929799144e-4,0.9991669576530677,Pank1,FALSE,FALSE,FALSE,FALSE,0.08971573710799803,FALSE,TRUE,2.02345931863061
Polr2d,-0.06704010201459498,0.6529372623384812,-0.03737663264795632,0.8215409439157584,-0.156112355397505,0.42319479030660206,Polr2d,FALSE,FALSE,FALSE,FALSE,0.08684303002001877,FALSE,TRUE,2.0226825745476704
Ncl,-0.10309206324896181,0.5254737136433404,-0.008674819383738708,0.965968932971312,-0.14800673812771947,0.5115438366847329,Ncl,FALSE,FALSE,FALSE,FALSE,0.08659120692014,FALSE,TRUE,2.0226144847296736
Ndufa6,0.00235601330272317,0.9889873011389633,-0.1022971713024523,0.5452400617349908,-0.15091499073298387,0.4874929153281715,Ndufa6,FALSE,FALSE,FALSE,FALSE,0.08518939177938645,FALSE,TRUE,2.0222354514406513
Idh3a,0.05233110371090355,0.7823813563255155,-0.029279450487130987,0.8881199380227645,-0.15737977397291392,0.5225787173452385,Idh3a,FALSE,FALSE,FALSE,FALSE,0.07966344272364949,FALSE,TRUE,2.020741303899599
Ndufs1,-0.005429710629661244,0.967734025235711,-0.02991043676958771,0.824123412011552,-0.1831696340804374,0.23752437562135068,Ndufs1,FALSE,FALSE,FALSE,FALSE,0.07283659382656212,FALSE,TRUE,2.0188954093048723
Ddx1,0.04798726592527558,0.6800527280092007,-0.01467202298982695,0.9127207367445599,-0.1424163843976496,0.34957674119544024,Ddx1,FALSE,FALSE,FALSE,FALSE,0.06835855777091737,FALSE,TRUE,2.017684604338377
Snrpert,-0.03061437573030318,0.9530768436187774,-0.0028535273865977206,0.9950707470871473,-0.1593697387318958,0.8162230695333773,Snrpert,FALSE,FALSE,FALSE,FALSE,0.0642792139495989,FALSE,TRUE,2.016581600767723
Gfm1,-0.04661798052582711,0.7462676162086103,-0.008937698076135092,0.9567552507999058,-0.13644085716518273,0.4588047508405315,Gfm1,FALSE,FALSE,FALSE,FALSE,0.06399884525571498,FALSE,TRUE,2.0165057925779752
Gm44432,3.466497295676559,0.018647158665054384,3.691859695669966,0.0704576830990092,3.9456922115862167,0.04913501460555962,Gm44432,TRUE,FALSE,TRUE,TRUE,3.701349734310914,FALSE,FALSE,1
AC129203.1,3.583727253055242,0.012339119127892623,2.7873055220967693,0.0704576830990092,3.279533600852818,0.04913501460555962,AC129203.1,TRUE,FALSE,TRUE,TRUE,3.2168554586682765,FALSE,FALSE,0.868998804856181
AC126030.2,2.5740085068708574,0.04867882065462501,3.0767256506964045,0.0704576830990092,3.2691781670374587,0.06466742049771497,AC126030.2,TRUE,FALSE,FALSE,TRUE,2.9733041082015736,FALSE,FALSE,0.8031455644898021
Gm48442,2.7827630807439676,0.01752676768374091,2.883320159800923,0.0704576830990092,2.8510121888218216,0.05475877694670262,Gm48442,TRUE,FALSE,FALSE,TRUE,2.8390318097889042,FALSE,FALSE,0.7668400136276461
Gm48266,2.574097123555088,0.02005871878534375,2.6171447666586674,0.0704576830990092,3.2979035667833942,0.042179419271414866,Gm48266,TRUE,FALSE,TRUE,TRUE,2.8297151523323834,FALSE,FALSE,0.7643209059252261
Gm37965,2.3598230647585976,0.03994617398770833,3.014725889862598,0.0704576830990092,3.055116570772568,0.05475877694670262,Gm37965,TRUE,FALSE,FALSE,TRUE,2.8098885084645877,FALSE,FALSE,0.7589600292896311
Gm42701,2.5302492744290346,0.03629755198506097,2.481674388392936,0.08120675934582743,3.1794779288670125,0.05475877694670262,Gm42701,TRUE,FALSE,FALSE,TRUE,2.730467197229661,FALSE,FALSE,0.7374854996311243
Gm45378,2.963000117081133,0.022473076415380377,2.7443632551418133,0.0704576830990092,2.392032741366041,0.12134744182846555,Gm45378,TRUE,FALSE,FALSE,TRUE,2.6997987045296625,FALSE,FALSE,0.7291931226125716
Mir15a,2.993893601916291,0.028848957200278042,2.7321830540859184,0.08414847600606047,2.360089973426407,0.16364376158938812,Mir15a,TRUE,FALSE,FALSE,TRUE,2.6953888764762053,FALSE,FALSE,0.7280007602371538
9330121K16Rik,3.100800886352601,0.02005871878534375,2.066327430489088,0.12061995108359509,2.897356282895501,0.06929544730311386,9330121K16Rik,TRUE,FALSE,FALSE,TRUE,2.6881615332457303,FALSE,FALSE,0.7260465769815292
Bpifb1,-2.276639502986597,0.2603357999753488,-2.6042502735157034,0.23786485142740968,-3.151096452737246,0.26249736858147227,Bpifb1,FALSE,FALSE,FALSE,FALSE,2.677328743079849,FALSE,FALSE,0.7231175259486963
Gm48139,2.3102185859106834,0.04535458321584738,2.8110765647140203,0.0704576830990092,2.8883409501602326,0.06750873220157737,Gm48139,TRUE,FALSE,FALSE,TRUE,2.6698787002616453,FALSE,FALSE,0.7211031275086678
Gm37788,2.850624729509028,0.027910305702979202,2.634924245022324,0.08120675934582743,2.463829083398058,0.12694410298332043,Gm37788,TRUE,FALSE,FALSE,TRUE,2.64979268597647,FALSE,FALSE,0.715672120354778
Gm43879,3.263691227574966,0.014455723425594891,2.2557979253306755,0.07744634452348378,2.3961722557594993,0.08297164312895335,Gm43879,TRUE,FALSE,FALSE,TRUE,2.63855380288838,FALSE,FALSE,0.7126332668726217
Gm44853,2.774203305714737,0.01870820162289862,2.620450540057632,0.0704576830990092,2.417870430287869,0.07902608801737694,Gm44853,TRUE,FALSE,FALSE,TRUE,2.604174758686746,FALSE,FALSE,0.7033376031161356
Gm38116,2.442066680109789,0.050538712105812414,2.4799585064270704,0.08932363389894,2.7910231082707604,0.09137478754353255,Gm38116,FALSE,FALSE,FALSE,FALSE,2.5710160982692067,FALSE,FALSE,0.6943719158780274
Mir384,2.6682229795259684,0.019351832112294208,2.4964740883946566,0.0704576830990092,2.483570510682416,0.06750873220157737,Mir384,TRUE,FALSE,FALSE,TRUE,2.5494225262010137,FALSE,FALSE,0.688533283946607
Gm26930,2.713098843811652,0.022606933826155737,2.643997537141314,0.0704576830990092,2.284240843849382,0.1060812261864935,Gm26930,TRUE,FALSE,FALSE,TRUE,2.5471124082674494,FALSE,FALSE,0.6879086569377147
Gm10484,1.8414372998482293,0.14174003031344232,2.7743793551901588,0.07591367106951656,2.897984901859906,0.0873081814626103,Gm10484,FALSE,FALSE,FALSE,FALSE,2.504600518966098,FALSE,FALSE,0.676413973540451
Gm48700,2.8058820501539286,0.022322491038525818,2.1425859326523775,0.09488953217474604,2.527801181941256,0.0873081814626103,Gm48700,TRUE,FALSE,FALSE,TRUE,2.492089721582521,FALSE,FALSE,0.6730312103338539
4930517O19Rik,2.4199769622079144,0.032794668164282115,2.5424778327112296,0.0704576830990092,2.5012031950527684,0.0873081814626103,4930517O19Rik,TRUE,FALSE,FALSE,TRUE,2.487885996657304,FALSE,FALSE,0.671894575667678
Gm37578,2.510669533079307,0.018647158665054384,2.456976757498281,0.0704576830990092,2.48401175338968,0.05475877694670262,Gm37578,TRUE,FALSE,FALSE,TRUE,2.483886014655756,FALSE,FALSE,0.6708130305409342
Gm37818,2.527796196200913,0.04571502526579462,2.599902774424412,0.08451455445915308,2.311053462888227,0.15226253824437358,Gm37818,TRUE,FALSE,FALSE,TRUE,2.4795841445045173,FALSE,FALSE,0.6696498586326215
Gm44830,2.497604828632595,0.023495574798305448,2.4955469326440496,0.0704576830990092,2.4307124277182357,0.07902608801737694,Gm44830,TRUE,FALSE,FALSE,TRUE,2.4746213963316266,FALSE,FALSE,0.6683079935693363
Gpr82,2.5248720145708297,0.022606933826155737,2.507780496011091,0.0704576830990092,2.3462154806198448,0.08297164312895335,Gpr82,TRUE,FALSE,FALSE,TRUE,2.459622663733922,FALSE,FALSE,0.6642525237841967
Gm47588,2.7629217350021995,0.027786737509906904,1.9816152298548673,0.13371534873841176,2.475066376373341,0.11553438602955379,Gm47588,TRUE,FALSE,FALSE,TRUE,2.4065344470768024,FALSE,FALSE,0.64989813369174
Gm38178,2.7576224290538525,0.022185208222215726,2.4483977846609006,0.07346255419668397,1.9894390247509408,0.15547972137647564,Gm38178,TRUE,FALSE,FALSE,TRUE,2.398486412821898,FALSE,FALSE,0.6477220458431221
Gm42664,2.4309002857565685,0.01661440266828112,2.3759188544792043,0.0704576830990092,2.355026515270184,0.05475877694670262,Gm42664,TRUE,FALSE,FALSE,TRUE,2.3872818851686524,FALSE,FALSE,0.6446924816410472
Gm37018,2.388014918314319,0.014989859019986373,2.300632789590029,0.0704576830990092,2.452167070818705,0.04913501460555962,Gm37018,TRUE,FALSE,TRUE,TRUE,2.3802715929076843,FALSE,FALSE,0.6427969862540766
Gm43300,2.264608437150919,0.025664562526706087,2.3732150180977616,0.0704576830990092,2.46514917470829,0.06396116089959382,Gm43300,TRUE,FALSE,FALSE,TRUE,2.36765754331899,FALSE,FALSE,0.6393863049420414
Gm45263,2.67660011349703,0.014455723425594891,2.1988666519591353,0.0704576830990092,2.225672940032511,0.05475877694670262,Gm45263,TRUE,FALSE,FALSE,TRUE,2.3670465684962254,FALSE,FALSE,0.6392211049881745
Gm43260,2.3464915739667607,0.022606933826155737,2.489356430910264,0.0704576830990092,2.211166901787047,0.07902608801737694,Gm43260,TRUE,FALSE,FALSE,TRUE,2.349004968888024,FALSE,FALSE,0.6343428820043308
Gm44680,2.3366601354777075,0.02005871878534375,2.1794922304056206,0.0704576830990092,2.5135408377746495,0.05475877694670262,Gm44680,TRUE,FALSE,FALSE,TRUE,2.3432310678859927,FALSE,FALSE,0.6327816913568151
Gm48966,2.129600857252367,0.04797254613385961,2.2642814603286734,0.08120675934582743,2.606925500667242,0.07072404792980423,Gm48966,TRUE,FALSE,FALSE,TRUE,2.333602606082761,FALSE,FALSE,0.6301782756571209
C79798,2.2349725698894556,0.022606933826155737,2.4706917537614035,0.0704576830990092,2.2874437430253005,0.06689091592938547,C79798,TRUE,FALSE,FALSE,TRUE,2.3310360222253865,FALSE,FALSE,0.629484303468684
Gm37106,2.1134778719456966,0.021166538341988103,2.0849449519375667,0.0704576830990092,2.763640029868041,0.042179419271414866,Gm37106,TRUE,FALSE,TRUE,TRUE,2.3206876179171014,FALSE,FALSE,0.6266862243161107
Gm44676,2.5836266204145253,0.017067316152640868,2.070706242266285,0.07346255419668397,2.3072650870619844,0.06750873220157737,Gm44676,TRUE,FALSE,FALSE,TRUE,2.320532649914265,FALSE,FALSE,0.6266443229055033
Gm42994,2.420741241566501,0.012478226943271664,1.961267649714596,0.0704576830990092,2.555669555030587,0.042179419271414866,Gm42994,TRUE,FALSE,TRUE,TRUE,2.312559482103895,FALSE,FALSE,0.6244884780075315
Gm42484,2.3178933438570812,0.08914610934975813,2.0101147596722146,0.17812959620448013,2.6061922807365647,0.14114928896260334,Gm42484,FALSE,FALSE,FALSE,FALSE,2.31140012808862,FALSE,FALSE,0.6241750031756682
Gm42843,2.320935619412796,0.014455723425594891,2.274923923194776,0.0704576830990092,2.3190310522998945,0.04913501460555962,Gm42843,TRUE,FALSE,TRUE,TRUE,2.3049635316358223,FALSE,FALSE,0.6224346279630684
Gm48230,2.117631889154551,0.08540540733367685,2.4060993298131885,0.09266666101677296,2.3849234629846876,0.1382791178741874,Gm48230,FALSE,FALSE,FALSE,FALSE,2.3028848939841424,FALSE,FALSE,0.6218725903285064
Gm48302,2.420944976774774,0.0395461514975449,1.8673052889284159,0.13849670483220658,2.5821113020281485,0.09143882993334339,Gm48302,TRUE,FALSE,FALSE,TRUE,2.2901205225771126,FALSE,FALSE,0.6184212638760678
Gm48328,3.003205595177446,0.014495712817790078,2.324279205230715,0.0704576830990092,1.5312788821882213,0.25155503903953663,Gm48328,TRUE,FALSE,FALSE,TRUE,2.2862545608654607,FALSE,FALSE,0.6173759561602339
Gm44562,2.281694571798866,0.02734049331395135,2.2443682680200476,0.07169446715868752,2.331973649751914,0.07885021915255766,Gm44562,TRUE,FALSE,FALSE,TRUE,2.286012163190276,FALSE,FALSE,0.6173104148592408
Gm22784,2.5149922189754763,0.01600573855620976,2.0930729818962606,0.0704576830990092,2.232880639474961,0.06396116089959382,Gm22784,TRUE,FALSE,FALSE,TRUE,2.280315280115566,FALSE,FALSE,0.6157700488964197
4930570B17Rik,2.411504035245381,0.022606933826155737,2.3661537530998182,0.0704576830990092,2.0317590713738625,0.10481145335959956,4930570B17Rik,TRUE,FALSE,FALSE,TRUE,2.269805619906354,FALSE,FALSE,0.6129283681642046
3110062G12Rik,2.0286378524284943,0.08644443979024696,2.441731613689429,0.08552652808667177,2.31273335131151,0.13764680466853033,3110062G12Rik,FALSE,FALSE,FALSE,FALSE,2.261034272476478,FALSE,FALSE,0.6105567054757005
Gm43374,2.656466555484113,0.012339119127892623,2.2188064876092675,0.0704576830990092,1.8884686023469899,0.07089670484826842,Gm43374,TRUE,FALSE,FALSE,TRUE,2.2545805484801233,FALSE,FALSE,0.6088116991894459
Gm10800,2.406560770847567,0.028862531926961057,2.3778536323578106,0.07242313242785868,1.9732154622831526,0.14643786774033146,Gm10800,TRUE,FALSE,FALSE,TRUE,2.2525432884961765,FALSE,FALSE,0.6082608495589488
Gm43509,2.5982244713449103,0.014466638834183743,2.071725688245499,0.0704576830990092,2.0585039926658197,0.07353349778815858,Gm43509,TRUE,FALSE,FALSE,TRUE,2.2428180507520765,FALSE,FALSE,0.6056312668547053
Gm43556,2.064395171940435,0.06916376650390683,2.231683110761859,0.09221513465510923,2.3914442113354895,0.11280678689985713,Gm43556,FALSE,FALSE,FALSE,FALSE,2.2291741646792613,FALSE,FALSE,0.6019421306320447
Gm16331,1.9660570106670399,0.07061071652447069,2.2685377948558365,0.08453473759992562,2.434958312699848,0.09610154956615466,Gm16331,FALSE,FALSE,FALSE,FALSE,2.223184372740908,FALSE,FALSE,0.600322565774346
Gm7968,2.0342749661401527,0.04827782009907931,2.369415175420509,0.0704576830990092,2.2093910480563594,0.1002620105675008,Gm7968,TRUE,FALSE,FALSE,TRUE,2.204360396539007,FALSE,FALSE,0.5952327979405836
Gm43807,2.0544687631888703,0.048912895340372485,2.3181712556409613,0.07346255419668397,2.226487653003499,0.1002620105675008,Gm43807,TRUE,FALSE,FALSE,TRUE,2.1997092239444433,FALSE,FALSE,0.5939751790184615
Gm44675,2.4118544913574937,0.015532072290935523,1.933683368879164,0.0704576830990092,2.2527248313226123,0.05475877694670262,Gm44675,TRUE,FALSE,FALSE,TRUE,2.1994208971864233,FALSE,FALSE,0.5938972190676604
n-R5s160,2.6501878385892512,0.022196427619339296,1.6830633450969836,0.14403030867861133,2.2391796554070167,0.10331495777946066,n-R5s160,TRUE,FALSE,FALSE,TRUE,2.1908102796977507,FALSE,FALSE,0.5915690157458642
Gm37598,2.0711618394044664,0.0689083121561852,2.2860319995596337,0.08967000640739733,2.1932713493860634,0.1396697986803263,Gm37598,FALSE,FALSE,FALSE,FALSE,2.1834883961167213,FALSE,FALSE,0.5895892699613624
Gm27010,2.2158711679460077,0.018486005374548642,1.8524471690988682,0.0704576830990092,2.4777506922656234,0.04913501460555962,Gm27010,TRUE,FALSE,TRUE,TRUE,2.1820230097701665,FALSE,FALSE,0.5891930478130378
Gm38125,2.4626996584575123,0.03298181707236668,2.0874821373336045,0.10035402473789132,1.9869567594162165,0.1665813896285624,Gm38125,TRUE,FALSE,FALSE,TRUE,2.179046185069111,FALSE,FALSE,0.5883881516291672
Gm44602,2.1709455223505523,0.05550740713080407,2.155882132277472,0.09752283151452619,2.161048221344236,0.1396697986803263,Gm44602,FALSE,FALSE,FALSE,FALSE,2.1626252919907536,FALSE,FALSE,0.583948147429447
Gm17893,1.5033928894228485,0.10224991667510554,2.4550593221821977,0.0704576830990092,2.5119757353234884,0.05475877694670262,Gm17893,FALSE,FALSE,FALSE,FALSE,2.1568093156428447,FALSE,FALSE,0.5823755801344183
Gm42440,1.798647155146151,0.07115017195230514,2.4577246487721545,0.0704576830990092,2.211240048057305,0.10022784058966161,Gm42440,FALSE,FALSE,FALSE,FALSE,2.1558706173252036,FALSE,FALSE,0.5821217678446294
Gm37960,2.0161585446695254,0.024270611013764994,2.2663700485512384,0.0704576830990092,2.1832521016160134,0.06281008220818142,Gm37960,TRUE,FALSE,FALSE,TRUE,2.155260231612259,FALSE,FALSE,0.581956727178693
AC126030.1,2.031196013649913,0.04286369960507845,2.4970861687851684,0.0704576830990092,1.9011453715677415,0.1368467972435788,AC126030.1,TRUE,FALSE,FALSE,TRUE,2.143142518000941,FALSE,FALSE,0.5786802489099093
Gm43031,2.148445761013457,0.03170019828586357,1.9387558959062205,0.08744001491958998,2.340157135751748,0.07133377250010331,Gm43031,TRUE,FALSE,FALSE,TRUE,2.1424529308904754,FALSE,FALSE,0.5784937931762333
Gm43593,2.0563864608958946,0.12854490058602966,2.65419435752993,0.09278943644870202,1.6959296736481502,0.3663776951357884,Gm43593,FALSE,FALSE,FALSE,FALSE,2.1355034973579916,FALSE,FALSE,0.5766147532286088
Gm13595,1.9485035104650537,0.026392833875682736,2.3712455945681907,0.0704576830990092,2.0851827578915754,0.06750873220157737,Gm13595,TRUE,FALSE,FALSE,TRUE,2.1349772876416067,FALSE,FALSE,0.5764724726998012
Gm42480,2.165413699341636,0.03150821843260566,1.9394899753724597,0.08832269569991538,2.2958617289851015,0.07902608801737694,Gm42480,TRUE,FALSE,FALSE,TRUE,2.1335884678997323,FALSE,FALSE,0.5760969532041713
Gm42995,1.976917695699164,0.02968321167135741,2.391697651049125,0.0704576830990092,1.9373946702099465,0.09610154956615466,Gm42995,TRUE,FALSE,FALSE,TRUE,2.1020033389860786,FALSE,FALSE,0.5675567292129343
Gm37058,1.9472844332276582,0.04571502526579462,2.3708243224478784,0.0704576830990092,1.9833735461543038,0.11696889052156478,Gm37058,TRUE,FALSE,FALSE,TRUE,2.100494100609947,FALSE,FALSE,0.5671486500240359
Gm15902,2.1365435185003046,0.027134440961391244,2.053279325251279,0.07346255419668397,2.089829879735315,0.0873081814626103,Gm15902,TRUE,FALSE,FALSE,TRUE,2.093217574495633,FALSE,FALSE,0.5651811683314897
Gm43874,2.446839587717321,0.024386792225678543,1.7354245180993049,0.12323954167012727,2.0838639581813347,0.11603095957534934,Gm43874,TRUE,FALSE,FALSE,TRUE,2.088709354665987,FALSE,FALSE,0.5639622020498524
Gm43889,2.342112515760445,0.01870820162289862,2.0685544531730873,0.0704576830990092,1.8453216571909088,0.1002620105675008,Gm43889,TRUE,FALSE,FALSE,TRUE,2.0853295420414804,FALSE,FALSE,0.5630483429695046
Gm43528,2.068217836243261,0.021715978915191857,1.9695808573627267,0.0704576830990092,2.2135087135925517,0.05475877694670262,Gm43528,TRUE,FALSE,FALSE,TRUE,2.0837691357328465,FALSE,FALSE,0.5626264286113425
Mir1955,2.220889866084973,0.014455723425594891,1.883570352093985,0.0704576830990092,2.123530790167228,0.05475877694670262,Mir1955,TRUE,FALSE,FALSE,TRUE,2.075997002782062,FALSE,FALSE,0.5605249410261302
Gm37879,1.9612137248733519,0.045179103780494376,2.1391249853761543,0.07556490478840473,2.1069124636925123,0.1002620105675008,Gm37879,TRUE,FALSE,FALSE,TRUE,2.0690837246473395,FALSE,FALSE,0.5586556770460572
C230086J09Rik,2.1889635174199205,0.022606933826155737,2.106554685226225,0.0704576830990092,1.9085930764960521,0.10016562231638436,C230086J09Rik,TRUE,FALSE,FALSE,TRUE,2.0680370930473995,FALSE,FALSE,0.5583726809460816
Gm48967,2.155048266294189,0.019351832112294208,1.8333641007636028,0.07169446715868752,2.209863423301818,0.05475877694670262,Gm48967,TRUE,FALSE,FALSE,TRUE,2.06609193011987,FALSE,FALSE,0.5578467332082723
Gm44601,1.964093196659217,0.015075011701486923,2.0897176003493727,0.0704576830990092,2.14041296029333,0.04913501460555962,Gm44601,TRUE,FALSE,TRUE,TRUE,2.0647412524339734,FALSE,FALSE,0.5574815268477392
Gm44153,1.737109314436157,0.05581051371273738,2.130404052524769,0.0704576830990092,2.293338647535109,0.06750873220157737,Gm44153,FALSE,FALSE,FALSE,FALSE,2.053617338165345,FALSE,FALSE,0.5544737594970625
Gm28988,1.9481815749878315,0.031116557088811402,2.0768991798760066,0.0704576830990092,2.1139529438449247,0.07133377250010331,Gm28988,TRUE,FALSE,FALSE,TRUE,2.0463445662362543,FALSE,FALSE,0.5525072928892669
Gm43751,1.7273511772130707,0.04153149256216817,2.014552717542106,0.0704576830990092,2.3715524316706853,0.05475877694670262,Gm43751,TRUE,FALSE,FALSE,TRUE,2.0378187754752872,FALSE,FALSE,0.5502020256541663
Gm43665,2.1455108869644555,0.026428813291045263,1.7699716289962062,0.091943241723137,2.1936365424737665,0.07576596155113037,Gm43665,TRUE,FALSE,FALSE,TRUE,2.036373019478143,FALSE,FALSE,0.54981111130691
Gm26543,2.153231310595842,0.034951996629719685,2.1180260762135954,0.07988615261437133,1.7928561400849303,0.15883623617793824,Gm26543,TRUE,FALSE,FALSE,TRUE,2.021371175631456,FALSE,FALSE,0.5457548002789413
Gm43896,2.2713630319969553,0.019435742666429615,1.8994093581420808,0.07424451517651934,1.8871535673214068,0.09610154956615466,Gm43896,TRUE,FALSE,FALSE,TRUE,2.0193086524868145,FALSE,FALSE,0.5451971198056241
Gm42873,1.8581356097641748,0.02724807363047442,2.158235408884723,0.0704576830990092,2.027295166470455,0.06689091592938547,Gm42873,TRUE,FALSE,FALSE,TRUE,2.014555395039784,FALSE,FALSE,0.5439118984156267
Gm49344,1.9574476611280893,0.030169890259194632,1.9004296325149876,0.07591367106951656,2.1559928781271713,0.06750873220157737,Gm49344,TRUE,FALSE,FALSE,TRUE,2.0046233905900825,FALSE,FALSE,0.5412264085791186
Gm45457,1.9257748839264663,0.031830233221311975,2.2499603653398896,0.0704576830990092,1.821095456265475,0.10417470393813735,Gm45457,TRUE,FALSE,FALSE,TRUE,1.9989435685106103,FALSE,FALSE,0.5396906556961188
Gm44829,2.0770673580734775,0.027910305702979202,2.073351654749713,0.0704576830990092,1.8448976684380605,0.11558118690629755,Gm44829,TRUE,FALSE,FALSE,TRUE,1.9984388937537503,FALSE,FALSE,0.5395541979511436
Gm45719,1.994056127263017,0.025664562526706087,2.187717586614591,0.0704576830990092,1.8134333000435472,0.1002620105675008,Gm45719,TRUE,FALSE,FALSE,TRUE,1.9984023379737184,FALSE,FALSE,0.5395443137252315
Gm48770,1.9201670987274435,0.0679404956072581,2.219021194913548,0.08391551919875744,1.8435949869458723,0.17891057821632086,Gm48770,FALSE,FALSE,FALSE,FALSE,1.9942610935289546,FALSE,FALSE,0.5384245729998594
Lrrc19,2.0221254786006053,0.024720412701602988,1.9639642162444688,0.0704576830990092,1.9785061372820683,0.08010653915669237,Lrrc19,TRUE,FALSE,FALSE,TRUE,1.9881986107090475,FALSE,FALSE,0.536785353436546
Evi2,1.582388124564138,0.1427241655072689,2.127916621202718,0.09180503249903499,2.209982892000445,0.12049300589085365,Evi2,FALSE,FALSE,FALSE,FALSE,1.9734292125891004,FALSE,FALSE,0.5327918928271269
Gm37964,2.0358132344542974,0.03479715299470105,1.9800259508423563,0.08120675934582743,1.901209479005177,0.11940502573778203,Gm37964,TRUE,FALSE,FALSE,TRUE,1.972349554767277,FALSE,FALSE,0.532499966849637
Gm37152,1.7776987717000883,0.035296402703282465,2.174853429087242,0.0704576830990092,1.9517084777804112,0.07885021915255766,Gm37152,TRUE,FALSE,FALSE,TRUE,1.9680868928559139,FALSE,FALSE,0.531347396359218
Gm42436,2.3456624217781314,0.023478178854300733,1.8854104673339966,0.09085111530551959,1.6470665018285309,0.18385446551014545,Gm42436,TRUE,FALSE,FALSE,TRUE,1.9593797969802196,FALSE,FALSE,0.5289931064877127
Gm42840,1.9218210262563753,0.022606933826155737,1.7375889696550741,0.07242313242785868,2.2141959208415694,0.05475877694670262,Gm42840,TRUE,FALSE,FALSE,TRUE,1.957868638917673,FALSE,FALSE,0.528584508239607
C130023A14Rik,1.8913138091798758,0.0303488081300097,2.007381418760806,0.0704576830990092,1.9638469949560724,0.08096894039228028,C130023A14Rik,TRUE,FALSE,FALSE,TRUE,1.9541807409655847,FALSE,FALSE,0.5275873467382638
Gm38374,1.9186356295686477,0.042154818975771995,1.7692830633877519,0.09672232215190309,2.1695958232998724,0.08297164312895335,Gm38374,TRUE,FALSE,FALSE,TRUE,1.9525048387520907,FALSE,FALSE,0.5271342037313197
Gm47018,1.9290076321847063,0.026392833875682736,1.971597803732907,0.0704576830990092,1.9099157010811871,0.08120671169169796,Gm47018,TRUE,FALSE,FALSE,TRUE,1.9368403789996,FALSE,FALSE,0.5228987296462304
Gm45265,2.25977613849048,0.014455723425594891,1.7697944082297303,0.0704576830990092,1.7705879424559046,0.07118474089696969,Gm45265,TRUE,FALSE,FALSE,TRUE,1.933386163058705,FALSE,FALSE,0.5219647528392972
Gm43373,2.1409233326823713,0.018647158665054384,1.8774813123761502,0.0704576830990092,1.7772654009303857,0.0873081814626103,Gm43373,TRUE,FALSE,FALSE,TRUE,1.9318900153296357,FALSE,FALSE,0.5215602131977095
Sorbs2os,2.107601378461079,0.029633515864581787,1.9114390405148545,0.08453473759992562,1.7691756017248543,0.1385795333536138,Sorbs2os,TRUE,FALSE,FALSE,TRUE,1.929405340233596,FALSE,FALSE,0.5208883881143408
Gm37342,1.9727298926167443,0.040986524960017416,1.9812290258058458,0.08414847600606047,1.809804831868288,0.1396697986803263,Gm37342,TRUE,FALSE,FALSE,TRUE,1.9212545834302928,FALSE,FALSE,0.5186845253728397
Gm48766,1.8383338657078199,0.11086940787250146,1.909197994451761,0.13687665003209518,2.0136390416383874,0.18591274033781455,Gm48766,FALSE,FALSE,FALSE,FALSE,1.9203903005993228,FALSE,FALSE,0.5184508341003286
Gm47022,1.894515225599279,0.021527426362789856,1.7221478440989868,0.0704576830990092,2.118298808089471,0.05475877694670262,Gm47022,TRUE,FALSE,FALSE,TRUE,1.911653959262579,FALSE,FALSE,0.5160886366217726
Gm37686,1.777341675260375,0.027432391525268662,1.8937566433914865,0.0704576830990092,2.0628323285520134,0.05475877694670262,Gm37686,TRUE,FALSE,FALSE,TRUE,1.911310215734625,FALSE,FALSE,0.5159956926691837
Gm43609,1.725160184279282,0.07769624280181225,2.239340514931396,0.07242313242785868,1.75830243842833,0.16735442230976913,Gm43609,FALSE,FALSE,FALSE,FALSE,1.9076010458796693,FALSE,FALSE,0.5149927795112396
Gm48225,1.9050847410386602,0.02300251776828198,1.9345174208059337,0.0704576830990092,1.8752969917094346,0.07089670484826842,Gm48225,TRUE,FALSE,FALSE,TRUE,1.9049663845180096,FALSE,FALSE,0.5142804000167267
Gm42888,2.4055210395326694,0.01071828627468486,1.6538851136830843,0.0704576830990092,1.6443377413950762,0.06750873220157737,Gm42888,TRUE,FALSE,FALSE,TRUE,1.9012479648702767,FALSE,FALSE,0.5132749858304535
Gm37215,1.9450180849349636,0.03991030933470372,1.7618434388900373,0.0960072945197005,1.9967357929732532,0.1002620105675008,Gm37215,TRUE,FALSE,FALSE,TRUE,1.901199105599418,FALSE,FALSE,0.513261774894436
A430028G04Rik,1.9113772672729574,0.05407526765801286,1.7998984373535352,0.10782108313813464,1.9613458383310625,0.12751977623026692,A430028G04Rik,FALSE,FALSE,FALSE,FALSE,1.8908738476525184,FALSE,FALSE,0.5104699542286131
Gm37900,1.8897170889517847,0.05997385598308451,1.5487173113239838,0.15552494906570236,2.19394074510504,0.1002620105675008,Gm37900,FALSE,FALSE,FALSE,FALSE,1.8774583817936028,FALSE,FALSE,0.5068425799761558
Gm19035,1.905976328938786,0.02238184647178106,2.0301566124532413,0.0704576830990092,1.6857862228966423,0.09426068913991319,Gm19035,TRUE,FALSE,FALSE,TRUE,1.87397305476289,FALSE,FALSE,0.5059001911194766
Gm43980,1.8341733865652217,0.0297170459751871,1.835228111453002,0.07242313242785868,1.9343607838372783,0.07734782438526644,Gm43980,TRUE,FALSE,FALSE,TRUE,1.8679207606185007,FALSE,FALSE,0.5042637264466479
Gm43426,1.6615287984304545,0.02993462107179225,1.9294889800256663,0.0704576830990092,1.9985061441222127,0.05475877694670262,Gm43426,TRUE,FALSE,FALSE,TRUE,1.8631746408594445,FALSE,FALSE,0.5029804349982456
Slitrk4,2.623792715061943,0.02085428041126281,1.5491608161328392,0.15412885058219658,1.4134854472988898,0.2898482140873195,Slitrk4,TRUE,FALSE,FALSE,TRUE,1.8621463261645572,FALSE,FALSE,0.5027023915604042
Gm38104,2.044894550171608,0.023781062591481793,1.8982047442946088,0.07346255419668397,1.637628940097759,0.13169210673917184,Gm38104,TRUE,FALSE,FALSE,TRUE,1.8602427448546586,FALSE,FALSE,0.5021876869721623
5330437M03Rik,2.045683284737588,0.0474973240472792,1.6873790824367154,0.13249902234155334,1.843883532079192,0.162978954396471,5330437M03Rik,TRUE,FALSE,FALSE,TRUE,1.8589819664178318,FALSE,FALSE,0.5018467882446865
Gm37402,1.966642588941872,0.03193898438343394,2.2492518038261142,0.0704576830990092,1.357349622032774,0.23743423907696548,Gm37402,TRUE,FALSE,FALSE,TRUE,1.8577480049335868,FALSE,FALSE,0.5015131404859321
Gm43229,2.3629516965975186,0.014455723425594891,1.5158790731795815,0.08619756464540504,1.649915980305761,0.10016562231638436,Gm43229,TRUE,FALSE,FALSE,TRUE,1.8429155833609536,FALSE,FALSE,0.4975026391228054
4930509H03Rik,1.9467936610276197,0.02095553687999382,1.9117314822845328,0.0704576830990092,1.6669815490829567,0.09456135999597252,4930509H03Rik,TRUE,FALSE,FALSE,TRUE,1.841835564131703,FALSE,FALSE,0.49721061542526535
Gm37755,1.6363367402829767,0.031333342345509635,1.9078204743766727,0.0704576830990092,1.9769202688769743,0.05475877694670262,Gm37755,TRUE,FALSE,FALSE,TRUE,1.8403591611788745,FALSE,FALSE,0.49681141452433036
Gm45264,1.9770999121196982,0.02133636204430572,1.8030700760939717,0.0704576830990092,1.7164749177890457,0.09426829161983405,Gm45264,TRUE,FALSE,FALSE,TRUE,1.832214968667572,FALSE,FALSE,0.49460932668532165
Gm43658,1.902489449217292,0.020090537798091227,1.7474060804816076,0.0704576830990092,1.8239047859227075,0.06750873220157737,Gm43658,TRUE,FALSE,FALSE,TRUE,1.8246001052072023,FALSE,FALSE,0.49255036280418546
Gm48586,1.9739767888419748,0.023298544871650877,1.8669928834471419,0.0704576830990092,1.6164419382884192,0.12049300589085365,Gm48586,TRUE,FALSE,FALSE,TRUE,1.8191372035258453,FALSE,FALSE,0.4910732624849677
Gm19032,1.6992820906789228,0.056177072172689704,1.631019491423121,0.10558417467957514,2.1236468948947844,0.07902608801737694,Gm19032,FALSE,FALSE,FALSE,FALSE,1.8179828256656094,FALSE,FALSE,0.4907611331432167
Gm37720,1.6082453554211043,0.12021432934316903,1.8317509739462101,0.1184387877991451,2.0123775410724547,0.1385795333536138,Gm37720,FALSE,FALSE,FALSE,FALSE,1.8174579568132563,FALSE,FALSE,0.49061921516728013
E030026E10Rik,2.3644120048019563,0.02300251776828198,1.1429425043665506,0.2600499674440797,1.9351454530729815,0.12049300589085365,E030026E10Rik,TRUE,FALSE,FALSE,TRUE,1.8141666540804962,FALSE,FALSE,0.48972928805513877
AC154782.1,2.105384281335655,0.021496043891551218,1.6747842089481835,0.08521930057579834,1.6496595953818243,0.12049300589085365,AC154782.1,TRUE,FALSE,FALSE,TRUE,1.8099426952218876,FALSE,FALSE,0.48858718238633164
Gm37077,1.4096957733290258,0.18539942910671733,2.0006933939281852,0.10148704571398474,2.0169819817919525,0.14460170598631522,Gm37077,FALSE,FALSE,FALSE,FALSE,1.8091237163497211,FALSE,FALSE,0.4883657407379055
Gm45222,1.6541231204761833,0.090841266631725745,1.785615732497094,0.11016285583736615,1.9639798068294654,0.12751977623026692,Gm45222,FALSE,FALSE,FALSE,FALSE,1.801239553267581,FALSE,FALSE,0.4862339616057389
Gm28791,1.8024496857647305,0.07218456160406528,1.6304715519873498,0.13931143725561845,1.944782005541579,0.13824671090470514,Gm28791,FALSE,FALSE,FALSE,FALSE,1.7925677477645532,FALSE,FALSE,0.48388921380981387
Gm44286,1.9346265988031544,0.015571191153496351,1.7396842445520984,0.0704576830990092,1.7003442347879179,0.06396116089959382,Gm44286,TRUE,FALSE,FALSE,TRUE,1.7915516927143902,FALSE,FALSE,0.48361448522663975
Gm37370,1.7601352511791042,0.09346529820091805,1.853675989175207,0.1184387877991451,1.7537722965135336,0.2079228557265757,Gm37370,FALSE,FALSE,FALSE,FALSE,1.7891945122892816,FALSE,FALSE,0.48297713310839385
Gm37773,1.900223234218389,0.014455723425594891,1.6803238269123515,0.0704576830990092,1.7788053282967389,0.05475877694670262,Gm37773,TRUE,FALSE,FALSE,TRUE,1.7864507964758265,FALSE,FALSE,0.4822352666534789
Gm15738,1.5843504111393065,0.08661669817412042,1.948518092826844,0.08451455445915308,1.8157986652058766,0.13467244691507405,Gm15738,FALSE,FALSE,FALSE,FALSE,1.7828890563906756,FALSE,FALSE,0.4812722166621709
Mir466i,1.819939442957585,0.12523250665759977,2.0951382859794117,0.11810101977090215,1.4287871597917066,0.3914319653212424,Mir466i,FALSE,FALSE,FALSE,FALSE,1.781288296242901,FALSE,FALSE,0.4808393911303957
Gm37588,1.7316667331260382,0.024867742227035357,1.867431849438489,0.0704576830990092,1.7398697536753842,0.07293789400268508,Gm37588,TRUE,FALSE,FALSE,TRUE,1.7796561120799705,FALSE,FALSE,0.48039806893777515
5730408A14Rik,1.5521233919795696,0.05249672667832524,1.7541910492409816,0.07606648934127645,2.0186163880906967,0.06750873220157737,5730408A14Rik,FALSE,FALSE,FALSE,FALSE,1.7749769431037492,FALSE,FALSE,0.4791328801440545
Gm37602,1.568765077982332,0.048712033332651436,1.9004639354585036,0.0704576830990092,1.854156811574208,0.08010653915669237,Gm37602,TRUE,FALSE,FALSE,TRUE,1.7744619416716811,FALSE,FALSE,0.47899363019520375
Gm42721,1.3883322435131082,0.13850453621688583,1.9131249817266396,0.0882094687221208,2.0198626666242743,0.10481145335959956,Gm42721,FALSE,FALSE,FALSE,FALSE,1.7737732972880074,FALSE,FALSE,0.47880742936306664
Gad1,2.2731704881628514,0.11878371677993302,0.6895848144385164,0.7163836545880186,2.3412280961066756,0.23115651415177713,Gad1,FALSE,FALSE,FALSE,FALSE,1.7679944662360145,FALSE,FALSE,0.47724490569167516
Gm37181,1.664867452987751,0.0340314453499057,2.0321993199105868,0.0704576830990092,1.5998606097421402,0.10417470393813735,Gm37181,TRUE,FALSE,FALSE,TRUE,1.7656424608801593,FALSE,FALSE,0.47660895284745836
Gm10933,1.958958086062118,0.024629542147386174,1.7464801236466432,0.0794588707975626,1.5719767967598388,0.13467244691507405,Gm10933,TRUE,FALSE,FALSE,TRUE,1.7591383354895334,FALSE,FALSE,0.4748503186542946
Grm3,1.5887163969923992,0.22243001581797078,1.4742235912860442,0.2940906381589807,2.205945506240607,0.19418998313139585,Grm3,FALSE,FALSE,FALSE,FALSE,1.7562951648396834,FALSE,FALSE,0.47408156085497044
Gm37159,1.817426836732452,0.03856626136853787,1.6014019459882838,0.09968431829754035,1.8493744157385004,0.1002620105675008,Gm37159,TRUE,FALSE,FALSE,TRUE,1.7560677328197454,FALSE,FALSE,0.4740200660800604
Gm38111,1.383387876439832,0.19321930810021737,1.7240244342957423,0.13988751581983697,2.159618808330331,0.1212875474085951,Gm38111,FALSE,FALSE,FALSE,FALSE,1.7556770396886352,FALSE,FALSE,0.47391442754172675
Gm17910,1.5482106242010722,0.0759119051912704,1.7244920372123458,0.09180503249903499,1.9803824741208549,0.0945307768205195,Gm17910,FALSE,FALSE,FALSE,FALSE,1.7510283785114242,FALSE,FALSE,0.4726574876754599
Gm38235,1.577329251487439,0.05273948396062499,1.827766495466804,0.07346255419668397,1.8327916675847358,0.09143882993334339,Gm38235,FALSE,FALSE,FALSE,FALSE,1.7459624715129929,FALSE,FALSE,0.47128772975540667
Gm45262,1.8007029639070273,0.023298544871650877,1.5977037859420893,0.07624695686650206,1.8255778537643113,0.06750873220157737,Gm45262,TRUE,FALSE,FALSE,TRUE,1.741328201204476,FALSE,FALSE,0.47003468100012474
Gm37655,1.7531950831573433,0.0337878306094452,1.8291298466862504,0.07139324434162915,1.6379621309350647,0.11558118690629755,Gm37655,TRUE,FALSE,FALSE,TRUE,1.7400956869262194,FALSE,FALSE,0.4697014245477771
Gm42639,1.9320500287165938,0.026428813291045263,1.442436912352725,0.11482521920437533,1.840902819940911,0.09426829161983405,Gm42639,TRUE,FALSE,FALSE,TRUE,1.7384632536700766,FALSE,FALSE,0.46926003500346597
Gm38331,1.451249731398972,0.17949694450973444,1.7720807569392527,0.13719591813254925,1.985696412475743,0.15883623617793824,Gm38331,FALSE,FALSE,FALSE,FALSE,1.7363423002713225,FALSE,FALSE,0.46868655571991286
Gm26493,2.0915810886720854,0.03989274916517326,1.5082267205998794,0.1589055123784225,1.6067721983650967,0.2157661235667044,Gm26493,TRUE,FALSE,FALSE,TRUE,1.7355266692123539,FALSE,FALSE,0.4684660192783221
Gm10848,0.6779879792748962,0.5827961485876928,2.1979423120053956,0.08967000640739733,2.3301930024868964,0.10635230841372274,Gm10848,FALSE,FALSE,FALSE,FALSE,1.7353744312557293,FALSE,FALSE,0.4684248560380803
Gm15426,0.6791379579513459,0.7190637333818326,2.206797222377899,0.1829057598523067,2.3187729226430123,0.25445387841808387,Gm15426,FALSE,FALSE,FALSE,FALSE,1.7349027009907525,FALSE,FALSE,0.468297306071849
4930480K15Rik,1.8054886044005167,0.0236607160708395,1.598302756200137,0.07860560439896262,1.7944459780334947,0.07221131586249947,4930480K15Rik,TRUE,FALSE,FALSE,TRUE,1.732745779544716,FALSE,FALSE,0.46771410147797154
Gm47424,2.0117887382526596,0.05103953858233119,1.3436073603432388,0.21833628945971995,1.8311904057098047,0.16578604948451955,Gm47424,FALSE,FALSE,FALSE,FALSE,1.728862168101901,FALSE,FALSE,0.46666402149548225
Gm47017,1.8299329415818495,0.04535458321584738,1.7186598996452471,0.09655228577148173,1.6237717716685822,0.162978954396471,Gm47017,TRUE,FALSE,FALSE,TRUE,1.724121537631893,FALSE,FALSE,0.4653822142822133
Gm48278,1.356734922363985,0.11872875333893584,1.6559197334811573,0.10008913674570144,2.151630554725417,0.07232951459703167,Gm48278,FALSE,FALSE,FALSE,FALSE,1.72142840352352,FALSE,FALSE,0.4646540244879964
2700078F05Rik,1.7202018422378265,0.04207332182993489,1.725761274026916,0.08453473759992562,1.703576034093717,0.11932114837495757,2700078F05Rik,TRUE,FALSE,FALSE,TRUE,1.7165130501194865,FALSE,FALSE,0.4633249743776963
2810442N19Rik,1.2838340024039292,0.07061071652447069,1.7393860047379477,0.0704576830990092,2.1221241134403064,0.05475877694670262,2810442N19Rik,FALSE,FALSE,FALSE,FALSE,1.7151147068607278,FALSE,FALSE,0.4629468798421609
Gm15789,1.810638531813114,0.057153782688960535,1.9208991830397362,0.08744001491958998,1.403913591967063,0.2633479032130802,Gm15789,FALSE,FALSE,FALSE,FALSE,1.7118171022733044,FALSE,FALSE,0.46205524878730225
Gm15563,1.5659040694910007,0.09852016257814526,1.47225249237036,0.1564280205671835,2.087871161282238,0.1002620105675008,Gm15563,FALSE,FALSE,FALSE,FALSE,1.7086759077145328,FALSE,FALSE,0.46120590904880376
Gm42445,1.5633548371896189,0.036620985270356114,1.7262371158136767,0.0704576830990092,1.834533252445993,0.06750873220157737,Gm42445,TRUE,FALSE,FALSE,TRUE,1.7080417351497628,FALSE,FALSE,0.4610344367155092
Gm38148,1.7540545506413234,0.02300251776828198,1.6757209304732383,0.0704576830990092,1.693341302345415,0.07513088382899759,Gm38148,TRUE,FALSE,FALSE,TRUE,1.7077055944866588,FALSE,FALSE,0.4609435484825272
Gm47798,1.2995644643130293,0.15631825374723948,1.7983754451761218,0.09301148385245883,2.0230344740612844,0.1002620105675008,Gm47798,FALSE,FALSE,FALSE,FALSE,1.7069914611834784,FALSE,FALSE,0.4607504557652097
Gm36989,1.5866958447952677,0.0297170459751871,1.7334788658113256,0.0704576830990092,1.7871427336456822,0.06750873220157737,Gm36989,TRUE,FALSE,FALSE,TRUE,1.702439148084092,FALSE,FALSE,0.4595195672146742
Gm14429,1.7538833478181564,0.02504287528015629,1.7771309269608098,0.0704576830990092,1.572902541728729,0.1002620105675008,Gm14429,TRUE,FALSE,FALSE,TRUE,1.701305605502565,FALSE,FALSE,0.45921307147181023
Gm16185,1.6028959824821523,0.028929374715453263,1.703510100681743,0.0704576830990092,1.785446287642373,0.06750873220157737,Gm16185,TRUE,FALSE,FALSE,TRUE,1.6972841236020895,FALSE,FALSE,0.45812571304118116
Gm36952,1.5612256842203807,0.06873232572712132,1.7239408077345917,0.08967000640739733,1.8002249950637281,0.11398200301356956,Gm36952,FALSE,FALSE,FALSE,FALSE,1.6951304956729,FALSE,FALSE,0.4575433989730847
Gm44799,1.6111659293440792,0.03451993232500258,1.8483715797756992,0.0704576830990092,1.6114339315344344,0.10016562231638436,Gm44799,TRUE,FALSE,FALSE,TRUE,1.6903238135514043,FALSE,FALSE,0.4562437322190097
Gm13854,1.6288185224129499,0.0999833095098056,1.4372806976295271,0.1819910130319588,1.9964096245452103,0.12694410298332043,Gm13854,FALSE,FALSE,FALSE,FALSE,1.6875029481958959,FALSE,FALSE,0.455481005492422
Gm42463,1.654020194330149,0.05275902261457179,1.526162193832854,0.1096990708396276,1.8760193686750757,0.09817251161680973,Gm42463,FALSE,FALSE,FALSE,FALSE,1.6854005856126928,FALSE,FALSE,0.45491255293297755
Gm47023,1.7733875244698458,0.034025200692420224,1.58391971325588,0.09085111530551959,1.6874033015778038,0.11120272562056288,Gm47023,TRUE,FALSE,FALSE,TRUE,1.6815701797678433,FALSE,FALSE,0.45387685907901903
A230004M16Rik,1.6263552934498764,0.03472358988924679,1.7142821286771432,0.0704576830990092,1.6904265303517327,0.08739837692683756,A230004M16Rik,TRUE,FALSE,FALSE,TRUE,1.6770213174929174,FALSE,FALSE,0.45264690358827664
Gm44679,1.8004833709477452,0.041764459158763395,1.4914449648983676,0.1212335433577694,1.7390818940635189,0.12398760476110553,Gm44679,TRUE,FALSE,FALSE,TRUE,1.6770034099698772,FALSE,FALSE,0.4526420616179206
Gm37138,2.050052029903506,0.022606933826155737,1.7807607217152597,0.07684192185984365,1.1915314494110718,0.2635890104752613,Gm37138,TRUE,FALSE,FALSE,TRUE,1.6741147336766125,FALSE,FALSE,0.4518609996615139
Gm45088,1.5912452114884181,0.06637086220382349,1.710699837103903,0.091288359702255,1.715568153832097,0.1292749882901919,Gm45088,FALSE,FALSE,FALSE,FALSE,1.6725044008081393,FALSE,FALSE,0.4514255857857368
Gm43747,1.4724958776404966,0.06230587355262189,1.7311262212694665,0.07810208927709161,1.8052064748504582,0.0899475958867595,Gm43747,FALSE,FALSE,FALSE,FALSE,1.669609524586807,FALSE,FALSE,0.45064284744629013
AC112155.1,1.3918403491918128,0.09040739329995418,2.0225747487154906,0.0704576830990092,1.588074716707311,0.13969684197102653,AC112155.1,FALSE,FALSE,FALSE,FALSE,1.667496604871538,FALSE,FALSE,0.4500715403703169
Gm43201,1.452039793050167,0.09821692376104002,1.8956313957457684,0.08226320350755506,1.6531446779624055,0.1509383888453483,Gm43201,FALSE,FALSE,FALSE,FALSE,1.6669386222527802,FALSE,FALSE,0.4499206688459221
mt-Ti,1.8249466813396087,0.023298544871650877,1.6134818095808119,0.07684192185984365,1.5570373217309388,0.10494105333188405,mt-Ti,TRUE,FALSE,FALSE,TRUE,1.6651552708837865,FALSE,FALSE,0.4494384729306253
Gm45159,1.4410855640056217,0.02583813205944579,1.6835612362543269,0.0704576830990092,1.86753864847898,0.04913501460555962,Gm45159,TRUE,FALSE,TRUE,TRUE,1.6640618162463094,FALSE,FALSE,0.449142816466666
4930518C09Rik,1.724231955798623,0.054635306882139086,1.74757743440643,0.09180503249903499,1.5091705060367198,0.1957227309825472,4930518C09Rik,FALSE,FALSE,FALSE,FALSE,1.660326632080591,FALSE,FALSE,0.448132869364314
Gm45413,1.3418230855696391,0.17203974892575064,1.766647571028689,0.11278448655616846,1.8705393846712852,0.14421382044332418,Gm45413,FALSE,FALSE,FALSE,FALSE,1.6596700137565379,FALSE,FALSE,0.44795532797831894
Gm20732,1.2432015744609624,0.18517283596554768,2.232362810788724,0.0704576830990092,1.494860986526187,0.22883549576023568,Gm20732,FALSE,FALSE,FALSE,FALSE,1.6568084572586244,FALSE,FALSE,0.44718159887553227
Gm38253,1.4888455748841265,0.0804871509271483,1.957446791474979,0.07317170719642314,1.5195299989937259,0.17235863147628205,Gm38253,FALSE,FALSE,FALSE,FALSE,1.655274121784277,FALSE,FALSE,0.4467667337450321
Gm42576,1.6575537272669782,0.08291065785612592,1.4903277214409887,0.15390060960470875,1.7990602421921578,0.1487448788016375,Gm42576,FALSE,FALSE,FALSE,FALSE,1.648980563633375,FALSE,FALSE,0.44506503430104655
9430018G01Rik,1.6208499714936053,0.028862531926961057,1.6929755788931495,0.0704576830990092,1.6305909493804895,0.08394283029971654,9430018G01Rik,TRUE,FALSE,FALSE,TRUE,1.648138833255748,FALSE,FALSE,0.4448374409299758
Gm43484,1.679744786451625,0.025043567645686424,1.8788853148539086,0.0704576830990092,1.384551451539975,0.12595684420104247,Gm43484,TRUE,FALSE,FALSE,TRUE,1.6477271842818362,FALSE,FALSE,0.4447261361937317
Gm43259,1.2656483418550137,0.11648782350190107,1.5823661782479486,0.0940880714084882,2.090117931457162,0.06750873220157737,Gm43259,FALSE,FALSE,FALSE,FALSE,1.6460441505200414,FALSE,FALSE,0.4442710649052834
Gm14197,1.3004540681863257,0.1978132493586304,1.9140561167326406,0.09952388076120047,1.7217950688948547,0.1935793337310282,Gm14197,FALSE,FALSE,FALSE,FALSE,1.645435084604607,FALSE,FALSE,0.44410638109609407
Tacr1,-1.6006576990217036,0.07082126696660301,-1.9327711277040605,0.08453473759992562,-1.4023311312472573,0.2133104250217475,Tacr1,FALSE,FALSE,FALSE,FALSE,1.6452533193243404,FALSE,FALSE,0.4440572340366804
Gm10513,1.7220212244592201,0.031968617370469646,1.9405477256492776,0.0704576830990092,1.2577572214719008,0.209869959752165,Gm10513,TRUE,FALSE,FALSE,TRUE,1.6401087238601328,FALSE,FALSE,0.44266619973921895
Col10a1,1.332134829489505,0.06416751596950533,1.9865668605856641,0.0704576830990092,1.601489805337091,0.09610154956615466,Col10a1,FALSE,FALSE,FALSE,FALSE,1.6400638318040868,FALSE,FALSE,0.44265406148848996
C130051F05Rik,1.584950421755702,0.08448967470508639,1.9306018216099283,0.08453473759992562,1.3969892059287714,0.25513680733211563,C130051F05Rik,FALSE,FALSE,FALSE,FALSE,1.6375138164314673,FALSE,FALSE,0.441964569211197
Gm43389,1.7157761594219312,0.07051692367604243,1.933226174474202,0.08748601745554811,1.2576356203068786,0.3280695948208127,Gm43389,FALSE,FALSE,FALSE,FALSE,1.6355459847343372,FALSE,FALSE,0.4414324921214852
Gm37124,1.7574805120523356,0.021218439507966206,1.7746410165340807,0.0704576830990092,1.3717760143887474,0.12049300589085365,Gm37124,TRUE,FALSE,FALSE,TRUE,1.6346325143250546,FALSE,FALSE,0.44118550114272537
Pard3bos1,1.9662080034084681,0.025664562526706087,1.6089212885607176,0.09180503249903499,1.3281183498995088,0.2160746753329498,Pard3bos1,TRUE,FALSE,FALSE,TRUE,1.634415880622898,FALSE,FALSE,0.44112692609794635
Gm49268,1.2855758323863942,0.21542987014936524,1.7374114698514989,0.130504402889525,1.8617672062128539,0.16735442230976913,Gm49268,FALSE,FALSE,FALSE,FALSE,1.6282515028169156,FALSE,FALSE,0.43946015540425626
Gm37731,1.5821822267717562,0.08908800555579745,1.5742821432922312,0.1288168262249695,1.7230605967854453,0.15450026661904256,Gm37731,FALSE,FALSE,FALSE,FALSE,1.6265083222831442,FALSE,FALSE,0.43898882118060095
Gm43256,1.7213140837457683,0.0672938421906761,1.3130972968519248,0.1941868039730724,1.8436474825162705,0.1354081296161415,Gm43256,FALSE,FALSE,FALSE,FALSE,1.6260196210379878,FALSE,FALSE,0.43885668247349474
Xist,1.4652855164500096,0.0229356623590558,1.5800123863657412,0.0704576830990092,1.8276091633011617,0.05475877694670262,Xist,TRUE,FALSE,FALSE,TRUE,1.6243023553723042,FALSE,FALSE,0.43839235530619103
4930565N06Rik,1.5272367601558998,0.037325136692201104,1.685219331444848,0.0704576830990092,1.6568174983030683,0.08297164312895335,4930565N06Rik,TRUE,FALSE,FALSE,TRUE,1.6230911966346053,FALSE,FALSE,0.4380648731250301
Gm37366,1.607866613354728,0.06661255943925266,1.5439365730407015,0.11648197128551506,1.7174303985997166,0.13448727366760438,Gm37366,FALSE,FALSE,FALSE,FALSE,1.6230778616650487,FALSE,FALSE,0.4380612675159715
Gm36955,1.6991345499686303,0.022606933826155737,1.6783584700162273,0.0704576830990092,1.4796253943403024,0.10016562231638436,Gm36955,TRUE,FALSE,FALSE,TRUE,1.61903947144172,FALSE,FALSE,0.4369693372862253
Gm47004,1.4459423397798092,0.1542961144737064,1.7078330459932776,0.1302506638885417,1.7023950295444774,0.20509802491028345,Gm47004,FALSE,FALSE,FALSE,FALSE,1.6187234717725214,FALSE,FALSE,0.43688389492619917
Gm47659,1.6670120744656631,0.26929806925392064,1.5969015822360804,0.32129155730650605,1.5919556226888691,0.44654042587227366,Gm47659,FALSE,FALSE,FALSE,FALSE,1.6186230931302041,FALSE,FALSE,0.43685675379621774
Gm10801,1.2022766529153734,0.23239966492695083,1.396888494925692,0.19340204879639786,2.2342487530555935,0.0945307768205195,Gm10801,FALSE,FALSE,FALSE,FALSE,1.611137966965553,FALSE,FALSE,0.4348328692579103
Gm44802,1.4049258086452063,0.041791174540240825,1.6728836239764675,0.0704576830990092,1.7540523249236442,0.06396116089959382,Gm44802,TRUE,FALSE,FALSE,TRUE,1.6106205858484393,FALSE,FALSE,0.4346929758719733
Gm43294,1.7614520132863918,0.12171410967139998,1.761595991290498,0.1569372021210675,1.3067492300388421,0.4125700430328035,Gm43294,FALSE,FALSE,FALSE,FALSE,1.6099324115385774,FALSE,FALSE,0.4345069021419182
Gm10558,1.5599706886610278,0.06393949317431206,1.6152654093435421,0.09624658895189561,1.6517533845006225,0.13401476191513942,Gm10558,FALSE,FALSE,FALSE,FALSE,1.6089964941683974,FALSE,FALSE,0.4342538417855563
Gm43230,1.7463707359701122,0.04377204212100119,1.5254073084087458,0.11046218497743455,1.5527635625323744,0.15883623617793824,Gm43230,TRUE,FALSE,FALSE,TRUE,1.6081805356370775,FALSE,FALSE,0.4340332167995357
Gm43507,1.5274543724697585,0.043801055240356795,1.4070223804980215,0.09672232215190309,1.8671280083933228,0.06750873220157737,Gm43507,TRUE,FALSE,FALSE,TRUE,1.600534920453701,FALSE,FALSE,0.43196593803694655
Gm38260,1.376428587203606,0.15175104137124307,1.6071298364184126,0.13254362378346624,1.797043672522098,0.1521466001677968,Gm38260,FALSE,FALSE,FALSE,FALSE,1.593534032048039,FALSE,FALSE,0.43007298533488675
Gm44667,1.3657182644712462,0.0336909252433173,1.599549188249552,0.0704576830990092,1.8137982489715192,0.05475877694670262,Gm44667,TRUE,FALSE,FALSE,TRUE,1.5930219005641058,FALSE,FALSE,0.4299345113841326
Gm48382,1.4906675623535466,0.11797416800885621,1.8816517336585787,0.09180503249903499,1.3962694030578047,0.27487300435407636,Gm48382,FALSE,FALSE,FALSE,FALSE,1.5895295663566433,FALSE,FALSE,0.4289902278744618
Pcsk2os2,1.3771294560996963,0.10052829549389795,1.9094351418772504,0.07385531872751548,1.474721918952008,0.18074561867939223,Pcsk2os2,FALSE,FALSE,FALSE,FALSE,1.587095505642985,FALSE,FALSE,0.42833208828732444
Gm37311,1.4187038411092927,0.06384248570039482,1.6541537310742918,0.07978550165448961,1.6735666270543983,0.1002620105675008,Gm37311,FALSE,FALSE,FALSE,FALSE,1.5821413997459943,FALSE,FALSE,0.42699255998739977
Gm38147,1.6203246270855318,0.06296467206284513,1.679543824106445,0.09557333736572061,1.4415855925070702,0.2097049595423849,Gm38147,FALSE,FALSE,FALSE,FALSE,1.5804846812330158,FALSE,FALSE,0.42654460401324673
Gm37628,1.4783709553558535,0.0353064094223174,1.489429895102162,0.07606648934127645,1.7706449157114712,0.06351961467429512,Gm37628,TRUE,FALSE,FALSE,TRUE,1.5794819220564955,FALSE,FALSE,0.4262734704680849
4930404I05Rik,1.5764610412670765,0.05938451716834093,1.6558404895236958,0.0902927628932463,1.5031043433186793,0.162978954396471,4930404I05Rik,FALSE,FALSE,FALSE,FALSE,1.5784686247031505,FALSE,FALSE,0.42599948753165456
Gm44553,1.4059487197203093,0.25018736745860526,1.6440726098010008,0.2018443469474714,1.681992852564333,0.29707755412989917,Gm44553,FALSE,FALSE,FALSE,FALSE,1.5773380606952143,FALSE,FALSE,0.4256937971578523
Gpr26,2.645924558819609,0.07218456160406528,-0.5105795001204063,0.8020756894068517,1.5736220019419958,0.4640769792612052,Gpr26,FALSE,FALSE,FALSE,FALSE,1.5767086869606703,FALSE,FALSE,0.4255236223682575
Gm26871,1.797373695080879,0.01600573855620976,1.259133693732732,0.08508717706951348,1.6647680015539663,0.05475877694670262,Gm26871,TRUE,FALSE,FALSE,TRUE,1.573758463455859,FALSE,FALSE,0.4247259188152918
Gm42583,1.6128231572944727,0.02891691459499379,1.7225797581410514,0.0704576830990092,1.381686707405474,0.1271905710602574,Gm42583,TRUE,FALSE,FALSE,TRUE,1.572363207613666,FALSE,FALSE,0.42434865907859787
Gm12353,1.6311690293283712,0.1241644498693022,1.4511810983433282,0.20525280075049546,1.6310956208498841,0.2506033092994129,Gm12353,FALSE,FALSE,FALSE,FALSE,1.5711485828405278,FALSE,FALSE,0.42402023972478536
Sycp2,1.2273426591859442,0.20020337030432506,1.628515777222386,0.12674909105515164,1.8461118572161024,0.1396697986803263,Sycp2,FALSE,FALSE,FALSE,FALSE,1.567323431208144,FALSE,FALSE,0.4229859665441912
Gm48885,1.5306190125550658,0.04046030571956877,1.6074507261542985,0.07591367106951656,1.5573266239353356,0.10331495777946066,Gm48885,TRUE,FALSE,FALSE,TRUE,1.5651321208815667,FALSE,FALSE,0.4223934636269341
Igha,2.1682579312306878,0.14525930521496727,0.8639567660674442,0.642490189513438,1.6604003154529998,0.43800460106157385,Igha,FALSE,FALSE,FALSE,FALSE,1.5642050042503772,FALSE,FALSE,0.4221427828803712
Gm37983,1.4296320130367537,0.04529800063681137,1.498359990927397,0.08120675934582743,1.7563849228042043,0.06750873220157737,Gm37983,TRUE,FALSE,FALSE,TRUE,1.5614589755894517,FALSE,FALSE,0.42140029106041466
Gm43178,1.44669650183481,0.12224742652248034,1.4442148868614657,0.15770178933733603,1.7898773437984663,0.14276280291425258,Gm43178,FALSE,FALSE,FALSE,FALSE,1.5602629108315806,FALSE,FALSE,0.42107689010269916
Gm45797,1.6900239561582346,0.034461511520995525,1.3468888561783625,0.11601268445501388,1.6392276217355741,0.10356565889508024,Gm45797,TRUE,FALSE,FALSE,TRUE,1.558713478024057,FALSE,FALSE,0.4206579428420501
Gm37407,1.5819103475691696,0.026228366039198942,1.7884333777369974,0.0704576830990092,1.2970459130819374,0.1315539534302897,Gm37407,TRUE,FALSE,FALSE,TRUE,1.5557965461293681,FALSE,FALSE,0.41986924092426064
Gm37242,1.1302616932483995,0.10705112890053907,1.4873676445646047,0.08453473759992562,2.0488989499877857,0.05475877694670262,Gm37242,FALSE,FALSE,FALSE,FALSE,1.55550942926693,FALSE,FALSE,0.41979160811409905
Mir494,1.5446123805736856,0.05428956408387389,1.8279060509432785,0.07242313242785868,1.2918055776034114,0.2157661235667044,Mir494,FALSE,FALSE,FALSE,FALSE,1.554774669706792,FALSE,FALSE,0.4195929383147629
Gm49283,1.3662488397954196,0.18943097053583982,1.5156644412405917,0.1805877448834008,1.7744819040780069,0.19736413807478842,Gm49283,FALSE,FALSE,FALSE,FALSE,1.5521317283713394,FALSE,FALSE,0.41887832001885
Gm37626,1.5190786930020954,0.037764919584000446,1.6731107261518186,0.0704576830990092,1.4602565559069793,0.11603095957534934,Gm37626,TRUE,FALSE,FALSE,TRUE,1.5508153250202978,FALSE,FALSE,0.4185223810099752
Gm44423,1.6580304058823228,0.1045150540719662,1.5983305572560274,0.15420187334902488,1.3908499572988196,0.31836216428400643,Gm44423,FALSE,FALSE,FALSE,FALSE,1.5490703068123899,FALSE,FALSE,0.4180505499022073
Gm28323,1.214402523203407,0.11518754429983756,2.0040539560249324,0.0704576830990092,1.4194988833542777,0.162978954396471,Gm28323,FALSE,FALSE,FALSE,FALSE,1.5459851208608724,FALSE,FALSE,0.4172163541909089
Gm38190,1.4582824873718123,0.04178226443439048,1.4651659290172778,0.08414847600606047,1.7112176216803845,0.07133377250010331,Gm38190,TRUE,FALSE,FALSE,TRUE,1.5448886793564915,FALSE,FALSE,0.4169198901154796
Gm42438,1.6627818325618282,0.039365595251663506,1.5020094001399742,0.09564193831237527,1.4652142954225937,0.14867143350868456,Gm42438,TRUE,FALSE,FALSE,TRUE,1.5433351760414653,FALSE,FALSE,0.41649984224048997
Gm43753,1.4712515137879958,0.05854036548285223,1.8213997942520856,0.0704576830990092,1.3333261932221125,0.18744052178052834,Gm43753,FALSE,FALSE,FALSE,FALSE,1.5419925004207313,FALSE,FALSE,0.4161367995383377
Gm48692,2.202208687195219,0.01691434231227352,1.0454469680004486,0.20174334097102042,1.3753642613770525,0.16732403498244977,Gm48692,TRUE,FALSE,FALSE,TRUE,1.5410066388575734,FALSE,FALSE,0.4158702348965806
Gm42481,1.2409231897544744,0.13970017599301982,1.6663379654500396,0.09180503249903499,1.7135064424892514,0.12495204816527093,Gm42481,FALSE,FALSE,FALSE,FALSE,1.5402558658979217,FALSE,FALSE,0.4156672352742103
E230020A03Rik,1.5731077495503611,0.036602288743575066,1.4532655073736782,0.08884944622614066,1.594179644567953,0.10016562231638436,E230020A03Rik,TRUE,FALSE,FALSE,TRUE,1.5401843004973308,FALSE,FALSE,0.4156478848845779
Gm43920,1.230881017621907,0.10812639711202801,1.6144253204006418,0.08453473759992562,1.7723539593565754,0.09004397763317529,Gm43920,FALSE,FALSE,FALSE,FALSE,1.5392200991263747,FALSE,FALSE,0.4153871768880035
Tex47,1.9062553221625662,0.01691434231227352,1.3840397852848538,0.08453473759992562,1.3266360175722285,0.1271905710602574,Tex47,TRUE,FALSE,FALSE,TRUE,1.5389770416732163,FALSE,FALSE,0.4153214571912947
Gm29453,1.4515344626349362,0.14974126184683947,1.3056525086076665,0.22928353074146865,1.8573665246626774,0.15778780386396823,Gm29453,FALSE,FALSE,FALSE,FALSE,1.5381844986350934,FALSE,FALSE,0.41510716346190174
BB365896,1.0907586992865792,0.22572539936571975,1.988715650275975,0.07624695686650206,1.532970931021753,0.19169703728029422,BB365896,FALSE,FALSE,FALSE,FALSE,1.537481760194769,FALSE,FALSE,0.41491715177304556
Ibsp,1.7367941431309826,0.26056510997592985,1.4090960498630953,0.40239472938839155,1.4499174351758364,0.5115438366847329,Ibsp,FALSE,FALSE,FALSE,FALSE,1.5319358760566382,FALSE,FALSE,0.4134176140349358
Gm12102,1.5881412740322756,0.13362559057367387,1.5401352979602139,0.18184581122353816,1.4650794394957132,0.3089600623909962,Gm12102,FALSE,FALSE,FALSE,FALSE,1.5311186704960675,FALSE,FALSE,0.4131966518677958
Gm10545,1.5118519876869772,0.035170284671577345,1.6049745869144902,0.0704576830990092,1.4717144623700396,0.10417470393813735,Gm10545,TRUE,FALSE,FALSE,TRUE,1.5295136789905024,FALSE,FALSE,0.4127626822297731
Gm43283,2.119133590417716,0.05503611051032145,1.5061289502978363,0.20219424649146514,0.9553921018703815,0.5585891880472061,Gm43283,FALSE,FALSE,FALSE,FALSE,1.526884880861978,FALSE,FALSE,0.4120518880801998
C130083A15Rik,1.4496623267461781,0.06873232572712132,2.0973446600035985,0.0704576830990092,1.0330926215331653,0.33451194344970964,C130083A15Rik,FALSE,FALSE,FALSE,FALSE,1.5266998694276472,FALSE,FALSE,0.4120018633013096
Mir6236,-1.889011576317114,0.11129966056290529,-1.7123067531009903,0.17502422655608488,-0.970790385314019,0.5340572342099397,Mir6236,FALSE,FALSE,FALSE,FALSE,1.524036238244041,FALSE,FALSE,0.41128165072911377
Gm38020,1.6540083529188705,0.018647158665054384,1.3847948762869364,0.07048624690129582,1.5316947155499447,0.06750873220157737,Gm38020,TRUE,FALSE,FALSE,TRUE,1.5234993149185838,FALSE,FALSE,0.411136473374351
Gm38387,1.6282994093580125,0.019121659221452886,1.4750755746450326,0.0704576830990092,1.4596848256376322,0.07072404792980423,Gm38387,TRUE,FALSE,FALSE,TRUE,1.5210199365468924,FALSE,FALSE,0.4104660804590281
Gm14421,1.9028827941855275,0.014455723425594891,1.5839278025985553,0.0704576830990092,1.0756141935722519,0.1490594263882202,Gm14421,TRUE,FALSE,FALSE,TRUE,1.5208082634521116,FALSE,FALSE,0.4104088467004676
4633401B06Rik,2.0181499656588775,0.014455723425594891,1.2311929939021473,0.08932363389894,1.3105237255638646,0.10453533105240394,4633401B06Rik,TRUE,FALSE,FALSE,TRUE,1.5199555617082965,FALSE,FALSE,0.41017828680914004
Ihh,-1.8064623944576446,0.22538116070316613,-1.6174757553147454,0.2869556623442961,-1.1355144200666363,0.542651867324677,Ihh,FALSE,FALSE,FALSE,FALSE,1.5198175232796753,FALSE,FALSE,0.41014096294375246
Gm37186,1.5354680424348275,0.034951996629719685,1.679250462274589,0.0704576830990092,1.343714607766921,0.13824671090470514,Gm37186,TRUE,FALSE,FALSE,TRUE,1.5194777041587793,FALSE,FALSE,0.4100490801017703
Gm42943,1.5111173353151275,0.02005871878534375,1.5617246829701612,0.0704576830990092,1.4837887616454175,0.06351961467429512,Gm42943,TRUE,FALSE,FALSE,TRUE,1.5188769266435687,FALSE,FALSE,0.4098866373723826
Gm44518,1.3802315746923135,0.05550740713080407,1.6888501977954906,0.0704576830990092,1.4739220489703597,0.11799181912483814,Gm44518,FALSE,FALSE,FALSE,FALSE,1.5143346071527213,FALSE,FALSE,0.40865845096865927
Gm38162,1.3333934807304197,0.11035411075968772,1.7624360477633496,0.08453473759992562,1.4465002112447145,0.18861602886537898,Gm38162,FALSE,FALSE,FALSE,FALSE,1.5141099132461613,FALSE,FALSE,0.40859769654537564
Gm38146,1.4958175808812078,0.07394530146215511,1.5254637971714482,0.10849905442664975,1.5160094479445623,0.1620299443786919,Gm38146,FALSE,FALSE,FALSE,FALSE,1.5124302753324061,FALSE,FALSE,0.4081435434517835
Gm48279,1.093802343180037,0.28526414408242107,1.5928681362499202,0.14807830316959414,1.8487718698311222,0.15817645577647452,Gm48279,FALSE,FALSE,FALSE,FALSE,1.5118141164203598,FALSE,FALSE,0.40797694178498456
Gm43059,1.638296980875808,0.12056358057128752,1.3100655899037081,0.2526116737561763,1.580934512576536,0.26316911693416595,Gm43059,FALSE,FALSE,FALSE,FALSE,1.5097656944520175,FALSE,FALSE,0.4074230740934504
C230031I18Rik,1.8298117872856334,0.018137352696163945,1.4481520088758388,0.07556490478840473,1.247998304188614,0.1396697986803263,C230031I18Rik,TRUE,FALSE,FALSE,TRUE,1.5086540334500287,FALSE,FALSE,0.40712249485613716
Gm37205,1.7922840232893478,0.0464753316808302,1.2014585730826361,0.20219424649146514,1.5262790982954944,0.18524430706446565,Gm37205,TRUE,FALSE,FALSE,TRUE,1.5066738982224928,FALSE,FALSE,0.4065870910456184
Gm37226,1.3234116269699612,0.07477912716082198,1.7359614128373062,0.0704576830990092,1.4592367092136864,0.13394247274527482,Gm37226,FALSE,FALSE,FALSE,FALSE,1.5062032496736513,FALSE,FALSE,0.40645983356190685
Gm17477,1.4960595923663627,0.06469653445533936,1.6776890955699841,0.08521930057579834,1.3259726230929543,0.21304907865643713,Gm17477,FALSE,FALSE,FALSE,FALSE,1.4999071036764338,FALSE,FALSE,0.40475743439663
Gm48585,1.5119091699633345,0.048086432599989654,1.7025472533491535,0.07346255419668397,1.2823341538720112,0.19008971074400394,Gm48585,TRUE,FALSE,FALSE,TRUE,1.498930192394833,FALSE,FALSE,0.4044932897991124
Gm37745,1.45559532248563,0.03476147332729146,1.528825871511963,0.07160859389494267,1.5093043470708445,0.0899475958867595,Gm37745,TRUE,FALSE,FALSE,TRUE,1.4979085136894792,FALSE,FALSE,0.40421704064987984
Gm42635,1.8140284035224583,0.025987684559167248,1.347696854453882,0.1136876774354766,1.3319503528356145,0.1768493487547999,Gm42635,TRUE,FALSE,FALSE,TRUE,1.4978918702706516,FALSE,FALSE,0.40421254047749944
Gm17103,1.2167834016297703,0.2972085827035839,1.7430344386815195,0.15811465367424565,1.5313023731316622,0.32100413209859185,Gm17103,FALSE,FALSE,FALSE,FALSE,1.4970400711476506,FALSE,FALSE,0.4039822246435557
Gm43071,1.576233345872938,0.026655293844522025,1.6755076743569155,0.0704576830990092,1.231629730113756,0.15083200806115593,Gm43071,TRUE,FALSE,FALSE,TRUE,1.4944569167812032,FALSE,FALSE,0.4032837719966246
Gm12737,0.9898487059275936,0.30188721400930685,1.6261598596234856,0.12170321781334313,1.8666084568786934,0.1289958434199276,Gm12737,FALSE,FALSE,FALSE,FALSE,1.4942056741432574,FALSE,FALSE,0.40321583912827785
Gm14216,-2.282204503578573,0.20738444009163148,-1.0462330208483985,0.5667035691955079,-1.1480010317452323,0.6384642820852632,Gm14216,FALSE,FALSE,FALSE,FALSE,1.4921461853907347,FALSE,FALSE,0.40265897911665466
Gm37463,1.2673610212018154,0.23234745074698213,1.7111530182388563,0.13849670483220658,1.4938824567443594,0.2875721650212734,Gm37463,FALSE,FALSE,FALSE,FALSE,1.490798832061677,FALSE,FALSE,0.4022946716206508
Gm37780,1.6607178049796811,0.0751733549511755,1.389287421658562,0.1708847594760277,1.417925457050421,0.2537017119732656,Gm37780,FALSE,FALSE,FALSE,FALSE,1.4893102278962214,FALSE,FALSE,0.40189217166435703
Gm48602,1.486715086016592,0.051194127976913736,1.490007364309347,0.09085111530551959,1.4882018923538702,0.12911137253174965,Gm48602,FALSE,FALSE,FALSE,FALSE,1.488308114226603,FALSE,FALSE,0.4016212126561916
Gm48260,1.6048104099705716,0.06618645276546413,0.9745859170673122,0.2982796011649818,1.8823648197481326,0.10366303943803301,Gm48260,FALSE,FALSE,FALSE,FALSE,1.487253715595339,FALSE,FALSE,0.40133611644804673
3632454L22Rik,1.6666006725524127,0.04594559816757264,1.316220601966434,0.14055827722977016,1.4773593260854974,0.162978954396471,3632454L22Rik,TRUE,FALSE,FALSE,TRUE,1.4867268668681146,FALSE,FALSE,0.4011936631386968
Gm43329,1.125652338315911,0.17913374785810807,1.5479286994107069,0.10589165044582284,1.7864791723602043,0.1065961963520158,Gm43329,FALSE,FALSE,FALSE,FALSE,1.4866867366956074,FALSE,FALSE,0.40118281244174525
4933431G14Rik,1.610662052316421,0.05428956408387389,1.3209773097589568,0.14508183879024866,1.5278150998608147,0.1573280342319374,4933431G14Rik,FALSE,FALSE,FALSE,FALSE,1.4864848206453976,FALSE,FALSE,0.4011282168660573
Gm42640,1.1775819043921942,0.17974565255229744,1.7897809215343758,0.08803823262798008,1.491129151257136,0.19999072086906083,Gm42640,FALSE,FALSE,FALSE,FALSE,1.4861639923945686,FALSE,FALSE,0.4010414689179237
Gm42942,1.4592637647759676,0.1566992872102743,1.5603747166977766,0.16579757742966875,1.433149082836515,0.3043326952167018,Gm42942,FALSE,FALSE,FALSE,FALSE,1.484262521436753,FALSE,FALSE,0.4005273349425022
Gm46436,1.5612375286088755,0.06617720257417423,1.368367712144449,0.14033189235385934,1.5220681558998632,0.16732403498244977,Gm46436,FALSE,FALSE,FALSE,FALSE,1.4838911322177293,FALSE,FALSE,0.4004269159406655
Gm42841,1.7301887096401782,0.026234909345888513,1.1410491554463968,0.14700426820062606,1.5776337512291234,0.1002620105675008,Gm42841,TRUE,FALSE,FALSE,TRUE,1.4829572054385662,FALSE,FALSE,0.4001743938152288
CN725425,1.0420906625979192,0.49242808777413394,2.2016613626616337,0.14175301147002217,1.204990084085446,0.5561186750210293,CN725425,FALSE,FALSE,FALSE,FALSE,1.4829140364483329,FALSE,FALSE,0.4001627214599544
Gm37941,1.5315144976402644,0.03062724511004937,1.4530350371236715,0.0794588707975626,1.4569020515797975,0.1004872510865911,Gm37941,TRUE,FALSE,FALSE,TRUE,1.4804838621145777,FALSE,FALSE,0.3995056327013566
Gm42490,1.7997582283517566,0.06814296238815701,1.374125979507851,0.19447640933313137,1.2632660546150913,0.35166179021365035,Gm42490,FALSE,FALSE,FALSE,FALSE,1.4790500874915664,FALSE,FALSE,0.39911795796787863
Gm44435,1.5167786556378107,0.02300251776828198,1.4208641855512902,0.0704576830990092,1.4878623543135334,0.07072404792980423,Gm44435,TRUE,FALSE,FALSE,TRUE,1.475168398500878,FALSE,FALSE,0.39806839779241054
Gm38009,1.7296872797281533,0.07735049633021679,1.624113019001463,0.13409753455545206,1.069061148547727,0.43795994411519684,Gm38009,FALSE,FALSE,FALSE,FALSE,1.4742871490924478,FALSE,FALSE,0.39783011896946463
Gm48138,1.4537152449470219,0.08356114128680696,1.4899048406278024,0.11601268445501388,1.4677330329130376,0.18187677139784494,Gm48138,FALSE,FALSE,FALSE,FALSE,1.470451039495954,FALSE,FALSE,0.39679288289236797
Gm25321,1.1943933669879712,0.26852537263221044,1.6306862855518998,0.1568156505477037,1.5824087560098121,0.2596272457328866,Gm25321,FALSE,FALSE,FALSE,FALSE,1.4691628028498944,FALSE,FALSE,0.3964445598083893
Gm45484,1.2937060349864036,0.20260089216301283,1.4026952919380937,0.19763406277528406,1.708663499386093,0.19973327550083986,Gm45484,FALSE,FALSE,FALSE,FALSE,1.46835494210353,FALSE,FALSE,0.3962261243621848
Gm37437,1.4796578161356002,0.03345772076947437,1.5718146156054984,0.0704576830990092,1.3514915580411233,0.12049300589085365,Gm37437,TRUE,FALSE,FALSE,TRUE,1.4676546632607406,FALSE,FALSE,0.396036777717753
Gm44862,1.47701933227737,0.06243862233825776,1.754549693388917,0.07591367106951656,1.1659869889249488,0.2638518221929833,Gm44862,FALSE,FALSE,FALSE,FALSE,1.4658520048637453,FALSE,FALSE,0.3955493614234548
Gm37298,1.5980675413576293,0.014840024695314973,1.413912795497159,0.0704576830990092,1.3768794546188707,0.06351961467429512,Gm37298,TRUE,FALSE,FALSE,TRUE,1.462953263824553,FALSE,FALSE,0.39476557808557544
2900027M19Rik,1.3541075010495547,0.031333342345509635,1.590940629137835,0.0704576830990092,1.4391389346909387,0.07945684796201677,2900027M19Rik,TRUE,FALSE,FALSE,TRUE,1.461395688292776,FALSE,FALSE,0.39434442913408596
Gm49199,1.9397676265348094,0.030797252644535963,1.3818311853710346,0.13849670483220658,1.0615104076503898,0.3588235537097898,Gm49199,TRUE,FALSE,FALSE,TRUE,1.4610364065187447,FALSE,FALSE,0.39424728383401186
Gm37165,1.8096943539807013,0.06101940267505173,1.0138510995498886,0.33347106045451885,1.5477176499079612,0.2227596651051691,Gm37165,FALSE,FALSE,FALSE,FALSE,1.4570877011461838,FALSE,FALSE,0.3931796032667024
Gm42842,1.8149900786729614,0.021715978915191857,1.2490531956258,0.11278448655616846,1.3051650377866422,0.1506114531623214,Gm42842,TRUE,FALSE,FALSE,TRUE,1.4564027706951346,FALSE,FALSE,0.3929944066355166
Gm26835,1.3733536593657782,0.03421299746923567,1.538690251412919,0.0704576830990092,1.4532876616086252,0.08297164312895335,Gm26835,TRUE,FALSE,FALSE,TRUE,1.4551105241291076,FALSE,FALSE,0.3926449993193094
Gm45479,1.6503400408672306,0.0382673280504723,1.5016227681507646,0.09180503249903499,1.2119185385848186,0.2293506928884567,Gm45479,TRUE,FALSE,FALSE,TRUE,1.4546271158676045,FALSE,FALSE,0.3925142917688119
A730015C16Rik,1.7794433773843668,0.027641685967067047,1.3824022857406644,0.10727133316288569,1.195377676071625,0.22904472089267144,A730015C16Rik,TRUE,FALSE,FALSE,TRUE,1.4524077797322188,FALSE,FALSE,0.3919142110232226
Mir679,1.2215171710964619,0.25111185894718707,1.3054192689738113,0.24728591502651884,1.8282230548503926,0.18187677139784494,Mir679,FALSE,FALSE,FALSE,FALSE,1.451719831640222,FALSE,FALSE,0.3917281984596501
Gm45342,1.4306836963052354,0.06654832613849755,1.213651866985353,0.15152131995376858,1.7040839363831977,0.1002620105675008,Gm45342,FALSE,FALSE,FALSE,FALSE,1.4494731665579288,FALSE,FALSE,0.3911207283084746
Gm47166,1.455279796596579,0.09159088661971596,1.4530467797004185,0.13149725031883697,1.4354110038819337,0.2108021353646558,Gm47166,FALSE,FALSE,FALSE,FALSE,1.4479125267263104,FALSE,FALSE,0.3906987508086169
Gm37212,1.9256937281982243,0.014455723425594891,1.0431029777851797,0.12120325726231725,1.364192594069792,0.0945307768205195,Gm37212,TRUE,FALSE,FALSE,TRUE,1.4443297666843986,FALSE,FALSE,0.3897300172837854
Gm48014,1.4734922987766836,0.10462053082879408,1.0913119164490828,0.26774074961947736,1.762547716711262,0.1396697986803263,Gm48014,FALSE,FALSE,FALSE,FALSE,1.4424506439790095,FALSE,FALSE,0.38922192599642946
Gm48964,1.8710484150735265,0.019108275622710627,1.243918477359346,0.10558417467957514,1.2110356719541486,0.16644114484498482,Gm48964,TRUE,FALSE,FALSE,TRUE,1.4420008547956737,FALSE,FALSE,0.3891003086243736
Gm9968,1.448654818836811,0.040047514712064296,1.4041592196702466,0.08525470443769087,1.4717136853752912,0.10331495777946066,Gm9968,TRUE,FALSE,FALSE,TRUE,1.4415092412941162,FALSE,FALSE,0.38896738247954465
Gm48027,1.2882699110751532,0.06071885952172376,1.5525193760766771,0.07385531872751548,1.4808732230102488,0.10221235553445054,Gm48027,FALSE,FALSE,FALSE,FALSE,1.4405541700540263,FALSE,FALSE,0.3887091431562146
Gm43313,1.5198586462863382,0.032436897241476845,1.3907273818083878,0.08521930057579834,1.4104895834017197,0.11280678689985713,Gm43313,TRUE,FALSE,FALSE,TRUE,1.440358537165482,FALSE,FALSE,0.38865624646889096
Gm45354,1.54171079325373,0.0403330919229201,1.2222351829575262,0.1288986675776628,1.549724415985043,0.10668913809581836,Gm45354,TRUE,FALSE,FALSE,TRUE,1.4378901307320997,FALSE,FALSE,0.38798882022851927
Gm47641,1.452484906028466,0.027852075775366702,1.6792766278889377,0.0704576830990092,1.178137425294993,0.14010942427538695,Gm47641,TRUE,FALSE,FALSE,TRUE,1.4366329864041323,FALSE,FALSE,0.38764890411864666
Ptprq,1.6286890043208584,0.039365595251663506,1.2917751025583304,0.1263820763592626,1.3870661072561195,0.16210481621181566,Ptprq,TRUE,FALSE,FALSE,TRUE,1.4358434047117694,FALSE,FALSE,0.38743541110012536
Gm37639,1.2629536020221228,0.12857017913426627,1.6143537770439749,0.09564193831237527,1.4283252642431705,0.1915363519807368,Gm37639,FALSE,FALSE,FALSE,FALSE,1.4352108811030895,FALSE,FALSE,0.38726438462394286
AC129214.1,1.3243446511684671,0.029449061455256883,1.521567899006089,0.0704576830990092,1.4531415369884046,0.06750873220157737,AC129214.1,TRUE,FALSE,FALSE,TRUE,1.4330180290543202,FALSE,FALSE,0.3866714648442792
Gm42483,1.1801789070207775,0.2926770870324024,1.6899277280641942,0.15770178933733603,1.4278527583348324,0.33944826396763594,Gm42483,FALSE,FALSE,FALSE,FALSE,1.4326531311399346,FALSE,FALSE,0.38657280101006447
Gm49266,1.2126499834870081,0.25401195166177476,1.689242006170623,0.14175301147002217,1.3890530739987945,0.32856826596063826,Gm49266,FALSE,FALSE,FALSE,FALSE,1.4303150212188085,FALSE,FALSE,0.3859406053176822
Gm45223,1.502765883819946,0.04489569408275941,1.32295186001946,0.11036521115468788,1.460977555841948,0.12743119658535282,Gm45223,TRUE,FALSE,FALSE,TRUE,1.428898433227118,FALSE,FALSE,0.3855575776344517
Gm16503,1.2250155879304372,0.07756902262902318,1.3123245493360474,0.10069442807404672,1.7446476284023427,0.06889532714463079,Gm16503,FALSE,FALSE,FALSE,FALSE,1.4273292552229424,FALSE,FALSE,0.38513329151947595
Gm47624,1.6248825956151582,0.022606933826155737,1.4132987003904456,0.07556490478840473,1.2397404529094815,0.13465946208849597,Gm47624,TRUE,FALSE,FALSE,TRUE,1.4259739163050285,FALSE,FALSE,0.3847668248200786
6820402A03Rik,1.3937292171923836,0.038254963185461115,1.4608103314170382,0.07385531872751548,1.4179339157324904,0.1002620105675008,6820402A03Rik,TRUE,FALSE,FALSE,TRUE,1.424157821447304,FALSE,FALSE,0.38427577547477754
Gm13619,1.4542610297314742,0.05162925374563915,1.417080404407894,0.09564193831237527,1.3895487591853346,0.14517797533015134,Gm13619,FALSE,FALSE,FALSE,FALSE,1.4202967311082342,FALSE,FALSE,0.38323178491718946
Fosl2,-1.3502953580896868,0.022606933826155737,-1.18967652722686,0.07549206378781631,-1.7133948034942375,0.051756379463702415,Fosl2,TRUE,FALSE,FALSE,TRUE,1.4177888962702614,FALSE,FALSE,0.38255369772913755
Gm44668,1.5755165017327084,0.04031042634429414,1.1893441773877962,0.14403030867861133,1.4863777245948815,0.12751977623026692,Gm44668,TRUE,FALSE,FALSE,TRUE,1.4170794679051286,FALSE,FALSE,0.3823618771682485
B230217J21Rik,1.3232502874898326,0.050904421501699326,1.4349080757956048,0.08120675934582743,1.4901591250426711,0.09610154956615466,B230217J21Rik,FALSE,FALSE,FALSE,FALSE,1.416105829442703,FALSE,FALSE,0.38209861750012014
Gm37718,1.3754728158937473,0.05837309855599989,1.3089020595307295,0.10971165860592429,1.5629390821927398,0.10121125862678133,Gm37718,FALSE,FALSE,FALSE,FALSE,1.4157713192057388,FALSE,FALSE,0.3820081701139833
Gm37524,1.3479704625333795,0.036602288743575066,1.5413234572193306,0.0704576830990092,1.3465479559908993,0.1002620105675008,Gm37524,TRUE,FALSE,FALSE,TRUE,1.4119472919145364,FALSE,FALSE,0.3809742009411884
Chil5,1.1735246194905493,0.0871851772315487,1.4672356680784175,0.08284060909925162,1.5913601209970325,0.08932465111277789,Chil5,FALSE,FALSE,FALSE,FALSE,1.4107068028553331,FALSE,FALSE,0.3806387882077708
Gm44625,1.1668381153192038,0.22328602344880624,1.4749417825655684,0.15559766000181793,1.5886915187776327,0.21071152700513346,Gm44625,FALSE,FALSE,FALSE,FALSE,1.4101571388874683,FALSE,FALSE,0.38049016594258045
Gm44559,1.2240515118822122,0.21502447903808558,1.6299739904729287,0.13434747635364114,1.3752580053446257,0.299902933885571,Gm44559,FALSE,FALSE,FALSE,FALSE,1.4097611692332555,FALSE,FALSE,0.3803831006983652
Gm44797,1.3958037276920359,0.035296402703282465,1.5796440499600148,0.0704576830990092,1.2524001129239641,0.12911137253174965,Gm44797,TRUE,FALSE,FALSE,TRUE,1.409282630192005,FALSE,FALSE,0.38025370972415057
Mir186,1.5210520795092564,0.09963804987305065,1.0910249713924554,0.273688756199674,1.6157558639441592,0.18187677139784494,Mir186,FALSE,FALSE,FALSE,FALSE,1.409277638281957,FALSE,FALSE,0.38025235997408086
Gm44249,1.420032317381921,0.06851418577240335,1.7368474686374973,0.07556490478840473,1.0673987765180017,0.30477940035824674,Gm44249,FALSE,FALSE,FALSE,FALSE,1.40809285417914,FALSE,FALSE,0.3799320091644649
Gm38142,1.0847539718117032,0.27200126781927303,1.4828742806162276,0.16127312398754906,1.655107866408972,0.19743564078979875,Gm38142,FALSE,FALSE,FALSE,FALSE,1.4075787062789675,FALSE,FALSE,0.3797929899999682
A130050O07Rik,1.8117171783190558,0.02570618260028936,1.0400065137030081,0.19447640933313137,1.3665733106134206,0.16243530930585015,A130050O07Rik,TRUE,FALSE,FALSE,TRUE,1.4060990008784948,FALSE,FALSE,0.37939289615847627
Gm48627,1.2252040178815926,0.16268950652824368,1.6820205954729452,0.09952388076120047,1.306862252357322,0.26669296121677394,Gm48627,FALSE,FALSE,FALSE,FALSE,1.4046956219039533,FALSE,FALSE,0.379013440028348
Gm44093,1.3792100325840004,0.1343031582560391,1.8862058934847727,0.08832269569991538,0.9468417518886627,0.473163377575771,Gm44093,FALSE,FALSE,FALSE,FALSE,1.4040858926524786,FALSE,FALSE,0.3788485768613862
Gm8189,1.443080042792959,0.10383870953349168,1.4958420423378238,0.13194198036716423,1.2648960610072684,0.2938618654252344,Gm8189,FALSE,FALSE,FALSE,FALSE,1.4012727153793505,FALSE,FALSE,0.3780879288961602
Gm38120,1.4821762987876645,0.051519720140991765,1.3338867877359741,0.11441012993149036,1.3866264620306628,0.15450026661904256,Gm38120,FALSE,FALSE,FALSE,FALSE,1.400896516184767,FALSE,FALSE,0.3779862093370649
Gm3252,1.1140339178475271,0.16643915309501706,1.7834908852213494,0.07795529577796914,1.3021002986299548,0.22077398546550772,Gm3252,FALSE,FALSE,FALSE,FALSE,1.3998750338996104,FALSE,FALSE,0.37771001329739806
Gm19667,1.4537770964349872,0.04529800063681137,1.2234153427299321,0.12061995108359509,1.5222895818181605,0.10331495777946066,Gm19667,TRUE,FALSE,FALSE,TRUE,1.3998273403276933,FALSE,FALSE,0.3776971175518012
Gm20407,1.5435987923425731,0.04397390902510133,1.4612714632868231,0.09231187007039722,1.1937168638284477,0.22508670396476482,Gm20407,TRUE,FALSE,FALSE,TRUE,1.3995290398192812,FALSE,FALSE,0.3776164608235825
Gm47580,1.2388569850904623,0.15659420648330447,1.473700193501712,0.1315294306256746,1.478393817814704,0.2013974468698049,Gm47580,FALSE,FALSE,FALSE,FALSE,1.3969836654689594,FALSE,FALSE,0.37692822342069826
Gm37663,1.3671797454987142,0.08308891755613992,1.7379872544991057,0.07832022298766841,1.0855774170211019,0.3039996417076477,Gm37663,FALSE,FALSE,FALSE,FALSE,1.3969148056729739,FALSE,FALSE,0.3769096045927266
Gm48871,1.5619690461456492,0.06697006733410457,1.5811608185507438,0.10381114606151486,1.036279252551073,0.3739291174064062,Gm48871,FALSE,FALSE,FALSE,FALSE,1.3931363724158219,FALSE,FALSE,0.3758879634767371
Mir7-1,1.4850909561287486,0.027910305702979202,1.3777623207329721,0.07939073389715677,1.3150987663355593,0.11558118690629755,Mir7-1,TRUE,FALSE,FALSE,TRUE,1.39265068106576,FALSE,FALSE,0.37575663860763575
Gm42946,1.4850008381701933,0.04199685617976917,1.3128600570596274,0.10430132864445578,1.3761579822933998,0.138062210257774,Gm42946,TRUE,FALSE,FALSE,TRUE,1.3913396258410735,FALSE,FALSE,0.3754021456652668
Gm43009,1.056081094322342,0.2510416493637369,1.2698593271501477,0.19319649001917574,1.8471581593706718,0.12134744182846555,Gm43009,FALSE,FALSE,FALSE,FALSE,1.3910328602810538,FALSE,FALSE,0.37531920009292075
Gm47251,1.4837955461945684,0.04178226443439048,1.4501310653891117,0.08525470443769087,1.2381551444309653,0.17908419492243943,Gm47251,TRUE,FALSE,FALSE,TRUE,1.3906939186715486,FALSE,FALSE,0.3752275545190484
D130004A15Rik,1.7156503265626624,0.029633515864581787,1.0759231199364563,0.17638364357828434,1.3718644001290892,0.15450026661904256,D130004A15Rik,TRUE,FALSE,FALSE,TRUE,1.387812615542736,FALSE,FALSE,0.3744484861741326
Gm38169,1.2603074358541253,0.19747282662866064,1.6055192851043216,0.13709244228844267,1.2936951139382424,0.3311799102920908,Gm38169,FALSE,FALSE,FALSE,FALSE,1.3865072782988965,FALSE,FALSE,0.37409553930230033
C230004F18Rik,1.431814711268824,0.014466638834183743,1.2940005137781023,0.0704576830990092,1.429804753956295,0.04913501460555962,C230004F18Rik,TRUE,FALSE,TRUE,TRUE,1.3852066596677404,FALSE,FALSE,0.3737438682843471
Gm38359,1.3310535185807957,0.06367836414668322,1.3698038683919311,0.0970632661375263,1.4535914373983416,0.12246374697100035,Gm38359,FALSE,FALSE,FALSE,FALSE,1.384816274790356,FALSE,FALSE,0.3736383130939672
6720464F23Rik,1.5467383983351495,0.024073057210243973,1.1847471597157897,0.10004849514838866,1.4223992073244016,0.09456135999597252,6720464F23Rik,TRUE,FALSE,FALSE,TRUE,1.3846282551251137,FALSE,FALSE,0.3735874749270464
Gm43824,2.0808432049598844,0.016531461885642206,1.270906312465165,0.11390839296469053,0.8004652315119467,0.41473209637178665,Gm43824,TRUE,FALSE,FALSE,TRUE,1.3840715829789987,FALSE,FALSE,0.3734369577380712
Gm42989,1.2058828781979094,0.07241098093098175,1.2461709385489168,0.10381114606151486,1.7000807500069834,0.06750873220157737,Gm42989,FALSE,FALSE,FALSE,FALSE,1.3840448555846032,FALSE,FALSE,0.3734297309847638
Gm43557,1.1871629637560859,0.11963764787100273,1.5398712534675605,0.0901221972904831,1.4161059911612703,0.1564952205742026,Gm43557,FALSE,FALSE,FALSE,FALSE,1.3810467361283056,FALSE,FALSE,0.37261907696529584
Gm45461,1.7514823844535712,0.10846736182532223,1.1372344551636742,0.34432151937824074,1.2528229179848025,0.41787219018679467,Gm45461,FALSE,FALSE,FALSE,FALSE,1.380513252534016,FALSE,FALSE,0.37247482967083845
Gm38273,1.2635677559168572,0.040047514712064296,1.546602081569461,0.0704576830990092,1.3313678358064753,0.09610154956615466,Gm38273,TRUE,FALSE,FALSE,TRUE,1.3805125577642645,FALSE,FALSE,0.3724746418137834
Snhg14,1.5220595372506303,0.022287302234188913,1.3813401215501555,0.0704576830990092,1.2377622982139984,0.11171687851526625,Snhg14,TRUE,FALSE,FALSE,TRUE,1.380387319004928,FALSE,FALSE,0.3724407788189531
Gm9967,1.5309396698002877,0.0794765988446573,1.3246960832026233,0.16092940753399754,1.2755930243936815,0.27236956014347014,Gm9967,FALSE,FALSE,FALSE,FALSE,1.3770762591321974,FALSE,FALSE,0.371545509623161
Gm38302,1.1170939190636506,0.15791156915571727,1.2502182107747273,0.15027891097725224,1.7605356104399275,0.1002620105675008,Gm38302,FALSE,FALSE,FALSE,FALSE,1.3759492467594352,FALSE,FALSE,0.37124077956710844
Gm47368,1.4442564026362537,0.13490431962554386,0.9056595194608232,0.3974870377759186,1.7756416417760996,0.162978954396471,Gm47368,FALSE,FALSE,FALSE,FALSE,1.3751858546243922,FALSE,FALSE,0.3710343678774732
Gm21846,1.185466845183853,0.08544901753249307,1.6776023226381114,0.0704576830990092,1.2566485678951782,0.160376863363757,Gm21846,FALSE,FALSE,FALSE,FALSE,1.3732392452390476,FALSE,FALSE,0.3705080290355538
9530003O04Rik,1.6207482453053954,0.024629542147386174,1.5234090197576056,0.07242313242785868,0.9739353227590035,0.26322216312588753,9530003O04Rik,TRUE,FALSE,FALSE,TRUE,1.3726975292740016,FALSE,FALSE,0.37036155581096225
Gm11242,1.2357238522754064,0.15760839000355686,1.5756997347468125,0.11321408043951643,1.30029418841722,0.2649621374136752,Gm11242,FALSE,FALSE,FALSE,FALSE,1.3705725918131464,FALSE,FALSE,0.3697869992868244
Speer4e,-1.0695511268792481,0.3010881337352318,-1.0072965139936751,0.35163526940447354,-2.0307413540786654,0.17005772001823222,Speer4e,FALSE,FALSE,FALSE,FALSE,1.3691963316505296,FALSE,FALSE,0.36941487574441
Gm43330,1.4620366264260216,0.05791681653537301,1.302246154205627,0.12652931320825933,1.3378931497766131,0.18194938455221502,Gm43330,FALSE,FALSE,FALSE,FALSE,1.3673919768027538,FALSE,FALSE,0.3689270007510293
Gm22958,1.5344913956976503,0.17877017430214517,1.1783458120774897,0.3464412666277173,1.3882016600386933,0.3784396276043878,Gm22958,FALSE,FALSE,FALSE,FALSE,1.3670129559379445,FALSE,FALSE,0.3688245182475805
Gm43789,1.3358381310755443,0.04459643639216172,1.2506711200381007,0.09547408271329529,1.5099822442487805,0.08718156062207588,Gm43789,TRUE,FALSE,FALSE,TRUE,1.3654971651208085,FALSE,FALSE,0.368414667360551
Gm42448,1.211386996753693,0.06375649594055306,1.4495015491360461,0.07606648934127645,1.429219091839097,0.1002620105675008,Gm42448,FALSE,FALSE,FALSE,FALSE,1.3633692125762786,FALSE,FALSE,0.3678392955954812
Corin,0.9853154675818558,0.16199132268605498,1.4429403960147837,0.0876409387672642,1.6564629570121983,0.08602386171986276,Corin,FALSE,FALSE,FALSE,FALSE,1.361572940202946,FALSE,FALSE,0.36735360600214534
4930444A19Rik,1.5539185967585223,0.06836672755644556,1.1811976480789013,0.19455196814333497,1.3437026655981046,0.23100077689872434,4930444A19Rik,FALSE,FALSE,FALSE,FALSE,1.3596063034785093,FALSE,FALSE,0.36682185201811074
Gm44708,1.3139518675692206,0.07451754440628554,1.3930268734544993,0.10005216606778224,1.3698412617393936,0.15243957447663298,Gm44708,FALSE,FALSE,FALSE,FALSE,1.3589400009210377,FALSE,FALSE,0.3666416921364684
C130030K03Rik,1.8293723062037095,0.014455723425594891,1.4846027813030074,0.0704576830990092,0.7512126474309048,0.3327436351542446,C130030K03Rik,TRUE,FALSE,FALSE,TRUE,1.3550625783125405,FALSE,FALSE,0.3655932855374079
Gm43813,1.4381966720082802,0.11441037544914245,1.302210506445805,0.18892649190333088,1.3202819137370483,0.28319572214142846,Gm43813,FALSE,FALSE,FALSE,FALSE,1.3535630307303779,FALSE,FALSE,0.36518782661804755
Gm43662,1.5442628800408749,0.05902361051985308,1.3135072039199613,0.13959353434520955,1.1982832966840744,0.26316911693416595,Gm43662,FALSE,FALSE,FALSE,FALSE,1.3520177935483035,FALSE,FALSE,0.36477001380206764
Gm45809,1.190435720012304,0.07611384745331402,1.3306671490798099,0.09085111530551959,1.5286469393739057,0.09143882993334339,Gm45809,FALSE,FALSE,FALSE,FALSE,1.3499166028220064,FALSE,FALSE,0.36420187809808036
Mas1,1.6637036878288467,0.05273948396062499,1.113147426989903,0.2177490471637209,1.2726036898203172,0.2559260361309795,Mas1,FALSE,FALSE,FALSE,FALSE,1.3498182682130224,FALSE,FALSE,0.3641752896491584
B830012L14Rik,1.4097963231449104,0.036620985270356114,1.2041129718333412,0.10161048020130035,1.4323138328373677,0.10016562231638436,B830012L14Rik,TRUE,FALSE,FALSE,TRUE,1.3487410426052064,FALSE,FALSE,0.3638840213119294
Gm47826,1.2855223846335608,0.04427738542951759,1.4576787599905625,0.0704576830990092,1.3013477197343253,0.11485340167852212,Gm47826,TRUE,FALSE,FALSE,TRUE,1.3481829547861495,FALSE,FALSE,0.36373312134268887
Gm42572,1.1620685353407885,0.15685987802358983,1.6004387890418337,0.09547243216749418,1.279917904740241,0.24200848289713714,Gm42572,FALSE,FALSE,FALSE,FALSE,1.3474750763742878,FALSE,FALSE,0.3635417198697873
Gm17137,1.237303074875054,0.1798969208636828,1.355449962123774,0.17437327948304665,1.4451920857987572,0.23532464430179284,Gm17137,FALSE,FALSE,FALSE,FALSE,1.345981707599195,FALSE,FALSE,0.3631379316226132
Gm44800,1.2589685078650477,0.04618799114165703,1.5035384627824482,0.0704576830990092,1.2752332788072693,0.11900263229689098,Gm44800,TRUE,FALSE,FALSE,TRUE,1.3459134164849218,FALSE,FALSE,0.363119466559067
Gm26563,1.2644499793646569,0.051609680506440665,0.9705525589023735,0.15770178933733603,1.8000284987134072,0.05475877694670262,Gm26563,FALSE,FALSE,FALSE,FALSE,1.3450103456601459,FALSE,FALSE,0.3628752874979455
Gm23600,1.445848621409664,0.06617720257417423,1.5120192247801114,0.0960072945197005,1.0700991989564996,0.30835315030195054,Gm23600,FALSE,FALSE,FALSE,FALSE,1.342655681715425,FALSE,FALSE,0.36223861580453626
Gm11960,1.5586538116696058,0.06251087027320151,1.1434839761874027,0.1995812088419037,1.3251553625486947,0.22744714593574217,Gm11960,FALSE,FALSE,FALSE,FALSE,1.3424310501352343,FALSE,FALSE,0.3621778782335237
Gm44982,1.1528213879310154,0.4006113821090001,1.4821918262269467,0.291521853931887,1.3857809976264432,0.45109784384612645,Gm44982,FALSE,FALSE,FALSE,FALSE,1.3402647372614684,FALSE,FALSE,0.3615921343149968
Gm43504,1.240316475128603,0.20038137429382646,1.0116205976564463,0.3341884665502726,1.7688260533133116,0.1621464839574011,Gm43504,FALSE,FALSE,FALSE,FALSE,1.3402543753661202,FALSE,FALSE,0.3615893325880357
4930435N07Rik,1.2589719716347174,0.05834583172022629,1.5586456571853025,0.0704576830990092,1.200798020144513,0.16221655099137217,4930435N07Rik,FALSE,FALSE,FALSE,FALSE,1.3394718829881775,FALSE,FALSE,0.3613777564315053
Gm47472,1.087278102702898,0.21584342156568762,1.7454281680039483,0.09085111530551959,1.183118333991936,0.3171196489047632,Gm47472,FALSE,FALSE,FALSE,FALSE,1.3386082015662608,FALSE,FALSE,0.36114422777248345
Gm47603,1.0165387879370174,0.126333132734928,1.3766027661723346,0.0856437643014156,1.6193045584053354,0.07885021915255766,Gm47603,FALSE,FALSE,FALSE,FALSE,1.3374820375048957,FALSE,FALSE,0.36083972708922735
Gm24461,1.1688874789103085,0.19828537954788938,1.4122646399937115,0.1541848750853232,1.4301765153862664,0.23337417640792438,Gm24461,FALSE,FALSE,FALSE,FALSE,1.337109544763429,FALSE,FALSE,0.3607390097087179
Gm37470,1.261491074309319,0.04887644909870258,1.5518806245161327,0.0704576830990092,1.197514318827717,0.14236977006030324,Gm37470,TRUE,FALSE,FALSE,TRUE,1.3369620058843896,FALSE,FALSE,0.3606991170403088
Rnase1,-1.6207683781428792,0.10493790854221484,-0.39519036841733746,0.6551919444333854,-1.9920450770074432,0.1527496464924209,Rnase1,FALSE,FALSE,FALSE,FALSE,1.3360012745225534,FALSE,FALSE,0.3604393472908195
Gm16147,1.3576231967809615,0.05639895021962316,1.5354202917711193,0.0794588707975626,1.1133525709461858,0.23008422447598412,Gm16147,FALSE,FALSE,FALSE,FALSE,1.335465353166089,FALSE,FALSE,0.3602944408559461
Gm37519,1.5335465835993114,0.044090152498948126,1.1610241226063116,0.14976787544998119,1.3096858269233942,0.17626366205884558,Gm37519,TRUE,FALSE,FALSE,TRUE,1.3347521777096725,FALSE,FALSE,0.3601016071284188
Gm37733,1.4642254731847686,0.06313064173030508,1.0197867990341272,0.2224867447614827,1.5187283186596912,0.13843815538467028,Gm37733,FALSE,FALSE,FALSE,FALSE,1.3342468636261957,FALSE,FALSE,0.35996497651751913
Gm19938,1.4099188190483198,0.019435742666429615,1.2734837141935251,0.0704576830990092,1.3189824459466573,0.06750873220157737,Gm19938,TRUE,FALSE,FALSE,TRUE,1.3341283263961674,FALSE,FALSE,0.3599329255324334
Gm43707,1.4658887027617569,0.023240227542512155,1.5923745334173782,0.0704576830990092,0.938009934126803,0.21679145410412637,Gm43707,TRUE,FALSE,FALSE,TRUE,1.332091056768646,FALSE,FALSE,0.3593820732944343
Gm43187,1.0791821832235686,0.13392390855226488,1.515197150618588,0.08453473759992562,1.4018841722666686,0.13846274326631194,Gm43187,FALSE,FALSE,FALSE,FALSE,1.3320878353696084,FALSE,FALSE,0.3593812022684074
Gm18422,1.3083983982212875,0.040457000377134976,1.527609495852626,0.0704576830990092,1.159834757170723,0.14726044434425642,Gm18422,TRUE,FALSE,FALSE,TRUE,1.3319475504148788,FALSE,FALSE,0.35934327097044544
Gm12940,1.3198649195857273,0.036579641348843665,1.5003600706431042,0.0704576830990092,1.1658643475636417,0.13813008404078156,Gm12940,TRUE,FALSE,FALSE,TRUE,1.3286964459308244,FALSE,FALSE,0.3584642129622086
D130019J16Rik,1.4272528704068947,0.034951996629719685,1.2647737313631762,0.09180503249903499,1.2917412997710316,0.12595684420104247,D130019J16Rik,TRUE,FALSE,FALSE,TRUE,1.3279226338470342,FALSE,FALSE,0.3582549838486989
Gm37589,1.427690804812932,0.03162343631534125,1.2448027794874474,0.0909869250695733,1.3112380056279052,0.11553438602955379,Gm37589,TRUE,FALSE,FALSE,TRUE,1.327910529976095,FALSE,FALSE,0.35825171111331555
Gm43162,0.9584325382697336,0.24946876264811638,1.7072956565733652,0.08525470443769087,1.3142142474069392,0.22865767604459633,Gm43162,FALSE,FALSE,FALSE,FALSE,1.3266474807500126,FALSE,FALSE,0.3579101983928138
Gm42446,1.1973919668244764,0.05436178060188472,1.3899647482213544,0.07449567626744212,1.3874181500394378,0.09610154956615466,Gm42446,FALSE,FALSE,FALSE,FALSE,1.3249249550284228,FALSE,FALSE,0.35744444897215255
Gm37995,1.2551539672266838,0.04898136785788937,1.3499603266404179,0.08061724651331044,1.369164429587172,0.1002620105675008,Gm37995,TRUE,FALSE,FALSE,TRUE,1.324759574484758,FALSE,FALSE,0.3573997321406794
Gm43544,1.080484479226565,0.1577445771285332,1.6837523702754837,0.07860560439896262,1.21000128689211,0.23275281910636358,Gm43544,FALSE,FALSE,FALSE,FALSE,1.3247460454647195,FALSE,FALSE,0.3573960740627964
F630028O10Rik,1.1966757025412968,0.3761155695099934,1.0639397184229085,0.46420220131122,1.7124507475813795,0.3249772589041516,F630028O10Rik,FALSE,FALSE,FALSE,FALSE,1.324355389515195,FALSE,FALSE,0.3572904455778987
Gm44798,1.2694380171262676,0.04178226443439048,1.5596204589319096,0.0704576830990092,1.1411626004453872,0.14440486084188692,Gm44798,TRUE,FALSE,FALSE,TRUE,1.323407025501188,FALSE,FALSE,0.3570340198046498
Gm13477,1.755603153463932,0.04571502526579462,1.1529711363762907,0.20765322396492908,1.0611907242958067,0.36456401969128355,Gm13477,TRUE,FALSE,FALSE,TRUE,1.3232550047120097,FALSE,FALSE,0.35699291528377053
Gm32647,1.2510875652779054,0.0372238640149502,1.4592115123953313,0.0704576830990092,1.2551300681927602,0.1002620105675008,Gm32647,TRUE,FALSE,FALSE,TRUE,1.3218097152886656,FALSE,FALSE,0.3566021270922369
Gm26578,1.3422544144192083,0.049369776587001805,1.6144389579585208,0.0704576830990092,1.0014137385502349,0.2596272457328866,Gm26578,TRUE,FALSE,FALSE,TRUE,1.319369036975988,FALSE,FALSE,0.35594219818905576
9330162G02Rik,1.2982098539571183,0.03265995868152927,1.3414246338367946,0.07291497230223748,1.3158464931931952,0.09610154956615466,9330162G02Rik,TRUE,FALSE,FALSE,TRUE,1.318493660329036,FALSE,FALSE,0.35570550728739425
Gm21814,1.5331851109432224,0.04198630677418557,1.3307654476027515,0.10903133517897433,1.0876054680191642,0.2596272457328866,Gm21814,TRUE,FALSE,FALSE,TRUE,1.3171853421883795,FALSE,FALSE,0.35535175441832884
C030017G13Rik,1.253842497029284,0.16760333861824991,1.2632396043355647,0.19714267510348066,1.4287513879353582,0.23732599087608175,C030017G13Rik,FALSE,FALSE,FALSE,FALSE,1.3152778297667356,FALSE,FALSE,0.3548359869066166
Snord98,1.368748357426309,0.1518012183197528,1.1516226822487907,0.26484544008772254,1.4202815776755433,0.2649621374136752,Snord98,FALSE,FALSE,FALSE,FALSE,1.3135508724502143,FALSE,FALSE,0.35436903923808827
Gm37255,1.160825361971531,0.19138283700819006,1.4246960262619333,0.14377894253639445,1.3534060558128778,0.25044534589806017,Gm37255,FALSE,FALSE,FALSE,FALSE,1.312975814682114,FALSE,FALSE,0.35421355080677924
Gm37521,1.4752630793445047,0.06258785347559691,0.8708372553211963,0.30220245375482535,1.5837108143215852,0.1271905710602574,Gm37521,FALSE,FALSE,FALSE,FALSE,1.3099370496624287,FALSE,FALSE,0.35339190673510884
Gm42444,1.230245376292955,0.045539624952478173,1.370033642467052,0.07346255419668397,1.328329765336028,0.10022784058966161,Gm42444,TRUE,FALSE,FALSE,TRUE,1.309536261365345,FALSE,FALSE,0.3532835385901024
Gm47590,1.3664956545477696,0.11558616288311556,1.5577959368743421,0.11432686890313623,1.0020156062253447,0.4088297545259296,Gm47590,FALSE,FALSE,FALSE,FALSE,1.3087690658824855,FALSE,FALSE,0.3530760985227658
Mettl11b,0.9156568577943908,0.2663923030804197,1.3686209597065244,0.1307677764799865,1.6391311659383736,0.1271434093313485,Mettl11b,FALSE,FALSE,FALSE,FALSE,1.307802994479763,FALSE,FALSE,0.35281488489298024
Gm43679,1.2375205265861995,0.058748640568550205,1.3900268914123286,0.08226320350755506,1.2915607244517326,0.1279280311163358,Gm43679,FALSE,FALSE,FALSE,FALSE,1.3063693808167536,FALSE,FALSE,0.3524272536810745
Gm37868,1.4218005992710727,0.063956754068562785,1.246971932238654,0.1383581407961631,1.248634414907965,0.21430522751658732,Gm37868,FALSE,FALSE,FALSE,FALSE,1.305802315472564,FALSE,FALSE,0.3522739263012723
Gm43466,1.0425317577904987,0.16481470888788036,1.6238178668010685,0.08120675934582743,1.2501645464792819,0.2079228557265757,Gm43466,FALSE,FALSE,FALSE,FALSE,1.305504723690283,FALSE,FALSE,0.35219346120373923
A330076H08Rik,1.314098122361628,0.020977100686761854,1.292245546689598,0.0704576830990092,1.3097939107140268,0.06466742049771497,A330076H08Rik,TRUE,FALSE,FALSE,TRUE,1.3053791932550842,FALSE,FALSE,0.35215951934340217
Gm44624,1.5213747160371478,0.053520915459062665,1.1809523255526224,0.16043520345135412,1.2135119093220588,0.2365779149997614,Gm44624,FALSE,FALSE,FALSE,FALSE,1.305279650303943,FALSE,FALSE,0.3521326041738672
Gm1604a,-1.951744048663313,0.023240227542512155,-0.9218412832336937,0.15559479539785162,-1.0415567213915673,0.19999072086906083,Gm1604a,TRUE,FALSE,FALSE,TRUE,1.3050473510961913,FALSE,FALSE,0.35206979337222033
Gm44022,1.4384284607363391,0.03479715299470105,1.239914876187966,0.09749789641905506,1.233142694583447,0.14114928896260334,Gm44022,TRUE,FALSE,FALSE,TRUE,1.3038286771692507,FALSE,FALSE,0.3517402791778409
Gm43188,1.3030984927807414,0.04199685617976917,1.3682644852042802,0.07810208927709161,1.237707342282835,0.12751977623026692,Gm43188,TRUE,FALSE,FALSE,TRUE,1.3030234400892855,FALSE,FALSE,0.35152255313823055
Gm37334,1.092781388904002,0.18750359579770864,1.4784729897344295,0.11432686890313623,1.334476557433081,0.2234082253570566,Gm37334,FALSE,FALSE,FALSE,FALSE,1.3019103120238376,FALSE,FALSE,0.3512215772252987
Gm49297,1.3466895179296376,0.07655934579740088,1.344245982223002,0.11601268445501388,1.2085850926262856,0.22862245666617065,Gm49297,FALSE,FALSE,FALSE,FALSE,1.299840197592975,FALSE,FALSE,0.35066184416309115
Gm43200,1.2000080989094863,0.19284707046953506,1.5941322282296424,0.12278635579850475,1.0956715816028009,0.3877881401062887,Gm43200,FALSE,FALSE,FALSE,FALSE,1.2966039695806433,FALSE,FALSE,0.34978680856682737
Gm48678,1.4485850638579367,0.027839720029878327,1.5430672160647418,0.0704576830990092,0.8968841204628878,0.26669296121677394,Gm48678,TRUE,FALSE,FALSE,TRUE,1.2961788001285222,FALSE,FALSE,0.3496718480623041
Gm47963,1.5630971402493203,0.027910305702979202,1.0994368365964158,0.1337751852569142,1.219417017858099,0.15806671364017832,Gm47963,TRUE,FALSE,FALSE,TRUE,1.2939836649012784,FALSE,FALSE,0.34907831093972447
Lrrc39,1.2804413064470495,0.06057188323532129,1.6490549436462465,0.0704576830990092,0.9481552186387011,0.29379040446483645,Lrrc39,FALSE,FALSE,FALSE,FALSE,1.2925504895773323,FALSE,FALSE,0.3486907982492215
Gm37895,1.2470183768834124,0.05997385598308451,1.4206291911588513,0.0805161588211371,1.2069603287682602,0.1564952205742026,Gm37895,FALSE,FALSE,FALSE,FALSE,1.291535965603508,FALSE,FALSE,0.3484164836499483
Gm17807,1.5826375159146877,0.06870562282276386,0.9533676691473939,0.3065842985743526,1.3370867432920899,0.24315470576168083,Gm17807,FALSE,FALSE,FALSE,FALSE,1.2910306427847238,FALSE,FALSE,0.34827985067713074
Cr2,1.1720281326350719,0.05928622945538518,1.3430556028778609,0.07939073389715677,1.3564073885816725,0.1002620105675008,Cr2,FALSE,FALSE,FALSE,FALSE,1.2904970413648684,FALSE,FALSE,0.34813557152411334
Gm45464,0.8466416349772462,0.2370879687164826,1.7198281826153543,0.0704576830990092,1.2985789291984822,0.16243530930585015,Gm45464,FALSE,FALSE,FALSE,FALSE,1.2883495822636943,FALSE,FALSE,0.34755492542999156
Mis18bp1,1.4184611845257051,0.03989274916517326,1.1486420747143393,0.1212335433577694,1.2929592365186602,0.1382447252913647,Mis18bp1,TRUE,FALSE,FALSE,TRUE,1.2866874985862349,FALSE,FALSE,0.3471055187824364
A930040O22Rik,1.4650288384668706,0.21772680211941747,1.5230696705648907,0.2290983694406034,0.8686909916030137,0.6312126565117124,A930040O22Rik,FALSE,FALSE,FALSE,FALSE,1.2855965002115917,FALSE,FALSE,0.3468105264612399
5830444F18Rik,1.395104926163872,0.05503611051032145,1.204939323330878,0.12947871565590208,1.253759702543546,0.17991730657020547,5830444F18Rik,FALSE,FALSE,FALSE,FALSE,1.2846013173460986,FALSE,FALSE,0.3465414414558633
Stap1,1.3961116990259541,0.05938451716834093,0.9818174015262562,0.2086980333808792,1.4758421195217166,0.1271905710602574,Stap1,FALSE,FALSE,FALSE,FALSE,1.284590406691309,FALSE,FALSE,0.3465384913512096
Nr6a1os,1.3232016905652118,0.19627329670579088,1.1606430442117217,0.2920975771635107,1.3643851215522673,0.32305779101167253,Nr6a1os,FALSE,FALSE,FALSE,FALSE,1.282743285443067,FALSE,FALSE,0.3460390528577944
Gm44542,0.8168968140101658,0.2541915631274384,1.873741105306248,0.0704576830990092,1.1547887964235208,0.21430522751658732,Gm44542,FALSE,FALSE,FALSE,FALSE,1.2818089052466448,FALSE,FALSE,0.34578640813399936
Gm43696,1.4761562555622767,0.03351867309412916,1.2280267798079079,0.10211259847939146,1.1356144097388627,0.1869631545858462,Gm43696,TRUE,FALSE,FALSE,TRUE,1.2799324817030158,FALSE,FALSE,0.3452790466662393
Gm48542,1.3770647070283686,0.04571502526579462,1.374836460991064,0.08619756464540504,1.0871119688300834,0.21666895771141415,Gm48542,TRUE,FALSE,FALSE,TRUE,1.2796710456165052,FALSE,FALSE,0.3452083576168358
Gm49418,1.5717103023397085,0.040457000377134976,1.2634460459324413,0.12606103640093502,1.0015193311509656,0.3182093175706225,Gm49418,TRUE,FALSE,FALSE,TRUE,1.2788918931410385,FALSE,FALSE,0.3449976845281806
Gm23624,1.4056980048543093,0.25108013487103087,1.330881639665107,0.30628840842591787,-1.0981991093369432,0.6597432136353976,Gm23624,FALSE,FALSE,FALSE,FALSE,1.2782595846187865,FALSE,FALSE,0.3448267162086793
Gm42443,1.4539552476581212,0.044090152498948126,1.0137554718260016,0.17915248531114147,1.3594490448836434,0.13813008404078156,Gm42443,TRUE,FALSE,FALSE,TRUE,1.275719921455922,FALSE,FALSE,0.3441400230394841
D430013B06Rik,1.1719530202903723,0.18319473883213622,1.2889102227530722,0.17638364357828434,1.360083684478647,0.24340161750380987,D430013B06Rik,FALSE,FALSE,FALSE,FALSE,1.2736489758406973,FALSE,FALSE,0.34358006523541623
Gm43982,1.2360692001191773,0.08060783020265043,1.3028291314092302,0.1060927084274755,1.2807580592862562,0.16365257450141046,Gm43982,FALSE,FALSE,FALSE,FALSE,1.2732187969382212,FALSE,FALSE,0.3434637502381435
Gm26954,1.0796641395471787,0.10983141095668125,1.3412154248169121,0.09180503249903499,1.396965343440572,0.12049300589085365,Gm26954,FALSE,FALSE,FALSE,FALSE,1.272614969268221,FALSE,FALSE,0.34330048278503267
Gm44822,1.5238845114670738,0.10047645944031847,1.3799784496428036,0.17233569714023145,0.9137878702408797,0.4912205178804098,Gm44822,FALSE,FALSE,FALSE,FALSE,1.272550277116919,FALSE,FALSE,0.3432829908360809
Gm44144,1.2825318617698445,0.11878371677993302,1.1849539939947742,0.18598641846202824,1.3419141939331074,0.22095939737689996,Gm44144,FALSE,FALSE,FALSE,FALSE,1.2698000165659087,FALSE,FALSE,0.34253935476595115
Gm43843,0.8348778519292451,0.24897073492225083,1.358565853448591,0.10005216606778224,1.612369043949661,0.09610154956615466,Gm43843,FALSE,FALSE,FALSE,FALSE,1.2686042497758323,FALSE,FALSE,0.3422160343750022
Gm37677,0.9879122551806463,0.20163492383331066,1.4749268823465358,0.09955301218514566,1.3417524126257379,0.18744052178052834,Gm37677,FALSE,FALSE,FALSE,FALSE,1.2681971833843066,FALSE,FALSE,0.3421059687117454
Gm38156,0.5786753588098454,0.5409233270584194,1.875574721679714,0.08120675934582743,1.3484720399229306,0.24200848289713714,Gm38156,FALSE,FALSE,FALSE,FALSE,1.2675740401374966,FALSE,FALSE,0.3419374785681423
Gm25357,1.3764279291384895,0.10308764116331602,0.9817128259556265,0.27986782268072213,1.4418328225005457,0.19570276115882002,Gm25357,FALSE,FALSE,FALSE,FALSE,1.2666578591982205,FALSE,FALSE,0.3416897546959583
Gm43984,1.5388689783578908,0.06941780584205952,1.3140115505448766,0.15412885058219658,0.9465413809203702,0.4223545362683043,Gm43984,FALSE,FALSE,FALSE,FALSE,1.2664739699410459,FALSE,FALSE,0.341640033339742
Rps18-ps1,-1.4933652593339197,0.028766070825880882,-0.8092342677218196,0.1558691368725668,-1.4966517222930162,0.08096894039228028,Rps18-ps1,TRUE,FALSE,FALSE,TRUE,1.2664170831162518,FALSE,FALSE,0.3416246518534983
Gm14393,1.6578175050397315,0.03831333094046757,1.287006909787178,0.13078105459057643,0.8528658532144999,0.4245546263275381,Gm14393,TRUE,FALSE,FALSE,TRUE,1.265896756013803,FALSE,FALSE,0.34148396190995645
Gm38057,0.9766958408121047,0.12897784690553668,1.3294861571896217,0.08619756464540504,1.491291817752077,0.09137478754353255,Gm38057,FALSE,FALSE,FALSE,FALSE,1.2658246052512678,FALSE,FALSE,0.3414644532457723
Bcas3os1,1.0309513381128563,0.24608204099123582,1.3247323494039536,0.16524412564643598,1.4392632359807411,0.21569604710655,Bcas3os1,FALSE,FALSE,FALSE,FALSE,1.264982307832517,FALSE,FALSE,0.3412367065538707
4930532I03Rik,1.008676406632812,0.1622934917747772,1.6295177691649074,0.07556490478840473,1.1551705318537098,0.22883549576023568,4930532I03Rik,FALSE,FALSE,FALSE,FALSE,1.2644549025504763,FALSE,FALSE,0.3410941027590562
Gm38056,1.035710493809146,0.30162361340456406,1.5702759531285073,0.14333171539953213,1.1868023402623193,0.3761041991540492,Gm38056,FALSE,FALSE,FALSE,FALSE,1.2642629290666576,FALSE,FALSE,0.34104219552902176
Gm26823,1.4536754768275253,0.041505530485533834,1.258088007726898,0.10847570981330946,1.0756837727545354,0.2356089296903635,Gm26823,TRUE,FALSE,FALSE,TRUE,1.2624824191029862,FALSE,FALSE,0.3405607678942018
Gm49204,1.2652896949116061,0.06774748590340365,1.298983614161639,0.1009177341460659,1.2224820807133399,0.1748775832390268,Gm49204,FALSE,FALSE,FALSE,FALSE,1.2622517965955284,FALSE,FALSE,0.3404984104513529
Gm37694,1.2834176565185342,0.04178226443439048,1.2201361964976694,0.08975409436817504,1.275929869379785,0.11289515180952109,Gm37694,TRUE,FALSE,FALSE,TRUE,1.2598279074653296,FALSE,FALSE,0.3398430211332211
Gm37006,1.1045059836335236,0.10965334666505477,1.3991727617152099,0.08967000640739733,1.2755703185135077,0.16062047190746198,Gm37006,FALSE,FALSE,FALSE,FALSE,1.2597496879540804,FALSE,FALSE,0.33982187155525423
Gm45807,1.0045054782652945,0.34888164301686453,1.3426585305988548,0.2282869826804814,1.4316460105372744,0.3069935193989426,Gm45807,FALSE,FALSE,FALSE,FALSE,1.2596033398004745,FALSE,FALSE,0.33978230084411626
Gm43486,0.8699372543545519,0.4961432907101336,1.1632405727037,0.3635381036195622,1.742994996636741,0.2596272457328866,Gm43486,FALSE,FALSE,FALSE,FALSE,1.2587242745649978,FALSE,FALSE,0.3395446125942312
Gm45130,1.1896499704443417,0.1945071354225997,1.3426654365087431,0.1769206755628988,1.2434457388874616,0.3181263298645706,Gm45130,FALSE,FALSE,FALSE,FALSE,1.2585870486135156,FALSE,FALSE,0.33950750841250465
Gm20700,1.3666203555422376,0.09498607587639718,1.126718273544506,0.199247425288074,1.2822734659924104,0.2384019621494323,Gm20700,FALSE,FALSE,FALSE,FALSE,1.2585373650263847,FALSE,FALSE,0.3394940745916725
Nr4a2,-1.1375456170675085,0.0353064094223174,-0.980967720922834,0.09726449413911467,-1.6548319231765332,0.05475877694670262,Nr4a2,TRUE,FALSE,FALSE,TRUE,1.257781753722292,FALSE,FALSE,0.3392897667414527
Gm43061,1.308098306269641,0.19922089077460395,1.5448053897281593,0.16255449878962994,0.9189864639194804,0.5374640967791049,Gm43061,FALSE,FALSE,FALSE,FALSE,1.2572967199724268,FALSE,FALSE,0.33915861967922345
Gm43000,1.3899286589130089,0.0347559481312044,1.1586612096721114,0.10394173157614646,1.222687855481282,0.1358433570426588,Gm43000,TRUE,FALSE,FALSE,TRUE,1.2570925746888006,FALSE,FALSE,0.33910342134668897
Gm37928,1.1806269864021357,0.040994506009830636,1.2987722948094669,0.07131797632043399,1.2898817214778937,0.08785690337140192,Gm37928,TRUE,FALSE,FALSE,TRUE,1.2564270008964988,FALSE,FALSE,0.33892345851403777
AC154654.1,1.0101574386234147,0.23591973166685243,1.4571808985216443,0.12351233695174244,1.2986350084384908,0.2466190834549254,AC154654.1,FALSE,FALSE,FALSE,FALSE,1.2553244485278499,FALSE,FALSE,0.3386253421373064
Gm49308,0.9951120219053884,0.16242855460267625,1.2309502848572431,0.12399227181825058,1.538134322530436,0.10494105333188405,Gm49308,FALSE,FALSE,FALSE,FALSE,1.2547322097643558,FALSE,FALSE,0.33846520817963416
Gm38366,0.7577171272401786,0.34762459441781635,1.3346316312183761,0.12691578971967338,1.6689547863164291,0.10959681489933279,Gm38366,FALSE,FALSE,FALSE,FALSE,1.2537678482583279,FALSE,FALSE,0.33820445688453826
Gm16577,0.7810473698669593,0.44585280911519015,1.6693833291537494,0.12061995108359509,1.3080179150390212,0.31366821982823645,Gm16577,FALSE,FALSE,FALSE,FALSE,1.2528162046865767,FALSE,FALSE,0.33794714435987533
Gm29245,1.2237200185778905,0.10803663039875643,1.2570633620183755,0.13670779375254333,1.2775263645567139,0.20615231993569727,Gm29245,FALSE,FALSE,FALSE,FALSE,1.2527699150509932,FALSE,FALSE,0.33793462822111153
B230206I08Rik,1.1967789989929605,0.09152069897280923,1.517634248503559,0.08226320350755506,1.0432005278748933,0.26510229486192677,B230206I08Rik,FALSE,FALSE,FALSE,FALSE,1.2525379251238042,FALSE,FALSE,0.3378719010450623
Gm43859,1.6364395819256918,0.020563503979658112,1.0059159569877565,0.13385386958283618,1.1121798355941004,0.162978954396471,Gm43859,TRUE,FALSE,FALSE,TRUE,1.2515117915025162,FALSE,FALSE,0.337594447342255
Gm28905,1.1495660178004705,0.11079995712960997,1.5368218763867003,0.08414847600606047,1.0671823680352905,0.26669296121677394,Gm28905,FALSE,FALSE,FALSE,FALSE,1.251190087407487,FALSE,FALSE,0.33750746257679914
Gm43164,1.3620201898521889,0.023781062591481793,1.359718367531096,0.0704576830990092,1.0312450702951954,0.14714955811667565,Gm43164,TRUE,FALSE,FALSE,TRUE,1.2509945425594935,FALSE,FALSE,0.33745458969453984
Chrne,-2.3713997085830694,0.06751437494255605,0.4362435878768668,0.7099218456563382,-0.940471339683647,0.5937388966935995,Chrne,FALSE,FALSE,FALSE,FALSE,1.2493715453811944,FALSE,FALSE,0.3370157515477109
Gm37891,1.2267262005159818,0.04209061459922475,1.4030700587481681,0.0704576830990092,1.1165475169307275,0.13969684197102653,Gm37891,TRUE,FALSE,FALSE,TRUE,1.2487812587316258,FALSE,FALSE,0.3368561454172394
Gm45220,1.2215429642543603,0.10047645944031847,1.6158370416458472,0.0805161588211371,0.9051355365133342,0.37422734490271664,Gm45220,FALSE,FALSE,FALSE,FALSE,1.247505180804514,FALSE,FALSE,0.3365111098988598
Gm37906,1.119252377714644,0.14644414665894828,1.3764631433715555,0.1156090072283418,1.2465530649509355,0.2236949821894164,Gm37906,FALSE,FALSE,FALSE,FALSE,1.2474228620123784,FALSE,FALSE,0.3364888519265891
Gm47503,1.2540010475684067,0.27040764079008545,1.2130155434375118,0.31880725521200803,1.274744161534537,0.4173718251426266,Gm47503,FALSE,FALSE,FALSE,FALSE,1.2472535841801518,FALSE,FALSE,0.3364430813170115
2610042L04Rik,0.8470565195301775,0.2706083089632895,2.116159727493992,0.0704576830990092,0.7779740271099179,0.46523129384844125,2610042L04Rik,FALSE,FALSE,FALSE,FALSE,1.2470634247113623,FALSE,FALSE,0.3363916645739627
Gm44164,1.0763657717565254,0.09441429469525091,1.3721360876165538,0.08414847600606047,1.2921075095664263,0.12751977623026692,Gm44164,FALSE,FALSE,FALSE,FALSE,1.2468697896465017,FALSE,FALSE,0.336339308073187
Gm37262,1.2025150885282854,0.15550991151027052,1.0664936723430132,0.24179016627568636,1.4698843920019418,0.1869631545858462,Gm37262,FALSE,FALSE,FALSE,FALSE,1.2462977176244134,FALSE,FALSE,0.33618462695027285
Gm42479,1.2600976899850398,0.09722986201506387,0.6264399978969202,0.4568630306699392,1.852301630763082,0.07885021915255766,Gm42479,FALSE,FALSE,FALSE,FALSE,1.2462797728816806,FALSE,FALSE,0.3361797749161772
Rtn4r,1.7086341531382372,0.032522899994359554,0.5752575378522512,0.4922432752080957,1.4549042836963746,0.1396697986803263,Rtn4r,TRUE,FALSE,FALSE,TRUE,1.246265324895621,FALSE,FALSE,0.3361758683613707
Chil3,0.6916587896127548,0.6251168495391698,1.2029997603618363,0.3709568495465565,1.8360218564461088,0.2565099101273297,Chil3,FALSE,FALSE,FALSE,FALSE,1.2435601354735666,FALSE,FALSE,0.33544441896104604
Gm12266,1.4101297013952268,0.05427355593073332,1.7373343789471358,0.0704576830990092,0.582351214743514,0.5809080058348941,Gm12266,FALSE,FALSE,FALSE,FALSE,1.2432717650286256,FALSE,FALSE,0.3353664471978476
A130048G24Rik,1.539444414978434,0.049875228145824374,1.4584016544624627,0.10005216606778224,0.7305426475951878,0.5074702906868367,A130048G24Rik,TRUE,FALSE,FALSE,TRUE,1.2427962390120282,FALSE,FALSE,0.3352378709078313
Gm3081,0.9359958428733635,0.2139531820978114,1.488311400488726,0.09180503249903499,1.294219950268848,0.18917736616685438,Gm3081,FALSE,FALSE,FALSE,FALSE,1.2395090645436457,FALSE,FALSE,0.3343490600267674
Gm38082,1.1722963650984224,0.021218439507966206,1.3767398260924018,0.0704576830990092,1.168914373467951,0.06360095698559094,Gm38082,TRUE,FALSE,FALSE,TRUE,1.2393168548862583,FALSE,FALSE,0.3342970889383525
Gm49526,1.1702274349373272,0.1240641894867749,1.4632943839463302,0.09896892391124842,1.0831614778732335,0.29430484566956217,Gm49526,FALSE,FALSE,FALSE,FALSE,1.238894432252297,FALSE,FALSE,0.3341828711391198
Gm43011,1.2507257631104642,0.04909649914282852,1.3518513208560772,0.07978550165448961,1.1112102332091292,0.1680992244343216,Gm43011,TRUE,FALSE,FALSE,TRUE,1.2379291057252235,FALSE,FALSE,0.33392185891439763
Gm42659,0.9901618560220314,0.28627345957426037,1.2972633910012763,0.18741753095410493,1.424780830440868,0.23811993020171965,Gm42659,FALSE,FALSE,FALSE,FALSE,1.237402025821392,FALSE,FALSE,0.33377934309778323
Gm44677,1.25479808461349,0.04606025036590062,1.4724980852059881,0.0704576830990092,0.9789206291744024,0.22508670396476482,Gm44677,TRUE,FALSE,FALSE,TRUE,1.235405599664627,FALSE,FALSE,0.33323953442366483
Dnm3os,1.2280908108310284,0.040047514712064296,1.151789472896405,0.09008391513403423,1.3234020272930134,0.09004397763317529,Dnm3os,TRUE,FALSE,FALSE,TRUE,1.2344274370068156,FALSE,FALSE,0.3329750514696642
Nnt,1.1763761268337023,0.14468589535117404,1.2953314800806885,0.14624104626838466,1.2288102407399175,0.25358425481780605,Nnt,FALSE,FALSE,FALSE,FALSE,1.2335059492181029,FALSE,FALSE,0.33272589269173714
Gm48889,1.253785571491783,0.06025454499943422,1.2373239662848408,0.10211259847939146,1.2076345253010319,0.16062047190746198,Gm48889,FALSE,FALSE,FALSE,FALSE,1.2329146876925519,FALSE,FALSE,0.3325660229669875
Gm43417,1.0270457292858968,0.1458338265597772,1.2915406577739443,0.11040398628991253,1.3797765539830085,0.1396697986803263,Gm43417,FALSE,FALSE,FALSE,FALSE,1.2327876470142831,FALSE,FALSE,0.3325316727558049
Gm44846,1.6169691134482629,0.07609276074433094,0.8186778359485246,0.4175768888803147,1.2610594371067656,0.30580971891383374,Gm44846,FALSE,FALSE,FALSE,FALSE,1.232235462167851,FALSE,FALSE,0.3323823688765652
Gm42869,1.1178117049612224,0.10857798108946265,1.4086852948785658,0.08968228935192599,1.1698958962497061,0.20413169178851054,Gm42869,FALSE,FALSE,FALSE,FALSE,1.2321309653631647,FALSE,FALSE,0.33235411424696304
Gm45033,0.8631704227820518,0.34410944168884633,1.380174119992117,0.15202031156578022,1.4491618801078683,0.2142264092705122,Gm45033,FALSE,FALSE,FALSE,FALSE,1.2308354742940124,FALSE,FALSE,0.3320038296576725
Cd46,1.1119131968540208,0.07155937324978816,1.228048662043818,0.09085111530551959,1.3462855580699797,0.1002620105675008,Cd46,FALSE,FALSE,FALSE,FALSE,1.2287491389892728,FALSE,FALSE,0.3314397106739568
Gm37107,1.2836432257753967,0.09510811412284416,1.2544629795716387,0.13848905133909886,1.1469181139177693,0.26249736858147227,Gm37107,FALSE,FALSE,FALSE,FALSE,1.2283414397549348,FALSE,FALSE,0.33132947389791506
Gm37329,1.2146914362832275,0.12191013257390579,1.4013305931371307,0.11453467886037556,1.0675381557373667,0.31504231908507296,Gm37329,FALSE,FALSE,FALSE,FALSE,1.227853395052575,FALSE,FALSE,0.3311975127117732
Gm44567,0.7284273733146837,0.30675482878983173,1.4828430210165762,0.08453473759992562,1.4711430201860072,0.11553438602955379,Gm44567,FALSE,FALSE,FALSE,FALSE,1.2274711381724224,FALSE,FALSE,0.3310941552302312
mt-Te,1.5258561296120452,0.049628608202857895,1.2905020611599831,0.1288049914175184,0.8627567429464782,0.4129097120597232,mt-Te,TRUE,FALSE,FALSE,TRUE,1.2263716445728354,FALSE,FALSE,0.3307968659064145
Gm37893,0.875063553316525,0.2500072073556345,1.247420541313654,0.1344698886810065,1.5532899372805156,0.12049300589085365,Gm37893,FALSE,FALSE,FALSE,FALSE,1.2252580106368982,FALSE,FALSE,0.3304957532124265
Mirlet7c-1,0.8392632149077606,0.3981365904599235,1.2790761212886972,0.20622119745259915,1.5554847565144436,0.21386874429407313,Mirlet7c-1,FALSE,FALSE,FALSE,FALSE,1.2246080309036338,FALSE,FALSE,0.3303200068183872
Gm43019,1.1087508070086134,0.03568027773812975,1.3578383270634231,0.0704576830990092,1.2069998742665402,0.07902608801737694,Gm43019,TRUE,FALSE,FALSE,TRUE,1.2245296694461922,FALSE,FALSE,0.33029881885994444
Gm47690,1.1881000366488839,0.2286709276514279,1.2829432043004492,0.22144352641964105,1.2023149358568301,0.36959195331488187,Gm47690,FALSE,FALSE,FALSE,FALSE,1.2244527256020543,FALSE,FALSE,0.3302780142064165
Mir341,1.3417089342388309,0.05501175218210653,1.4193702133849035,0.0856437643014156,0.9095449187007153,0.32722722173139984,Mir341,FALSE,FALSE,FALSE,FALSE,1.2235413554414833,FALSE,FALSE,0.3300315911086516
mt-Tm,1.0129662629982914,0.2858136325704664,1.2997548449837726,0.1902261960527705,1.3566585647098033,0.26669296121677394,mt-Tm,FALSE,FALSE,FALSE,FALSE,1.2231265575639558,FALSE,FALSE,0.32991943494823645
Gm26749,1.4622221870079222,0.03432651117581516,1.2653457034987954,0.09564193831237527,0.9414790136851885,0.27878368980146584,Gm26749,TRUE,FALSE,FALSE,TRUE,1.2230156347306353,FALSE,FALSE,0.32988944280082777
Phf24,1.5806115649237555,0.19061061988587397,0.5850071619143613,0.699775373375869,1.5006371161871663,0.3688051796311325,Phf24,FALSE,FALSE,FALSE,FALSE,1.2220852810084277,FALSE,FALSE,0.32963788678532263
Gm37706,1.0165975905878442,0.08890088478444788,1.2903953913834727,0.08120675934582743,1.3586004582560813,0.0945307768205195,Gm37706,FALSE,FALSE,FALSE,FALSE,1.2218644800757994,FALSE,FALSE,0.3295781849735214
Gm26530,1.1191728575048558,0.3253122321794847,0.946409061582268,0.44313286904945803,1.5965784806195404,0.2804751452295152,Gm26530,FALSE,FALSE,FALSE,FALSE,1.2207201332355548,FALSE,FALSE,0.32926876789417153
Gm48267,1.2880256415999782,0.11458078526098803,1.1073725277675919,0.20811223222506314,1.2606747938549008,0.24775677165983476,Gm48267,FALSE,FALSE,FALSE,FALSE,1.2186909877408236,FALSE,FALSE,0.3287201123201136
Gm42536,0.8790547018203196,0.3951971880968058,1.46736155146615,0.1708847594760277,1.3093372926646523,0.32856826596063826,Gm42536,FALSE,FALSE,FALSE,FALSE,1.2185845153170407,FALSE,FALSE,0.32869132350780633
Gm37204,1.4619835683325506,0.042154818975771995,0.8602938416151011,0.24936187148890213,1.332694079583683,0.14276280291425258,Gm37204,TRUE,FALSE,FALSE,TRUE,1.2183238298437782,FALSE,FALSE,0.3286208374148412
Gm37510,0.8015287367258191,0.19255203774744684,1.5742495364780151,0.0704576830990092,1.2780775814671435,0.12049300589085365,Gm37510,FALSE,FALSE,FALSE,FALSE,1.2179519515569925,FALSE,FALSE,0.32852028617519585
Gm44104,1.34145309327926,0.025664562526706087,1.4695559566391585,0.0704576830990092,0.8327624396906854,0.25370456056263996,Gm44104,TRUE,FALSE,FALSE,TRUE,1.214590496536368,FALSE,FALSE,0.327611390761437
Gm48961,1.1166663966570294,0.13886254732354278,1.2721381083982495,0.13144440679314048,1.2541106438308252,0.21063064191497227,Gm48961,FALSE,FALSE,FALSE,FALSE,1.2143050496287013,FALSE,FALSE,0.3275342094861684
Vmn2r29,0.946609649840457,0.18708454072408,1.574731486688586,0.0794588707975626,1.1193960150083224,0.23872736474709036,Vmn2r29,FALSE,FALSE,FALSE,FALSE,1.213579050512455,FALSE,FALSE,0.32733790840134036
Gm45477,1.2327732666785642,0.03831333094046757,1.1883887733739433,0.08508717706951348,1.2171821760486266,0.10626346725577442,Gm45477,TRUE,FALSE,FALSE,TRUE,1.2127814053670447,FALSE,FALSE,0.32712223512592176
Gm42462,1.4473880665910275,0.05614965365676467,1.2653343123226761,0.12874311328073743,0.9248598403420463,0.364194095261718,Gm42462,FALSE,FALSE,FALSE,FALSE,1.2125274064185834,FALSE,FALSE,0.32705355698567007
Gm37051,1.5359087865206025,0.09273416170085805,1.0110749337327107,0.306255415451974,1.088494658314014,0.38783731081116285,Gm37051,FALSE,FALSE,FALSE,FALSE,1.211826126189109,FALSE,FALSE,0.3268639395787977
Gm37702,1.4146115502640262,0.11523846796165217,1.3387420416216558,0.17233569714023145,0.8816291679255434,0.4964152992747804,Gm37702,FALSE,FALSE,FALSE,FALSE,1.2116609199370751,FALSE,FALSE,0.3268192698736026
Gm40309,1.4931125039277666,0.1014838870146799,1.2619047242837513,0.199882939103184,0.8621228858009291,0.5136451318462426,Gm40309,FALSE,FALSE,FALSE,FALSE,1.2057133713374824,FALSE,FALSE,0.32521112708659206
Cfap161,-0.9971643641867318,0.09806949097466071,-1.0756692053675085,0.1172186160026876,-1.5420035357214583,0.0945307768205195,Cfap161,FALSE,FALSE,FALSE,FALSE,1.2049457017585663,FALSE,FALSE,0.32500355882960874
A430090L17Rik,1.7636473705896933,0.057866366417955666,0.9727343726468924,0.32672412494339437,0.8761280285963273,0.5048704591782952,A430090L17Rik,FALSE,FALSE,FALSE,FALSE,1.2041699239443044,FALSE,FALSE,0.32479379820715437
Jchain,1.2759364290326123,0.4362757157672721,1.5314921930344199,0.35878001822012523,0.8023973212624851,0.7522180191532596,Jchain,FALSE,FALSE,FALSE,FALSE,1.2032753144431725,FALSE,FALSE,0.32455190698216546
Gm37814,1.5787787357722014,0.03818221632513015,1.2078120678146667,0.13346607118761325,0.8227964511679033,0.4129097120597232,Gm37814,TRUE,FALSE,FALSE,TRUE,1.2031290849182572,FALSE,FALSE,0.3245123683467424
Gm37115,0.9129028686154383,0.19026709100659833,1.2964673317526463,0.10437280106209305,1.3998360212255772,0.12751977623026692,Gm37115,FALSE,FALSE,FALSE,FALSE,1.2030687405312206,FALSE,FALSE,0.3244960519788936
Gm43654,0.9959455416257224,0.17203974892575064,1.503736745443542,0.0856437643014156,1.1065865429663209,0.25445387841808387,Gm43654,FALSE,FALSE,FALSE,FALSE,1.2020896100118617,FALSE,FALSE,0.32423130732723043
Xlr3b,-1.1423346238639356,0.486060824648174,1.5329564323030065,0.20622119745259915,-0.930776481779674,0.6782002981039384,Xlr3b,FALSE,FALSE,FALSE,FALSE,1.202022512648872,FALSE,FALSE,0.3242131650391074
Gm44044,1.3065553275147224,0.05778265779824198,1.0112143161445974,0.16968813537426067,1.2878863382752952,0.14643786774033146,Gm44044,FALSE,FALSE,FALSE,FALSE,1.2018853273115384,FALSE,FALSE,0.32417607183893893
Gm43186,1.1399847420372655,0.1242974819969247,1.5014319078580214,0.08968228935192599,0.9630642516457377,0.33898140350041356,Gm43186,FALSE,FALSE,FALSE,FALSE,1.2014936338470081,FALSE,FALSE,0.3240701628229543
Gm42822,0.8394970468265408,0.2688980339005266,1.346783475285103,0.11360686403682375,1.4146386272122649,0.14919547505649788,Gm42822,FALSE,FALSE,FALSE,FALSE,1.2003063831079694,FALSE,FALSE,0.3237491450657411
Gm45532,1.3630427901298163,0.0417951248936833,1.3975478901064566,0.08120675934582743,0.8399799481378076,0.3339062247205055,Gm45532,TRUE,FALSE,FALSE,TRUE,1.2001902094580268,FALSE,FALSE,0.3237177331631618
Gm10862,1.3917305514134877,0.024629542147386174,1.0546552765009023,0.10228127377363995,1.1519195713315005,0.12134744182846555,Gm10862,TRUE,FALSE,FALSE,TRUE,1.1994351330819635,FALSE,FALSE,0.3235135699507937
Gm37621,1.0945088749042584,0.12916164129080926,1.1102489623290246,0.15857361106165574,1.392217160944573,0.13969684197102653,Gm37621,FALSE,FALSE,FALSE,FALSE,1.1989916660592854,FALSE,FALSE,0.32339366201194214
Gm4275,0.7976600979643899,0.3427773472019385,1.5734736906536284,0.09685804697865139,1.2257277602462464,0.25977568238390664,Gm4275,FALSE,FALSE,FALSE,FALSE,1.1989538496214216,FALSE,FALSE,0.32338343691991256
Gm42611,1.071341320756141,0.09489402688256474,1.2911812887681322,0.0901221972904831,1.231787760001408,0.14114928896260334,Gm42611,FALSE,FALSE,FALSE,FALSE,1.1981034565085604,FALSE,FALSE,0.3231535012535332
Gm45221,0.987897483663827,0.14357295973818035,1.3361792518758082,0.09221513465510923,1.2685621364634672,0.15243957447663298,Gm45221,FALSE,FALSE,FALSE,FALSE,1.1975462906677008,FALSE,FALSE,0.32300285057567096
Gm24564,1.0374661819687108,0.18742468514411031,1.2384921497868362,0.1497476064857061,1.3130441834084257,0.20413169178851054,Gm24564,FALSE,FALSE,FALSE,FALSE,1.1963341717213243,FALSE,FALSE,0.32267510876608785
Gm44283,1.1124341719010902,0.16522702898705188,1.390638086231378,0.12238575199801029,1.0828840292379964,0.3181176268354457,Gm44283,FALSE,FALSE,FALSE,FALSE,1.1953187624568216,FALSE,FALSE,0.32240055479528285
Gm29361,1.2913158061642926,0.0544088838914732,1.0475729397126416,0.14700426820062606,1.2452691292325735,0.14854708690306737,Gm29361,FALSE,FALSE,FALSE,FALSE,1.1947192917031693,FALSE,FALSE,0.3222384653978838
Gm44291,0.9880033908040204,0.18448211341963716,1.8474670553720238,0.0704576830990092,0.7432107178662872,0.48247876767296555,Gm44291,FALSE,FALSE,FALSE,FALSE,1.1928937213474438,FALSE,FALSE,0.3217448539963828
Gm42993,1.0910173089673494,0.04571502526579462,1.2470168573344274,0.07139324434162915,1.2327285380600967,0.08993010791383223,Gm42993,TRUE,FALSE,FALSE,TRUE,1.190254234787291,FALSE,FALSE,0.32103116982852054
Gm44560,1.12867424105327,0.22029046711621308,1.15554455530058,0.2373949968491653,1.2827047889901246,0.29150525020833246,Gm44560,FALSE,FALSE,FALSE,FALSE,1.1889745284479916,FALSE,FALSE,0.32068515323284663
Gm25596,1.514024608085695,0.05609345704302387,1.4695831207502257,0.10095931193905984,0.582376734543895,0.6191264846276101,Gm25596,FALSE,FALSE,FALSE,FALSE,1.188661487793272,FALSE,FALSE,0.32060051095334297
5730507A11Rik,0.9989093515842591,0.20563327481353935,1.2548792093863719,0.14600483083553098,1.3093446836720046,0.20660229794159718,5730507A11Rik,FALSE,FALSE,FALSE,FALSE,1.1877110815475451,FALSE,FALSE,0.3203435329861684
Gm45501,1.353901317815671,0.08570535434876847,0.779176077113126,0.36051765594373625,1.4282122255674141,0.16365257450141046,Gm45501,FALSE,FALSE,FALSE,FALSE,1.1870965401654037,FALSE,FALSE,0.32017736867923396
1700015H07Rik,1.3383874591231442,0.05841619597690374,1.1194434245309082,0.14403030867861133,1.0999160753953672,0.23365896015429713,1700015H07Rik,FALSE,FALSE,FALSE,FALSE,1.1859156530164732,FALSE,FALSE,0.31985807155723045
Gm42992,1.1238263328626477,0.03831333094046757,1.3558987367972002,0.0704576830990092,1.0777185874589714,0.11655533245180859,Gm42992,TRUE,FALSE,FALSE,TRUE,1.1858145523729398,FALSE,FALSE,0.3198307352071464
Gm43961,1.2879368498157966,0.02959778845780778,1.0744780414549568,0.09383983788379412,1.194091642164815,0.10331495777946066,Gm43961,TRUE,FALSE,FALSE,TRUE,1.1855021778118562,FALSE,FALSE,0.3197462730310346
2900078I11Rik,1.0922098643388465,0.09617219445732124,1.1446114276026136,0.12158074143991499,1.30860486435364,0.1317359707588654,2900078I11Rik,FALSE,FALSE,FALSE,FALSE,1.1818087187650335,FALSE,FALSE,0.3187476078791982
Gm47693,0.7828280359472686,0.2916479092316823,1.6678965024312589,0.07385531872751548,1.0790207011143704,0.2650192918028163,Gm47693,FALSE,FALSE,FALSE,FALSE,1.1765817464976327,FALSE,FALSE,0.3173342999240013
E230020D15Rik,1.1341300363254465,0.16360687466600554,1.382091204386467,0.12722807711791104,1.0063331659059567,0.3669246121980078,E230020D15Rik,FALSE,FALSE,FALSE,FALSE,1.1741848022059567,FALSE,FALSE,0.31668619615335053
Gm45257,1.1065170625844964,0.38471129988086933,1.265456367791323,0.3391756847063306,1.1502749763799964,0.513641399339406,Gm45257,FALSE,FALSE,FALSE,FALSE,1.1740828022519387,FALSE,FALSE,0.31665861664095435
Gm43360,0.8814156105960376,0.2053251331266015,1.4025981284522198,0.08967000640739733,1.23399278815328,0.1748775832390268,Gm43360,FALSE,FALSE,FALSE,FALSE,1.1726688424005125,FALSE,FALSE,0.3162762995739951
Gm37914,0.8700392912951073,0.2493888595866931,1.379637441137938,0.10638366584973132,1.2602451202847433,0.20226800695994418,Gm37914,FALSE,FALSE,FALSE,FALSE,1.1699739509059295,FALSE,FALSE,0.3155476346045174
9430034N14Rik,1.1321887208137318,0.09182088091031254,1.1518233421037258,0.12426441805216319,1.2204048736392865,0.162978954396471,9430034N14Rik,FALSE,FALSE,FALSE,FALSE,1.168138978852248,FALSE,FALSE,0.31505148110142606
Gm5441,1.107509578517601,0.038979742158328355,1.2345761785946154,0.0704576830990092,1.1587438955392395,0.09610154956615466,Gm5441,TRUE,FALSE,FALSE,TRUE,1.1669432175504852,FALSE,FALSE,0.31472816219444855
Mir335,1.2322324095373265,0.06817528099516182,1.1002289585627452,0.1375925125823808,1.1582282584739492,0.18815693002053252,Mir335,FALSE,FALSE,FALSE,FALSE,1.163563208858007,FALSE,FALSE,0.31381425009977243
Mir99ahg,1.1582666912179378,0.027655801964198284,1.1072103526752342,0.07424451517651934,1.2168276375344238,0.07118474089696969,Mir99ahg,TRUE,FALSE,FALSE,TRUE,1.160768227142532,FALSE,FALSE,0.31305852198586087
Gm45201,0.8713570573320689,0.34637598293104427,1.606543367187734,0.11278448655616846,1.0043442296546812,0.4208311609237664,Gm45201,FALSE,FALSE,FALSE,FALSE,1.1607482180581614,FALSE,FALSE,0.31305311177959416
Gm37522,0.9637929106608991,0.09963804987305065,1.3699973218836394,0.07169446715868752,1.1403611048478925,0.13813008404078156,Gm37522,FALSE,FALSE,FALSE,FALSE,1.158050445797477,FALSE,FALSE,0.31232366788697696
Gm43328,1.271440202005843,0.13071526387139806,0.9132489375851913,0.31699325463066635,1.2870726327904798,0.25358425481780605,Gm43328,FALSE,FALSE,FALSE,FALSE,1.1572539241271713,FALSE,FALSE,0.31210829838518134
Gm43307,1.2102110385548377,0.18189819316873368,1.3323101055402728,0.1751640242634439,0.9284095459639717,0.47168998918942256,Gm43307,FALSE,FALSE,FALSE,FALSE,1.1569768966863607,FALSE,FALSE,0.3120333936284932
Coch,1.0449259322400715,0.07718874809803324,1.4735105708727136,0.0704576830990092,0.9478912898393821,0.21992316737618295,Coch,FALSE,FALSE,FALSE,FALSE,1.1554425976507223,FALSE,FALSE,0.31161853835056436
Rpl28-ps3,-1.2969852841395026,0.06044085476772089,-0.6795829882360702,0.27044834847925936,-1.4832905095840276,0.11020499989370178,Rpl28-ps3,FALSE,FALSE,FALSE,FALSE,1.1532862606532002,FALSE,FALSE,0.3110354917842586
Gm26601,0.8571769452604804,0.23848304365986248,1.3447982462592132,0.10280530712393987,1.2572184265577149,0.181767070401238,Gm26601,FALSE,FALSE,FALSE,FALSE,1.153064539359136,FALSE,FALSE,0.3109755411182312
Rapgef4os3,0.9768978987582222,0.2632107299712228,1.3093834721190027,0.16053281703070382,1.1728217278015602,0.31050477581869357,Rapgef4os3,FALSE,FALSE,FALSE,FALSE,1.1530343662262617,FALSE,FALSE,0.3109673826803167
Gm42585,1.1746461498342193,0.05550740713080407,1.2472966303520687,0.08525470443769087,1.0357584789069536,0.18861602886537898,Gm42585,FALSE,FALSE,FALSE,FALSE,1.152567086364414,FALSE,FALSE,0.310841036047454
Gm42508,1.2516029112650795,0.04854504487359026,0.8945113305767586,0.1780456519649714,1.3092102358768818,0.11154061809314918,Gm42508,TRUE,FALSE,FALSE,TRUE,1.15177482590624,FALSE,FALSE,0.3106268187241465
Gm23639,-0.3592348090190204,0.64045479295015,-1.3278740112438605,0.15518880905879467,-1.7626514378643978,0.1490594263882202,Gm23639,FALSE,FALSE,FALSE,FALSE,1.1499200860424263,FALSE,FALSE,0.3101253202523262
Gm37183,0.6459290472966939,0.4323106672024489,1.4399065463615044,0.10716086843099146,1.3612954104520925,0.1855566785878668,Gm37183,FALSE,FALSE,FALSE,FALSE,1.1490436680367635,FALSE,FALSE,0.30988834778028795
Syt2,1.6109473166643011,0.051194127976913736,0.887801390883104,0.3042025666668932,0.9468426567139496,0.39720025046632235,Syt2,FALSE,FALSE,FALSE,FALSE,1.148530454753785,FALSE,FALSE,0.30974958132459623
AC154486.3,1.3892896940178443,0.018647158665054384,1.2718272612067363,0.0704576830990092,0.7842402748906272,0.21853789315329375,AC154486.3,TRUE,FALSE,FALSE,TRUE,1.1484524100384026,FALSE,FALSE,0.3097284790092465
Rnf148,0.884315830123846,0.4956514972347624,1.452304914366172,0.25399544618371317,1.103942497980459,0.5199875314711312,Rnf148,FALSE,FALSE,FALSE,FALSE,1.1468544141568255,FALSE,FALSE,0.30929640090049315
Gm43185,1.6178521255562037,0.12532715707605824,0.8746053786749755,0.4657757852125461,0.944522876234237,0.5449540984258788,Gm43185,FALSE,FALSE,FALSE,FALSE,1.1456601268218054,FALSE,FALSE,0.3089734805356958
Gm48314,1.0232674308401808,0.18257386012335353,1.1043199235749246,0.1835752961380101,1.3045296603618206,0.19646801861173388,Gm48314,FALSE,FALSE,FALSE,FALSE,1.144039004925642,FALSE,FALSE,0.3085351494417122
Gm42881,1.6399138658627974,0.052754956220667414,1.0059122181562385,0.2591057418763741,0.7836071923031891,0.5094794585436205,Gm42881,FALSE,FALSE,FALSE,FALSE,1.1431444254407417,FALSE,FALSE,0.30829326633273707
Gm37531,0.9014187413684213,0.1895370460763121,1.126718358994854,0.13793073677514825,1.3972306933780825,0.12492667083421351,Gm37531,FALSE,FALSE,FALSE,FALSE,1.1417892645804526,FALSE,FALSE,0.3079268477778955
4930518I15Rik,1.2189618288972763,0.16268950652824368,0.915990005784433,0.33148136164887937,1.290022339344756,0.26669296121677394,4930518I15Rik,FALSE,FALSE,FALSE,FALSE,1.1416580580088218,FALSE,FALSE,0.30789137116122844
Gm3985,1.1318233687398922,0.12469951005855334,1.205597811369731,0.1383581407961631,1.0854300379153123,0.2681304595948968,Gm3985,FALSE,FALSE,FALSE,FALSE,1.1409504060083118,FALSE,FALSE,0.30770003090712583
Gm39214,0.9546382942181026,0.32329595261579996,1.6092316098814996,0.12426441805216319,0.854841598704926,0.5299749403602944,Gm39214,FALSE,FALSE,FALSE,FALSE,1.1395705009348427,FALSE,FALSE,0.30732692182638444
Adam4,1.0058669208700204,0.15650239573582764,1.2396240217094165,0.12061995108359509,1.1662090711943303,0.21430522751658732,Adam4,FALSE,FALSE,FALSE,FALSE,1.1372333379245891,FALSE,FALSE,0.30669498216686414
Gm37566,1.0598034143604396,0.11544425106362763,1.1409469559803005,0.1297315570031151,1.205090762771815,0.17325013874586945,Gm37566,FALSE,FALSE,FALSE,FALSE,1.135280377704185,FALSE,FALSE,0.3061669261385408
Gm29036,0.9281564400649136,0.17670743686735446,1.448453739902899,0.08453473759992562,1.0283409921722586,0.2596272457328866,Gm29036,FALSE,FALSE,FALSE,FALSE,1.1349837240466905,FALSE,FALSE,0.30608671469822185
Gm42856,1.2769912150621647,0.03453768003329245,1.028395141043282,0.11250662187393885,1.0981583053172221,0.1396697986803263,Gm42856,TRUE,FALSE,FALSE,TRUE,1.1345148871408897,FALSE,FALSE,0.3059599470601399
Gm4117,1.1645187009898228,0.016464514009781613,1.05998538867998,0.0704576830990092,1.1782450983916886,0.05475877694670262,Gm4117,TRUE,FALSE,FALSE,TRUE,1.1342497293538305,FALSE,FALSE,0.30588825170943557
Nr4a1,-1.441755769643752,0.02596046529695153,-0.5444721463889186,0.3336402287839879,-1.4105558550366837,0.08302092690990023,Nr4a1,TRUE,FALSE,FALSE,TRUE,1.132261257023118,FALSE,FALSE,0.30535059365044565
Gm15413,1.5755118833504695,0.07940929173485688,1.2250513130402938,0.20237179998035418,0.5945752752400859,0.6666122328750366,Gm15413,FALSE,FALSE,FALSE,FALSE,1.1317128238769498,FALSE,FALSE,0.3052023041840547
Gpr139,1.495042190285762,0.04897522428911184,0.7408066427759701,0.3553256693653276,1.1575446016609352,0.2384019621494323,Gpr139,TRUE,FALSE,FALSE,TRUE,1.1311311449075558,FALSE,FALSE,0.30504502546269197
Fosb,-1.2349563247499327,0.10707628862519128,-1.0238145702544923,0.18533306724967827,-1.1320201570896544,0.24418727363987092,Fosb,FALSE,FALSE,FALSE,FALSE,1.1302636840313598,FALSE,FALSE,0.30481047488648244
Gm37534,1.0983306371578103,0.03421299746923567,1.2029574588689944,0.0704576830990092,1.0881037568635579,0.10022784058966161,Gm37534,TRUE,FALSE,FALSE,TRUE,1.1297972842967876,FALSE,FALSE,0.304684366229032
Gm38380,0.895146448549355,0.17335852188337034,1.1922874584301153,0.11252607586754328,1.3006915268345625,0.1359806337895199,Gm38380,FALSE,FALSE,FALSE,FALSE,1.1293751446046776,FALSE,FALSE,0.3045702249337387
A430110C17Rik,0.9327099907500738,0.2280795622402477,1.2921175401075513,0.1317723700586665,1.1628903590354618,0.2559256479015123,A430110C17Rik,FALSE,FALSE,FALSE,FALSE,1.129239296631029,FALSE,FALSE,0.3045334933399913
Gm42648,1.0459550753495042,0.0947603740011873,1.2898676139246203,0.08562379375326967,1.0509640453380784,0.19999072086906083,Gm42648,FALSE,FALSE,FALSE,FALSE,1.128928911537401,FALSE,FALSE,0.30444956909100784
Hmmr,1.4998978303182715,0.021687021096665586,0.5473702603033321,0.3701196560465001,1.333360473971602,0.0873081814626103,Hmmr,TRUE,FALSE,FALSE,TRUE,1.1268761881977352,FALSE,FALSE,0.3038945383624422
Gm42588,1.3310613302349044,0.08599131884476342,1.4434741885530897,0.10430132864445578,0.6048464406816683,0.6001989332648494,Gm42588,FALSE,FALSE,FALSE,FALSE,1.1264606531565542,FALSE,FALSE,0.30378218288219083
Gm38155,1.294357595786511,0.11447440009932425,1.341242398320653,0.13820967438382178,0.74377935056236,0.5326523293572504,Gm38155,FALSE,FALSE,FALSE,FALSE,1.126459781556508,FALSE,FALSE,0.30378194721243484
6720475M21Rik,1.3695484318059687,0.08065705818527406,0.9339151200281676,0.2648061304468559,1.0743516203891774,0.3090316026938654,6720475M21Rik,FALSE,FALSE,FALSE,FALSE,1.1259383907411045,FALSE,FALSE,0.30364096965420817
Pbk,1.520324467401798,0.04739481114229512,0.7792877896629764,0.3327189139236587,1.0728013728377488,0.28315990045604944,Pbk,TRUE,FALSE,FALSE,TRUE,1.1241378766341743,FALSE,FALSE,0.3031541331491364
Pou3f3,1.8479362205280716,0.15563210553974902,-9.802020799343225e-4,0.9995239706795822,1.5222900705508364,0.41121162000450273,Pou3f3,FALSE,FALSE,FALSE,FALSE,1.1237354977196141,FALSE,FALSE,0.30304533492104974
9630010A21Rik,0.9116384781247503,0.09148453684572642,1.3897304705150662,0.0704576830990092,1.0655156421804919,0.13561843586769132,9630010A21Rik,FALSE,FALSE,FALSE,FALSE,1.1222948636067693,FALSE,FALSE,0.3026558054672759
Zfp950,1.1921644596347614,0.019351832112294208,1.1420306132427926,0.0704576830990092,1.0279149201564408,0.08297164312895335,Zfp950,TRUE,FALSE,FALSE,TRUE,1.1207033310113317,FALSE,FALSE,0.3022254749502927
Gm11149,0.9314841439850028,0.19541169261314215,1.499184850911663,0.08521930057579834,0.9279093223374282,0.3415234948545734,Gm11149,FALSE,FALSE,FALSE,FALSE,1.119526105744698,FALSE,FALSE,0.3019071679554826
Gm48321,0.96376669341955,0.26415305948725065,1.097366371918088,0.22896396093480978,1.2971082330769774,0.251408896069704,Gm48321,FALSE,FALSE,FALSE,FALSE,1.119413766138205,FALSE,FALSE,0.3018767927303202
Gm44438,1.13280503319836,0.04075000225377727,1.2001075858916148,0.07556490478840473,1.0225090503862964,0.1396697986803263,Gm44438,TRUE,FALSE,FALSE,TRUE,1.1184738898254236,FALSE,FALSE,0.30162266192537224
Gm32444,1.1149055096647928,0.11678753627595008,0.9873437890918795,0.19665710528955893,1.252248107915157,0.17991730657020547,Gm32444,FALSE,FALSE,FALSE,FALSE,1.1181658022239431,FALSE,FALSE,0.3015393588895429
Gm26779,1.3267091636929969,0.026392833875682736,1.168207299076156,0.08327563612248727,0.8584196559970918,0.23275281910636358,Gm26779,TRUE,FALSE,FALSE,TRUE,1.117778706255415,FALSE,FALSE,0.3014346929790009
Klhl4,1.445015418113318,0.03143092402678548,0.9969752684398396,0.14876759934397402,0.9013592124730099,0.28212372809381936,Klhl4,TRUE,FALSE,FALSE,TRUE,1.1144499663420557,FALSE,FALSE,0.30053464332125296
Gm42442,1.1450539859487623,0.13186366979185468,1.2884615551604306,0.1299828378951678,0.9082540076140659,0.3857580241775464,Gm42442,FALSE,FALSE,FALSE,FALSE,1.113923182907753,FALSE,FALSE,0.30039220766629277
Tent5d,1.751714407226467,0.019582371416048017,0.7810562980669697,0.2437013274414926,0.8064370468180391,0.34181751761569973,Tent5d,TRUE,FALSE,FALSE,TRUE,1.1130692507038253,FALSE,FALSE,0.30016131507393357
Gm38244,1.1723511135960256,0.10891322263191529,0.6826559972813008,0.39552682114728965,1.4813242423599613,0.12694410298332043,Gm38244,FALSE,FALSE,FALSE,FALSE,1.1121104510790958,FALSE,FALSE,0.29990206764200794
Grip1os2,1.0053917668933643,0.24582196224775393,1.2306081381963936,0.18394413812146793,1.096462266999528,0.34615778059711805,Grip1os2,FALSE,FALSE,FALSE,FALSE,1.110820724029762,FALSE,FALSE,0.29955334157161645
Gm43080,0.8699844842543141,0.3413117985484054,1.3675659309922539,0.15559766000181793,1.093724195103361,0.3676932033235882,Gm43080,FALSE,FALSE,FALSE,FALSE,1.110424870116643,FALSE,FALSE,0.29944630762234603
Gm13572,1.2162425725490495,0.025520442629065665,1.0416658798584657,0.08453473759992562,1.0710360926151437,0.10453533105240394,Gm13572,TRUE,FALSE,FALSE,TRUE,1.1096481816742196,FALSE,FALSE,0.2992363007774212
AC122821.1,1.1254133795668504,0.06661255943925266,0.9561966586433475,0.14952606556755588,1.246113056588645,0.12049300589085365,AC122821.1,FALSE,FALSE,FALSE,FALSE,1.1092410315996142,FALSE,FALSE,0.29912621248730575
Gm28379,1.3904206636390979,0.05361601478363046,1.0379437751425742,0.17540296854774998,0.8971466003296915,0.34984006942986096,Gm28379,FALSE,FALSE,FALSE,FALSE,1.108503679703788,FALSE,FALSE,0.2989268417528081
Gm7233,2.030083701576704,0.012478226943271664,0.4694297907354101,0.4607676814828954,0.8242733073745252,0.2873591841964026,Gm7233,TRUE,FALSE,FALSE,TRUE,1.1079289332288798,FALSE,FALSE,0.2987714374912865
Gm43376,1.1582256651866343,0.06637702392931645,0.9626517282875617,0.15559242713449012,1.20159220920287,0.13969684197102653,Gm43376,FALSE,FALSE,FALSE,FALSE,1.107489867559022,FALSE,FALSE,0.2986527196232132
Gm26789,1.0814971111092349,0.09690335597309364,1.4164590732207847,0.08120675934582743,0.8220767442421884,0.3528985693680156,Gm26789,FALSE,FALSE,FALSE,FALSE,1.1066776428574026,FALSE,FALSE,0.29843310421806457
Aspn,1.4876225614348177,0.026392833875682736,1.1336835871250108,0.10727133316288569,0.6981294095315997,0.4101710561131687,Aspn,TRUE,FALSE,FALSE,TRUE,1.1064785193638094,FALSE,FALSE,0.2983792637147742
Gm14286,0.7910956177138825,0.3382376712354828,1.4261400107497317,0.11601268445501388,1.1018047759685086,0.30720676904729094,Gm14286,FALSE,FALSE,FALSE,FALSE,1.1063468014773743,FALSE,FALSE,0.29834364884497633
Gm43054,1.2204477827682443,0.09356533874743883,1.2119146447028375,0.13363791594408103,0.8859122112542743,0.3739153711547562,Gm43054,FALSE,FALSE,FALSE,FALSE,1.1060915462417853,FALSE,FALSE,0.29827463102039103
Gm49411,0.817938360831603,0.3201245222640249,1.436573400611196,0.1136876774354766,1.0636284360252741,0.32645087460844596,Gm49411,FALSE,FALSE,FALSE,FALSE,1.1060467324893577,FALSE,FALSE,0.2982625139419816
Gm26518,1.1526033568165788,0.05202892532232714,1.0863487216695846,0.10264966532261897,1.0791475079601196,0.1537328596831151,Gm26518,FALSE,FALSE,FALSE,FALSE,1.1060331954820943,FALSE,FALSE,0.2982588537044528
A230009B12Rik,0.7655232438265265,0.32262182373000703,1.3437049475890221,0.11681193674039993,1.2025731255278016,0.23301635924700775,A230009B12Rik,FALSE,FALSE,FALSE,FALSE,1.10393377231445,FALSE,FALSE,0.29769119592622784
Gm29112,1.1368400468898463,0.16135764194730107,1.3122631246203857,0.14175301147002217,0.862679958866821,0.4490785676331981,Gm29112,FALSE,FALSE,FALSE,FALSE,1.1039277101256844,FALSE,FALSE,0.29768955678617315
2900092N22Rik,1.02625685920603,0.14974126184683947,1.3396852671929744,0.10264966532261897,0.9446518744040668,0.32856826596063826,2900092N22Rik,FALSE,FALSE,FALSE,FALSE,1.1035313336010237,FALSE,FALSE,0.29758238152927535
Gm49542,1.1401772581784155,0.02300251776828198,0.970857456973425,0.0794588707975626,1.1961731997581944,0.06225814027541153,Gm49542,TRUE,FALSE,FALSE,TRUE,1.102402638303345,FALSE,FALSE,0.29727719643136474
Gm17213,1.325323829948688,0.04333446072603403,1.1617132261074452,0.10837292482091772,0.8187126425015164,0.3356363749792366,Gm17213,TRUE,FALSE,FALSE,TRUE,1.1019165661858832,FALSE,FALSE,0.2971457686075187
Gm37363,0.9857797673737777,0.07183657536366737,1.1615560628586072,0.08327563612248727,1.1543220660355147,0.11120272562056288,Gm37363,FALSE,FALSE,FALSE,FALSE,1.1005526320893,FALSE,FALSE,0.2967769778792633
Fxyd4,0.9698969305347326,0.14789865147402276,1.200444614049489,0.1156090072283418,1.1253507537443674,0.2064257469083429,Fxyd4,FALSE,FALSE,FALSE,FALSE,1.098564099442863,FALSE,FALSE,0.2962393035116555
Gm38309,0.6330983172865017,0.5299194861423414,1.335461933400236,0.18126852649776473,1.3232167923576537,0.28462516900839446,Gm38309,FALSE,FALSE,FALSE,FALSE,1.0972590143481304,FALSE,FALSE,0.2958864248177895
Far1os,0.7067958965506983,0.324820041511307,1.1961636599146364,0.12621809720382296,1.380371369042971,0.13458663734282533,Far1os,FALSE,FALSE,FALSE,FALSE,1.0944436418361019,FALSE,FALSE,0.295125183287409
Depdc1a,1.249806529815985,0.1368845711453523,0.8851346223641917,0.33154874044825666,1.1476431353469707,0.3181176268354457,Depdc1a,FALSE,FALSE,FALSE,FALSE,1.0941947625090491,FALSE,FALSE,0.29505788942878236
4732496C06Rik,1.1875986693009557,0.05854036548285223,0.9965191100097088,0.14213591875861864,1.0955326184380414,0.17665851905471716,4732496C06Rik,FALSE,FALSE,FALSE,FALSE,1.0932167992495687,FALSE,FALSE,0.29479346038959764
Gm19395,1.047897982026917,0.1626282235804013,1.2263547906180452,0.13849670483220658,1.0020475548352183,0.3257098618464755,Gm19395,FALSE,FALSE,FALSE,FALSE,1.0921001091600602,FALSE,FALSE,0.2944915213498911
CAAA01141682.1,0.9801991262510175,0.21438862397046454,1.0661802212059763,0.20282764079844215,1.2263176431367595,0.2365779149997614,CAAA01141682.1,FALSE,FALSE,FALSE,FALSE,1.0908989968645844,FALSE,FALSE,0.2941667556011099
9630050E16Rik,1.1314070245822714,0.19762873817541027,0.5186672168293747,0.615975993722988,1.621998816634603,0.15354853148377495,9630050E16Rik,FALSE,FALSE,FALSE,FALSE,1.0906910193487498,FALSE,FALSE,0.2941105210808955
Gm37101,1.0506860126473527,0.1258771459242615,1.3908998612482055,0.08967000640739733,0.830048872034987,0.3758240347301949,Gm37101,FALSE,FALSE,FALSE,FALSE,1.0905449153101818,FALSE,FALSE,0.29407101637541194
Gm43462,0.924061106379691,0.16954182476333893,1.1719371759629087,0.12170321781334313,1.1739812944292296,0.18524430706446565,Gm43462,FALSE,FALSE,FALSE,FALSE,1.0899931922572765,FALSE,FALSE,0.29392183735936867
Gm44235,1.327314159077942,0.036579641348843665,0.9087443329864084,0.1614697989523934,1.0336648469279612,0.18902896085835194,Gm44235,TRUE,FALSE,FALSE,TRUE,1.089907779664104,FALSE,FALSE,0.29389874286197526
Gm48887,0.7587389964727226,0.46843468573273866,1.3764228866972479,0.18891669469280858,1.12588554639583,0.4090178494339192,Gm48887,FALSE,FALSE,FALSE,FALSE,1.087015809855267,FALSE,FALSE,0.2931167903801322
Gm48582,1.0569327916145734,0.06814630426209033,1.2508294262298274,0.07977570619975831,0.9528520703603583,0.20615231993569727,Gm48582,FALSE,FALSE,FALSE,FALSE,1.0868714294015864,FALSE,FALSE,0.2930777517104545
Gm26944,1.253048903314542,0.04539730963383892,1.1155479118436733,0.10778444301758235,0.8918950761958883,0.2669452373987835,Gm26944,TRUE,FALSE,FALSE,TRUE,1.086830630451368,FALSE,FALSE,0.2930667201843707
Gm16070,0.9823131726753209,0.2001900025581747,1.2642713206041332,0.1357546036361949,1.0104710551983267,0.32936999195409566,Gm16070,FALSE,FALSE,FALSE,FALSE,1.0856851828259269,FALSE,FALSE,0.29275700546646527
Ddi1,1.1098032622518372,0.08570144934279893,1.2789439583604851,0.09132508641051881,0.8672855266897508,0.31935325897778566,Ddi1,FALSE,FALSE,FALSE,FALSE,1.085344249100691,FALSE,FALSE,0.29266482124940413
Gm28085,1.0361888328951332,0.12611203740461743,1.0743243019955664,0.14929431788511924,1.1382957947105494,0.20615231993569727,Gm28085,FALSE,FALSE,FALSE,FALSE,1.082936309867083,FALSE,FALSE,0.2920137445839101
Nrgn,1.8955750608972077,0.27120283945790924,0.1816587742662552,0.9435046009359409,1.169303826809834,0.6654919994167199,Nrgn,FALSE,FALSE,FALSE,FALSE,1.0821792206577656,FALSE,FALSE,0.2918090371265939
Ccdc152,1.1482664631799893,0.045249810674074326,1.2428072076247958,0.07557096725374687,0.8535855030126708,0.2418645072559596,Ccdc152,TRUE,FALSE,FALSE,TRUE,1.081553057939152,FALSE,FALSE,0.2916397305555635
Gm9860,1.454460377340243,0.10214897062537194,1.0417697126497938,0.27930919421893796,0.7468908764830587,0.5739581774354638,Gm9860,FALSE,FALSE,FALSE,FALSE,1.0810403221576985,FALSE,FALSE,0.29150109321031464
Gm37488,1.2635299471351424,0.07510192025140015,1.2053184741047969,0.12709937704247481,0.7737429265133535,0.43208725836388395,Gm37488,FALSE,FALSE,FALSE,FALSE,1.080863782584431,FALSE,FALSE,0.2914533591167434
5330431K02Rik,1.2810598759325145,0.025481823800004372,1.1167229076129934,0.0832332456633127,0.8398923960413444,0.2226000789722116,5330431K02Rik,TRUE,FALSE,FALSE,TRUE,1.0792250598622841,FALSE,FALSE,0.29101026897945376
Mtcp1,1.1392527571276374,0.02236267405932366,1.053245168327806,0.0704576830990092,1.0322623756142049,0.08503019698324918,Mtcp1,TRUE,FALSE,FALSE,TRUE,1.0749201003565494,FALSE,FALSE,0.28984626174830747
Gm25492,-0.79114559923529,0.2545391622639381,-0.7449506375959987,0.2982612476633725,-1.6866401896981897,0.13483602939242667,Gm25492,FALSE,FALSE,FALSE,FALSE,1.074245475509826,FALSE,FALSE,0.28966385162369407
Gm26672,1.0029219659139763,0.03950624802960967,0.8954688811311162,0.0960072945197005,1.3225053501171633,0.05475877694670262,Gm26672,TRUE,FALSE,FALSE,TRUE,1.0736320657207519,FALSE,FALSE,0.2894979932853782
Gm12816,-1.0368527223040402,0.05109080960962859,-0.8426354850268774,0.12323954167012727,-1.340740357948798,0.07885021915255766,Gm12816,FALSE,FALSE,FALSE,FALSE,1.0734095217599051,FALSE,FALSE,0.2894378201805375
Cnr1,1.2737474609785635,0.16635033307550676,0.6873779145882115,0.5150028757317494,1.2575447304290932,0.31628091387504886,Cnr1,FALSE,FALSE,FALSE,FALSE,1.0728900353319561,FALSE,FALSE,0.28929735754487057
Gm26873,1.273267137727189,0.07835453692915285,0.8337471672723431,0.2797298326346747,1.109078155451308,0.24458007265810053,Gm26873,FALSE,FALSE,FALSE,FALSE,1.07203082015028,FALSE,FALSE,0.2890650365013742
Gm42447,0.9328481948407353,0.1635156477109817,1.1623989813203441,0.12275711329939229,1.1113267733838144,0.2097049595423849,Gm42447,FALSE,FALSE,FALSE,FALSE,1.0688579831816312,FALSE,FALSE,0.28820714105082806
Gm37570,0.9399212294435559,0.0998293884849239,1.0828857199940154,0.10043144237350932,1.178956983435742,0.12049300589085365,Gm37570,FALSE,FALSE,FALSE,FALSE,1.0672546442911044,FALSE,FALSE,0.28777361825925124
Gm45844,1.3030541888550495,0.06767055567038717,0.9615445303091945,0.20314331220871656,0.9353138109909873,0.32664384739433233,Gm45844,FALSE,FALSE,FALSE,FALSE,1.0666375100517438,FALSE,FALSE,0.2876067528761398
Gm28112,0.8252807595228273,0.26457531422203323,1.2104639348935842,0.1344698886810065,1.1634284108180382,0.22883549576023568,Gm28112,FALSE,FALSE,FALSE,FALSE,1.0663910350781498,FALSE,FALSE,0.28754010912463
Gm7341,1.2875985209612013,0.06804943193051671,1.210247197361372,0.1223215527331337,0.7001529716637267,0.4802323611650335,Gm7341,FALSE,FALSE,FALSE,FALSE,1.0659995633287667,FALSE,FALSE,0.2874342600576494
Gm45493,1.198170979559501,0.05453671284523709,1.1130356521546965,0.1096990708396276,0.8855471314129286,0.27457580966952294,Gm45493,FALSE,FALSE,FALSE,FALSE,1.065584587709042,FALSE,FALSE,0.2873220558379661
Gm44801,0.9027803703151345,0.08440257611002798,1.3469289271993947,0.0704576830990092,0.9463165047276436,0.16367783109508177,Gm44801,FALSE,FALSE,FALSE,FALSE,1.0653419340807242,FALSE,FALSE,0.28725644533044575
Gpr18,1.1698479015436265,0.12272643517341005,1.1518884737043698,0.16238551794412065,0.873441486725884,0.4076609396951457,Gpr18,FALSE,FALSE,FALSE,FALSE,1.0650592873246267,FALSE,FALSE,0.2871800211811549
Gm10538,1.1835266116716665,0.09894311705239044,1.1450638436330993,0.14700426820062606,0.8648768126004265,0.3806947379066823,Gm10538,FALSE,FALSE,FALSE,FALSE,1.0644890893017307,FALSE,FALSE,0.2870258467641941
Gm37978,1.09362649366332,0.10720129605032087,1.227596912999653,0.11278448655616846,0.8721921965858522,0.3446581186171951,Gm37978,FALSE,FALSE,FALSE,FALSE,1.0644718677496083,FALSE,FALSE,0.2870211902717985
Gm37137,1.0476467575833364,0.134335268023232,1.1228050280492403,0.1452087712932324,1.0191447968182574,0.27457580966952294,Gm37137,FALSE,FALSE,FALSE,FALSE,1.0631988608169447,FALSE,FALSE,0.28667698511192513
Gm19409,1.1678562045852432,0.12987563431096966,1.1411241975675286,0.1715453371617219,0.880387639594953,0.40909988340917053,Gm19409,FALSE,FALSE,FALSE,FALSE,1.0631226805825749,FALSE,FALSE,0.2866563869289321
Gm49395,1.4127914945256168,0.14967885427777347,0.837656303837407,0.4447889358696674,0.9357209530335433,0.5088643736073274,Gm49395,FALSE,FALSE,FALSE,FALSE,1.0620562504655224,FALSE,FALSE,0.2863680375574438
Grip1os1,1.6230704481697809,0.029310593749131475,1.2439658508692366,0.11278448655616846,0.3176168941277362,0.7784348775936846,Grip1os1,TRUE,FALSE,FALSE,TRUE,1.0615510643889179,FALSE,FALSE,0.286231441558002
Col6a5,1.0610537110964942,0.2948695113505123,1.2234707181605096,0.2506952254451677,0.8973675055630098,0.5374018530908179,Col6a5,FALSE,FALSE,FALSE,FALSE,1.0606306449400045,FALSE,FALSE,0.2859825716458006
Camkv,1.0114579756284598,0.6284076027737664,-0.2810359806194469,0.9167119145366047,1.887839558728814,0.4570186161614942,Camkv,FALSE,FALSE,FALSE,FALSE,1.060111171658907,FALSE,FALSE,0.2858421125648779
Gm37696,1.4598368768921435,0.019435742666429615,0.8611426201846142,0.13849670483220658,0.8583845705462297,0.2198307671489607,Gm37696,TRUE,FALSE,FALSE,TRUE,1.059788022540996,FALSE,FALSE,0.2857547370833
Slfn3,1.3668816567969526,0.051059385541914346,0.7570825912955147,0.2963693003109314,1.0553101637675502,0.24200848289713714,Slfn3,FALSE,FALSE,FALSE,FALSE,1.0597581372866725,FALSE,FALSE,0.2857466564841467
CT010467.1,-1.1891964821444017,0.19832848126159247,-1.3697310519130816,0.1846518904164374,-0.6182682583791177,0.6556460614247009,CT010467.1,FALSE,FALSE,FALSE,FALSE,1.0590652641455336,FALSE,FALSE,0.28555931224885756
Gm26767,1.1753647422565285,0.03779506973987618,0.9363106467054105,0.12005349104984249,1.0650507819873456,0.1310565290094537,Gm26767,TRUE,FALSE,FALSE,TRUE,1.0589087236497616,FALSE,FALSE,0.2855169856558192
F830112A20Rik,1.148054968208854,0.1644110316303592,1.3093894020781172,0.1492591252460964,0.7169005061502061,0.5535451329543798,F830112A20Rik,FALSE,FALSE,FALSE,FALSE,1.0581149588123924,FALSE,FALSE,0.2853023615671845
Gm17066,1.313961590242708,0.02230238815112542,1.099819626146341,0.07969646956903641,0.7588066877180824,0.24200848289713714,Gm17066,TRUE,FALSE,FALSE,TRUE,1.0575293013690439,FALSE,FALSE,0.2851440071162021
Gm42478,0.9432753374418761,0.3591163875102059,1.193899391332348,0.2635848790240753,1.0322499681868713,0.4625483302083705,Gm42478,FALSE,FALSE,FALSE,FALSE,1.0564748989870318,FALSE,FALSE,0.2848589098939019
Sept2,1.1481198047037187,0.018647158665054384,1.0724821747770665,0.0704576830990092,0.9450119822565659,0.0873081814626103,Sept2,TRUE,FALSE,FALSE,TRUE,1.0552046539124504,FALSE,FALSE,0.2845154515059261
Gm38070,0.7186852901551071,0.40128236249711624,1.3043730380648937,0.14560418053058402,1.1375799408707556,0.2992306792051283,Gm38070,FALSE,FALSE,FALSE,FALSE,1.0535460896969189,FALSE,FALSE,0.2840669964768771
Gm37321,1.0866495134560579,0.1026794663134768,1.3534946386016002,0.08964917140460829,0.7184392148964085,0.4411571550032388,Gm37321,FALSE,FALSE,FALSE,FALSE,1.0528611223180222,FALSE,FALSE,0.28388178986086293
Gm37902,0.9837995317725634,0.3230993671321727,1.1507228900698299,0.26672768410415587,1.023417403224486,0.4517346120599319,Gm37902,FALSE,FALSE,FALSE,FALSE,1.0526466083556265,FALSE,FALSE,0.28382378796721497
Gm38067,0.8481559236417712,0.12315571343567883,1.1260893291595142,0.08898183009393343,1.1754830065878088,0.1120519743544354,Gm38067,FALSE,FALSE,FALSE,FALSE,1.0499094197963648,FALSE,FALSE,0.28308368640023224
Gm45762,1.0210553726868403,0.1153458101401116,1.1456786775111498,0.11882706904036362,0.9701690940054638,0.2636482192345464,Gm45762,FALSE,FALSE,FALSE,FALSE,1.0456343814011513,FALSE,FALSE,0.28192776946330694
Gm8355,-1.0175062421669194,0.04843182292059848,-0.7134682758069228,0.14700426820062606,-1.4042502237069792,0.06750873220157737,Gm8355,TRUE,FALSE,FALSE,TRUE,1.045074913893607,FALSE,FALSE,0.2817764964435479
Gm28911,-0.4755612080197493,0.3251724666669387,-0.4644268992034958,0.35610149466494506,-2.193134510319285,0.04913501460555962,Gm28911,FALSE,FALSE,TRUE,TRUE,1.04437420584751,FALSE,FALSE,0.2815870337479075
Gm38083,0.9885938307094391,0.1507908216697839,1.2018547258530707,0.12138121551279388,0.9425462464820568,0.31001862892013127,Gm38083,FALSE,FALSE,FALSE,FALSE,1.0443316010148556,FALSE,FALSE,0.2815755139337895
Fam131b,1.02404137666901,0.4204567036029415,-1.0292448818013327,0.5249389931511647,1.0778922128788548,0.5432299667654307,Fam131b,FALSE,FALSE,FALSE,FALSE,1.0437261571163992,FALSE,FALSE,0.2814118094727097
Gm26215,0.7769120485050474,0.3133701945739294,1.2908674301924017,0.1264457450934166,1.0633360230765214,0.2930250015663611,Gm26215,FALSE,FALSE,FALSE,FALSE,1.0437051672579902,FALSE,FALSE,0.28140613407740434
Gm4617,-1.5518917279356268,0.03156945690093628,-0.8434947552967773,0.1708847594760277,-0.7343547108152362,0.32743415582017643,Gm4617,TRUE,FALSE,FALSE,TRUE,1.0432470646825467,FALSE,FALSE,0.2812822688680539
Gm29670,1.0684227734704168,0.09356533874743883,1.3720069795381453,0.08181019512505758,0.6879045193631347,0.43829670568104573,Gm29670,FALSE,FALSE,FALSE,FALSE,1.0427780907905655,FALSE,FALSE,0.2811554641906213
Gm38560,-1.2977140658398107,0.10807135922446268,-0.358150893639858,0.6342105031479075,-1.4719450604102962,0.17891057821632086,Gm38560,FALSE,FALSE,FALSE,FALSE,1.0426033399633217,FALSE,FALSE,0.28110821375161266
Gm36931,1.1718495484502651,0.10284357321684459,0.8079187865297814,0.29552175555135357,1.145204802025889,0.22886856964862737,Gm36931,FALSE,FALSE,FALSE,FALSE,1.041657712335312,FALSE,FALSE,0.280852527862928
Serpinb1a,1.160035617101361,0.0693071927905503,1.1387209433681575,0.11259354305197018,0.8250947744956842,0.33222572313831944,Serpinb1a,FALSE,FALSE,FALSE,FALSE,1.0412837783217344,FALSE,FALSE,0.28075142078045817
6430573P05Rik,0.9951663144773906,0.17644103471093553,0.7803432986120068,0.3247285709845821,1.3465471364317227,0.162978954396471,6430573P05Rik,FALSE,FALSE,FALSE,FALSE,1.0406855831737067,FALSE,FALSE,0.2805896762908728
Gm45854,0.9578205738408757,0.17221692518037876,1.1266516918418552,0.14377894253639445,1.0357855146253367,0.26669296121677394,Gm45854,FALSE,FALSE,FALSE,FALSE,1.0400859267693559,FALSE,FALSE,0.28042753669584575
5430414B19Rik,1.2140690448753757,0.08123638190338925,0.9905640108293224,0.18596126975786742,0.9129889212160479,0.32856826596063826,5430414B19Rik,FALSE,FALSE,FALSE,FALSE,1.0392073256402488,FALSE,FALSE,0.28018997393452094
Gm48706,1.4212766045871146,0.08277606029842234,0.7871224490171147,0.37754567231538394,0.9091451943526059,0.428056194359716,Gm48706,FALSE,FALSE,FALSE,FALSE,1.0391814159856116,FALSE,FALSE,0.28018296828782113
Gm36936,0.8321305552537936,0.0974005541035783,1.1628724475741026,0.07346255419668397,1.1184662361544737,0.1002620105675008,Gm36936,FALSE,FALSE,FALSE,FALSE,1.03782307966079,FALSE,FALSE,0.27981569112706856
P2ry10b,1.6885627724361707,0.029424331256908604,1.3810176558141964,0.09955301218514566,0.037534729353766116,0.9791914566369694,P2ry10b,TRUE,FALSE,FALSE,TRUE,1.0357050525347111,FALSE,FALSE,0.27924300307106353
Gm49223,1.2861702414613911,0.0533807184697115,1.0687232223510652,0.13820967438382178,0.7462822894156445,0.4081648763702787,Gm49223,FALSE,FALSE,FALSE,FALSE,1.0337252510760335,FALSE,FALSE,0.2787076895074714
Leap2,0.9046599334546891,0.18930299993813557,0.8744560930306274,0.23514146415949036,1.3201213188931025,0.14273418908412705,Leap2,FALSE,FALSE,FALSE,FALSE,1.0330791151261396,FALSE,FALSE,0.2785329824244017
Gm42763,1.1024635881008131,0.07626912695323158,0.9371805925142676,0.16140961397108602,1.0543564333806834,0.1935223722490939,Gm42763,FALSE,FALSE,FALSE,FALSE,1.031333537998588,FALSE,FALSE,0.27806100019174956
Gm17529,0.9541231000768233,0.07458445247706183,1.2355650863413552,0.07242313242785868,0.9032901723053439,0.1957227309825472,Gm17529,FALSE,FALSE,FALSE,FALSE,1.030992786241174,FALSE,FALSE,0.2779688651765126
Gm16353,1.0566269052798574,0.31277075837167,0.9425828509883765,0.40021680507302654,1.0925954308418184,0.44654042587227366,Gm16353,FALSE,FALSE,FALSE,FALSE,1.030601729036684,FALSE,FALSE,0.27786312819728853
Gm37553,1.1068516032414795,0.07357511047791872,0.8873759869212889,0.1803607413581291,1.0975274734516565,0.17315617591167984,Gm37553,FALSE,FALSE,FALSE,FALSE,1.0305850212048082,FALSE,FALSE,0.2778586106084252
AC154232.2,0.9192204501768493,0.09812614048306274,0.953748702455699,0.1251110577606942,1.2176944693091616,0.10331495777946066,AC154232.2,FALSE,FALSE,FALSE,FALSE,1.0302212073139032,FALSE,FALSE,0.2777602398806075
Gm26624,1.1244895607554481,0.10559694403737749,1.220125355446238,0.12054294708337995,0.7459977334685827,0.4424718880446944,Gm26624,FALSE,FALSE,FALSE,FALSE,1.0302042165567562,FALSE,FALSE,0.27775564579228784
Gm43508,1.2516087232950586,0.08894273061057743,0.8754868972978245,0.2637650341059149,0.960366071672778,0.3332157601112203,Gm43508,FALSE,FALSE,FALSE,FALSE,1.029153897421887,FALSE,FALSE,0.27747165262896767
AC154912.3,0.5473543955296751,0.7035256581551068,1.392628512213977,0.2848438947202364,1.143426333728403,0.5121473641083574,AC154912.3,FALSE,FALSE,FALSE,FALSE,1.027803080490685,FALSE,FALSE,0.2771064086182448
mt-Ta,0.7495990825339147,0.5722301047155379,1.5029155489070216,0.23297726659049384,0.8307795115662671,0.6452122840054964,mt-Ta,FALSE,FALSE,FALSE,FALSE,1.0277647143357345,FALSE,FALSE,0.2770960348895874
Gm26632,1.2404201878324332,0.07022839709791635,0.965104194899696,0.18783989589220543,0.8759489067700161,0.34027421619599535,Gm26632,FALSE,FALSE,FALSE,FALSE,1.0271577631673818,FALSE,FALSE,0.2769319228815711
Gm43274,0.9668703163653547,0.0651844932353428,1.4087153550058797,0.0704576830990092,0.7037227306448106,0.3080993538020377,Gm43274,FALSE,FALSE,FALSE,FALSE,1.0264361340053483,FALSE,FALSE,0.27673680337773043
Gm43481,1.0318929935062744,0.09543613557212562,0.9931266673464103,0.14319812976133764,1.053451232621265,0.19524031207297776,Gm43481,FALSE,FALSE,FALSE,FALSE,1.0261569644913167,FALSE,FALSE,0.2766613194312228
Gm44434,0.8452886068344843,0.2901983335523822,1.0690714325057629,0.20351226393150956,1.1615391651159281,0.2649621374136752,Gm44434,FALSE,FALSE,FALSE,FALSE,1.0252997348187252,FALSE,FALSE,0.27642953524456076
Gm42548,1.0713860403699642,0.06566329195786215,1.06000828747333,0.10716086843099146,0.9433649145389094,0.21478708420408812,Gm42548,FALSE,FALSE,FALSE,FALSE,1.0249197474607346,FALSE,FALSE,0.2763267914134385
Gm43923,0.9237181544365061,0.24018187358901422,0.7735763338566009,0.35891831511864425,1.3752138754101837,0.17891057821632086,Gm43923,FALSE,FALSE,FALSE,FALSE,1.0241694545677635,FALSE,FALSE,0.276123921595097
Gm26397,-0.9012266398884989,0.07451754440628554,-0.8015634581978865,0.13287841853167795,-1.3679337260814162,0.07821001088958665,Gm26397,FALSE,FALSE,FALSE,FALSE,1.0235746080559338,FALSE,FALSE,0.275963082534876
Gm42559,1.1770694251688092,0.10471681468207224,0.9906623108805179,0.20347091595920547,0.9023282823057026,0.36452411371933907,Gm42559,FALSE,FALSE,FALSE,FALSE,1.0233533394516765,FALSE,FALSE,0.27590325427051304
9330154K18Rik,1.109823069668036,0.1671050092147976,0.6471358735814781,0.47145817362708314,1.3014546463679952,0.22455190325108323,9330154K18Rik,FALSE,FALSE,FALSE,FALSE,1.0194711965391698,FALSE,FALSE,0.27485357136026
Gm37946,0.822294681889665,0.23230649572421055,1.211175911952677,0.11638379818963077,1.0241708552962048,0.25716025112894175,Gm37946,FALSE,FALSE,FALSE,FALSE,1.0192138163795157,FALSE,FALSE,0.2747839789827726
Gm37472,1.287745691609706,0.023495574798305448,1.000320254169176,0.09383983788379412,0.7683848350787135,0.2549280372195607,Gm37472,TRUE,FALSE,FALSE,TRUE,1.0188169269525318,FALSE,FALSE,0.2746766650434988
Gm20149,0.853699587920993,0.37302122617888683,0.9908812527909785,0.31880725521200803,1.2039253401108498,0.333330206115141,Gm20149,FALSE,FALSE,FALSE,FALSE,1.0161687269409405,FALSE,FALSE,0.2739606248673003
Gm7162,1.3646871032365628,0.022606933826155737,1.139287311680041,0.08181019512505758,0.5425137788912704,0.4570186161614942,Gm7162,TRUE,FALSE,FALSE,TRUE,1.0154960646026248,FALSE,FALSE,0.27377874538042557
Kirrel3os,1.0548797231893359,0.08734317277128613,1.0014117310543682,0.13849670483220658,0.9876837325246057,0.22487581069502433,Kirrel3os,FALSE,FALSE,FALSE,FALSE,1.0146583955894366,FALSE,FALSE,0.27355225015152523
Gm43483,0.9303740182798295,0.17076603580565067,1.3232555055141846,0.09547243216749418,0.7873145792444982,0.4060712634750265,Gm43483,FALSE,FALSE,FALSE,FALSE,1.0136480343461707,FALSE,FALSE,0.27327906110255396
Cartpt,-1.3957397507591456,0.05643520137891136,-0.42566428934515893,0.49128482195752005,-1.2151125259134796,0.17113226009952084,Cartpt,FALSE,FALSE,FALSE,FALSE,1.0121721886725947,FALSE,FALSE,0.27288001088296193
Gm38365,1.0060244464644825,0.1369783375314043,0.8509881298619848,0.24280292594430694,1.179430593503193,0.18844246856997743,Gm38365,FALSE,FALSE,FALSE,FALSE,1.0121477232765534,FALSE,FALSE,0.2728733957457308
Nsun7,0.7809859833675707,0.17386514532389277,0.9915273227936601,0.12357363040365481,1.2611944948073284,0.1004872510865911,Nsun7,FALSE,FALSE,FALSE,FALSE,1.0112359336561865,FALSE,FALSE,0.27262685923128105
Gm48809,1.1476541564572944,0.17076603580565067,1.0031347550461822,0.2648061304468559,0.8822547995678726,0.4547714078737763,Gm48809,FALSE,FALSE,FALSE,FALSE,1.0110145703571165,FALSE,FALSE,0.2725670053626245
Gm36638,0.6959326835738383,0.319784994189758,1.1296215120135435,0.13541825944461452,1.206615844612975,0.17891057821632086,Gm36638,FALSE,FALSE,FALSE,FALSE,1.0107233467334522,FALSE,FALSE,0.27248826213556876
Gm47016,1.3651590147906716,0.05778265779824198,0.618932552680841,0.42716612479940985,1.0462674635690854,0.2653486742915231,Gm47016,FALSE,FALSE,FALSE,FALSE,1.0101196770135328,FALSE,FALSE,0.27232503739018515
Gm20631,1.2779312812502648,0.05220973816635411,1.0103993415134642,0.15027891097725224,0.7401228480590328,0.4052735736740306,Gm20631,FALSE,FALSE,FALSE,FALSE,1.009484490274254,FALSE,FALSE,0.2721532908367823
Zfp433,1.3366099366938817,0.019351832112294208,1.1584958762164352,0.0704576830990092,0.5328021068732629,0.41804456312243077,Zfp433,TRUE,FALSE,FALSE,TRUE,1.00930263992786,FALSE,FALSE,0.27210412077655133
AC238676.1,1.169515340506668,0.06617720257417423,1.2582559813037817,0.09085111530551959,0.5999014928151374,0.49720387120539516,AC238676.1,FALSE,FALSE,FALSE,FALSE,1.0092242715418624,FALSE,FALSE,0.2720829309447137
Gm26814,0.9389738524464015,0.09142265646301351,1.060010756204055,0.09955301218514566,1.0246896700832908,0.15831291822727028,Gm26814,FALSE,FALSE,FALSE,FALSE,1.0078914262445824,FALSE,FALSE,0.27172254623912784
BB123696,0.7884603510937669,0.622212281415458,1.3042342445315236,0.39317375045841607,0.9281672645431205,0.6666122328750366,BB123696,FALSE,FALSE,FALSE,FALSE,1.0069539533894702,FALSE,FALSE,0.2714690652990864
Gm47469,1.274655924949676,0.02123519637955891,1.1274632909690787,0.07131797632043399,0.618326479506579,0.32861084691786685,Gm47469,TRUE,FALSE,FALSE,TRUE,1.0068152318084447,FALSE,FALSE,0.2714315567178292
Gm14020,1.234743667877635,0.0974005541035783,0.920564392266901,0.24951752816672806,0.860591556493394,0.40565932430314666,Gm14020,FALSE,FALSE,FALSE,FALSE,1.0052998722126434,FALSE,FALSE,0.27102182242765765
2700099C18Rik,1.1888244934495433,0.07090815878580355,0.6462575561557469,0.35878001822012523,1.180608725910379,0.1694708504675429,2700099C18Rik,FALSE,FALSE,FALSE,FALSE,1.005230258505223,FALSE,FALSE,0.27100299975145914
Gm45516,1.6730297326770436,0.11581956899089056,0.7710581994654963,0.5339867055320109,0.5689619815382764,0.748197500275494,Gm45516,FALSE,FALSE,FALSE,FALSE,1.0043499712269388,FALSE,FALSE,0.27076498107647645
Gm48624,0.866313962642439,0.15014402924547307,1.0719094335218262,0.11616737015340273,1.0748163175572938,0.17532686676969228,Gm48624,FALSE,FALSE,FALSE,FALSE,1.0043465712405197,FALSE,FALSE,0.2707640617626543
Gm3896,1.0551574010634703,0.0879720401295162,1.0544769747761857,0.12523131247058483,0.9027576393387762,0.2694941174106051,Gm3896,FALSE,FALSE,FALSE,FALSE,1.004130671726144,FALSE,FALSE,0.27070568523307265
Tmed10-ps,-1.0491538504600735,0.1122538212174006,-1.1912599427411814,0.1172186160026876,-0.770256018198562,0.3574572286911746,Tmed10-ps,FALSE,FALSE,FALSE,FALSE,1.003556603799939,FALSE,FALSE,0.2705504644426374
Mir212,-1.1717843916806265,0.0879720401295162,-0.4447369240981003,0.4823706333506368,-1.3929944719651752,0.13764680466853033,Mir212,FALSE,FALSE,FALSE,FALSE,1.0031719292479673,FALSE,FALSE,0.2704464532528605
2900055J20Rik,-1.0727792270647964,0.33139644388404155,-0.5828812601194236,0.6155665458333037,-1.351238911060542,0.3818903462293329,2900055J20Rik,FALSE,FALSE,FALSE,FALSE,1.0022997994149208,FALSE,FALSE,0.27021064024908836
9930017N22Rik,0.7723802731531609,0.34184084534059994,1.3106252877119071,0.13363791594408103,0.9213507850459047,0.3979923456886011,9930017N22Rik,FALSE,FALSE,FALSE,FALSE,1.0014521153036575,FALSE,FALSE,0.26998143706287403
Ing4,0.8528982805539156,0.2206881363541619,1.3170143380481851,0.10005216606778224,0.8323019374163444,0.3788222015811283,Ing4,FALSE,FALSE,FALSE,FALSE,1.0007381853394817,FALSE,FALSE,0.2697883993258812
Gm42492,0.8846662703175345,0.20843503301251015,1.20177362790252,0.12480339314001256,0.9139080425031687,0.33222572313831944,Gm42492,FALSE,FALSE,FALSE,FALSE,1.0001159802410744,FALSE,FALSE,0.2696201628458778
AC171205.1,0.5274383094487993,0.5020668961799329,1.2184082135424266,0.13363791594408103,1.2521349792775927,0.19414367380593886,AC171205.1,FALSE,FALSE,FALSE,FALSE,0.9993271674229395,FALSE,FALSE,0.2694068777213356
Tacr3,1.3736054969394198,0.021687021096665586,0.8961603807857927,0.12240252456424414,0.7274715046207827,0.2931710273975975,Tacr3,TRUE,FALSE,FALSE,TRUE,0.9990791274486651,FALSE,FALSE,0.2693398108132069
Gm26836,1.0627398896708484,0.1671050092147976,0.9431943088339244,0.2545520720437278,0.990082757267531,0.34219325627685565,Gm26836,FALSE,FALSE,FALSE,FALSE,0.998672318590768,FALSE,FALSE,0.26922981478382363
Grin2b,1.414637409295886,0.3573465983342387,-0.08629587187737187,0.9704608973683532,1.4935514617750902,0.48372683020003315,Grin2b,FALSE,FALSE,FALSE,FALSE,0.9981615809827827,FALSE,FALSE,0.2690917177197
Acvr1c,1.209098848062606,0.01071828627468486,1.0662737599795697,0.0704576830990092,0.7187910085528548,0.08120671169169796,Acvr1c,TRUE,FALSE,FALSE,TRUE,0.9980545388650102,FALSE,FALSE,0.26906277486926006
Gm44433,1.1145283195870408,0.022748352391810396,1.0456880174901904,0.0704576830990092,0.8329241689735372,0.1396697986803263,Gm44433,TRUE,FALSE,FALSE,TRUE,0.9977135020169228,FALSE,FALSE,0.26897056276906905
1700066O22Rik,1.3518169804618487,0.05274178539993674,1.0342918590415675,0.16284112777286902,0.6065897106142318,0.541217482229437,1700066O22Rik,FALSE,FALSE,FALSE,FALSE,0.9975661833725493,FALSE,FALSE,0.26893072964936027
Gm39041,1.195560352869668,0.16044544033282673,0.8433770184113558,0.364337246814455,0.9533906924998535,0.42420649710125513,Gm39041,FALSE,FALSE,FALSE,FALSE,0.9974426879269591,FALSE,FALSE,0.2688973380247726
Gm33869,0.4754775856043345,0.6522178962308395,1.0703370409083177,0.28063390696879814,1.44617733447898,0.23732599087608175,Gm33869,FALSE,FALSE,FALSE,FALSE,0.9973306536638774,FALSE,FALSE,0.26886704536065126
Kcnq1ot1,1.0006376703017104,0.04828370003378101,1.109846705362374,0.07978550165448961,0.8811499206385633,0.17772869661514587,Kcnq1ot1,TRUE,FALSE,FALSE,TRUE,0.9972114321008826,FALSE,FALSE,0.26883480934048665
Gm37726,1.042489882699575,0.1521363065072581,0.9623398911453773,0.21752577731055453,0.9854337521381892,0.31885919247466554,Gm37726,FALSE,FALSE,FALSE,FALSE,0.9967545086610472,FALSE,FALSE,0.2687112629546635
Gm44686,0.8566907100117294,0.19868403932235806,1.3458077481704616,0.08967000640739733,0.7845098718280459,0.3903926663460207,Gm44686,FALSE,FALSE,FALSE,FALSE,0.9956694433367456,FALSE,FALSE,0.2684178748561063
Gm15612,1.132007483097942,0.11068843782844463,0.9909430362095111,0.19474566064079676,0.8617776190021839,0.37551935445985263,Gm15612,FALSE,FALSE,FALSE,FALSE,0.9949093794365457,FALSE,FALSE,0.2682123630795641
Gm42551,0.9721461806233616,0.12965840929962819,1.0543418160985603,0.13767629696144293,0.9582393964909837,0.261117703129148,Gm42551,FALSE,FALSE,FALSE,FALSE,0.9949091310709685,FALSE,FALSE,0.268212295924617
Gm12057,1.245976044918102,0.02294994007604725,0.8494396439715914,0.11785504756847434,0.8878373284729788,0.15883623617793824,Gm12057,TRUE,FALSE,FALSE,TRUE,0.9944176724542241,FALSE,FALSE,0.2680794116587052
Cib3,-1.4150922703419888,0.08541678615719704,-0.2612542253802924,0.7276282060920567,-1.3024116372029722,0.21430522751658732,Cib3,FALSE,FALSE,FALSE,FALSE,0.9929193776417511,FALSE,FALSE,0.26767429147260724
Gm36445,0.8981593028812873,0.04707681261833981,1.0273073298570414,0.07169446715868752,1.0502284568297755,0.08120671169169796,Gm36445,FALSE,FALSE,FALSE,FALSE,0.9918983631893681,FALSE,FALSE,0.26739822192907364
5430420F09Rik,0.9487953899089023,0.13192798489319393,1.1107709787825188,0.11984717343416362,0.9153641121554107,0.27933891819081974,5430420F09Rik,FALSE,FALSE,FALSE,FALSE,0.9916434936156107,FALSE,FALSE,0.26732930838262625
A330041J22Rik,1.1367036455251747,0.04178226443439048,0.8139848506385984,0.15821974669764988,1.0226509063666955,0.14327877740113493,A330041J22Rik,TRUE,FALSE,FALSE,TRUE,0.9911131341768229,FALSE,FALSE,0.26718590582075935
Gm38091,1.0333515645846818,0.061310859174074465,1.0468679215522763,0.09822738029190473,0.8928725606903356,0.2142264092705122,Gm38091,FALSE,FALSE,FALSE,FALSE,0.9910306822757645,FALSE,FALSE,0.2671636118575
Usp50,1.0676865162574638,0.19095060261218277,0.8422361771742326,0.33898154090022253,1.0606085676244188,0.3367659866417981,Usp50,FALSE,FALSE,FALSE,FALSE,0.9901770870187051,FALSE,FALSE,0.2669328103713616
Gm20939,1.19335281821053,0.026213437932539482,1.1814138000199579,0.0704576830990092,0.5943065571171546,0.36496809217652687,Gm20939,TRUE,FALSE,FALSE,TRUE,0.9896910584492141,FALSE,FALSE,0.2668013943223424
Gm4258,1.0548137295047044,0.05988936470045549,1.037710340283674,0.1015236646430974,0.8764776536435785,0.22883549576023568,Gm4258,FALSE,FALSE,FALSE,FALSE,0.9896672411439856,FALSE,FALSE,0.26679495442076484
Gm42967,0.7341737244515565,0.23710258150870178,1.0343613213222151,0.13194198036716423,1.1990387733278627,0.1396697986803263,Gm42967,FALSE,FALSE,FALSE,FALSE,0.9891912730338781,FALSE,FALSE,0.26666625859419035
B230110C06Rik,1.2398663113411328,0.0275907751029245,0.9384752340591815,0.11036521115468788,0.787101881084107,0.2511398158114848,B230110C06Rik,TRUE,FALSE,FALSE,TRUE,0.9884811421614738,FALSE,FALSE,0.26647424808411757
E030022I16Rik,0.8737081650174272,0.1767080809309046,1.2049943431207524,0.10446851514456647,0.8820543336330775,0.31197657855714916,E030022I16Rik,FALSE,FALSE,FALSE,FALSE,0.9869189472570857,FALSE,FALSE,0.266051850112024
Gm38381,0.9597003430072508,0.033623403555299865,1.0908764340601405,0.0704576830990092,0.9083559130016203,0.10540374727501567,Gm38381,FALSE,FALSE,FALSE,FALSE,0.9863108966896705,FALSE,FALSE,0.26588744084024546
Gm37949,0.7939943086575633,0.4336778247283281,0.854409198980405,0.41955941237361744,1.3075279435170295,0.3136770424658827,Gm37949,FALSE,FALSE,FALSE,FALSE,0.9853104837183326,FALSE,FALSE,0.26561694167963346
Gm43864,1.055238958189099,0.26113963552562147,1.1431389794695574,0.24936187148890213,0.7571009014705053,0.581081376669175,Gm43864,FALSE,FALSE,FALSE,FALSE,0.985159613043054,FALSE,FALSE,0.2655761481351743
Ube4bos1,0.9584743397992515,0.24712042255667999,1.11627857421445,0.20237179998035418,0.8794392725065729,0.4420378372299259,Ube4bos1,FALSE,FALSE,FALSE,FALSE,0.9847307288400915,FALSE,FALSE,0.2654601832084641
6330415B21Rik,1.2972048847643647,0.02005871878534375,0.44876960417478007,0.37715643672632626,1.206430641745047,0.06839602350302021,6330415B21Rik,TRUE,FALSE,FALSE,TRUE,0.9841350435613972,FALSE,FALSE,0.2652991173561689
Gm44021,0.8261867366638973,0.37490319584491766,1.42839355987556,0.14627988282995627,0.6961156865234508,0.6040907740219245,Gm44021,FALSE,FALSE,FALSE,FALSE,0.983565327687636,FALSE,FALSE,0.26514507330630654
Gm38377,1.088771342319779,0.11444888887549211,1.072615367844737,0.1550068253520795,0.7892886675730953,0.4101710561131687,Gm38377,FALSE,FALSE,FALSE,FALSE,0.9835584592458704,FALSE,FALSE,0.2651432161655201
Gm47602,0.85578650494273,0.23729199302663204,1.3195062515476887,0.10707942697415244,0.774352393531887,0.43957350944931134,Gm47602,FALSE,FALSE,FALSE,FALSE,0.9832150500074353,FALSE,FALSE,0.2650503626006379
Gm29488,0.7189010074112065,0.29436933369221857,1.1762319573612372,0.12061995108359509,1.0496667489777094,0.23882483813981867,Gm29488,FALSE,FALSE,FALSE,FALSE,0.9815999045833844,FALSE,FALSE,0.26461364746999766
Gm48601,1.0770935082469357,0.1492061629885605,0.9920779369521205,0.21545322800644753,0.8702216196182994,0.3995193680772069,Gm48601,FALSE,FALSE,FALSE,FALSE,0.9797976882724518,FALSE,FALSE,0.26412635071024404
Mettl21e,0.5215357267963963,0.5027879469213707,1.3269644817554456,0.10638366584973132,1.089140711933422,0.2533245106260995,Mettl21e,FALSE,FALSE,FALSE,FALSE,0.9792136401617546,FALSE,FALSE,0.2639684314026911
Gm47815,0.7287246459252705,0.34037110299502676,1.3787246569560951,0.10558417467957514,0.8287158673075238,0.42382405512237675,Gm47815,FALSE,FALSE,FALSE,FALSE,0.9787217233962965,FALSE,FALSE,0.26383542325909476
Gm17473,1.5133537521939342,0.016531461885642206,0.5290400978354609,0.3283865323651639,0.8937108019910341,0.18233544799713558,Gm17473,TRUE,FALSE,FALSE,TRUE,0.9787015506734764,FALSE,FALSE,0.263829968807037
Gm37008,1.0639407478338618,0.05902903220075608,1.1096347186501332,0.09085111530551959,0.7619372296050497,0.3039996417076477,Gm37008,FALSE,FALSE,FALSE,FALSE,0.9785042320296816,FALSE,FALSE,0.2637766163125685
AC161607.1,0.9593108035056426,0.03421299746923567,0.986004002526095,0.07242608411847597,0.9841575908575495,0.0899475958867595,AC161607.1,FALSE,FALSE,FALSE,FALSE,0.9764907989630957,FALSE,FALSE,0.26323220918264933
Gm14021,1.3365168762090873,0.015571191153496351,1.1661931549452458,0.0704576830990092,0.42607496197598815,0.4834810130866619,Gm14021,TRUE,FALSE,FALSE,TRUE,0.9762616643767738,FALSE,FALSE,0.26317025405507405
4930503L19Rik,1.115742715479973,0.014466638834183743,0.8723361079186374,0.0704576830990092,0.9375079678906544,0.06317781196216721,4930503L19Rik,TRUE,FALSE,FALSE,TRUE,0.9751955970964216,FALSE,FALSE,0.26288200279009344
Gm42515,0.605127912446838,0.41368013462762443,1.2718627904652111,0.11278448655616846,1.0408096556584998,0.2677770325853278,Gm42515,FALSE,FALSE,FALSE,FALSE,0.9726001195235163,FALSE,FALSE,0.2621802181021968
Ngp,0.8035605011025153,0.5586150136570002,0.586112529008636,0.70219617069524,1.5274236504588954,0.35527163565588216,Ngp,FALSE,FALSE,FALSE,FALSE,0.9723655601900155,FALSE,FALSE,0.26211679619080275
4930545L23Rik,0.7413782492472019,0.28690119523780777,1.304079056267491,0.10005216606778224,0.8716104769974525,0.35166179021365035,4930545L23Rik,FALSE,FALSE,FALSE,FALSE,0.9723559275040485,FALSE,FALSE,0.262114191632942
Gm19325,1.0300689961532827,0.14859431016413446,1.0142966222640781,0.1886090407477817,0.8715028298159285,0.3730024733180667,Gm19325,FALSE,FALSE,FALSE,FALSE,0.9719561494110964,FALSE,FALSE,0.26200609663450347
4632427E13Rik,0.9394280646778395,0.04529800063681137,1.058320967768248,0.07346255419668397,0.9154747904971288,0.12909580830434206,4632427E13Rik,FALSE,FALSE,FALSE,FALSE,0.9710746076477387,FALSE,FALSE,0.26176773876244014
Orc4,1.1086813283720431,0.019108275622710627,1.0003003313647287,0.0704576830990092,0.8038007173835116,0.12049300589085365,Orc4,TRUE,FALSE,FALSE,TRUE,0.9709274590400945,FALSE,FALSE,0.2617279516185372
H2-M10.2,1.0130935063022002,0.05686890690087941,1.5018363913080846,0.0704576830990092,0.39743928350734303,0.6028503311162734,H2-M10.2,FALSE,FALSE,FALSE,FALSE,0.9707897270392093,FALSE,FALSE,0.2616907106073786
Zfp947,1.289141579413736,0.019059350179638876,0.9511135805821054,0.08521930057579834,0.6687724720798198,0.263028780668114,Zfp947,TRUE,FALSE,FALSE,TRUE,0.9696758773585538,FALSE,FALSE,0.26138953957871597
3110039I08Rik,1.0211406688337727,0.018647158665054384,0.862078784009555,0.0704576830990092,1.0255241613201744,0.05475877694670262,3110039I08Rik,TRUE,FALSE,FALSE,TRUE,0.9695812047211674,FALSE,FALSE,0.2613639412811332
Gm2237,0.9245651516689963,0.20014076909341716,1.1957053898067262,0.13466087662941184,0.78774836938337,0.4353991998636434,Gm2237,FALSE,FALSE,FALSE,FALSE,0.9693396369530308,FALSE,FALSE,0.2612986243766308
Gm37569,0.6135625545302832,0.21025256972225884,1.343152527493244,0.0704576830990092,0.9488610152688037,0.14010534173697056,Gm37569,FALSE,FALSE,FALSE,FALSE,0.9685253657641103,FALSE,FALSE,0.2610784556269004
Gm21816,1.1029666593191945,0.20668818529640212,1.1063035474015983,0.23479329945972705,0.695695874363289,0.5905854956963476,Gm21816,FALSE,FALSE,FALSE,FALSE,0.9683220270280273,FALSE,FALSE,0.26102347537473836
Dleu2,1.0784902826880534,0.01691434231227352,0.9344054005718649,0.0704576830990092,0.8915201076864787,0.07909418349020604,Dleu2,TRUE,FALSE,FALSE,TRUE,0.9681385969821323,FALSE,FALSE,0.2609738781835112
Gm14443,1.255503492414388,0.019192026354453908,0.9802999710687398,0.07978550165448961,0.6661330813094867,0.2581474283215736,Gm14443,TRUE,FALSE,FALSE,TRUE,0.9673121815975382,FALSE,FALSE,0.26075042579509344
E430024I08Rik,1.2156987880095986,0.014455723425594891,1.0221842389629074,0.0704576830990092,0.662054829862158,0.16735442230976913,E430024I08Rik,TRUE,FALSE,FALSE,TRUE,0.9666459522782214,FALSE,FALSE,0.26057028571613255
Gadd45g,-1.0227835921912276,0.021566796746963397,-0.7505254837571802,0.08508717706951348,-1.1264063407399685,0.05475877694670262,Gadd45g,TRUE,FALSE,FALSE,TRUE,0.9665718055627921,FALSE,FALSE,0.2605502373712386
Mlf1,0.8759172156652149,0.2596031636479659,1.2873476565999116,0.13093869021747395,0.7349249560401839,0.5032960080421903,Mlf1,FALSE,FALSE,FALSE,FALSE,0.9660632761017701,FALSE,FALSE,0.2604127373624483
A330008L17Rik,1.2147430637765575,0.05616642452822344,1.1097950941377785,0.11482521920437533,0.573052460911611,0.5156202907674658,A330008L17Rik,FALSE,FALSE,FALSE,FALSE,0.965863539608649,FALSE,FALSE,0.26035873111174906
Gm45861,0.9708875575134869,0.08790344590308329,0.6569011602835877,0.2743590943006781,1.268890445447408,0.10016562231638436,Gm45861,FALSE,FALSE,FALSE,FALSE,0.9655597210814941,FALSE,FALSE,0.26027658238024687
Gm26132,-0.6087894678260437,0.4442580246312602,-0.3732049212664139,0.6550084877994476,-1.9133105434468973,0.14094624298374747,Gm26132,FALSE,FALSE,FALSE,FALSE,0.965101644179785,FALSE,FALSE,0.2601527241127532
Gm47477,0.7490142644762644,0.22512085174282628,1.1607345635208373,0.10148704571398474,0.9852061196295329,0.22613175626772028,Gm47477,FALSE,FALSE,FALSE,FALSE,0.9649849825422115,FALSE,FALSE,0.26012118026441927
9530059O14Rik,1.0641613926348787,0.18558164105574854,0.6334386938478254,0.48095716530092836,1.197076332746756,0.262971095562246,9530059O14Rik,FALSE,FALSE,FALSE,FALSE,0.9648921397431534,FALSE,FALSE,0.2600960767322444
C730002L08Rik,1.115037832264301,0.2726363941792533,0.8922694171785522,0.422140735452771,0.8796276258405394,0.549748580608299,C730002L08Rik,FALSE,FALSE,FALSE,FALSE,0.9623116250944642,FALSE,FALSE,0.25939833783199423
Atf7ip2,0.9898643407318775,0.06873232572712132,1.0098361165935152,0.10224229439259612,0.8839429083053922,0.21244625242455384,Atf7ip2,FALSE,FALSE,FALSE,FALSE,0.9612144552102616,FALSE,FALSE,0.2591016768117671
Gm37303,0.8865544903490857,0.21663174069466923,0.8130583434985811,0.287798387588748,1.1797728037874906,0.2097049595423849,Gm37303,FALSE,FALSE,FALSE,FALSE,0.9597952125450525,FALSE,FALSE,0.258717931338005
Ifi203,1.0888945959379066,0.03831333094046757,1.079779313001369,0.08120675934582743,0.7102081705771883,0.28315990045604944,Ifi203,TRUE,FALSE,FALSE,TRUE,0.9596273598388213,FALSE,FALSE,0.2586725460646801
4933413C19Rik,-0.012970444002116555,0.9937370840094825,1.8159348119663976,0.1995812088419037,1.0479969114224001,0.60351082939343,4933413C19Rik,FALSE,FALSE,FALSE,FALSE,0.9589673891303048,FALSE,FALSE,0.25849409823583647
Gm37080,0.493130336652188,0.753377239669934,1.3258980040569361,0.3488578056197393,1.055011036441691,0.5886667368962961,Gm37080,FALSE,FALSE,FALSE,FALSE,0.9580131257169383,FALSE,FALSE,0.2582360773387532
Gm37459,0.8220548915044322,0.15394608313364594,1.0825269725198514,0.10381114606151486,0.9675726608856795,0.20562207556279907,Gm37459,FALSE,FALSE,FALSE,FALSE,0.9573848416366544,FALSE,FALSE,0.2580661971780478
Gm43361,0.8106796630929776,0.25595196194671954,1.0577690343107842,0.16648780582271683,1.0033784431313693,0.2849881505914223,Gm43361,FALSE,FALSE,FALSE,FALSE,0.9572757135117104,FALSE,FALSE,0.25803669029734727
6030400A10Rik,1.0229286433579339,0.17273075596447215,1.2477753753978647,0.13400538696266875,0.6005339146714719,0.5908637012315916,6030400A10Rik,FALSE,FALSE,FALSE,FALSE,0.9570793111424235,FALSE,FALSE,0.2579835855520507
CT030636.2,0.973484435612532,0.18708454072408,0.9815789706830788,0.21277230696924207,0.91442976459967,0.3606640541605391,CT030636.2,FALSE,FALSE,FALSE,FALSE,0.9564977236317602,FALSE,FALSE,0.25782633155998536
Gm48062,1.0716338801024101,0.040457000377134976,0.8704130638985537,0.12048001590791321,0.924442243646159,0.1564952205742026,Gm48062,TRUE,FALSE,FALSE,TRUE,0.9554963958823742,FALSE,FALSE,0.2575555850548254
Gm37606,0.9033312588493357,0.24712042255667999,1.041454599180705,0.20732119497306042,0.92002566498615,0.3893809453148289,Gm37606,FALSE,FALSE,FALSE,FALSE,0.9549371743387303,FALSE,FALSE,0.25740437854063003
Gm43010,1.189053388151391,0.059947773496691566,0.9883026204850834,0.14718609903308233,0.6865976988870333,0.42622384861442497,Gm43010,FALSE,FALSE,FALSE,FALSE,0.9546512358411692,FALSE,FALSE,0.2573270643455997
Gm45110,0.6568734422724334,0.3546076457498623,1.1232465955362312,0.13849670483220658,1.0831111830450166,0.2358346620789648,Gm45110,FALSE,FALSE,FALSE,FALSE,0.954410406951227,FALSE,FALSE,0.25726194722452383
Gm16759,1.0308545460789267,0.06289356971048521,0.8523577645574612,0.15202031156578022,0.9739265825846772,0.17303893984822843,Gm16759,FALSE,FALSE,FALSE,FALSE,0.9523796310736884,FALSE,FALSE,0.2567128508153373
Gm26945,0.9895198074483189,0.05834583172022629,1.0227386102619724,0.09180503249903499,0.8439804670579751,0.21454559754482708,Gm26945,FALSE,FALSE,FALSE,FALSE,0.9520796282560888,FALSE,FALSE,0.25663173380399606
Gm43708,0.6730952153206919,0.3151760752452161,1.223073005595578,0.10394173157614646,0.9581845134360467,0.2720154806386378,Gm43708,FALSE,FALSE,FALSE,FALSE,0.9514509114507722,FALSE,FALSE,0.2564617366398516
Gm15835,0.8101175192630341,0.3376322007419156,0.7557220254497452,0.3991882509368793,1.2850812377024339,0.23562219162492765,Gm15835,FALSE,FALSE,FALSE,FALSE,0.9503069274717377,FALSE,FALSE,0.25615241767363656
Gm37258,0.9935229564175796,0.2038567850907144,0.5981797652206631,0.4952271401911788,1.2555800285735486,0.22386935858213997,Gm37258,FALSE,FALSE,FALSE,FALSE,0.9490942500705971,FALSE,FALSE,0.2558245248648668
C1ql3,1.4969889562997336,0.07084843028625122,0.3504809368154188,0.730676209736195,0.9992965798355534,0.3790149760533683,C1ql3,FALSE,FALSE,FALSE,FALSE,0.9489221576502352,FALSE,FALSE,0.2557779932258445
Rbm4,1.043050695680615,0.03484454506916334,1.028874498741839,0.07860560439896262,0.7727539438951871,0.20537944218215956,Rbm4,TRUE,FALSE,FALSE,TRUE,0.9482263794392137,FALSE,FALSE,0.2555898634959773
Slc6a20a,0.45596251325701664,0.7369046590449596,1.465246903332613,0.214624222301969,0.923315577782682,0.5747231254821401,Slc6a20a,FALSE,FALSE,FALSE,FALSE,0.9481749981241039,FALSE,FALSE,0.25557597063072407
Gm19817,1.0751560517217749,0.1177755763806487,0.8737335608719339,0.2370386758266454,0.8934946061583786,0.3401975572235803,Gm19817,FALSE,FALSE,FALSE,FALSE,0.9474614062506957,FALSE,FALSE,0.25538302430924814
Gm37899,0.8937291862987693,0.0624343086148414,0.9513142282375218,0.09180503249903499,0.9931689735616964,0.12049300589085365,Gm37899,FALSE,FALSE,FALSE,FALSE,0.9460707960326625,FALSE,FALSE,0.2550070206912489
Wdr64,-1.0842940403490111,0.2761304396903165,-0.7383529022381394,0.46020108232073376,-1.0140795217910301,0.45047607147183677,Wdr64,FALSE,FALSE,FALSE,FALSE,0.9455754881260602,FALSE,FALSE,0.2548730956254821
Gm43169,1.0902523735075809,0.11523846796165217,0.9713389150172983,0.19230553142217252,0.773820954954851,0.422832318958479,Gm43169,FALSE,FALSE,FALSE,FALSE,0.9451374144932434,FALSE,FALSE,0.25475464599182257
Gm37558,0.9672171153274399,0.07510645425035968,1.0113717157286808,0.10272518377367301,0.8566602063432168,0.23008422447598412,Gm37558,FALSE,FALSE,FALSE,FALSE,0.9450830124664459,FALSE,FALSE,0.254739936363893
C130026L21Rik,-1.0163923527868997,0.2776552721020896,-0.6688377878847179,0.48056410465284405,-1.1496676803890153,0.3739153711547562,C130026L21Rik,FALSE,FALSE,FALSE,FALSE,0.9449659403535443,FALSE,FALSE,0.25470828152816194
2510017J16Rik,0.9698140812588748,0.09148453684572642,0.7733002373449237,0.20548047699218985,1.091291060248405,0.14643786774033146,2510017J16Rik,FALSE,FALSE,FALSE,FALSE,0.9448017929507345,FALSE,FALSE,0.25466389812255963
Omd,0.8164961367784769,0.23448495128816918,1.3216851814511918,0.09547243216749418,0.6957501549021816,0.4681791423427732,Omd,FALSE,FALSE,FALSE,FALSE,0.9446438243772834,FALSE,FALSE,0.2546211853951702
Gm37653,0.6217070192383977,0.32786950299874834,1.1001279276698066,0.11648197128551506,1.1094053452399806,0.1727571609446558,Gm37653,FALSE,FALSE,FALSE,FALSE,0.943746764049395,FALSE,FALSE,0.2543786314972658
Il7r,1.0853269983717413,0.06375827619564643,0.9248045397627295,0.144341509017057,0.8198837355529934,0.2866186447793518,Il7r,FALSE,FALSE,FALSE,FALSE,0.9433384245624881,FALSE,FALSE,0.25426822160493373
Gm47558,0.8166173240768552,0.25218963689232765,1.2139157744823479,0.12316048270257304,0.7989423409408942,0.4105879206882688,Gm47558,FALSE,FALSE,FALSE,FALSE,0.9431584798333658,FALSE,FALSE,0.2542195667997896
4930405O22Rik,1.2335802863576677,0.07103756616135568,0.9847959068406325,0.18054720407416325,0.6079869246646075,0.535384155614735,4930405O22Rik,FALSE,FALSE,FALSE,FALSE,0.9421210392876359,FALSE,FALSE,0.2539390558459687
Pp2d1,0.9363852882729151,0.21580524892589883,0.787967707590993,0.3318688946113139,1.0994504689271696,0.2723195257456729,Pp2d1,FALSE,FALSE,FALSE,FALSE,0.9412678215970259,FALSE,FALSE,0.25370835644907797
Mmp27,0.8666165618628969,0.238492373011703,1.2508297070159164,0.12323954167012727,0.7008348648925801,0.49974397400408915,Mmp27,FALSE,FALSE,FALSE,FALSE,0.9394270445904644,FALSE,FALSE,0.25321063335929955
Gm29237,0.9153827417680793,0.20901758104186813,1.1234866513837543,0.1554219416556397,0.7775430830968468,0.44356052798758455,Gm29237,FALSE,FALSE,FALSE,FALSE,0.9388041587495601,FALSE,FALSE,0.25304221281503536
Gm44806,0.7666141252988625,0.39192039909479087,1.5883177186239077,0.10381114606151486,0.4599623253462014,0.7371416319931516,Gm44806,FALSE,FALSE,FALSE,FALSE,0.9382980564229906,FALSE,FALSE,0.2529053690730577
Gm43072,0.7887055975294688,0.39865202889450524,1.1351557259950575,0.23560732458568792,0.8864576550782303,0.4851693103793015,Gm43072,FALSE,FALSE,FALSE,FALSE,0.9367729928675855,FALSE,FALSE,0.25249301095352505
Fcho2,0.9914805361370034,0.02095553687999382,0.9890437301616064,0.0704576830990092,0.8288968906278749,0.10016562231638436,Fcho2,FALSE,FALSE,FALSE,FALSE,0.9364737189754949,FALSE,FALSE,0.25241209103452866
Slain1os,0.8434571542569111,0.310731470390935,1.2334715909022655,0.16258966297941269,0.7319606715042022,0.5374640967791049,Slain1os,FALSE,FALSE,FALSE,FALSE,0.9362964722211263,FALSE,FALSE,0.25236416572802867
B930086L07Rik,1.1454433544044889,0.05326720349962135,1.0004690873641768,0.12303603958829368,0.6626377680664264,0.40633492597030013,B930086L07Rik,FALSE,FALSE,FALSE,FALSE,0.936183403278364,FALSE,FALSE,0.2523335932994569
6430511E19Rik,0.9509804710814267,0.08048359091151416,1.08864437246421,0.09085111530551959,0.7681136209487396,0.2864188115933914,6430511E19Rik,FALSE,FALSE,FALSE,FALSE,0.9359128214981255,FALSE,FALSE,0.2522604313688059
Gm14387,1.2302001548382542,0.0491949323243061,0.797035196896341,0.22061046713397056,0.7776846965746828,0.34615778059711805,Gm14387,TRUE,FALSE,FALSE,TRUE,0.934973349436426,FALSE,FALSE,0.2520064098682967
Gm15777,1.0392909770381524,0.21942585457422206,0.9562962327457404,0.2898565569205746,0.8084565439794088,0.49974397400408915,Gm15777,FALSE,FALSE,FALSE,FALSE,0.9346812512544339,FALSE,FALSE,0.2519274301716026
Cwh43,0.8284027626589454,0.18866335414324603,0.855267978150219,0.20509121143550949,1.118201335324614,0.17891057821632086,Cwh43,FALSE,FALSE,FALSE,FALSE,0.9339573587112595,FALSE,FALSE,0.2517316986777975
Fignl1,1.0697942279717036,0.08668814817261644,0.5170178251871664,0.44617039449229323,1.2120347803042055,0.13813008404078156,Fignl1,FALSE,FALSE,FALSE,FALSE,0.9329489444876918,FALSE,FALSE,0.25145903607861164
Has1,1.0586772663639656,0.13113176829267867,1.00490559123877,0.18478293080303365,0.7342015005675214,0.45494671291493827,Has1,FALSE,FALSE,FALSE,FALSE,0.9325947860567524,FALSE,FALSE,0.2513632760664592
Gm45645,1.0146854783487569,0.056077455055045786,1.1330770206273502,0.08120675934582743,0.648661515016581,0.3566922191199575,Gm45645,FALSE,FALSE,FALSE,FALSE,0.9321413379975627,FALSE,FALSE,0.2512406693801145
4933406B17Rik,-0.9608506087564113,0.206644238336218,-0.8039080974975299,0.30238123655152926,-1.0302354898464916,0.32201455206454216,4933406B17Rik,FALSE,FALSE,FALSE,FALSE,0.9316647320334775,FALSE,FALSE,0.2511118010857987
Gm6566,1.091183696199947,0.05274178539993674,1.1247741014892472,0.08832269569991538,0.5774048756747249,0.45047607147183677,Gm6566,FALSE,FALSE,FALSE,FALSE,0.9311208911213064,FALSE,FALSE,0.25096475330206997
Rps4x-ps,-1.0647479699412228,0.08365846976238386,-0.3766875295700641,0.5036982732364664,-1.3511933254162365,0.11726542995485574,Rps4x-ps,FALSE,FALSE,FALSE,FALSE,0.9308762749758411,FALSE,FALSE,0.2508986121544477
Gabre,0.738518945557902,0.2592472996725675,1.1026641443440606,0.12569883752732317,0.9509805641262321,0.2681304595948968,Gabre,FALSE,FALSE,FALSE,FALSE,0.9307212180093982,FALSE,FALSE,0.25085668668919336
Gm37060,0.9988356067466765,0.15234516222331843,1.1814405671366117,0.1299255918530921,0.6102186553242552,0.549748580608299,Gm37060,FALSE,FALSE,FALSE,FALSE,0.9301649430691812,FALSE,FALSE,0.25070627689972713
Gpr21,0.9526904531316948,0.10224991667510554,0.9701307044536743,0.13372599960156556,0.8656674621471966,0.263028780668114,Gpr21,FALSE,FALSE,FALSE,FALSE,0.9294962065775219,FALSE,FALSE,0.2505254589127087
Zfp995,1.1666138620766886,0.015178204543833392,0.9668587655281953,0.0704576830990092,0.654388509208172,0.17891057821632086,Zfp995,TRUE,FALSE,FALSE,TRUE,0.9292870456043519,FALSE,FALSE,0.2504689044004261
Gm7265,0.9935102682853789,0.025869586209541332,1.0119194024877922,0.0704576830990092,0.7816527082493714,0.1396697986803263,Gm7265,FALSE,FALSE,FALSE,FALSE,0.9290274596741809,FALSE,FALSE,0.25039871561016674
Trdn,1.2379075335102128,0.1882988426469048,0.9922391068395853,0.32955125191089263,0.5549986970640481,0.7114275906496919,Trdn,FALSE,FALSE,FALSE,FALSE,0.9283817791379487,FALSE,FALSE,0.25022413166525775
Gm37248,0.6463970924332088,0.2501839848442046,1.103859945731814,0.09180503249903499,1.0333881635749995,0.15621210794763085,Gm37248,FALSE,FALSE,FALSE,FALSE,0.9278817339133407,FALSE,FALSE,0.25008892568792657
Gm7232,-1.2009067110243112,0.05428956408387389,-0.24755194798944086,0.6510067566564882,-1.3351339529024595,0.1060812261864935,Gm7232,FALSE,FALSE,FALSE,FALSE,0.9278642039720706,FALSE,FALSE,0.25008418581096076
Vsnl1,1.3555040296426442,0.2228927954825003,0.06510262403997974,0.9683815639506266,1.3557890647552255,0.37422734490271664,Vsnl1,FALSE,FALSE,FALSE,FALSE,0.9254652394792832,FALSE,FALSE,0.24943553580318537
Tc2n,1.031852085529135,0.031830233221311975,1.1284186120175028,0.0704576830990092,0.6119921073663375,0.29967468005522857,Tc2n,TRUE,FALSE,FALSE,TRUE,0.9240876016376585,FALSE,FALSE,0.24906303975359054
Nxph3,-1.214120918081953,0.02029433725055776,-0.9045677737768956,0.07556490478840473,-0.6522097149935793,0.18212960897256253,Nxph3,TRUE,FALSE,FALSE,TRUE,0.9236328022841426,FALSE,FALSE,0.24894006769415353
Slc2a13,0.6781524497639904,0.16322623584192433,1.2791763406216576,0.0704576830990092,0.8128999277313573,0.22883549576023568,Slc2a13,FALSE,FALSE,FALSE,FALSE,0.9234095727056685,FALSE,FALSE,0.24887970920687777
Gm26606,1.0068191785814027,0.03913958277408891,0.7668905448522993,0.13383531730822268,0.9957277857248221,0.10571947645109912,Gm26606,TRUE,FALSE,FALSE,TRUE,0.9231458363861748,FALSE,FALSE,0.24880839820323242
Chrna6,0.8334494144531872,0.07277877959182759,1.0110719309286775,0.08451455445915308,0.9223506733676201,0.1385795333536138,Chrna6,FALSE,FALSE,FALSE,FALSE,0.9222906729164949,FALSE,FALSE,0.24857717269200671
Gm45838,0.6147956233003107,0.3441820509707301,1.3297309093994327,0.08508717706951348,0.8184602853358599,0.33843377671961283,Gm45838,FALSE,FALSE,FALSE,FALSE,0.9209956060118678,FALSE,FALSE,0.248227002791501
Gm15601,1.0941243014314401,0.21375180168449262,0.6594238483538557,0.5047315485989252,1.0064687813819766,0.40608108524542064,Gm15601,FALSE,FALSE,FALSE,FALSE,0.9200056437224241,FALSE,FALSE,0.2479593293646222
Gm47512,0.8931995692393173,0.15460678221537713,1.3577909302834987,0.08222144326671155,0.5018351130280423,0.5886083323760776,Gm47512,FALSE,FALSE,FALSE,FALSE,0.9176085375169528,FALSE,FALSE,0.24731118181450537
Gm20219,0.7746877379863977,0.27200126781927303,0.7581112161437065,0.31051071071636394,1.218968429372793,0.18187677139784494,Gm20219,FALSE,FALSE,FALSE,FALSE,0.9172557945009657,FALSE,FALSE,0.247215804512861
Gm44704,0.6947377010694988,0.3301223273545802,0.8446227828122258,0.2591057418763741,1.209991350284133,0.18902896085835194,Gm44704,FALSE,FALSE,FALSE,FALSE,0.9164506113886193,FALSE,FALSE,0.24699809306542006
Chil6,1.3468461817197979,0.023495574798305448,0.6569921275184105,0.24907006436197493,0.7374909169590069,0.30263670256951974,Chil6,TRUE,FALSE,FALSE,TRUE,0.9137764087324051,FALSE,FALSE,0.24627502209919208
1700012D14Rik,0.9303931559714966,0.04091013116895429,0.8361414809918992,0.09808137538130882,0.9733449758283323,0.1002620105675008,1700012D14Rik,FALSE,FALSE,FALSE,FALSE,0.9132932042639094,FALSE,FALSE,0.24614436965177605
D230049E03Rik,0.6810048750455868,0.20926219931942674,1.140408749109221,0.08453473759992562,0.9152496273272634,0.19973327550083986,D230049E03Rik,FALSE,FALSE,FALSE,FALSE,0.9122210838273571,FALSE,FALSE,0.24585448168903354
E430014B02Rik,0.7424604538104059,0.2637004988829507,1.0133777701117122,0.1558691368725668,0.9805466287181798,0.2596272457328866,E430014B02Rik,FALSE,FALSE,FALSE,FALSE,0.9121282842134326,FALSE,FALSE,0.24582938983357897
Gm26743,0.7598720539370607,0.4704037049633326,1.3320967408677669,0.20222933425339198,0.6429609675113968,0.667304825320646,Gm26743,FALSE,FALSE,FALSE,FALSE,0.9116432541054081,FALSE,FALSE,0.2456982437560579
4932422M17Rik,0.8398564531899279,0.07855551065606932,0.9991113671586539,0.08453473759992562,0.8910936589795951,0.1487448788016375,4932422M17Rik,FALSE,FALSE,FALSE,FALSE,0.9100204931093923,FALSE,FALSE,0.24525946946996569
Gm3164,0.6761465049500679,0.5023707741874207,1.57767887811834,0.12542433192054883,0.4736474327868816,0.7513356879837364,Gm3164,FALSE,FALSE,FALSE,FALSE,0.9091576052850965,FALSE,FALSE,0.24502615538981923
Gm26621,1.0491256282745955,0.060741107531322044,0.8457443935714474,0.15770178933733603,0.8297805929702443,0.25542934587792965,Gm26621,FALSE,FALSE,FALSE,FALSE,0.9082168716054291,FALSE,FALSE,0.24477179276358382
Gm13269,0.7784430417045793,0.21807634578460255,1.0798585935134797,0.12537116833606057,0.8656513686298863,0.3090252463797434,Gm13269,FALSE,FALSE,FALSE,FALSE,0.9079843346159818,FALSE,FALSE,0.24470891766873915
Gm38372,1.009482935524726,0.06293495602418972,0.8091167267211956,0.16169298099094984,0.9045119618204396,0.19999072086906083,Gm38372,FALSE,FALSE,FALSE,FALSE,0.907703874688787,FALSE,FALSE,0.24463308481064452
Gm14327,1.2482875322154396,0.027022503434895078,0.9663324070175132,0.10408974511351954,0.5069484692308299,0.4842935953052706,Gm14327,TRUE,FALSE,FALSE,TRUE,0.9071894694879276,FALSE,FALSE,0.24449399607525873
Tpt1-ps5,1.1139671084863119,0.036401007215112066,1.0460649795144954,0.08521930057579834,0.559868398051913,0.4134432472294607,Tpt1-ps5,TRUE,FALSE,FALSE,TRUE,0.9066334953509068,FALSE,FALSE,0.24434366761921625
Arhgap28,0.7546804316983411,0.09722986201506387,0.9547120531261468,0.08521930057579834,1.010488070772061,0.1002620105675008,Arhgap28,FALSE,FALSE,FALSE,FALSE,0.9066268518655163,FALSE,FALSE,0.24434187130382137
Gm48890,0.6495238650170102,0.4552322421461005,1.061999385576449,0.22364151860818116,1.0058284173929148,0.36525340354813096,Gm48890,FALSE,FALSE,FALSE,FALSE,0.9057838893287913,FALSE,FALSE,0.24411394477233456
Slc6a1,0.9228453879620384,0.32733677137221795,0.633634901848839,0.5497750856753648,1.1607948923302907,0.3528838380244068,Slc6a1,FALSE,FALSE,FALSE,FALSE,0.905758394047056,FALSE,FALSE,0.24410705116688708
Gm47817,0.8402282532162431,0.2595173418823628,1.0061146967026424,0.2011709830200725,0.8707940588487526,0.3887531587837015,Gm47817,FALSE,FALSE,FALSE,FALSE,0.9057123362558793,FALSE,FALSE,0.24409459771595243
Gm37084,0.9211395891307435,0.14437094936253195,0.8769795919259635,0.19557832328593347,0.9185441707519513,0.2748462807794289,Gm37084,FALSE,FALSE,FALSE,FALSE,0.9055544506028861,FALSE,FALSE,0.24405190740921817
Gm47147,1.0291842532434634,0.1490719423592204,1.0488811326005434,0.17619113081826418,0.637394269486398,0.5374640967791049,Gm47147,FALSE,FALSE,FALSE,FALSE,0.9051532184434683,FALSE,FALSE,0.24394341924938565
1810026B05Rik,0.9035968083290769,0.03931643433684292,0.9174136384353826,0.08120675934582743,0.8939733891144677,0.11446628952045966,1810026B05Rik,FALSE,FALSE,FALSE,FALSE,0.9049946119596424,FALSE,FALSE,0.2439005340390058
Hapln1,1.594953749816307,0.019127678927429646,0.7844721459058253,0.1790963443346241,0.3347663334462041,0.669349746287428,Hapln1,TRUE,FALSE,FALSE,TRUE,0.9047307430561121,FALSE,FALSE,0.24382918718629448
Gm42972,1.1219767068760134,0.05988936470045549,0.6745615032072889,0.28061688539479157,0.917319197256972,0.2365779149997614,Gm42972,FALSE,FALSE,FALSE,FALSE,0.9046191357800915,FALSE,FALSE,0.2437990099741364
Fosl1,-1.1365345765648127,0.07896087081251045,-0.9685553444376955,0.14876759934397402,-0.608658707466588,0.4351880865934207,Fosl1,FALSE,FALSE,FALSE,FALSE,0.9045828761563655,FALSE,FALSE,0.2437892058251869
Slc16a4,0.9642611927939522,0.04672461485829881,0.8848286380955603,0.10145951770401772,0.8622407701305066,0.15883623617793824,Slc16a4,FALSE,FALSE,FALSE,FALSE,0.903776867006673,FALSE,FALSE,0.24357127102757448
Caln1,1.4799552767364461,0.16033330438383858,0.19146120244914622,0.8942870835493888,1.0387886464749811,0.49545057943175097,Caln1,FALSE,FALSE,FALSE,FALSE,0.9034017085535245,FALSE,FALSE,0.24346983287195215
Gm21844,0.623964958306507,0.3086669455167604,1.0975585397480836,0.11036521115468788,0.9875747828443334,0.2157661235667044,Gm21844,FALSE,FALSE,FALSE,FALSE,0.9030327602996413,FALSE,FALSE,0.24337007387657328
Mapkapk5,0.8157553260844296,0.24363337535604337,0.8465043933397364,0.2526116737561763,1.0463356779638233,0.2549280372195607,Mapkapk5,FALSE,FALSE,FALSE,FALSE,0.9028651324626631,FALSE,FALSE,0.24332474940508309
Gm38200,0.6569187897921669,0.26091705488172795,0.9683883834350304,0.1319072363857369,1.0784249888727961,0.1543507777242813,Gm38200,FALSE,FALSE,FALSE,FALSE,0.9012440540333312,FALSE,FALSE,0.24288643006398736
Trim58,-0.7161262538159485,0.3634867419591943,-1.5971154083149757,0.12400877583772309,-0.38799295623489743,0.7298672384813677,Trim58,FALSE,FALSE,FALSE,FALSE,0.9004115394552739,FALSE,FALSE,0.2426613285299073
Gm38393,1.099470841262085,0.03440001545187322,0.8641197452727183,0.11616737015340273,0.7335619518921033,0.25358425481780605,Gm38393,TRUE,FALSE,FALSE,TRUE,0.8990508461423022,FALSE,FALSE,0.24229341406902527
Kantr,0.9994733484397749,0.012339119127892623,0.8881949507081037,0.0704576830990092,0.8091084412477727,0.05475877694670262,Kantr,FALSE,FALSE,FALSE,FALSE,0.8989255801318837,FALSE,FALSE,0.24225954370584304
Impg1,-1.002708800425561,0.2425675209521784,-0.5819607218943359,0.5028170072994553,-1.1116601909142654,0.3452394592561928,Impg1,FALSE,FALSE,FALSE,FALSE,0.8987765710780541,FALSE,FALSE,0.24221925352055027
Gm49331,1.0672693075571953,0.01691434231227352,0.9616581331363947,0.0704576830990092,0.666588917897541,0.15491691970518578,Gm49331,TRUE,FALSE,FALSE,TRUE,0.8985054528637103,FALSE,FALSE,0.2421459465448235
C230085N15Rik,0.9751448859885525,0.09440544115952373,0.8319184216809044,0.18415075673481834,0.8878560999125338,0.2511398158114848,C230085N15Rik,FALSE,FALSE,FALSE,FALSE,0.8983064691939969,FALSE,FALSE,0.24209214384816216
Fer1l6,-0.9540326799722276,0.13834774099950514,-0.8481029495705087,0.20604908208124217,-0.8926632296354788,0.29335035496936523,Fer1l6,FALSE,FALSE,FALSE,FALSE,0.8982662863927384,FALSE,FALSE,0.2420812789210542
Col24a1,0.6990745181753848,0.19114369643123968,1.0980375207987192,0.08803823262798008,0.8952677135060481,0.20615231993569727,Col24a1,FALSE,FALSE,FALSE,FALSE,0.897459917493384,FALSE,FALSE,0.24186324685163063
Rny3,-0.6235573048556464,0.15668155536617964,-0.7013905756929928,0.152309808756673,-1.3603641773969337,0.06750873220157737,Rny3,FALSE,FALSE,FALSE,FALSE,0.895104019315191,FALSE,FALSE,0.24122624143692048
Ppp1r42,0.978087666906732,0.06798177993854086,0.7694023330685708,0.1773042269211828,0.9374889063450045,0.17772869661514587,Ppp1r42,FALSE,FALSE,FALSE,FALSE,0.8949929687734357,FALSE,FALSE,0.2411962147587476
Gm6210,-0.9914778493816292,0.05780784272707241,-0.5384274249282557,0.25239804813194927,-1.1545068731819634,0.1002620105675008,Gm6210,FALSE,FALSE,FALSE,FALSE,0.8948040491639494,FALSE,FALSE,0.24114513325815407
Gm48872,0.3688916761179144,0.7328176765564574,0.9950603330305252,0.30685674177384914,1.319577202910831,0.2700134481839871,Gm48872,FALSE,FALSE,FALSE,FALSE,0.8945097373530903,FALSE,FALSE,0.24106555502388835
Gm42996,0.6173140680157334,0.4171904569487953,1.2338764982262025,0.1280307217279948,0.8293221110052174,0.4089356739961216,Gm42996,FALSE,FALSE,FALSE,FALSE,0.8935042257490511,FALSE,FALSE,0.2407936772567354
Gm37140,0.8904349908066785,0.16515300429281204,1.0718514156712113,0.1332151712873585,0.7127446945390089,0.4245546263275381,Gm37140,FALSE,FALSE,FALSE,FALSE,0.8916770336722996,FALSE,FALSE,0.2402996273621432
P2rx5,1.0835132936953435,0.16515300429281204,0.5621145618429451,0.5233999679484462,1.0291657019404001,0.3315417336325811,P2rx5,FALSE,FALSE,FALSE,FALSE,0.8915978524928962,FALSE,FALSE,0.24027821776112993
A430106G13Rik,0.8944252758532409,0.16436196108322804,0.7198822230061023,0.2943639823243652,1.0586427638833824,0.2133104250217475,A430106G13Rik,FALSE,FALSE,FALSE,FALSE,0.8909834209142419,FALSE,FALSE,0.24011208314368565
Gm37229,1.0471762386733294,0.23586807047282995,0.7628481695583377,0.42783330415778276,0.859020584061897,0.49200219390083627,Gm37229,FALSE,FALSE,FALSE,FALSE,0.8896816640978547,FALSE,FALSE,0.23976010437467513
Ptbp2,0.9564744434657966,0.02300251776828198,0.8841230052337075,0.07169446715868752,0.8268321250173214,0.1002620105675008,Ptbp2,FALSE,FALSE,FALSE,FALSE,0.8891431912389418,FALSE,FALSE,0.23961450804543774
AC130844.1,0.9394147955773626,0.16351181955234373,1.0825364087774556,0.14403030867861133,0.6439886542661679,0.502189438890087,AC130844.1,FALSE,FALSE,FALSE,FALSE,0.8886466195403288,FALSE,FALSE,0.23948024126611075
1700109K24Rik,0.8617896991649449,0.19735778665218456,1.230756402328777,0.10558417467957514,0.5715772628079419,0.5558256851021292,1700109K24Rik,FALSE,FALSE,FALSE,FALSE,0.8880411214338879,FALSE,FALSE,0.23931652214786966
Paqr5,0.9865503577313401,0.16268950652824368,0.9358513717468326,0.21603354034767522,0.7398816238348556,0.455322440430473,Paqr5,FALSE,FALSE,FALSE,FALSE,0.8874277844376761,FALSE,FALSE,0.23915068349183374
Gm44901,0.9413614982650796,0.15134854569624956,0.5773601766153466,0.4221679312695897,1.1394519378844916,0.18766193920058674,Gm44901,FALSE,FALSE,FALSE,FALSE,0.8860578709216392,FALSE,FALSE,0.23878027600331087
Gm44027,0.824152835916987,0.14300191361808076,0.9765454446711296,0.12373423217741877,0.8552270898495173,0.25531754747038526,Gm44027,FALSE,FALSE,FALSE,FALSE,0.8853084568125447,FALSE,FALSE,0.2385776437971433
Gm47372,0.8814391317504999,0.1180213558446785,0.9807529984827685,0.1212335433577694,0.7931443999519922,0.29470753231510066,Gm47372,FALSE,FALSE,FALSE,FALSE,0.8851121767284202,FALSE,FALSE,0.23852457211622585
Gm9949,-1.0474186442732596,0.06375804038220935,-0.8349636114447403,0.14627988282995627,-0.7684408414335614,0.2608314460212179,Gm9949,FALSE,FALSE,FALSE,FALSE,0.8836076990505204,FALSE,FALSE,0.23811778016061264
Gm8104,1.5168797498378899,0.01071828627468486,0.7495193510977107,0.09266349833969459,0.38339488139728806,0.46199893899746625,Gm8104,TRUE,FALSE,FALSE,TRUE,0.8832646607776296,FALSE,FALSE,0.23802502690017593
Samsn1,0.6197092282540572,0.5089987441524324,1.04846945144066,0.2564564291389245,0.9801235015607394,0.4119518333497763,Samsn1,FALSE,FALSE,FALSE,FALSE,0.8827673937518189,FALSE,FALSE,0.23789057211306747
Gm48261,1.174564116314761,0.07894136584660481,0.6071827686761622,0.40003195933596997,0.8644149414062028,0.33497893754269653,Gm48261,FALSE,FALSE,FALSE,FALSE,0.8820539421323753,FALSE,FALSE,0.23769766371451015
Gm26869,1.0046935481037835,0.09342203321087186,1.0132313386816212,0.128740417194296,0.6279036485097116,0.4500968488654266,Gm26869,FALSE,FALSE,FALSE,FALSE,0.8819428450983721,FALSE,FALSE,0.23766762446541467
Gm26797,0.6991726821089743,0.28709096285638985,1.1187926048376668,0.12373423217741877,0.8276898621937774,0.34670879660679066,Gm26797,FALSE,FALSE,FALSE,FALSE,0.8818850497134728,FALSE,FALSE,0.23765199731587705
Gm5577,0.9644791477583349,0.13569614258777002,0.5312168075130259,0.4536964246583487,1.14783841492812,0.1794608857951141,Gm5577,FALSE,FALSE,FALSE,FALSE,0.8811781233998269,FALSE,FALSE,0.2374608532784302
Gm48621,0.5973762061864301,0.27333713602777104,0.9349576403403941,0.1219508113246877,1.1026421562995843,0.12134744182846555,Gm48621,FALSE,FALSE,FALSE,FALSE,0.8783253342754694,FALSE,FALSE,0.23668949476384626
Gm38340,0.9119982685147496,0.11983823587663145,1.0033106880759153,0.12680599299640638,0.7187817925074531,0.37107974943649,Gm38340,FALSE,FALSE,FALSE,FALSE,0.8780302496993727,FALSE,FALSE,0.23660970758352115
Dhrs13os,-0.7755288575284861,0.2284054391511665,-0.6189432899950218,0.3432157761534476,-1.2374838148886493,0.17827482305413056,Dhrs13os,FALSE,FALSE,FALSE,FALSE,0.8773186541373857,FALSE,FALSE,0.2364173010396963
Gm47258,1.0585764585823245,0.13113176829267867,0.7010369174163609,0.3576200143617135,0.8708329424350438,0.36456401969128355,Gm47258,FALSE,FALSE,FALSE,FALSE,0.8768154394779097,FALSE,FALSE,0.23628123808680007
Ccdc39,0.7971207358394916,0.05947258509512984,0.9284069942948427,0.07860560439896262,0.9044426465263857,0.1055527316503517,Ccdc39,FALSE,FALSE,FALSE,FALSE,0.8766567922202401,FALSE,FALSE,0.23623834185168266
Gm11906,0.9217008505744207,0.28669486356279067,0.9325493423406837,0.3097818541578692,0.7723023423770609,0.5340572342099397,Gm11906,FALSE,FALSE,FALSE,FALSE,0.8755175117640551,FALSE,FALSE,0.23593029465924417
C230071H17Rik,0.8261273048582851,0.2091745503831927,1.259100391430257,0.09749789641905506,0.5408116561794155,0.5722922989233111,C230071H17Rik,FALSE,FALSE,FALSE,FALSE,0.8753464508226525,FALSE,FALSE,0.2358840419192372
Gm44288,0.8359607321363598,0.14237703232150523,0.6575201885584793,0.2807053622867421,1.129024447568614,0.1368467972435788,Gm44288,FALSE,FALSE,FALSE,FALSE,0.8741684560878177,FALSE,FALSE,0.23556552686984514
Trim59,1.3404374528320466,0.014466638834183743,0.7208134267194111,0.12373723859050773,0.5587665346405593,0.3187931521835489,Trim59,TRUE,FALSE,FALSE,TRUE,0.8733391380640056,FALSE,FALSE,0.23534128964407072
Gm9984,0.8169998849344691,0.2586286945151445,1.1428552536142436,0.14403928004510305,0.6568169106397407,0.5212893631595337,Gm9984,FALSE,FALSE,FALSE,FALSE,0.8722240163961511,FALSE,FALSE,0.23503977468597148
Gm42600,0.8530281278669827,0.10316382268442562,1.0148066137539504,0.09564193831237527,0.7418678103564312,0.2849881505914223,Gm42600,FALSE,FALSE,FALSE,FALSE,0.8699008506591215,FALSE,FALSE,0.23441161971414157
Bcas1,0.7132560380341857,0.3622699178918077,0.8367454686483468,0.3020271036990502,1.0593800971153966,0.2971931772477146,Bcas1,FALSE,FALSE,FALSE,FALSE,0.869793867932643,FALSE,FALSE,0.23438269292236508
Mecomos,0.8264637371960437,0.3755354928269075,0.8547375423271999,0.3821403316442937,0.9281244295825946,0.46186011699147894,Mecomos,FALSE,FALSE,FALSE,FALSE,0.8697752363686128,FALSE,FALSE,0.23437765518037704
Gm10309,0.7554606293599831,0.2533127947829412,1.3368176975003279,0.08803823262798008,0.5156828024962716,0.5932787828900294,Gm10309,FALSE,FALSE,FALSE,FALSE,0.8693203764521942,FALSE,FALSE,0.23425466674548828
Gm37436,0.620840202526755,0.4294474174426409,0.967750614752582,0.2253395328053947,1.018996317307723,0.31366821982823645,Gm37436,FALSE,FALSE,FALSE,FALSE,0.86919571152902,FALSE,FALSE,0.23422095890878233
Gpr12,0.6730677212169807,0.1090493413248515,1.1033732930574085,0.0704576830990092,0.8286783341741375,0.13597746080932563,Gpr12,FALSE,FALSE,FALSE,FALSE,0.8683731161495089,FALSE,FALSE,0.23399853940198256
B130006D01Rik,1.1451848606953199,0.14961676518748437,1.0308436030883856,0.2277418424002558,0.42604394780915716,0.7380547417288067,B130006D01Rik,FALSE,FALSE,FALSE,FALSE,0.8673574705309542,FALSE,FALSE,0.2337239215239968
Gm3257,0.758958656153601,0.22735542506345788,0.9965546606107385,0.14408568227220026,0.845360200615338,0.3150712318003307,Gm3257,FALSE,FALSE,FALSE,FALSE,0.8669578391265592,FALSE,FALSE,0.2336158661883103
Ikzf5,1.1659854191871988,0.0372238640149502,0.8686665239285416,0.13502203088046955,0.5640333060398404,0.4337252740578476,Ikzf5,TRUE,FALSE,FALSE,TRUE,0.8662284163851935,FALSE,FALSE,0.23341863939805105
Dazl,0.7308827835841495,0.4037968161264751,0.6995728297338717,0.45054413865236315,1.1622894426169115,0.29907585549558735,Dazl,FALSE,FALSE,FALSE,FALSE,0.8642483519783108,FALSE,FALSE,0.23288325473655155
Gm44445,0.8726557868168607,0.21144676701275616,0.9938650093013772,0.1853663579839753,0.7241000503232669,0.45725460777532545,Gm44445,FALSE,FALSE,FALSE,FALSE,0.8635402821471683,FALSE,FALSE,0.23269180150626947
Gm43857,0.38195113106419554,0.6512082442857864,1.4235756606834002,0.09749789641905506,0.7836761124073681,0.45395475270261093,Gm43857,FALSE,FALSE,FALSE,FALSE,0.8630676347183213,FALSE,FALSE,0.23256400355039378
Gm5905,-0.9923919976986034,0.060930359154175495,-0.6569092054950723,0.19319649001917574,-0.9391784301393195,0.15863806511932146,Gm5905,FALSE,FALSE,FALSE,FALSE,0.8628265444443317,FALSE,FALSE,0.23249881575433923
Gm37728,0.773466911960889,0.28109227463723413,1.1509408772990248,0.13849670483220658,0.6632915921250451,0.5119468432678723,Gm37728,FALSE,FALSE,FALSE,FALSE,0.862566460461653,FALSE,FALSE,0.23242849229690832
Gm47283,-1.1574440249855147,0.1260106869888631,-1.0266038897538743,0.1878306811024459,-0.40322250473030524,0.667304825320646,Gm47283,FALSE,FALSE,FALSE,FALSE,0.8624234731565648,FALSE,FALSE,0.23238983031719326
Gm4924,1.1110598887284882,0.019127678927429646,0.7836951605720781,0.09085111530551959,0.6920256352967034,0.17532686676969228,Gm4924,TRUE,FALSE,FALSE,TRUE,0.8622602281990899,FALSE,FALSE,0.23234569092152746
4930511M06Rik,1.0143992600322607,0.02085428041126281,0.8977037874425726,0.0704576830990092,0.6744974808931312,0.1647442051558811,4930511M06Rik,TRUE,FALSE,FALSE,TRUE,0.8622001761226549,FALSE,FALSE,0.23232945359081097
Sphk1,0.6376417426669542,0.4289312678224078,0.9065708376409867,0.2666347323913022,1.0419015019836841,0.30943142625714903,Sphk1,FALSE,FALSE,FALSE,FALSE,0.8620380274305417,FALSE,FALSE,0.2322856106115938
AI480526,0.827512704572944,0.10324016711239352,1.0290773623164051,0.08932363389894,0.7289640935279624,0.27951677347185105,AI480526,FALSE,FALSE,FALSE,FALSE,0.8618513868057706,FALSE,FALSE,0.2322351453199761
Kcnt2,0.9146055180466639,0.09713748568580229,0.8995946528766614,0.13849670483220658,0.770672385964265,0.2942038374828299,Kcnt2,FALSE,FALSE,FALSE,FALSE,0.8616241856291967,FALSE,FALSE,0.2321737129622258
Wdr46-ps,0.9968404496889608,0.20248067774928472,0.9975072223539343,0.23166517994069316,0.5904321832058058,0.6122757221804402,Wdr46-ps,FALSE,FALSE,FALSE,FALSE,0.8615932850829003,FALSE,FALSE,0.23216535784081585
Dusp14,-0.9841991111447674,0.029424331256908604,-0.5071597703836792,0.21924755930163847,-1.0929067813202025,0.06750873220157737,Dusp14,FALSE,FALSE,FALSE,FALSE,0.8614218876162164,FALSE,FALSE,0.23211901410857994
Gm42748,0.5849303172411747,0.5130082025740192,0.7790056730701751,0.3853239046820851,1.2201402068166782,0.26399454591764365,Gm42748,FALSE,FALSE,FALSE,FALSE,0.8613587323760094,FALSE,FALSE,0.23210193772117424
Gm21781,0.8250339941942542,0.07659712811506429,0.7993614055680667,0.12303603958829368,0.9562835368358586,0.12049300589085365,Gm21781,FALSE,FALSE,FALSE,FALSE,0.8602263121993932,FALSE,FALSE,0.23179574546256618
Gm43032,1.3798816646626335,0.016740822603849407,0.6643403063139313,0.18598641846202824,0.535482968928322,0.4040363974731382,Gm43032,TRUE,FALSE,FALSE,TRUE,0.8599016466349623,FALSE,FALSE,0.2317079599528074
Sox7,0.6502092423949978,0.20980708707096274,0.6784370715224735,0.2177490471637209,1.2488328435570901,0.08010653915669237,Sox7,FALSE,FALSE,FALSE,FALSE,0.8591597191581871,FALSE,FALSE,0.23150735203842357
Gm37296,0.8644693551055374,0.04359896653838728,0.9843821260368968,0.0704576830990092,0.7256832919146177,0.17666792613925786,Gm37296,FALSE,FALSE,FALSE,FALSE,0.8581782576856839,FALSE,FALSE,0.231241977126171
Gm47197,1.4162425331963333,0.023930010924689382,0.7857843992247723,0.19357019101902626,0.3718719725146016,0.6590071388741874,Gm47197,TRUE,FALSE,FALSE,TRUE,0.8579663016452357,FALSE,FALSE,0.23118466686263933
Gm18009,1.4710535724125793,0.023495574798305448,0.4389518676837156,0.4943871092061035,0.6623124854127383,0.4124058764772356,Gm18009,TRUE,FALSE,FALSE,TRUE,0.8574393085030111,FALSE,FALSE,0.23104217450527875
Zfp994,1.0964787400044704,0.01927510354437871,0.9526483328027728,0.0704576830990092,0.5214575201471794,0.30022922175746414,Zfp994,TRUE,FALSE,FALSE,TRUE,0.8568615309848076,FALSE,FALSE,0.23088595068754325
Gm43421,0.8420024624886961,0.24651218167676964,1.1041506787165953,0.15770178933733603,0.6234756485477772,0.5512759364024638,Gm43421,FALSE,FALSE,FALSE,FALSE,0.8565429299176895,FALSE,FALSE,0.23079980494204153
Elf5,1.2680274093949988,0.12753705213631594,0.6468763283264051,0.4907987447816738,0.6545909877475395,0.5988335288318201,Elf5,FALSE,FALSE,FALSE,FALSE,0.8564982418229812,FALSE,FALSE,0.23078772183990842
9630013A20Rik,0.8305484737215009,0.24268740594911212,0.942177529025807,0.21078361522826058,0.7952006097122779,0.414106657882228,9630013A20Rik,FALSE,FALSE,FALSE,FALSE,0.8559755374865285,FALSE,FALSE,0.23064638912201132
Jph4,0.9694743787319675,0.3095759239823804,-0.46387485111009735,0.7239467996144686,1.1328909242065146,0.37725262627817446,Jph4,FALSE,FALSE,FALSE,FALSE,0.8554133846828598,FALSE,FALSE,0.23049439003175093
Gm47370,0.7979367930945231,0.16436196108322804,0.9105197213864005,0.14876759934397402,0.8555760375102839,0.2631221090335856,Gm47370,FALSE,FALSE,FALSE,FALSE,0.8546775173304025,FALSE,FALSE,0.23029542069922093
Gm36298,1.2189159951475053,0.02238658138102193,0.8166419669814444,0.11713048511995162,0.5280964067888303,0.4001236564232621,Gm36298,TRUE,FALSE,FALSE,TRUE,0.8545514563059267,FALSE,FALSE,0.23026133537417662
Gm43868,1.1568977907612743,0.07067094222336966,0.7986018372943569,0.2386979556964948,0.6079312057195654,0.4994156330391027,Gm43868,FALSE,FALSE,FALSE,FALSE,0.8544769445917322,FALSE,FALSE,0.23024118833817966
mt-Nd2,1.0141102316331203,0.016464514009781613,0.8430028328760617,0.0704576830990092,0.7062900181043261,0.11289515180952109,mt-Nd2,TRUE,FALSE,FALSE,TRUE,0.8544676942045027,FALSE,FALSE,0.23023868714911816
Gm32256,0.8064534618107183,0.1368845711453523,0.9136032372006055,0.1328012672125718,0.8405353582930906,0.24525330833269812,Gm32256,FALSE,FALSE,FALSE,FALSE,0.8535306857681382,FALSE,FALSE,0.22998533178210007
Cyp26b1,1.1160098313774154,0.1402116748394913,0.9278946357518527,0.25553102346136075,0.5163633906273661,0.6584553147640052,Cyp26b1,FALSE,FALSE,FALSE,FALSE,0.8534226192522114,FALSE,FALSE,0.22995611194720592
Gm38318,0.9527321064752092,0.18319473883213622,0.9475766897983577,0.21425912568641653,0.6584435667797918,0.5211950102021086,Gm38318,FALSE,FALSE,FALSE,FALSE,0.8529174543511195,FALSE,FALSE,0.22981952167335806
F730016J06Rik,1.087394632884197,0.07044109775943257,0.6899942850603187,0.2741060873475625,0.779514988398825,0.32936999195409566,F730016J06Rik,FALSE,FALSE,FALSE,FALSE,0.8523013021144469,FALSE,FALSE,0.22965292181149677
9630013D21Rik,1.182004032356697,0.019850968814593157,0.3519775458822217,0.4447889358696674,1.0223704943458358,0.08297164312895335,9630013D21Rik,TRUE,FALSE,FALSE,TRUE,0.8521173575282515,FALSE,FALSE,0.22960318549500494
Gm36527,0.981632351227583,0.11680050764252901,0.5785984847781337,0.3945406849230599,0.9959022930626129,0.2293506928884567,Gm36527,FALSE,FALSE,FALSE,FALSE,0.8520443763561099,FALSE,FALSE,0.22958345229844476
8430406P12Rik,0.8470015433258923,0.19596678505698178,0.8533629273515304,0.21968072222947665,0.8554044712148925,0.32856826596063826,8430406P12Rik,FALSE,FALSE,FALSE,FALSE,0.8519229806307718,FALSE,FALSE,0.22955062841196325
Snhg11,0.9182276182997544,0.07644765487820476,0.6345923809518101,0.24716794337327955,0.9999879803074472,0.13969684197102653,Snhg11,FALSE,FALSE,FALSE,FALSE,0.8509359931863373,FALSE,FALSE,0.22928375934598436
Meg3,0.7990440901682465,0.050354640232729043,0.8790608184002906,0.08348100204586746,0.8744431704264581,0.11280678689985713,Meg3,FALSE,FALSE,FALSE,FALSE,0.8508493596649984,FALSE,FALSE,0.22926033472487845
AC154763.2,0.4847697186764932,0.4169415205684344,1.150274053757901,0.09086133986812034,0.9169519981597963,0.22745919674814088,AC154763.2,FALSE,FALSE,FALSE,FALSE,0.8506652568647302,FALSE,FALSE,0.22921055562927928
Gm20342,0.8379426464660722,0.04326133976766126,0.838604718579465,0.08453473759992562,0.8748878721328128,0.1004081518877886,Gm20342,FALSE,FALSE,FALSE,FALSE,0.8504784123927833,FALSE,FALSE,0.22916003521993372
AC154707.1,0.971293203449139,0.054465308733345576,1.0474391057416774,0.08453473759992562,0.5308881968890451,0.4337252740578476,AC154707.1,FALSE,FALSE,FALSE,FALSE,0.8498735020266205,FALSE,FALSE,0.22899647501931605
Hells,1.2492654437331352,0.014455723425594891,0.5489914055263261,0.15886810850969899,0.7499911275692936,0.12049300589085365,Hells,TRUE,FALSE,FALSE,TRUE,0.8494159922762516,FALSE,FALSE,0.22887277010245452
Garem2,1.5647299940780914,0.026392833875682736,0.02697956977958038,0.9758948230752639,0.9556219782581701,0.27024756180244763,Garem2,TRUE,FALSE,FALSE,TRUE,0.8491105140386139,FALSE,FALSE,0.2287901726059869
Mab21l1,0.8156726865904702,0.059601225454916404,0.7321894654578116,0.12337677811590717,0.9988304762919562,0.0873081814626103,Mab21l1,FALSE,FALSE,FALSE,FALSE,0.8488975427800793,FALSE,FALSE,0.2287325878401766
Gm9987,0.9232905705678283,0.1432262440653354,0.9171283850732682,0.1807582297364256,0.7055556962205056,0.4227366000791867,Gm9987,FALSE,FALSE,FALSE,FALSE,0.8486582172872007,FALSE,FALSE,0.22866787721887175
Gpr34,1.0418194054336645,0.06684931264780973,0.8375761624258515,0.16879956701889143,0.6640246025312049,0.3882559294550866,Gpr34,FALSE,FALSE,FALSE,FALSE,0.8478067234635737,FALSE,FALSE,0.228437643934062
Prdm6,0.8621813858769993,0.4529651380465654,0.15474726686833273,0.9161616618856084,-1.5247461297515,0.39648884399324824,Prdm6,FALSE,FALSE,FALSE,FALSE,0.847224927498944,FALSE,FALSE,0.22828033357865016
Mir1898,0.9655442363917809,0.27200126781927303,0.699601384762683,0.46974157914768017,0.8764759867083125,0.47343766194723075,Mir1898,FALSE,FALSE,FALSE,FALSE,0.8472072026209254,FALSE,FALSE,0.2282755409932246
Necab1,0.9171274156684108,0.0525970334018664,0.7115970658853514,0.1544812483096782,0.9116133357137535,0.13458663734282533,Necab1,FALSE,FALSE,FALSE,FALSE,0.8467792724225053,FALSE,FALSE,0.22815983401741605
Foxd2,0.7954084055996736,0.16954182476333893,0.6039042406439681,0.3319211960762473,1.140974557909424,0.13813008404078156,Foxd2,FALSE,FALSE,FALSE,FALSE,0.8467624013843552,FALSE,FALSE,0.2281552722996165
5430434F05Rik,0.7326321496769199,0.15806567020361884,1.1019798878297695,0.08453473759992562,0.6981576600534358,0.3187931521835489,5430434F05Rik,FALSE,FALSE,FALSE,FALSE,0.844256565853375,FALSE,FALSE,0.22747772569918076
Stk17b,0.976350468754966,0.01661440266828112,0.8348377914846146,0.0704576830990092,0.7210044360267784,0.1002620105675008,Stk17b,FALSE,FALSE,FALSE,FALSE,0.8440642320887863,FALSE,FALSE,0.22742572105373018
Gm38214,0.880895678146643,0.26347367076225686,0.9098713424773844,0.2751081779508651,0.7411138094887407,0.5039994923487308,Gm38214,FALSE,FALSE,FALSE,FALSE,0.8439602767042561,FALSE,FALSE,0.22739761281736962
Ankrd34b,0.9449642344717283,0.09250819637498128,0.9136484755404756,0.13855084843095725,0.6728382460190194,0.3797471031546293,Ankrd34b,FALSE,FALSE,FALSE,FALSE,0.843816985343741,FALSE,FALSE,0.22735886862486837
Ttc14,0.9259304901160679,0.018647158665054384,0.8058049560270675,0.0704576830990092,0.798675436008792,0.07902608801737694,Ttc14,FALSE,FALSE,FALSE,FALSE,0.8434702940506424,FALSE,FALSE,0.22726512763343637
3110080O07Rik,0.9735731154835867,0.1751186250441943,1.3053919114925971,0.11072458956577719,0.25065886883849364,0.8421167013599353,3110080O07Rik,FALSE,FALSE,FALSE,FALSE,0.8432079652715592,FALSE,FALSE,0.22719419721112136
Fam180a,0.7175690860154244,0.41002576987682776,0.8549290008242839,0.33957759151590966,0.9557326998043632,0.4056492897701902,Fam180a,FALSE,FALSE,FALSE,FALSE,0.8427435955480238,FALSE,FALSE,0.22706863744327674
Gm26978,1.1285339922751316,0.14077676579819653,0.7096775935546895,0.39962229498369584,0.6878482248785565,0.5374640967791049,Gm26978,FALSE,FALSE,FALSE,FALSE,0.8420199369027925,FALSE,FALSE,0.22687296919255137
Gm42717,1.1438856007386664,0.28360091785903896,0.07697971799588843,0.9591204381187455,1.3046653881620365,0.36456401969128355,Gm42717,FALSE,FALSE,FALSE,FALSE,0.8418435689655305,FALSE,FALSE,0.22682528150721035
Gm37180,1.0533979514775145,0.03803273347763932,0.9819680630404485,0.08803823262798008,0.4892846598202809,0.46186011699147894,Gm37180,TRUE,FALSE,FALSE,TRUE,0.8415502247794147,FALSE,FALSE,0.22674596490657828
Rpl31-ps11,-0.6188740237671899,0.4757935441621626,-0.5907625468921451,0.5114647642811954,-1.3133273821668128,0.2948524436830024,Rpl31-ps11,FALSE,FALSE,FALSE,FALSE,0.8409879842753826,FALSE,FALSE,0.22659394210323602
Zfp820,1.2194035217412393,0.015817005245170067,0.8665030649296845,0.08120675934582743,0.4369261253130756,0.4198340931165953,Zfp820,TRUE,FALSE,FALSE,TRUE,0.8409442373279998,FALSE,FALSE,0.22658211347557386
Colq,-1.3964909076415157,0.0860090169326792,-0.7561391231418139,0.3065842985743526,-0.3688115488024995,0.7071222817241728,Colq,FALSE,FALSE,FALSE,FALSE,0.8404805265286097,FALSE,FALSE,0.22645673187258045
mt-Tc,0.7771321994739822,0.3396174463996842,0.6188624063627906,0.48160413690977955,1.1237282831614288,0.2846468327168071,mt-Tc,FALSE,FALSE,FALSE,FALSE,0.8399076296660671,FALSE,FALSE,0.2263018277231193
Zfp977,0.9286332619792821,0.09493896866122231,0.9901042900885146,0.11432686890313623,0.6007929490833603,0.43326724633757063,Zfp977,FALSE,FALSE,FALSE,FALSE,0.839843500383719,FALSE,FALSE,0.22628448796689582
Prg4,0.5117169156536565,0.6393588923144358,1.2701838583676686,0.2086980333808792,0.7366441964161832,0.60351082939343,Prg4,FALSE,FALSE,FALSE,FALSE,0.8395149901458361,FALSE,FALSE,0.22619566290550047
Slc16a12,0.9608528929743744,0.26019275555105303,0.6954599576117199,0.4577016605762953,0.8609554405737608,0.4663281569668116,Slc16a12,FALSE,FALSE,FALSE,FALSE,0.8390894303866183,FALSE,FALSE,0.22608059686681778
Gm42973,1.2175141213319702,0.05333433753160921,0.5072520162076767,0.4536964246583487,0.7902848911892366,0.3450399726462033,Gm42973,FALSE,FALSE,FALSE,FALSE,0.8383503429096278,FALSE,FALSE,0.22588075685287096
Tdo2,1.1219227863954944,0.056486121699050554,0.7491826606027454,0.22203378274188226,0.6422387503004778,0.419459389695493,Tdo2,FALSE,FALSE,FALSE,FALSE,0.8377813990995725,FALSE,FALSE,0.22572692155938257
Cip2a,1.260791633675224,0.014455723425594891,0.5715531769413214,0.17026313196676432,0.680800459894749,0.17983991492950538,Cip2a,TRUE,FALSE,FALSE,TRUE,0.8377150901704314,FALSE,FALSE,0.22570899245391549
Gpr88,0.6649222385642595,0.5158567566540386,0.6691058400133392,0.5334950400603833,1.1775844793785544,0.3588235537097898,Gpr88,FALSE,FALSE,FALSE,FALSE,0.8372041859853844,FALSE,FALSE,0.22557085034943683
Pzp,0.7075039214589125,0.2989546646137338,0.8705220229141435,0.223947717436717,0.9316498753092672,0.2992306792051283,Pzp,FALSE,FALSE,FALSE,FALSE,0.8365586065607744,FALSE,FALSE,0.2253962937438464
A230057D06Rik,0.916925046435157,0.018647158665054384,0.761255729983036,0.0704576830990092,0.8291074395416347,0.06750873220157737,A230057D06Rik,FALSE,FALSE,FALSE,FALSE,0.8357627386532759,FALSE,FALSE,0.2251811010113407
Kcnrg,0.9169988199780615,0.1577901156446224,0.9774406302635911,0.16579757742966875,0.611173816031327,0.508683611517471,Kcnrg,FALSE,FALSE,FALSE,FALSE,0.8352044220909932,FALSE,FALSE,0.22503013919279163
Kif15,1.027386952211847,0.02095553687999382,0.6166293960544277,0.13719591813254925,0.8610896340715218,0.09610154956615466,Kif15,TRUE,FALSE,FALSE,TRUE,0.8350353274459322,FALSE,FALSE,0.22498441811473344
9130002K18Rik,0.787478045853876,0.35733734720522903,0.8690090766589686,0.3323552600506618,0.8484966026074955,0.46750574491071817,9130002K18Rik,FALSE,FALSE,FALSE,FALSE,0.8349945750401134,FALSE,FALSE,0.22497339917367337
Gm11826,-1.2067851284126851,0.15563758464910687,-0.215140597911949,0.8077524729763588,-1.0821024921995397,0.34615778059711805,Gm11826,FALSE,FALSE,FALSE,FALSE,0.8346760728413913,FALSE,FALSE,0.2248872801609499
Gm10180,-0.8884368548118109,0.2027130657299044,-0.779739702244739,0.2723474428047234,-0.8349357378126723,0.36456401969128355,Gm10180,FALSE,FALSE,FALSE,FALSE,0.8343707649564074,FALSE,FALSE,0.22480472872571014
Evi2a,0.8017355282053023,0.10807135922446268,0.7458877424452621,0.16816238619038743,0.9527143803404365,0.14406017754427392,Evi2a,FALSE,FALSE,FALSE,FALSE,0.833445883663667,FALSE,FALSE,0.22455465238671846
Gm10826,0.7899363559156151,0.33477776941930737,0.6998250175138925,0.424866983021221,1.0101132965473614,0.35432183742196827,Gm10826,FALSE,FALSE,FALSE,FALSE,0.8332915566589563,FALSE,FALSE,0.22451292429399072
Gm44541,0.7581092140324877,0.11121107762279002,0.9551074200907688,0.0910503033602901,0.7863609261464757,0.21086490590417506,Gm44541,FALSE,FALSE,FALSE,FALSE,0.8331925200899107,FALSE,FALSE,0.2244861460438438
Gm7072,1.060807833826507,0.02300251776828198,0.9628747901384553,0.07346255419668397,0.4742710586894203,0.3765862219262863,Gm7072,TRUE,FALSE,FALSE,TRUE,0.8326512275514609,FALSE,FALSE,0.22433978730851034
Gm2614,-0.5766110413843634,0.21772680211941747,-0.6094005566471319,0.21809660320771906,-1.310693643941347,0.08297164312895335,Gm2614,FALSE,FALSE,FALSE,FALSE,0.8322350806576141,FALSE,FALSE,0.22422726639094734
Gm37003,0.17801412692808283,0.900346553904472,0.9292567342416103,0.4359748959495952,1.3893179483027442,0.33885182470561537,Gm37003,FALSE,FALSE,FALSE,FALSE,0.8321962698241457,FALSE,FALSE,0.22421677242677793
Gm28438,1.1883099755562414,0.03763663419858371,0.8172195161950992,0.16110675861815826,0.49048840519060954,0.5181452776140207,Gm28438,TRUE,FALSE,FALSE,TRUE,0.8320059656473168,FALSE,FALSE,0.22416531655648433
Glcci1,0.7255322690536368,0.2208048528352017,0.8731644443234159,0.16963053611265055,0.8954591784606862,0.24995308900249305,Glcci1,FALSE,FALSE,FALSE,FALSE,0.8313852972792463,FALSE,FALSE,0.22399749558915227
Gm43858,0.7419026529329136,0.21565055263829688,1.1362216911036944,0.10043144237350932,0.6151164450668323,0.46337846929732385,Gm43858,FALSE,FALSE,FALSE,FALSE,0.8310802630344801,FALSE,FALSE,0.22391501814280648
B3gat1,1.043366781423122,0.26905538772770027,0.39599006403256887,0.7317747189779196,1.0521729997246965,0.41742518975906195,B3gat1,FALSE,FALSE,FALSE,FALSE,0.8305099483934625,FALSE,FALSE,0.22376081219376356
E330034L11Rik,0.8239657573770067,0.26043568615680746,0.8347117516848793,0.28186237246080037,0.8319425447650519,0.409082037651014,E330034L11Rik,FALSE,FALSE,FALSE,FALSE,0.8302066846089793,FALSE,FALSE,0.22367881345774457
Gm3468,0.6989170084678109,0.3028232917637313,1.403173749357844,0.08451455445915308,0.38531272320676674,0.7071222817241728,Gm3468,FALSE,FALSE,FALSE,FALSE,0.8291344936774738,FALSE,FALSE,0.22338890643404802
Flrt1,-0.9933112316869073,0.029244578861474933,-0.8237483134248142,0.09119197172410586,-0.6696454592108934,0.2097049595423849,Flrt1,FALSE,FALSE,FALSE,FALSE,0.8289016681075383,FALSE,FALSE,0.22332595331064703
Bbof1,0.8811493791493159,0.016161894105816504,0.8316325108234157,0.0704576830990092,0.7726705020317326,0.06396116089959382,Bbof1,FALSE,FALSE,FALSE,FALSE,0.8284841306681547,FALSE,FALSE,0.22321305640695507
Spata1,0.8487149914348653,0.04178226443439048,0.806962922402122,0.08967000640739733,0.8281640997944313,0.11940502573778203,Spata1,FALSE,FALSE,FALSE,FALSE,0.8279473378771395,FALSE,FALSE,0.22306791434707354
Gm45294,0.9809508267269438,0.10774938862101935,0.8855328491445196,0.18022353138114056,0.6169485522489893,0.47010750268267826,Gm45294,FALSE,FALSE,FALSE,FALSE,0.8278107427068175,FALSE,FALSE,0.2230309807206869
Gm37940,1.0015161250926468,0.0681911261457733,0.9056118267890054,0.132447305132203,0.5759805443029411,0.441179262246431,Gm37940,FALSE,FALSE,FALSE,FALSE,0.8277028320615311,FALSE,FALSE,0.22300180303126524
Gm43815,0.8326224085883795,0.04909649914282852,0.987694334654603,0.0704576830990092,0.6626945658967272,0.21679145410412637,Gm43815,FALSE,FALSE,FALSE,FALSE,0.8276704363799032,FALSE,FALSE,0.22299304364395336
Gm48998,0.4970693302770397,0.6314419319129407,1.019816240216393,0.30010972292404836,0.9661189883969918,0.45239639421352357,Gm48998,FALSE,FALSE,FALSE,FALSE,0.8276681862968082,FALSE,FALSE,0.22299243524961426
Gm9493,-0.6160274342088125,0.14789494808875805,-0.4761644337732531,0.27056311716657017,-1.3904892687450987,0.061721686755493096,Gm9493,FALSE,FALSE,FALSE,FALSE,0.8275603789090548,FALSE,FALSE,0.22296328547973868
Znf41-ps,1.0284491044994195,0.06416751596950533,0.9561160775114983,0.12091719134086845,0.4977588294733779,0.5234338079974692,Znf41-ps,FALSE,FALSE,FALSE,FALSE,0.8274413371614319,FALSE,FALSE,0.22293109807940267
Kcne1l,-1.846146629559159,0.02005871878534375,-0.05041716961398479,0.9387374694716745,-0.5850901392858909,0.45725460777532545,Kcne1l,TRUE,FALSE,FALSE,TRUE,0.8272179794863449,FALSE,FALSE,0.2228707049564042
Gm14410,1.089743406306706,0.0211573327684876,1.0439739391298275,0.0704576830990092,0.3418914383562299,0.5412508422525819,Gm14410,TRUE,FALSE,FALSE,TRUE,0.8252029279309211,FALSE,FALSE,0.22232586020733716
1700128E19Rik,-0.5614562628991738,0.23239966492695083,-1.0704130058396166,0.0901221972904831,-0.843155991790794,0.20224708291880772,1700128E19Rik,FALSE,FALSE,FALSE,FALSE,0.8250084201765282,FALSE,FALSE,0.22227326774222206
Efcab7,1.0753999189948176,0.017823060973944406,0.7785671528842495,0.08453473759992562,0.6160251909706136,0.19999072086906083,Efcab7,TRUE,FALSE,FALSE,TRUE,0.8233307542832269,FALSE,FALSE,0.22181964785830705
Gm15564,-0.840546912130621,0.3582322647636092,-0.9342091984992762,0.3322420293085211,-0.6925917472784877,0.5747563095555285,Gm15564,FALSE,FALSE,FALSE,FALSE,0.8224492859694617,FALSE,FALSE,0.22158130984609525
Depdc7,0.8921964513048835,0.1910606190735905,1.135963963725997,0.13793073677514825,0.4389875246254835,0.669119464741208,Depdc7,FALSE,FALSE,FALSE,FALSE,0.8223826465521213,FALSE,FALSE,0.2215632913807508
Efcab11,0.96348112271907,0.15379684128720095,0.532664557146911,0.47837325166481226,0.966716008984871,0.2875721650212734,Efcab11,FALSE,FALSE,FALSE,FALSE,0.8209538962836174,FALSE,FALSE,0.22117697516991874
Gm45537,0.7740997848567646,0.27641166877488305,1.1909684086306882,0.1262279688511341,0.49655905533006917,0.6359287743437843,Gm45537,FALSE,FALSE,FALSE,FALSE,0.8205424162725073,FALSE,FALSE,0.22106571611910394
Mobp,0.739637057941722,0.44339384841116464,0.7274205777962235,0.47065676572054443,0.9944594877123063,0.43208725836388395,Mobp,FALSE,FALSE,FALSE,FALSE,0.8205057078167506,FALSE,FALSE,0.2210557906115845
AI504432,1.255699437100441,0.016464514009781613,0.6407440560299102,0.14333171539953213,0.5646736725429218,0.2866186447793518,AI504432,TRUE,FALSE,FALSE,TRUE,0.8203723885577577,FALSE,FALSE,0.22101974275066688
Zfp946,1.0534695656303787,0.016531461885642206,0.7687918802073179,0.07942942985166683,0.6367923902831913,0.1586524842834082,Zfp946,TRUE,FALSE,FALSE,TRUE,0.819684612040296,FALSE,FALSE,0.22083377657870368
Gm47122,1.0054846576508003,0.21682892851169872,0.8604368008961062,0.32578609896149663,0.5926452935758454,0.6277854660540501,Gm47122,FALSE,FALSE,FALSE,FALSE,0.819522250707584,FALSE,FALSE,0.22078987610412695
Gm20491,0.965723479724304,0.14176018096225187,1.1032102393271281,0.1317600505931844,0.38877850064349667,0.7034542443291945,Gm20491,FALSE,FALSE,FALSE,FALSE,0.8192374065649762,FALSE,FALSE,0.22071285780899472
C130073E24Rik,0.48823414354195727,0.467771443526185,0.9309740250882075,0.17397006434975693,1.037933984072545,0.2142264092705122,C130073E24Rik,FALSE,FALSE,FALSE,FALSE,0.8190473842342366,FALSE,FALSE,0.22066147814636014
Gm26165,-0.6644349475651932,0.2530766363216681,-0.7307626817555735,0.23767174055404333,-1.0601809834669773,0.20137415539398645,Gm26165,FALSE,FALSE,FALSE,FALSE,0.8184595375959146,FALSE,FALSE,0.22050253176442544
C130089K02Rik,0.8362353274074434,0.07105723676293381,1.0208755267848841,0.0784514728602426,0.596298592018021,0.3331926697800622,C130089K02Rik,FALSE,FALSE,FALSE,FALSE,0.8178031487367828,FALSE,FALSE,0.22032505242287637
Gm16958,0.7851231063097374,0.17840973057468554,0.7013536976516256,0.2613324069934754,0.9659515532139751,0.2133104250217475,Gm16958,FALSE,FALSE,FALSE,FALSE,0.817476119058446,FALSE,FALSE,0.22023662768627283
Aebp1,-0.8330504739152831,0.12830019175150933,-0.7410993867697053,0.2054352297325128,-0.8779994058493772,0.23839640272362844,Aebp1,FALSE,FALSE,FALSE,FALSE,0.8173830888447885,FALSE,FALSE,0.22021147347953335
Homer1,-0.9705245879849613,0.34983538783201623,0.022125215625460548,0.9857287820877884,-1.4593251297127168,0.3147798275717578,Homer1,FALSE,FALSE,FALSE,FALSE,0.8173249777743795,FALSE,FALSE,0.22019576097258045
Gem,-1.2348171919746145,0.0624343086148414,-0.284429175224056,0.6439470269042565,-0.9289280523453058,0.24757162237587013,Gem,FALSE,FALSE,FALSE,FALSE,0.8160581398479921,FALSE,FALSE,0.2198532238348813
Gm13436,-0.6293834891420793,0.0975840409816778,-0.8094061837442577,0.08803823262798008,-1.0083030941436886,0.08096894039228028,Gm13436,FALSE,FALSE,FALSE,FALSE,0.8156975890100086,FALSE,FALSE,0.21975573539577992
Gm10123,-1.0827695739737806,0.05175500739488048,-0.8341038360882549,0.13346607118761325,-0.5281430895323488,0.409082037651014,Gm10123,FALSE,FALSE,FALSE,FALSE,0.8150054998647948,FALSE,FALSE,0.21956860314318763
Dusp2,-1.5842271334870626,0.1294667706475724,0.24542696428787736,0.7843771333756666,-0.6150433502622884,0.6196597815502262,Dusp2,FALSE,FALSE,FALSE,FALSE,0.8148991493457428,FALSE,FALSE,0.21953984729239562
B230216N24Rik,0.5158273297915408,0.3455823632777483,0.9477478616591386,0.11669734289800063,0.9807556878256338,0.16221655099137217,B230216N24Rik,FALSE,FALSE,FALSE,FALSE,0.8147769597587711,FALSE,FALSE,0.21950680875565295
Klhl1,1.5314639732666784,0.03967473149704828,0.47324050203653956,0.5584253684346554,0.4384827657017354,0.686813506456624,Klhl1,TRUE,FALSE,FALSE,TRUE,0.8143957470016511,FALSE,FALSE,0.21940373359192566
Gm26514,0.7487317686316011,0.27635386637915266,0.8099043206749013,0.2648061304468559,0.8843081696738693,0.33564134601709456,Gm26514,FALSE,FALSE,FALSE,FALSE,0.8143147529934572,FALSE,FALSE,0.21938183382467083
Gm49163,0.4423533320266344,0.7079541205664083,1.2179336904166116,0.25442076745751996,0.7824806889320404,0.6018000001898766,Gm49163,FALSE,FALSE,FALSE,FALSE,0.8142559037917622,FALSE,FALSE,0.21936592173624606
Olfr1033,1.0071258863094168,0.19059665051557528,0.9647144341853108,0.2415062302931146,0.47077647158900693,0.6930940634580646,Olfr1033,FALSE,FALSE,FALSE,FALSE,0.8142055973612449,FALSE,FALSE,0.21935231950634884
E430021H15Rik,1.1145653798439494,0.07713145794423153,0.89059426420789,0.18655845112302147,0.4364169407200151,0.6417931256739144,E430021H15Rik,FALSE,FALSE,FALSE,FALSE,0.8138588615906182,FALSE,FALSE,0.21925856648874928
Fstl5,1.1451622313855596,0.019351832112294208,0.7585527690113931,0.10467710085695396,0.5372612204178515,0.3228931499340844,Fstl5,TRUE,FALSE,FALSE,TRUE,0.8136587402716015,FALSE,FALSE,0.21920445618593884
Gm3724,-1.0404332972120653,0.07536040132121372,-0.7207574404068846,0.20242631026084787,-0.6796113919493141,0.3391923680129467,Gm3724,FALSE,FALSE,FALSE,FALSE,0.813600709856088,FALSE,FALSE,0.2191887654870614
Abhd18,0.8787229094072435,0.020090537798091227,0.8680692001500501,0.0704576830990092,0.6933777921091355,0.10417470393813735,Abhd18,FALSE,FALSE,FALSE,FALSE,0.8133899672221431,FALSE,FALSE,0.2191317833134786
Gm42986,0.7755605418357132,0.18767077259408427,0.715400254155846,0.2559106666769542,0.9487430615433575,0.22352134333387655,Gm42986,FALSE,FALSE,FALSE,FALSE,0.8132346191783055,FALSE,FALSE,0.21908977914453567
Lhb,-0.832514761214413,0.028782156505429733,-0.8215240412533289,0.07346255419668397,-0.785474913723184,0.1004081518877886,Lhb,FALSE,FALSE,FALSE,FALSE,0.8131712387303086,FALSE,FALSE,0.21907264186375905
Gm37738,0.5957919067900748,0.3752133340330147,0.9158841121740502,0.18912960776311086,0.9263153727832327,0.28462516900839446,Gm37738,FALSE,FALSE,FALSE,FALSE,0.8126637972491192,FALSE,FALSE,0.2189354360311139
Gm15713,0.8868029000030352,0.1998253577445491,1.0401530035435087,0.1644300006292468,0.5104294823205852,0.6194990946686811,Gm15713,FALSE,FALSE,FALSE,FALSE,0.812461795289043,FALSE,FALSE,0.21888081722647215
Herc6,1.03933529871528,0.01822881132116993,0.769654384051476,0.08284060909925162,0.6253227574516176,0.17891057821632086,Herc6,TRUE,FALSE,FALSE,TRUE,0.8114374800727912,FALSE,FALSE,0.21860385519765352
Platr8,0.7509956711431253,0.35878739208194,0.8571266914997672,0.3135800031211433,0.8253796671691018,0.4549624601124023,Platr8,FALSE,FALSE,FALSE,FALSE,0.8111673432706648,FALSE,FALSE,0.21853081358352103
Gm9512,-0.5518913454526679,0.17977865669825258,-0.7019081576790808,0.13538779083376862,-1.1792915622799245,0.07945684796201677,Gm9512,FALSE,FALSE,FALSE,FALSE,0.8110303551372244,FALSE,FALSE,0.2184937737048199
Gm12002,0.927492847785775,0.15560372959767968,0.8538132158086389,0.22137348709003976,0.6509706301528253,0.48101347484134177,Gm12002,FALSE,FALSE,FALSE,FALSE,0.8107588979157464,FALSE,FALSE,0.21842037506580217
Gm38042,0.8728246404360568,0.1045150540719662,0.9408868844998287,0.12071832445857435,0.6173815489094533,0.40509317138131046,Gm38042,FALSE,FALSE,FALSE,FALSE,0.8103643579484463,FALSE,FALSE,0.21831369639105466
Gm5621,-0.6895035527595659,0.3409692826976275,-0.44821699073039883,0.5457218334969891,-1.293215615755427,0.22858287402043195,Gm5621,FALSE,FALSE,FALSE,FALSE,0.8103120530817973,FALSE,FALSE,0.2182995538090112
mt-Rnr1,0.7333003278680259,0.05110893550418151,0.7142081375132747,0.09955301218514566,0.9784129519149278,0.07118474089696969,mt-Rnr1,FALSE,FALSE,FALSE,FALSE,0.8086404724320762,FALSE,FALSE,0.21784757929888454
Gm43379,0.8409644981699302,0.08255561187037631,0.7518524679903389,0.15202031156578022,0.8317695086088608,0.18861602886537898,Gm43379,FALSE,FALSE,FALSE,FALSE,0.8081954915897099,FALSE,FALSE,0.21772726204211457
Zfp738,0.9864289229755174,0.014455723425594891,0.7971834835331135,0.0704576830990092,0.6406446980966036,0.10082132274310043,Zfp738,FALSE,FALSE,FALSE,FALSE,0.8080857015350782,FALSE,FALSE,0.21769757618390173
Gm38085,1.011829292917289,0.09472395567891079,0.6288934087327341,0.32918917960825034,0.7815702511875907,0.3356363749792366,Gm38085,FALSE,FALSE,FALSE,FALSE,0.8074309842792046,FALSE,FALSE,0.2175205488229758
Gm47467,0.8498713709147138,0.15605840264222556,0.9702416967183843,0.14050041038730837,0.6018582490838745,0.47383187519113884,Gm47467,FALSE,FALSE,FALSE,FALSE,0.8073237722389909,FALSE,FALSE,0.21749156002763212
mt-Nd5,0.9451708290723406,0.014989859019986373,0.7379173965052264,0.0704576830990092,0.7385209107670025,0.07909418349020604,mt-Nd5,FALSE,FALSE,FALSE,FALSE,0.8072030454481899,FALSE,FALSE,0.2174589170126866
Gm15638,0.37316401976302993,0.742183552187002,1.3016797023861537,0.19868820531190515,0.746694415613249,0.5965485349078742,Gm15638,FALSE,FALSE,FALSE,FALSE,0.8071793792541442,FALSE,FALSE,0.21745251796968373
LOC102637012,0.7850670374243711,0.4441697945544126,1.0944247805920864,0.2929881830611231,0.5416775151506703,0.7305843520392913,LOC102637012,FALSE,FALSE,FALSE,FALSE,0.8070564443890426,FALSE,FALSE,0.21741927791905197
Mmp12,-0.8880604032935313,0.2648979725707445,-0.8264715167321044,0.3136301224796872,-0.7057687628887845,0.5033783582763196,Mmp12,FALSE,FALSE,FALSE,FALSE,0.8067668943048067,FALSE,FALSE,0.21734098719613565
Cmc4,0.7162072172094838,0.042115166113742594,1.008584499843731,0.0704576830990092,0.6949371733043501,0.12049300589085365,Cmc4,FALSE,FALSE,FALSE,FALSE,0.806576296785855,FALSE,FALSE,0.2172894520097993
Gm45176,0.845423947200006,0.29858948775131805,0.8310194284903206,0.3355337154844925,0.7427693593299418,0.515204497401229,Gm45176,FALSE,FALSE,FALSE,FALSE,0.8064042450067561,FALSE,FALSE,0.2172429313596664
Gm37297,0.9269921754333554,0.07788469626842366,0.6659418644344453,0.2307539754183007,0.8241759535403571,0.23293560077941214,Gm37297,FALSE,FALSE,FALSE,FALSE,0.8057033311360526,FALSE,FALSE,0.21705341301162556
4933406I18Rik,1.1153562945613238,0.1119325313481137,0.4824226895170436,0.5504964299539095,0.8187537725485785,0.4033885028223221,4933406I18Rik,FALSE,FALSE,FALSE,FALSE,0.8055109188756486,FALSE,FALSE,0.21700138714188785
Gm7600,-0.5783555711896997,0.3103194041185661,-0.5267401161191065,0.36814006200564203,-1.3110019324123725,0.13472813008196222,Gm7600,FALSE,FALSE,FALSE,FALSE,0.8053658732403929,FALSE,FALSE,0.21696216861542808
A930019D19Rik,0.8731927028250499,0.17366075816712923,0.8526827155373896,0.21375507874496646,0.6895057336498557,0.44268734196437415,A930019D19Rik,FALSE,FALSE,FALSE,FALSE,0.8051270506707651,FALSE,FALSE,0.21689759397828284
Gm13192,-0.19860858216856062,0.6922466964973166,-0.7175794165320745,0.18714316511102974,-1.4990539183888116,0.07665401949846852,Gm13192,FALSE,FALSE,FALSE,FALSE,0.8050806390298155,FALSE,FALSE,0.21688504485079335
Gm13577,0.6545650510343399,0.31276063831925743,0.9885707261135015,0.1541848750853232,0.7714373525560032,0.37551935445985263,Gm13577,FALSE,FALSE,FALSE,FALSE,0.8048577099012816,FALSE,FALSE,0.21682476760142527
Pkdrej,0.4585194060684252,0.5226995298564234,1.1276963169348657,0.1286611338631953,0.8279193069895403,0.36429878014792566,Pkdrej,FALSE,FALSE,FALSE,FALSE,0.804711676664277,FALSE,FALSE,0.2167852820397993
5730403I07Rik,1.0456742544066127,0.014455723425594891,0.7443289945368572,0.0704576830990092,0.6236617297752707,0.1289958434199276,5730403I07Rik,TRUE,FALSE,FALSE,TRUE,0.8045549929062469,FALSE,FALSE,0.21674291671043736
Gm46123,0.6607722761448449,0.16671507378537362,0.9617884976248003,0.09126936312771333,0.789816540825413,0.21377701654815115,Gm46123,FALSE,FALSE,FALSE,FALSE,0.8041257715316861,FALSE,FALSE,0.21662686061674222
Gm7628,-1.3440036171308058,0.029887603850818716,-0.8243187495514805,0.1358080782189334,-0.24155205451190906,0.713382629184324,Gm7628,TRUE,FALSE,FALSE,TRUE,0.8032914737313985,FALSE,FALSE,0.2164012769216644
Gm38228,1.0563341940634334,0.2087213118801047,0.3450468602286543,0.7375753377592498,1.0079416016536362,0.37957138247942884,Gm38228,FALSE,FALSE,FALSE,FALSE,0.803107551981908,FALSE,FALSE,0.21635154677993207
Rpl37rt,-0.6442797488778347,0.07956064107284046,-0.7569007908088881,0.08873808429244535,-1.0078049400799554,0.06929544730311386,Rpl37rt,FALSE,FALSE,FALSE,FALSE,0.802995159922226,FALSE,FALSE,0.21632115737208307
Gm42607,0.545708927821047,0.6074095780332281,1.0910758798235691,0.2748266735964387,0.7710343514596286,0.576054883373357,Gm42607,FALSE,FALSE,FALSE,FALSE,0.8026063863680816,FALSE,FALSE,0.21621603786336302
Gm44091,0.6805385982571948,0.27701586183451476,0.9513198286343423,0.15707798547897103,0.7753814552177579,0.35637062424757926,Gm44091,FALSE,FALSE,FALSE,FALSE,0.8024132940364317,FALSE,FALSE,0.21616382811086246
Gdap10,0.8561278831649684,0.08514568980978891,0.7665548592827536,0.1541848750853232,0.7826169866660744,0.23100077689872434,Gdap10,FALSE,FALSE,FALSE,FALSE,0.8017665763712655,FALSE,FALSE,0.21598896373925555
Wisp1,0.9982042068943358,0.06941780584205952,0.7944410908039354,0.1757592719693679,0.612547647783229,0.4124058764772356,Wisp1,FALSE,FALSE,FALSE,FALSE,0.8017309818271667,FALSE,FALSE,0.21597933941952266
Gm48600,0.501205549861954,0.5843227573010185,1.1878679259340963,0.1796174039862061,0.7158838072767539,0.5496759708204789,Gm48600,FALSE,FALSE,FALSE,FALSE,0.8016524276909347,FALSE,FALSE,0.2159580993631438
A730089K16Rik,0.6762397415884535,0.2237172447123888,1.0960789585452968,0.09210289238487569,0.6307296206632707,0.409082037651014,A730089K16Rik,FALSE,FALSE,FALSE,FALSE,0.8010161069323403,FALSE,FALSE,0.21578604618509514
Lepr,0.8767871818318131,0.05941721650391835,0.9125441694780367,0.09132508641051881,0.6132922069638844,0.3168404957395442,Lepr,FALSE,FALSE,FALSE,FALSE,0.8008745194245781,FALSE,FALSE,0.21574776269307727
Chrdl1,1.1107869930210832,0.012478226943271664,0.7027929703169695,0.07543941653821988,0.58852864636409,0.1428727193465167,Chrdl1,TRUE,FALSE,FALSE,TRUE,0.8007028699007143,FALSE,FALSE,0.21570135080773103
Myb,1.0439529638048421,0.026285779611079727,0.7205902552697139,0.1288049914175184,0.6325256887244222,0.2620272602581781,Myb,TRUE,FALSE,FALSE,TRUE,0.7990229692663261,FALSE,FALSE,0.21524712667776416
Gm7967,0.9298833201086047,0.030561104088059763,0.8970398435473284,0.07841165907201418,0.5694838391506094,0.27620094667608514,Gm7967,FALSE,FALSE,FALSE,FALSE,0.7988023342688475,FALSE,FALSE,0.21518746973275296
Tpt1-ps6,-0.7288485017341287,0.13595400877538305,-0.64006561667816,0.20660506944315912,-1.0273492502560704,0.13824671090470514,Tpt1-ps6,FALSE,FALSE,FALSE,FALSE,0.7987544562227864,FALSE,FALSE,0.2151745241076538
Gm37465,0.9029281828396075,0.06753209656476955,0.9346753760147118,0.09918892477041302,0.5581208062318757,0.4035882157190128,Gm37465,FALSE,FALSE,FALSE,FALSE,0.798574788362065,FALSE,FALSE,0.21512594416426392
Gm37834,0.8643969657892192,0.10871192551606308,0.8053680919305439,0.16816238619038743,0.7240137441787513,0.3190476864790385,Gm37834,FALSE,FALSE,FALSE,FALSE,0.7979262672995048,FALSE,FALSE,0.2149505921765472
Gm15342,0.3121908296277889,0.6167473705286388,0.8235625519033314,0.17502422655608488,1.2555420064353902,0.10022784058966161,Gm15342,FALSE,FALSE,FALSE,FALSE,0.7970984626555034,FALSE,FALSE,0.2147267641497538
Gm10416,0.9981623643062321,0.019351832112294208,0.6580238254216664,0.1060927084274755,0.7341370906327955,0.12049300589085365,Gm10416,FALSE,FALSE,FALSE,FALSE,0.796774426786898,FALSE,FALSE,0.214639148901874
Gm10033,0.9872566033383663,0.021527426362789856,0.8997500190972261,0.0704576830990092,0.5014280793264732,0.2948438436289989,Gm10033,FALSE,FALSE,FALSE,FALSE,0.7961449005873552,FALSE,FALSE,0.21446893288764954
Myh4,-1.2090599717628616,0.6270805350890241,1.0728004132483004,0.559432082035632,-0.10488207400309596,0.9768235377710855,Myh4,FALSE,FALSE,FALSE,FALSE,0.7955808196714194,FALSE,FALSE,0.21431641245993674
4732440D04Rik,0.8337608217150705,0.057746600266403686,0.8801255886238293,0.08832269569991538,0.6727304814357336,0.2337889699045175,4732440D04Rik,FALSE,FALSE,FALSE,FALSE,0.7955389639248778,FALSE,FALSE,0.21430509518933882
Neb,0.7882381833175112,0.0489720586052495,0.7787939000395303,0.09180503249903499,0.8191389055819087,0.12049300589085365,Neb,FALSE,FALSE,FALSE,FALSE,0.7953903296463167,FALSE,FALSE,0.21426490633859338
Gm26853,0.93189936671855,0.09642267554134883,0.8987203871796243,0.14219133257756708,0.5515688188932586,0.4818397663255097,Gm26853,FALSE,FALSE,FALSE,FALSE,0.7940628575971443,FALSE,FALSE,0.21390597449212123
Gm47591,0.8047819832878677,0.10522831862154769,0.7621729132923942,0.15770178933733603,0.8150271438211304,0.21432651678753703,Gm47591,FALSE,FALSE,FALSE,FALSE,0.7939940134671307,FALSE,FALSE,0.21388735990003246
Ercc6l,0.8731478329792468,0.08409221452631181,0.603613819344783,0.25673955689530975,0.9051351755761814,0.16786562777336775,Ercc6l,FALSE,FALSE,FALSE,FALSE,0.7939656093000704,FALSE,FALSE,0.21387967976835903
A130012E19Rik,0.6473593851966626,0.3027208567377793,1.025155954970486,0.1344698886810065,0.7077543050939075,0.4068544900852247,A130012E19Rik,FALSE,FALSE,FALSE,FALSE,0.7934232150870187,FALSE,FALSE,0.213733023153986
Gm49201,0.9090718391946155,0.11069891324965321,0.5856960486410887,0.33732065580158815,0.8852272153909664,0.24200848289713714,Gm49201,FALSE,FALSE,FALSE,FALSE,0.7933317010755568,FALSE,FALSE,0.21370827890936514
Zfp992,0.6519381870928396,0.18136692628953183,0.9025263792123173,0.10838154632187488,0.8238306834958469,0.20291710289070308,Zfp992,FALSE,FALSE,FALSE,FALSE,0.7927650832670012,FALSE,FALSE,0.21355507253760336
Gm19221,0.6577713801078731,0.3769087983629237,1.0651897622366728,0.17169887741658704,0.654003037092131,0.5277953757589412,Gm19221,FALSE,FALSE,FALSE,FALSE,0.7923213931455589,FALSE,FALSE,0.21343510427563503
Stum,1.0713852631960654,0.40539690730057304,-0.1169086603983884,0.9499688776845197,1.1865377376736168,0.5010569257892595,Stum,FALSE,FALSE,FALSE,FALSE,0.7916105537560235,FALSE,FALSE,0.21324290219138767
Mbnl3,0.8807690206008765,0.022882323627065663,0.8290520627539286,0.0704576830990092,0.664789020647468,0.13564253208416346,Mbnl3,FALSE,FALSE,FALSE,FALSE,0.791536701334091,FALSE,FALSE,0.21322293341977608
Papd4,0.8248333273225947,0.04270558426698573,0.8795284581532039,0.07849095947662206,0.6690018997065756,0.1930236941177638,Papd4,FALSE,FALSE,FALSE,FALSE,0.7911212283941248,FALSE,FALSE,0.21311059473091687
Gm43727,0.14718235014509928,0.9000934404799463,1.5383417684108693,0.12392065412312836,0.68570851789767,0.6088932043992471,Gm43727,FALSE,FALSE,FALSE,FALSE,0.7904108788178795,FALSE,FALSE,0.21291852508605966
AU040972,0.8288882823589557,0.12528060846450034,0.9670671025871254,0.11458350834329417,0.5747448525756423,0.4432951895198064,AU040972,FALSE,FALSE,FALSE,FALSE,0.7902334125072411,FALSE,FALSE,0.21287054041428916
Gm42549,0.7032229261621579,0.22546594879076537,0.913360333151291,0.14794075678722662,0.7541059798761722,0.33208358919457537,Gm42549,FALSE,FALSE,FALSE,FALSE,0.7902297463965403,FALSE,FALSE,0.21286954914378817
Gm37062,0.8708461139628665,0.24116680028496165,0.8658789028825897,0.2723817745208091,0.6318007279829512,0.5572624935729553,Gm37062,FALSE,FALSE,FALSE,FALSE,0.7895085816094691,FALSE,FALSE,0.21267455520113188
Prpf39,0.9195433076196666,0.023256591689085525,0.7981110045819264,0.07939073389715677,0.6490869447905023,0.16365257450141046,Prpf39,FALSE,FALSE,FALSE,FALSE,0.7889137523306985,FALSE,FALSE,0.2125137208005146
Rmdn1,0.9319149270306308,0.018647158665054384,0.6782958372696313,0.08521930057579834,0.7564100085674905,0.0893504597692248,Rmdn1,FALSE,FALSE,FALSE,FALSE,0.7888735909559176,FALSE,FALSE,0.21250286166685828
D530018E20Rik,0.5720620564510052,0.4076089077504138,1.0498439390354823,0.14824912016780012,0.7443167258176306,0.42101325750832086,D530018E20Rik,FALSE,FALSE,FALSE,FALSE,0.7887409071013727,FALSE,FALSE,0.21246698561135977
4833412C15Rik,0.4387446838299245,0.6297224862571819,1.0807838804898842,0.2084759562608661,0.8465133686649955,0.4537250323958943,4833412C15Rik,FALSE,FALSE,FALSE,FALSE,0.788680644328268,FALSE,FALSE,0.21245069131089786
Fbxl12os,0.7639293067216959,0.052021238171972684,0.769244080316797,0.0901221972904831,0.8319833352599357,0.10331495777946066,Fbxl12os,FALSE,FALSE,FALSE,FALSE,0.7883855740994762,FALSE,FALSE,0.21237090800990466
Gm42683,0.9872255478101553,0.08244270994964792,0.7858632454068328,0.19357019101902626,0.5917954881683014,0.451175482989774,Gm42683,FALSE,FALSE,FALSE,FALSE,0.7882947604617632,FALSE,FALSE,0.21234635313758962
Gm22767,-0.4318206762908836,0.6140180063321437,-1.2090727858741364,0.2111817527147554,-0.7224997011471673,0.5418864966167546,Gm22767,FALSE,FALSE,FALSE,FALSE,0.7877977211040624,FALSE,FALSE,0.21221195990909184
Styx,0.7706639665781401,0.05550740713080407,0.9017304626566256,0.07556490478840473,0.6900411351037454,0.181767070401238,Styx,FALSE,FALSE,FALSE,FALSE,0.7874785214461704,FALSE,FALSE,0.21212565231212818
Umodl1,-0.6719148589261824,0.13171013671851015,-0.9524332476256219,0.091288359702255,-0.7376814603136177,0.21569604710655,Umodl1,FALSE,FALSE,FALSE,FALSE,0.7873431889551407,FALSE,FALSE,0.21208906009843656
Crhbp,-0.5057962283006718,0.6483452288941247,-0.5622263590710199,0.6351717016859693,-1.2903731519027488,0.3799441551691343,Crhbp,FALSE,FALSE,FALSE,FALSE,0.7861319130914802,FALSE,FALSE,0.2117615462478799
Gm35315,1.1073937309041497,0.012339119127892623,0.8296610212447084,0.0704576830990092,0.4207751619276605,0.28293226857165205,Gm35315,TRUE,FALSE,FALSE,TRUE,0.7859433046921729,FALSE,FALSE,0.21171054889462812
Gm15712,1.0604186922009795,0.06059550843935459,1.0981080577904978,0.09231187007039722,0.1977902645460291,0.833965400118035,Gm15712,FALSE,FALSE,FALSE,FALSE,0.7854390048458355,FALSE,FALSE,0.21157419252077125
Zfp960,1.0502430866424763,0.026285779611079727,0.8467043302856507,0.09210289238487569,0.45755851939646375,0.4337252740578476,Zfp960,TRUE,FALSE,FALSE,TRUE,0.7848353121081969,FALSE,FALSE,0.21141096155168415
Crtac1,-0.794496706566477,0.04571502526579462,-0.7598940212902372,0.09085111530551959,-0.7998823787279381,0.11940502573778203,Crtac1,FALSE,FALSE,FALSE,FALSE,0.784757702194884,FALSE,FALSE,0.21138997680137825
Gli1,0.5079032044044195,0.6088012899202138,0.4051480649085848,0.7052901221948502,1.4330043906279657,0.2160746753329498,Gli1,FALSE,FALSE,FALSE,FALSE,0.7820185533136567,FALSE,FALSE,0.2106493451878433
Gm14636,1.1493326112673343,0.07054476207013363,0.6507476762996087,0.33427373054121307,0.5457396133324126,0.5493169636897167,Gm14636,FALSE,FALSE,FALSE,FALSE,0.7819399669664518,FALSE,FALSE,0.2106280964220201
Gm44623,0.9141184181839246,0.2001900025581747,0.7620725643011286,0.3169198791906148,0.6682565784229773,0.5074783352950712,Gm44623,FALSE,FALSE,FALSE,FALSE,0.7814825203026768,FALSE,FALSE,0.21050440856298486
Ighm,-0.698712072197996,0.294535399256836,-1.2146944517091351,0.13708672126251006,-0.43089036036638917,0.629283199765418,Ighm,FALSE,FALSE,FALSE,FALSE,0.7814322947578402,FALSE,FALSE,0.21049082820356443
Gpr171,0.7974012986879186,0.10540238884788394,0.7264506571639853,0.17291135555209708,0.8189007789328855,0.2080524096324331,Gpr171,FALSE,FALSE,FALSE,FALSE,0.7809175782615965,FALSE,FALSE,0.21035165529779848
Gm25394,-0.3801798258241651,0.4953887992307224,-0.5944552315364549,0.31032266457724567,-1.367585928598021,0.1255824515176612,Gm25394,FALSE,FALSE,FALSE,FALSE,0.7807403286528803,FALSE,FALSE,0.21030372921951862
Gm48870,0.8754498357883348,0.1895370460763121,0.9624089215107497,0.1810629886017683,0.5022172720169117,0.6104686544306196,Gm48870,FALSE,FALSE,FALSE,FALSE,0.7800253431053321,FALSE,FALSE,0.2101104060659785
Reln,-0.6154556853150837,0.2795503823311992,-0.7882716618871726,0.2079677063134914,-0.9339331762435528,0.23882483813981867,Reln,FALSE,FALSE,FALSE,FALSE,0.7792201744819364,FALSE,FALSE,0.2098926985361687
Gm37320,0.8638315316903532,0.15591981611352737,0.721616644174545,0.26810505361589787,0.7519835800115396,0.36456401969128355,Gm37320,FALSE,FALSE,FALSE,FALSE,0.7791439186254793,FALSE,FALSE,0.20987207990590864
Gm45887,0.8934201373556112,0.25366982460370907,1.1470777598229451,0.16942310025179405,0.29174718836647817,0.824839150523796,Gm45887,FALSE,FALSE,FALSE,FALSE,0.7774150285150115,FALSE,FALSE,0.20940460963406035
Mypopos,0.80921919598222,0.17533477828044644,0.8120865076093465,0.20347091595920547,0.71040056218266745,0.38738060474461117,Mypopos,FALSE,FALSE,FALSE,FALSE,0.7772354219247447,FALSE,FALSE,0.2093560462574354
Gm42547,0.7562977705852885,0.08867053994040525,0.8521832146252435,0.09934462909697256,0.7221238083649508,0.2160746753329498,Gm42547,FALSE,FALSE,FALSE,FALSE,0.7768682645251609,FALSE,FALSE,0.2092567714866704
Acrbp,0.5810017859176341,0.3502559522594602,0.7822278224564186,0.2259578506061606,0.9647100499236102,0.22905684176972016,Acrbp,FALSE,FALSE,FALSE,FALSE,0.775979886099221,FALSE,FALSE,0.20901656506651456
Dapl1,0.9911810367789489,0.1247644796414661,0.6586343631274056,0.3432157761534476,0.676606695611659,0.45565692452552997,Dapl1,FALSE,FALSE,FALSE,FALSE,0.7754740318393378,FALSE,FALSE,0.2088797883986677
March7,0.8299675596945182,0.025648093148095498,0.8202787710195389,0.0704576830990092,0.6753283277557616,0.13121788904031198,March7,FALSE,FALSE,FALSE,FALSE,0.7751915528232729,FALSE,FALSE,0.2088034096041846
Gm43292,0.8904082261485033,0.18440513657233992,0.8392383927343894,0.24228868821992164,0.5935510851219755,0.5403758976649078,Gm43292,FALSE,FALSE,FALSE,FALSE,0.7743992346682894,FALSE,FALSE,0.20858917668038107
Gm38077,0.8563220859178868,0.21364768799161518,0.8452556700783738,0.24863997621191145,0.6193349149547813,0.5306058119907144,Gm38077,FALSE,FALSE,FALSE,FALSE,0.7736375569836806,FALSE,FALSE,0.2083832285567097
Zfp280d,0.8328069460674294,0.016740822603849407,0.7805355831653955,0.0704576830990092,0.7066777032301319,0.07293789400268508,Zfp280d,FALSE,FALSE,FALSE,FALSE,0.7733400774876523,FALSE,FALSE,0.2083027938199756
Mcpt4,0.36826000667906467,0.7633171475723797,0.8478130348068529,0.4488138542434098,1.1014824827709537,0.43632924887427343,Mcpt4,FALSE,FALSE,FALSE,FALSE,0.7725185080856237,FALSE,FALSE,0.2080806517246607
Gm17203,0.8425647488526642,0.13955176272624278,0.5715726735600607,0.3522976937603543,0.9026852721564865,0.23129108375423463,Gm17203,FALSE,FALSE,FALSE,FALSE,0.7722742315230705,FALSE,FALSE,0.2080146023960125
Ddn,0.6428647433421418,0.7415955086521203,-0.29521235568576176,0.9037842707591913,1.373967929630123,0.5572624935729553,Ddn,FALSE,FALSE,FALSE,FALSE,0.7706816762193422,FALSE,FALSE,0.2075839953514931
Rnpc3,0.8670141773457365,0.03374280261543281,0.7499893348330149,0.09349596404661485,0.6949742792965337,0.16365257450141046,Rnpc3,FALSE,FALSE,FALSE,FALSE,0.770659263825095,FALSE,FALSE,0.20757793532028113
Kif20b,0.9493333852997896,0.016531461885642206,0.5336658259518767,0.12486603803841076,0.8254205269555932,0.06750873220157737,Kif20b,FALSE,FALSE,FALSE,FALSE,0.7694732460690865,FALSE,FALSE,0.2072572509462649
Gm29683,0.2965368414979519,0.8108658671342128,1.331504498058256,0.20880340348686607,0.6795866362851672,0.655342161977533,Gm29683,FALSE,FALSE,FALSE,FALSE,0.7692093252804584,FALSE,FALSE,0.20718589006447177
4930522L14Rik,0.970788423625184,0.019351832112294208,0.8204871958480555,0.0704576830990092,0.5156449790813253,0.2521490560962136,4930522L14Rik,FALSE,FALSE,FALSE,FALSE,0.7689735328515216,FALSE,FALSE,0.20712213473948757
Slc25a40,0.9158030837586697,0.014840024695314973,0.6154018474557672,0.08414847600606047,0.7751740350274869,0.06396116089959382,Slc25a40,FALSE,FALSE,FALSE,FALSE,0.768792988747308,FALSE,FALSE,0.2070733178708119
Gm5141,0.9448147797969506,0.025330851397908576,0.7959491313726419,0.08525470443769087,0.5653995809255283,0.25716025112894175,Gm5141,FALSE,FALSE,FALSE,FALSE,0.768721164031707,FALSE,FALSE,0.20705389736564264
A430027C01Rik,0.9993978515197334,0.11668426893030492,0.6593314774615675,0.33835772811286274,0.6472333442746638,0.473163377575771,A430027C01Rik,FALSE,FALSE,FALSE,FALSE,0.7686542244186549,FALSE,FALSE,0.20703579773113065
Gm17655,1.000099501176229,0.031513019920142014,0.7932331362776419,0.10837292482091772,0.5105765956888817,0.37957138247942884,Gm17655,TRUE,FALSE,FALSE,TRUE,0.7679697443809176,FALSE,FALSE,0.20685072288607342
Gm26840,-0.8335787900009707,0.17400524065703538,-0.8592843379845129,0.19025808232305622,-0.610565557450958,0.45047607147183677,Gm26840,FALSE,FALSE,FALSE,FALSE,0.7678095618121472,FALSE,FALSE,0.2068074115220283
Zfp944,0.9758838372435426,0.032522899994359554,0.8658570401397885,0.08967000640739733,0.4599640622970096,0.419459389695493,Zfp944,FALSE,FALSE,FALSE,FALSE,0.7672349798934469,FALSE,FALSE,0.20665205175444815
Gm42141,-1.0895537967336486,0.14974126184683947,-0.45204559821243817,0.5392448774147974,-0.7598245640474538,0.4411571550032388,Gm42141,FALSE,FALSE,FALSE,FALSE,0.7671413196645135,FALSE,FALSE,0.20662672719945427
Gm15832,1.271636811844726,0.026213437932539482,0.7625356062609588,0.17502422655608488,0.2648826724305047,0.7450992817402718,Gm15832,TRUE,FALSE,FALSE,TRUE,0.7663516968453965,FALSE,FALSE,0.20641322306077287
Cyp2r1,0.6468497087102583,0.15423245439203323,0.9434456062044414,0.08595320746617705,0.7087177914906986,0.23857629239840125,Cyp2r1,FALSE,FALSE,FALSE,FALSE,0.7663377021351327,FALSE,FALSE,0.20640943906607487
Gm46344,-0.5854642286494767,0.22152766325137557,-0.6183042432028223,0.2232068123246163,-1.0948475776472364,0.12527507386724482,Gm46344,FALSE,FALSE,FALSE,FALSE,0.7662053498331785,FALSE,FALSE,0.2063736526582519
Gm16523,0.5416434731907429,0.41762338176805597,0.8984103117035742,0.19025808232305622,0.8580390589501312,0.3189734919776665,Gm16523,FALSE,FALSE,FALSE,FALSE,0.7660309479481494,FALSE,FALSE,0.2063264965688557
Alg13,0.9432682368950664,0.030440707199467964,0.7663497156743309,0.10062210424956843,0.5878915356704781,0.26669296121677394,Alg13,FALSE,FALSE,FALSE,FALSE,0.7658364960799585,FALSE,FALSE,0.20627391921467095
Fam19a2,1.0405126141409422,0.032436897241476845,0.8680882187507137,0.09955301218514566,0.3882419506193644,0.5324744689336602,Fam19a2,TRUE,FALSE,FALSE,TRUE,0.7656142611703401,FALSE,FALSE,0.20621382967341872
Gm2115,0.9343393255212431,0.19238578893510136,0.35540383951435284,0.6773855967920244,1.0065085759331156,0.2948524436830024,Gm2115,FALSE,FALSE,FALSE,FALSE,0.7654172469895705,FALSE,FALSE,0.20616055950194587
Gm29438,0.8918528449160071,0.12226225564278945,0.6593874081440976,0.28619913740781705,0.745009306387441,0.3402664146452536,Gm29438,FALSE,FALSE,FALSE,FALSE,0.7654165198158486,FALSE,FALSE,0.20616036288326234
Cd300a,-0.5190655777374178,0.4243028317896375,-0.7076575729963521,0.30333986282322795,-1.0664826679875703,0.2540452920410983,Cd300a,FALSE,FALSE,FALSE,FALSE,0.7644019395737801,FALSE,FALSE,0.20588603306975944
S100a9,0.43927214372616863,0.7390264069076042,0.7321644812554717,0.5590248144852829,1.1187386579332943,0.46186011699147894,S100a9,FALSE,FALSE,FALSE,FALSE,0.7633917609716449,FALSE,FALSE,0.2056128934046666
Rps10-ps1,-0.7911103402060948,0.18933311990797744,-0.5189916130422279,0.3887473444527897,-0.978544620355782,0.23959927157020675,Rps10-ps1,FALSE,FALSE,FALSE,FALSE,0.7628821912013682,FALSE,FALSE,0.20547511210925942
Gm37672,1.1272894974087408,0.17000740016695967,0.23088090519330373,0.8288309647612446,0.930030786275126,0.41654578365031014,Gm37672,FALSE,FALSE,FALSE,FALSE,0.7627337296257235,FALSE,FALSE,0.20543496995522345
Trpc6,0.9024651728944865,0.051798044467034995,0.7168154491499944,0.14636920839508377,0.6672449621215767,0.263028780668114,Trpc6,FALSE,FALSE,FALSE,FALSE,0.7621751947220192,FALSE,FALSE,0.20528394909988362
Adnp,0.5231214633697111,0.5315211188120778,0.8613764789882724,0.29539813623023514,0.9006345570395383,0.3975126802962191,Adnp,FALSE,FALSE,FALSE,FALSE,0.7617108331325073,FALSE,FALSE,0.20515839153137727
Chrna9,-0.719291046436652,0.18802129649275798,-0.6788028678358513,0.2351348060956435,-0.8819402686909039,0.23811993020171965,Chrna9,FALSE,FALSE,FALSE,FALSE,0.7600113943211357,FALSE,FALSE,0.204698884522614
A930006I01Rik,0.9278027050015458,0.023495574798305448,0.827164497930255,0.07556490478840473,0.5250188597090246,0.27487300435407636,A930006I01Rik,FALSE,FALSE,FALSE,FALSE,0.7599953542136085,FALSE,FALSE,0.20469454747806687
Gm48948,0.5623486387589304,0.4083284309512211,1.2031423509390413,0.10837292482091772,0.5128138725094081,0.5939113230126288,Gm48948,FALSE,FALSE,FALSE,FALSE,0.7594349540691266,FALSE,FALSE,0.2045430222849394
Gm26981,0.5102817029007958,0.3149520478346814,0.9953547682155128,0.09180503249903499,0.7719586213793987,0.24294435572602927,Gm26981,FALSE,FALSE,FALSE,FALSE,0.7591983641652358,FALSE,FALSE,0.2044790513326974
Zfp97,0.9927365926961977,0.02705743544493339,0.7787070392518478,0.09993305936367947,0.5058625720413628,0.3528985693680156,Zfp97,FALSE,FALSE,FALSE,FALSE,0.7591020679964694,FALSE,FALSE,0.20445301405252636
Gm45853,0.6735030233476405,0.2741987495648397,0.8730212199408633,0.18226428884297802,0.7306538867052167,0.3772786430063196,Gm45853,FALSE,FALSE,FALSE,FALSE,0.7590593766645735,FALSE,FALSE,0.20444147085009487
Zfp943,1.0637745733067954,0.02005871878534375,0.793805539566657,0.0856437643014156,0.4195866565435482,0.40608108524542064,Zfp943,TRUE,FALSE,FALSE,TRUE,0.7590555898056669,FALSE,FALSE,0.2044404469307886
Pcdha11.1,0.6329755981721362,0.3345826977092734,0.6329070172590883,0.35807286018546736,1.0105835930106855,0.23181382751726812,Pcdha11.1,FALSE,FALSE,FALSE,FALSE,0.7588220694806367,FALSE,FALSE,0.20437730595429562
Emilin2,-1.5585366323435357,0.04397390902510133,-0.516309250442415,0.4076857117850744,-0.19749775755552113,0.823618339460721,Emilin2,TRUE,FALSE,FALSE,TRUE,0.7574478801138239,FALSE,FALSE,0.20400574232917823
6720427I07Rik,0.7757535752063984,0.10425075812083279,0.8721379275493097,0.11236890046937538,0.6237848906696666,0.3323108627355814,6720427I07Rik,FALSE,FALSE,FALSE,FALSE,0.757225464475125,FALSE,FALSE,0.20394560392104205
Pemt,-0.694875413290339,0.08707483337674418,-0.6419010540380148,0.13719591813254925,-0.9332775919160872,0.10107497298267916,Pemt,FALSE,FALSE,FALSE,FALSE,0.7566846864148137,FALSE,FALSE,0.20379938429416541
Serpina3n,-0.9115810574179869,0.6161510447066899,-0.056396527678980374,0.9761870331842307,1.2995449014358635,0.46431868462418135,Serpina3n,FALSE,FALSE,FALSE,FALSE,0.755840828844277,FALSE,FALSE,0.20357121575672535
Gm26742,0.9115388861461846,0.07471629605919508,0.7977281190492023,0.14976787544998119,0.5576946085292545,0.4249032687988532,Gm26742,FALSE,FALSE,FALSE,FALSE,0.7556538712415471,FALSE,FALSE,0.20352066475823039
Magel2,0.191621431574319,0.8482815509622107,-0.9892435277761465,0.3447129251494099,1.0848600887303603,0.3171196489047632,Magel2,FALSE,FALSE,FALSE,FALSE,0.7552416826936086,FALSE,FALSE,0.20340921412791504
Cckar,-0.04266151761231529,0.977443001888163,-1.4649557106328144,0.36483117275060584,-0.7551242845751598,0.7277650765318794,Cckar,FALSE,FALSE,FALSE,FALSE,0.7542471709400965,FALSE,FALSE,0.20314031058282805
Gm43268,0.8420823944403356,0.02650489288204962,0.8558114890587084,0.0704576830990092,0.5625494608771698,0.2142264092705122,Gm43268,FALSE,FALSE,FALSE,FALSE,0.7534811147920712,FALSE,FALSE,0.202933178577387
AC129203.3,1.218600586735266,0.10118583284932328,0.6168176277551684,0.4563120314240575,0.424893975442978,0.718932160278956,AC129203.3,FALSE,FALSE,FALSE,FALSE,0.7534373966444708,FALSE,FALSE,0.2029213577368259
Gm37769,0.8645386407495519,0.22419756453739237,0.9264765395700196,0.22085503021062522,0.4688295135062074,0.6602354634851728,Gm37769,FALSE,FALSE,FALSE,FALSE,0.753281564608593,FALSE,FALSE,0.20287922270248598
Gm42991,0.7850200681352222,0.07609276074433094,1.0690485146694013,0.0704576830990092,0.40433567961875827,0.5116871337939618,Gm42991,FALSE,FALSE,FALSE,FALSE,0.7528014208077939,FALSE,FALSE,0.20274939782135165
Gm48701,0.6727427265093212,0.16513233353678466,0.7614621151175635,0.15027891097725224,0.8238551158228827,0.19645140955366874,Gm48701,FALSE,FALSE,FALSE,FALSE,0.7526866524832558,FALSE,FALSE,0.20271836590119285
Tmem161b,0.7377516683178,0.0689871520886827,0.8440270646009123,0.08525470443769087,0.6762643464003122,0.20226800695994418,Tmem161b,FALSE,FALSE,FALSE,FALSE,0.7526810264396748,FALSE,FALSE,0.2027168446893435
Snapc3,0.7869747138253267,0.022606933826155737,0.7441698535448378,0.0704576830990092,0.7260152600219056,0.08302092690990023,Snapc3,FALSE,FALSE,FALSE,FALSE,0.75238660913069,FALSE,FALSE,0.2026372379297035
Gm44321,0.6691242571201297,0.28802128493659984,0.771735038214235,0.24493135455171414,0.8156107381684039,0.3299817611746768,Gm44321,FALSE,FALSE,FALSE,FALSE,0.7521566778342562,FALSE,FALSE,0.20257506738167413
Gm11642,-0.3996088356727459,0.48202787931032864,-0.8087354976245053,0.19798223216659347,-1.0480558656987586,0.20506758982937856,Gm11642,FALSE,FALSE,FALSE,FALSE,0.7521333996653365,FALSE,FALSE,0.20256877325581438
Gm13111,-1.0183452609956236,0.2928866332113375,-0.4358271370074285,0.658573711284978,0.8020954615697999,0.4388369215401925,Gm13111,FALSE,FALSE,FALSE,FALSE,0.752089286524284,FALSE,FALSE,0.2025568456139619
F13a1,0.6685990549668556,0.41605417528475,0.8328580335059167,0.31975711304012516,0.752037071787515,0.4990025911900669,F13a1,FALSE,FALSE,FALSE,FALSE,0.7511647200867624,FALSE,FALSE,0.20230685440788512
Gm43800,0.9717023992344274,0.09040739329995418,0.7351574987346228,0.22779082598084113,0.5455198128088831,0.5009890961909084,Gm43800,FALSE,FALSE,FALSE,FALSE,0.7507932369259778,FALSE,FALSE,0.2022064100053707
Sorcs1,0.9886269068217519,0.045742495516615335,0.6071946645076585,0.22706342722971493,0.6558593679902418,0.3013952053627158,Sorcs1,FALSE,FALSE,FALSE,FALSE,0.7505603131065507,FALSE,FALSE,0.2021434303165355
A530064N14Rik,1.0940557430326254,0.060341731410532194,0.69808400103072,0.25295741035244745,0.4582677982421177,0.5834785963223479,A530064N14Rik,FALSE,FALSE,FALSE,FALSE,0.7501358474351544,FALSE,FALSE,0.20202866010552178
Gm37607,0.7682416553826324,0.0844524473672226,0.6114854089610807,0.19357019101902626,0.8700255838433525,0.1358433570426588,Gm37607,FALSE,FALSE,FALSE,FALSE,0.7499175493956886,FALSE,FALSE,0.20196963504474136
Ranbp3l,0.3365863444143351,0.7691589048650657,1.2099246231962395,0.22328056409288974,0.7016881492969633,0.6162317647096978,Ranbp3l,FALSE,FALSE,FALSE,FALSE,0.749399705635846,FALSE,FALSE,0.2018296165659943
Gm19337,0.8645190981281339,0.22627488703013818,0.7481873960258365,0.32836768753616324,0.6350255749905134,0.5366259856518361,Gm19337,FALSE,FALSE,FALSE,FALSE,0.7492440230481613,FALSE,FALSE,0.20178752194057745
Gm15916,0.72725728391999,0.36220801747601983,0.8996471670502604,0.27807676006772053,0.6178917656556308,0.5903138884319951,Gm15916,FALSE,FALSE,FALSE,FALSE,0.7482654055419604,FALSE,FALSE,0.2015229160012587
Zfp825,1.0715989241715231,0.012339119127892623,0.6622584472903941,0.07543941653821988,0.5090710429011036,0.17772869661514587,Zfp825,TRUE,FALSE,FALSE,TRUE,0.7476428047876736,FALSE,FALSE,0.20135457254085182
4933423P22Rik,0.7807383899055425,0.18142324979220312,0.8610815506941141,0.17472603777279472,0.6005630811581681,0.46186011699147894,4933423P22Rik,FALSE,FALSE,FALSE,FALSE,0.7474610072526082,FALSE,FALSE,0.20130541676014382
Ermn,0.6339184525250109,0.5512948262185753,0.9365212269121472,0.3651755561451283,0.6695320555094467,0.6428558246388795,Ermn,FALSE,FALSE,FALSE,FALSE,0.7466572449822017,FALSE,FALSE,0.20108808949060053
A630089N07Rik,0.9967169578461075,0.03652150214521399,0.8339910873879774,0.10430132864445578,0.40834485577551094,0.5136451318462426,A630089N07Rik,FALSE,FALSE,FALSE,FALSE,0.7463509670031986,FALSE,FALSE,0.20100527575406582
Tlr7,0.7404827239240891,0.2082516476010758,0.9333229898424232,0.14705924493714864,0.5636916320307441,0.4957275844541114,Tlr7,FALSE,FALSE,FALSE,FALSE,0.7458324485990855,FALSE,FALSE,0.2008650748599422
Gm28872,0.9814605102496651,0.13397705109489857,0.9492469280521292,0.18126852649776473,0.3031057804766246,0.7772761832863695,Gm28872,FALSE,FALSE,FALSE,FALSE,0.744604406259473,FALSE,FALSE,0.20053302756389713
Gm21976,-0.8406743939429244,0.2903701714664941,-0.6005378795985497,0.45629144684783185,-0.7924891280315682,0.46102443412285193,Gm21976,FALSE,FALSE,FALSE,FALSE,0.7445671338576808,FALSE,FALSE,0.20052294957241998
Gm37420,0.6836618366369651,0.2518771962076796,0.9082707427867189,0.1554219416556397,0.6411178290761084,0.4353991998636434,Gm37420,FALSE,FALSE,FALSE,FALSE,0.7443501361665975,FALSE,FALSE,0.20046427610958564
Gm15567,0.5603114670992295,0.297961183648035,0.9028828088673903,0.12892603389582047,0.7689235148597231,0.28012866486304117,Gm15567,FALSE,FALSE,FALSE,FALSE,0.7440392636087809,FALSE,FALSE,0.20038022005637973
R3hdm1,0.8222628623068244,0.015571191153496351,0.7363227130789882,0.0704576830990092,0.672896333809283,0.07133377250010331,R3hdm1,FALSE,FALSE,FALSE,FALSE,0.7438273030650319,FALSE,FALSE,0.2003229085752118
Gm13215,-0.39597860610436975,0.28766921931339423,-0.6596158917186576,0.13371534873841176,-1.1738539848655214,0.06750873220157737,Gm13215,FALSE,FALSE,FALSE,FALSE,0.7431494942295163,FALSE,FALSE,0.2001396375398341
Rrm2,1.160344278773282,0.06377768075196043,0.09823127159643875,0.9024394321892699,0.970780373149937,0.2365779149997614,Rrm2,FALSE,FALSE,FALSE,FALSE,0.7431186411732192,FALSE,FALSE,0.2001312952591263
Zic2,0.6903733954521102,0.28441153106977707,0.6931031059780391,0.30628840842591787,0.845412141366415,0.3225638205250668,Zic2,FALSE,FALSE,FALSE,FALSE,0.7429628809321881,FALSE,FALSE,0.20008917963721537
Gm33533,0.6802155821314853,0.17174330570786364,0.7561257637468731,0.16258260964865096,0.7923160909025473,0.23275281910636358,Gm33533,FALSE,FALSE,FALSE,FALSE,0.7428858122603019,FALSE,FALSE,0.20006834123182482
Gm14444,0.6857031202008017,0.29236658709644453,0.613695891988513,0.3747059219460193,0.9290498854487375,0.2770643648495277,Gm14444,FALSE,FALSE,FALSE,FALSE,0.7428162992126841,FALSE,FALSE,0.2000495457727785
Cdc73,0.9513047650470545,0.015571191153496351,0.6924081003550642,0.07556490478840473,0.5829936895728114,0.139769932359617,Cdc73,FALSE,FALSE,FALSE,FALSE,0.7422355183249767,FALSE,FALSE,0.19989250988147628
Cxcl9,1.4915176101357142,0.11016338850382798,0.45773188223088945,0.688103852813806,0.27620425452707087,0.8720893122444378,Cxcl9,FALSE,FALSE,FALSE,FALSE,0.7418179156312248,FALSE,FALSE,0.19977959533381892
Gm20559,0.8754614758447548,0.03193898438343394,0.679047397763441,0.11278448655616846,0.6707744257637263,0.1748775832390268,Gm20559,FALSE,FALSE,FALSE,FALSE,0.7417610997906406,FALSE,FALSE,0.19976423304081814
4632418H02Rik,0.8367720187583834,0.3072697918360311,0.6857827695318958,0.4400695098912832,0.7026967707239306,0.549748580608299,4632418H02Rik,FALSE,FALSE,FALSE,FALSE,0.7417505196714033,FALSE,FALSE,0.19976137230884555
Zfp934,1.0614973339760718,0.02095553687999382,0.6215784472508288,0.1417321207789322,0.5420589354571956,0.289054293552995,Zfp934,TRUE,FALSE,FALSE,TRUE,0.7417115722280321,FALSE,FALSE,0.19975084140706625
Gm45293,1.0626855727299465,0.029633515864581787,0.7590846631756378,0.1299828378951678,0.3963618733854997,0.5366259856518361,Gm45293,TRUE,FALSE,FALSE,TRUE,0.7393773697636947,FALSE,FALSE,0.19911970224214992
AC098880.1,1.2701156293838798,0.052938129424969345,0.7519119400298945,0.271968490002963,0.19577227294343935,0.862224744822196,AC098880.1,FALSE,FALSE,FALSE,FALSE,0.7392666141190712,FALSE,FALSE,0.1990897553004748
Ammecr1,0.8677281851763388,0.07940421227479234,0.893010147634941,0.11648197128551506,0.45645634793230005,0.502051873085962,Ammecr1,FALSE,FALSE,FALSE,FALSE,0.7390648935811933,FALSE,FALSE,0.19903521258887721
Rapgef5,0.8433050657809669,0.023495574798305448,0.650123601265729,0.09231187007039722,0.723337530352858,0.10331495777946066,Rapgef5,FALSE,FALSE,FALSE,FALSE,0.7389220657998513,FALSE,FALSE,0.19899659374238882
Gm32687,0.9325376978930806,0.02617545644861623,0.8011633589490561,0.08453473759992562,0.4816435357201845,0.33944826396763594,Gm32687,FALSE,FALSE,FALSE,FALSE,0.7384481975207737,FALSE,FALSE,0.19886846568387345
Gm25541,0.10575476125288462,0.8373029651543856,-0.5282405630011137,0.31175969145327015,-1.5786350734046124,0.06750873220157737,Gm25541,FALSE,FALSE,FALSE,FALSE,0.7375434658862036,FALSE,FALSE,0.1986238375605465
Gm3325,1.0423775052203257,0.022606933826155737,0.7226552567925482,0.11036521115468788,0.4467094162680678,0.40586815594732095,Gm3325,TRUE,FALSE,FALSE,TRUE,0.7372473927603139,FALSE,FALSE,0.1985437830887159
Gm9917,0.9376294826547369,0.06524126066221471,0.6989252454035524,0.19034224433215338,0.57511563864631,0.4007306822942442,Gm9917,FALSE,FALSE,FALSE,FALSE,0.7372234555681998,FALSE,FALSE,0.19853731077122325
Bclaf3,0.8840144993261263,0.037672247241829535,0.8430022062096936,0.08525470443769087,0.48444222847859963,0.36452411371933907,Bclaf3,FALSE,FALSE,FALSE,FALSE,0.7371529780048065,FALSE,FALSE,0.1985182545191693
Gm37673,0.4872556892513346,0.44848135436963804,1.1246356502221992,0.10611078446611769,0.5994457706859305,0.48460845529476526,Gm37673,FALSE,FALSE,FALSE,FALSE,0.7371123700531548,FALSE,FALSE,0.19850727463671006
Gm4787,0.7779690798643139,0.08956760605757495,0.6528816057409549,0.18184581122353816,0.7799734058541158,0.1921743674565823,Gm4787,FALSE,FALSE,FALSE,FALSE,0.7369413638197948,FALSE,FALSE,0.1984610366890739
Fsd1l,0.8171116890250074,0.022606933826155737,0.8261134507635548,0.0704576830990092,0.5673614671864966,0.16365257450141046,Fsd1l,FALSE,FALSE,FALSE,FALSE,0.7368622023250196,FALSE,FALSE,0.19843963241053794
Edar,-0.5875333024903076,0.4354018232147596,-1.4504350005845774,0.12526830437714695,-0.17197911069963412,0.8828299988786049,Edar,FALSE,FALSE,FALSE,FALSE,0.7366491379248397,FALSE,FALSE,0.19838202246039116
mt-Rnr2,0.8494138510441278,0.057866366417955666,0.7519397835175301,0.12953643428384148,0.607304243618545,0.30053928198618685,mt-Rnr2,FALSE,FALSE,FALSE,FALSE,0.7362192927267343,FALSE,FALSE,0.1982657976926084
Myh7,-1.2232778926634444,0.031513019920142014,-0.6977976843001437,0.15202031156578022,-0.28742586253123736,0.6281697940375983,Myh7,TRUE,FALSE,FALSE,TRUE,0.7361671464982752,FALSE,FALSE,0.19825169800434828
Fabp7,0.15063257400732089,0.856792465673256,-0.7824460438358091,0.37389210936173994,-1.2741626469050011,0.2942863396999911,Fabp7,FALSE,FALSE,FALSE,FALSE,0.7357470882493771,FALSE,FALSE,0.1981381195052779
Zfp595,0.866589497877281,0.03898871419318059,0.8617982100702433,0.08284060909925162,0.4785803085620257,0.3674681188904697,Zfp595,FALSE,FALSE,FALSE,FALSE,0.7356560055031833,FALSE,FALSE,0.198113491869394
Gm28187,0.9923726448997146,0.13870780595136484,0.7991536208691887,0.26838391544656215,0.4146919991552359,0.6893773649417326,Gm28187,FALSE,FALSE,FALSE,FALSE,0.7354060883080464,FALSE,FALSE,0.19804591738421254
Gm6560,-0.977203305404732,0.06146377527765138,-0.4514599182875298,0.3372576509860034,-0.7736058909544581,0.22438733303947161,Gm6560,FALSE,FALSE,FALSE,FALSE,0.7340897048822399,FALSE,FALSE,0.19768998376287214
Gm8730,-0.7239450211312723,0.04209061459922475,-0.5710204475593326,0.1156090072283418,-0.9067724682967697,0.06750873220157737,Gm8730,FALSE,FALSE,FALSE,FALSE,0.7339126456624582,FALSE,FALSE,0.19764210916338
Gm42998,0.9548928328064135,0.11414718198990942,0.6125181953632424,0.34711013538464913,0.6328656761472036,0.45481486573904134,Gm42998,FALSE,FALSE,FALSE,FALSE,0.7334255681056198,FALSE,FALSE,0.19751040948129617
Gm22009,0.6194488128681215,0.09442079513855758,0.9446532428192507,0.0704576830990092,0.635722786018003,0.20562207556279907,Gm22009,FALSE,FALSE,FALSE,FALSE,0.7332749472351251,FALSE,FALSE,0.19746968348092755
Rax,-1.0138926236444223,0.17475313356712982,-0.5723315522109376,0.4202641821075599,0.6131234938301104,0.4290238027962726,Rax,FALSE,FALSE,FALSE,FALSE,0.7331158898951567,FALSE,FALSE,0.19742667636468328
Zfp931,1.016204585222706,0.0347559481312044,0.8459247399067928,0.1028923673702547,0.33635887327208636,0.5950207078559016,Zfp931,TRUE,FALSE,FALSE,TRUE,0.732829399467195,FALSE,FALSE,0.19734921293457267
Gm45555,0.6406736181008774,0.329847488445673,0.8683860188009211,0.20504920695826262,0.6892571094288912,0.4415201143047283,Gm45555,FALSE,FALSE,FALSE,FALSE,0.7327722487768966,FALSE,FALSE,0.1973337601023953
9130015G15Rik,0.9319761090654144,0.09763670054605078,0.8628825091089598,0.15795563472905239,0.40257965841678073,0.6309539820456576,9130015G15Rik,FALSE,FALSE,FALSE,FALSE,0.732479425530385,FALSE,FALSE,0.19725458435731963
Gm27196,-0.7937833657740878,0.08183179086400892,-0.786558307644255,0.11660506728628543,-0.6152279961498288,0.27372312852219266,Gm27196,FALSE,FALSE,FALSE,FALSE,0.7318565565227239,FALSE,FALSE,0.19708616836455392
Cpeb2,0.9408614280992014,0.01071828627468486,0.6597251686936296,0.0704576830990092,0.5933480543610088,0.06750873220157737,Cpeb2,FALSE,FALSE,FALSE,FALSE,0.7313115503846133,FALSE,FALSE,0.1969388055182984
Gm24245,-0.5839741181251837,0.47446935305594995,-0.9614221737500998,0.2751346941568714,-0.647342404353908,0.5658075597474859,Gm24245,FALSE,FALSE,FALSE,FALSE,0.7309128987430639,FALSE,FALSE,0.19683101509823667
Rsf1os2,0.8045508359559219,0.25999706357642294,0.6480090546879385,0.3965666529384725,0.7379595752984388,0.45047607147183677,Rsf1os2,FALSE,FALSE,FALSE,FALSE,0.7301731553140998,FALSE,FALSE,0.19663099772307668
D930036K23Rik,0.79442537230956,0.19808877803622818,0.8789780802781428,0.18533306724967827,0.5135680243926719,0.5700228149435639,D930036K23Rik,FALSE,FALSE,FALSE,FALSE,0.7289904923267916,FALSE,FALSE,0.19631122043657678
AW146154,0.8656897298235,0.022606933826155737,0.8389815719352072,0.0704576830990092,0.47974518400905986,0.26669296121677394,AW146154,FALSE,FALSE,FALSE,FALSE,0.7281388285892557,FALSE,FALSE,0.1960809412091703
Gm43430,0.4802191860431731,0.5483461197723749,0.8054326650783838,0.3023118280387254,0.8982769953426784,0.3669246121980078,Gm43430,FALSE,FALSE,FALSE,FALSE,0.7279762821547451,FALSE,FALSE,0.19603699068538133
Gm37747,0.8246441970027079,0.1895591891879754,0.8786401854795287,0.19338259148175432,0.48011206704478293,0.6054603356050613,Gm37747,FALSE,FALSE,FALSE,FALSE,0.7277988165090065,FALSE,FALSE,0.1959890061933914
Cilp,-1.5291970993706072,0.031101643590843237,-0.15808547998434452,0.7968085012943833,-0.4945630129227414,0.5095937836321456,Cilp,TRUE,FALSE,FALSE,TRUE,0.7272818640925643,FALSE,FALSE,0.19584922872275654
Gm48114,0.722439590265446,0.5102278859632107,1.067224962666188,0.3202592810373997,0.3916022157362231,0.8199714266724727,Gm48114,FALSE,FALSE,FALSE,FALSE,0.7270889228892857,FALSE,FALSE,0.19579705983347823
Gm15697,0.8513289540893851,0.034951996629719685,0.6082153739907861,0.14050041038730837,0.7206740535746281,0.14421382044332418,Gm15697,FALSE,FALSE,FALSE,FALSE,0.7267394605515998,FALSE,FALSE,0.1957025695862325
Brwd3,0.768615144691748,0.02005871878534375,0.7929407444614212,0.0704576830990092,0.6181917007142674,0.1004081518877886,Brwd3,FALSE,FALSE,FALSE,FALSE,0.7265825299558122,FALSE,FALSE,0.1956601375150268
Gm3379,-0.6292177229524547,0.21682892851169872,-0.5056811129006215,0.3312949907923857,-1.0446750636185338,0.15547972137647564,Gm3379,FALSE,FALSE,FALSE,FALSE,0.7265246331572033,FALSE,FALSE,0.19564448294448994
Zfp942,0.9283530642974895,0.0380043780706344,0.8537127159737379,0.09127708776768337,0.39707172757916176,0.4870096011519635,Zfp942,FALSE,FALSE,FALSE,FALSE,0.726379169283463,FALSE,FALSE,0.19560515133157264
AC123705.1,0.8064817398376856,0.19432169782525202,0.8579814470967553,0.19791929434534036,0.5139445245089579,0.5728286428397761,AC123705.1,FALSE,FALSE,FALSE,FALSE,0.7261359038144662,FALSE,FALSE,0.19553937538998173
Prkcg,0.6244115121939491,0.5135569095350929,0.3937364044825044,0.7151317635426614,1.1600654786936335,0.32645087460844596,Prkcg,FALSE,FALSE,FALSE,FALSE,0.726071131790029,FALSE,FALSE,0.1955218618443327
Col23a1,-1.1804363968760154,0.08488525003316139,-0.8615441117440441,0.19822511993097694,-0.13394975910597307,0.8918518592021099,Col23a1,FALSE,FALSE,FALSE,FALSE,0.7253100892420109,FALSE,FALSE,0.19531608545365517
Ugt8a,0.6383715368616274,0.17161357499515298,0.9033499766313628,0.10381114606151486,0.6334623355140714,0.32201455206454216,Ugt8a,FALSE,FALSE,FALSE,FALSE,0.7250612830023538,FALSE,FALSE,0.19524881135694663
Tcp11,-1.0477144597424255,0.10031343436224324,-0.5399961289105084,0.36103706759131526,-0.5869965664075244,0.44797183837786314,Tcp11,FALSE,FALSE,FALSE,FALSE,0.7249023850201528,FALSE,FALSE,0.19520584732905039
Scd1,1.03642344986579,0.01071828627468486,0.6131321076819685,0.0704576830990092,0.5249689372816686,0.12049300589085365,Scd1,TRUE,FALSE,FALSE,TRUE,0.7248414982764757,FALSE,FALSE,0.19518938431474636
Myo7b,-0.6609940418443507,0.4684529028159757,-0.6464039493334404,0.49020757311778435,-0.8670999679829712,0.49381781485423365,Myo7b,FALSE,FALSE,FALSE,FALSE,0.7248326530535875,FALSE,FALSE,0.1951869926770575
mt-Tn,0.6231749962342832,0.36523140428904416,0.5508356231806721,0.45282030447178295,0.9994149058371979,0.2581186755427412,mt-Tn,FALSE,FALSE,FALSE,FALSE,0.7244751750840511,FALSE,FALSE,0.19509033510316826
Galr3,-0.8292345073738446,0.1041025178684249,-0.8335495421830316,0.13371534873841176,-0.5106032796894624,0.4218703470652219,Galr3,FALSE,FALSE,FALSE,FALSE,0.7244624430821128,FALSE,FALSE,0.19508689252901548
Klk1,-0.8661530001415354,0.10202062357472737,-0.849503718012905,0.13709244228844267,-0.4572661104542335,0.48613179870553125,Klk1,FALSE,FALSE,FALSE,FALSE,0.7243076095362246,FALSE,FALSE,0.19504502747388597
Gm15813,0.9221799489202007,0.22121639025077916,1.104179242173989,0.17502422655608488,-0.14646598307653091,0.9224419476010345,Gm15813,FALSE,FALSE,FALSE,FALSE,0.724275058056907,FALSE,FALSE,0.19503622596082648
C79130,0.9301409128917708,0.04268677241440697,0.7995278885877073,0.11025421348490946,0.4400033040341338,0.4666448581849822,C79130,FALSE,FALSE,FALSE,FALSE,0.7232240351712039,FALSE,FALSE,0.19475204251207887
CT030636.1,1.2520010201209766,0.05614965365676467,0.7627654132535715,0.26638577884244463,0.15364676800907362,0.897131930429832,CT030636.1,FALSE,FALSE,FALSE,FALSE,0.7228044004612072,FALSE,FALSE,0.1946385785326325
Rpl22-ps1,-0.7583344246743121,0.20206670177200695,-0.33299620189958296,0.5803841686813418,-1.0753821994064283,0.20071113851649608,Rpl22-ps1,FALSE,FALSE,FALSE,FALSE,0.7222376086601078,FALSE,FALSE,0.19448532511546207
Sorcs3,-0.508743308721915,0.45849242157994274,-1.103544100897587,0.16984680664744933,0.5529509840144589,0.4827749108348401,Sorcs3,FALSE,FALSE,FALSE,FALSE,0.7217461312113203,FALSE,FALSE,0.19435243575760125
Gm14411,0.9055418723281576,0.1920373918795409,0.6697380269867268,0.3733927202655453,0.5893818787515623,0.5599787778067897,Gm14411,FALSE,FALSE,FALSE,FALSE,0.721553926022149,FALSE,FALSE,0.19430046587733613
Hectd2,0.5701583589908177,0.3015979132517513,1.011470719917674,0.11278448655616846,0.5813724464448464,0.4471474922198249,Hectd2,FALSE,FALSE,FALSE,FALSE,0.7210005084511127,FALSE,FALSE,0.1941508286847745
Gm45380,-1.0399693522302764,0.05947258509512984,-0.29961661676091067,0.5389454266433528,-0.8233907249741869,0.2160746753329498,Gm45380,FALSE,FALSE,FALSE,FALSE,0.7209922313217914,FALSE,FALSE,0.194148590652484
Asphd2,-0.8681241056846822,0.03350553209965684,-0.4584241505307647,0.2193673886123099,-0.8363442662683713,0.10080419830154409,Asphd2,FALSE,FALSE,FALSE,FALSE,0.7209641741612728,FALSE,FALSE,0.1941410043470413
Dach2,0.7903981577713908,0.06637702392931645,0.875958140711997,0.08884944622614066,0.49589039416070335,0.3884793690575198,Dach2,FALSE,FALSE,FALSE,FALSE,0.7207488975480304,FALSE,FALSE,0.19408279624213878
Gm22422,-0.32012250751615756,0.5558099333947177,-0.5503745165147373,0.330789408810405,-1.2908965688882779,0.12450338916027465,Gm22422,FALSE,FALSE,FALSE,FALSE,0.7204645309730576,FALSE,FALSE,0.19400590707532464
9930004E17Rik,0.8889552986521159,0.26014781556081495,0.7623561808017145,0.3662223528404213,0.5096277790585767,0.6678866721548233,9930004E17Rik,FALSE,FALSE,FALSE,FALSE,0.7203130861708024,FALSE,FALSE,0.1939649582941085
Gm47508,0.6980497945840233,0.38378167837905824,0.6435877783697859,0.4480029463750585,0.817426660200951,0.44653217569857523,Gm47508,FALSE,FALSE,FALSE,FALSE,0.7196880777182534,FALSE,FALSE,0.19379596382219177
Gm38043,0.855136926193909,0.1576366102998766,0.7629800236656895,0.23793047504132273,0.5407013894389885,0.5351792545190366,Gm38043,FALSE,FALSE,FALSE,FALSE,0.719606113099529,FALSE,FALSE,0.19377380161398372
Gm10509,0.8969725133129045,0.035131327749946796,0.8783149586551082,0.08047062246520442,0.3831620125114661,0.4839837402451672,Gm10509,FALSE,FALSE,FALSE,FALSE,0.7194831614931596,FALSE,FALSE,0.19374055703672244
Cyr61,-1.0113050215651667,0.02300251776828198,-0.7616015159687719,0.08521930057579834,-0.38482563686585447,0.3893809453148289,Cyr61,TRUE,FALSE,FALSE,TRUE,0.7192440581332643,FALSE,FALSE,0.19367590647739924
Gm14399,0.9320527311245481,0.022606933826155737,0.8598141480159871,0.0704576830990092,0.365600558165041,0.44486998371893066,Gm14399,FALSE,FALSE,FALSE,FALSE,0.7191558124351921,FALSE,FALSE,0.19365204594385957
Gm24182,0.13796665614282116,0.8488731316952847,-0.6557056817867339,0.3807128863077853,-1.3633709924727164,0.19999072086906083,Gm24182,FALSE,FALSE,FALSE,FALSE,0.7190144434674238,FALSE,FALSE,0.1936138215423239
Abi3bp,0.8547189432261644,0.07041310714213872,0.6945001985641097,0.16883624532857525,0.6075614985634514,0.3322200240841009,Abi3bp,FALSE,FALSE,FALSE,FALSE,0.7189268801179085,FALSE,FALSE,0.1935901455073035
Gm45073,0.48600158596042553,0.5050664070231791,1.0359619762438739,0.15772600433963196,0.6339309722868322,0.5118118349290275,Gm45073,FALSE,FALSE,FALSE,FALSE,0.7186315114970439,FALSE,FALSE,0.19351028152482416
Rnf165,0.5050697133362376,0.23032196285758985,0.7326985466570572,0.12063379606556275,0.917367597635911,0.10417470393813735,Rnf165,FALSE,FALSE,FALSE,FALSE,0.7183786192097353,FALSE,FALSE,0.19344190261191313
Myct1,1.0999281831295775,0.10298579737481357,0.40788543139618716,0.6004476778296263,0.641725558738318,0.5056637664193488,Myct1,FALSE,FALSE,FALSE,FALSE,0.7165130577546942,FALSE,FALSE,0.19293747811711293
Platr25,0.9131902490979353,0.018371466261579567,0.751320276500385,0.0704576830990092,0.48364779489798604,0.2356089296903635,Platr25,FALSE,FALSE,FALSE,FALSE,0.7160527734987688,FALSE,FALSE,0.19281302300863484
Slc7a7,-0.8379358645757884,0.02300251776828198,-0.8815774277563551,0.0704576830990092,-0.4273244128320277,0.2533245106260995,Slc7a7,FALSE,FALSE,FALSE,FALSE,0.7156125683880571,FALSE,FALSE,0.1926939970499996
Gm38034,0.6813390436815907,0.37020895947806565,0.9902832859479334,0.20636785363981122,0.47440776928980677,0.6728709938105533,Gm38034,FALSE,FALSE,FALSE,FALSE,0.7153433663064436,FALSE,FALSE,0.19262120817260822
Myom3,-1.0778640563533737,0.1292574208950293,-0.5350324064387899,0.42977097504662315,-0.5328915279018223,0.5558256851021292,Myom3,FALSE,FALSE,FALSE,FALSE,0.715262663564662,FALSE,FALSE,0.19259938716014993
1700001K19Rik,-0.8725729716454771,0.11214451925129083,-0.8830763487262959,0.13849670483220658,-0.3897889487580746,0.5739108840673869,1700001K19Rik,FALSE,FALSE,FALSE,FALSE,0.7151460897099492,FALSE,FALSE,0.19256786704720402
Bbox1,0.2907305472390902,0.7409911217830032,0.6964647710966949,0.38856897548359487,1.1581953173981603,0.23732599087608175,Bbox1,FALSE,FALSE,FALSE,FALSE,0.7151302119113151,FALSE,FALSE,0.19256357388895246
Nexn,0.6194515873435071,0.23670928855615536,0.7209631663942435,0.19514328426898864,0.8047713813243751,0.24200848289713714,Nexn,FALSE,FALSE,FALSE,FALSE,0.7150620450207086,FALSE,FALSE,0.19254514241393275
Slc25a18,0.5589496500052883,0.29100372569428373,0.8757592438018988,0.13144440679314048,0.7082208095268394,0.31504231908507296,Slc25a18,FALSE,FALSE,FALSE,FALSE,0.7143099011113422,FALSE,FALSE,0.19234177210389874
Gm5796,0.4071811363135317,0.6240203386586546,1.3814821088988147,0.10381114606151486,0.3534412551203695,0.7691335184593034,Gm5796,FALSE,FALSE,FALSE,FALSE,0.7140348334442387,FALSE,FALSE,0.19226739724552053
Zfp182,0.8515138342952215,0.02300251776828198,0.694293310650512,0.08508717706951348,0.5956100806814351,0.16508470371678527,Zfp182,FALSE,FALSE,FALSE,FALSE,0.7138057418757229,FALSE,FALSE,0.1922054537494222
Gm12743,0.2908721679184789,0.7168334130351905,1.0610180380834937,0.1554219416556397,0.7879146387782734,0.40608108524542064,Gm12743,FALSE,FALSE,FALSE,FALSE,0.7132682815934154,FALSE,FALSE,0.19206013120823998
Ropn1l,-0.7382504249204138,0.10493790854221484,-1.037161196593239,0.08451455445915308,-0.3629695467096271,0.5340572342099397,Ropn1l,FALSE,FALSE,FALSE,FALSE,0.7127937227410933,FALSE,FALSE,0.1919318164273526
5330406M23Rik,0.7309021672237641,0.2744776408755106,0.8691454640263752,0.21790798383304405,0.5374849726134501,0.5804595639073211,5330406M23Rik,FALSE,FALSE,FALSE,FALSE,0.7125108679545298,FALSE,FALSE,0.19185533602922444
Zfp976,0.9123415266934067,0.02217134170835429,0.7854966379470749,0.07556490478840473,0.43969089043435616,0.32856826596063826,Zfp976,FALSE,FALSE,FALSE,FALSE,0.7125096850249459,FALSE,FALSE,0.19185501617985357
Mospd2,0.829542124689076,0.022461053174687547,0.8009432656562367,0.0704576830990092,0.5059033971956906,0.21608869411169349,Mospd2,FALSE,FALSE,FALSE,FALSE,0.7121295958470011,FALSE,FALSE,0.19175224481788863
Gm20696,0.6791542073994624,0.21870156432208357,0.9689069620448761,0.11844969898846948,0.4877235632233051,0.536826266972932,Gm20696,FALSE,FALSE,FALSE,FALSE,0.7119282442225479,FALSE,FALSE,0.19169780185586904
Kcna1,0.9613304923226923,0.08015468454025526,0.3437961185343431,0.5772514508238422,0.8300253215585639,0.2511398158114848,Kcna1,FALSE,FALSE,FALSE,FALSE,0.7117173108051997,FALSE,FALSE,0.19164076809683914
Gm2387,-0.4261793270250416,0.48822378714083814,-0.3158109760182752,0.621944005477083,-1.3929178001267863,0.13792070422122896,Gm2387,FALSE,FALSE,FALSE,FALSE,0.7116360343900343,FALSE,FALSE,0.1916187919702697
Gm26617,0.8034259190193667,0.06082076519349467,0.8132768825285113,0.09955301218514566,0.517004001207964,0.36125620350446935,Gm26617,FALSE,FALSE,FALSE,FALSE,0.7112356009186139,FALSE,FALSE,0.19151051976568675
Dclre1c,0.6344451697959532,0.05854036548285223,0.6890658943390875,0.08521930057579834,0.8101745003899254,0.07885021915255766,Dclre1c,FALSE,FALSE,FALSE,FALSE,0.711228521508322,FALSE,FALSE,0.1915086055816483
Gm44997,0.8622299387692498,0.060341731410532194,0.8206148051549192,0.11036521115468788,0.45007570058508345,0.4727987562694313,Gm44997,FALSE,FALSE,FALSE,FALSE,0.7109734815030841,FALSE,FALSE,0.19143964595265922
Slc14a1,-0.5278284709431844,0.5793153429468575,-0.7111373243336563,0.4745117963070199,-0.8931804001579664,0.5001694182960992,Slc14a1,FALSE,FALSE,FALSE,FALSE,0.710715398478269,FALSE,FALSE,0.1913698635292193
Gm6392,-0.8790671833525674,0.07429433920655693,-0.29604166408413135,0.5142870529781167,-0.956884761794875,0.13846274326631194,Gm6392,FALSE,FALSE,FALSE,FALSE,0.7106645364105246,FALSE,FALSE,0.19135611106196226
Tnfrsf11a,0.6789459180983449,0.16046588725983216,0.5459084361966524,0.2898565569205746,0.9070810365755299,0.15354853148377495,Tnfrsf11a,FALSE,FALSE,FALSE,FALSE,0.7106451302901757,FALSE,FALSE,0.19135086388962894
Nat1,1.0303592741680982,0.016531461885642206,0.5231254331398225,0.15531856130438151,0.577465946285646,0.19584120125155932,Nat1,TRUE,FALSE,FALSE,TRUE,0.7103168845311889,FALSE,FALSE,0.19126211034002066
Scml2,0.8074373226621162,0.11453478013692535,0.6837837303754444,0.21069000111570735,0.6377252058543467,0.3600588809012681,Scml2,FALSE,FALSE,FALSE,FALSE,0.7096487529639691,FALSE,FALSE,0.19108145591700812
Zfp52,0.8057154017963493,0.08661669817412042,1.0432676252522741,0.08414847600606047,0.27927900279788975,0.6832347879350369,Zfp52,FALSE,FALSE,FALSE,FALSE,0.7094206766155043,FALSE,FALSE,0.19101978692371963
Tia1,0.738804325346412,0.02402884468577471,0.7111223037983088,0.0704576830990092,0.6780211493979147,0.09610154956615466,Tia1,FALSE,FALSE,FALSE,FALSE,0.7093159261808785,FALSE,FALSE,0.19099146371575265
9430078K24Rik,-0.7708227509460179,0.1445029871183416,-0.893189513155578,0.13687665003209518,-0.46100318419214026,0.5039994923487308,9430078K24Rik,FALSE,FALSE,FALSE,FALSE,0.7083384827645788,FALSE,FALSE,0.1907271752356651
Eif4a-ps4,-0.9269823339670742,0.05680961022878276,-0.631427623006931,0.17717220683216114,-0.5662869692154384,0.32384814019543645,Eif4a-ps4,FALSE,FALSE,FALSE,FALSE,0.7082323087298146,FALSE,FALSE,0.19069846710401814
Neto2,0.5778937676123261,0.22121639025077916,0.9169297159371537,0.10095931193905984,0.6282597810551867,0.32856826596063826,Neto2,FALSE,FALSE,FALSE,FALSE,0.7076944215348888,FALSE,FALSE,0.19055302913100108
9330136K24Rik,0.7487502864462523,0.16268950652824368,0.6685783175938547,0.24198579753127017,0.7056289388261614,0.32856826596063826,9330136K24Rik,FALSE,FALSE,FALSE,FALSE,0.7076525142887561,FALSE,FALSE,0.19054169793555756
Trmt13,0.727926121155674,0.09993869168979687,0.6959552834651879,0.14950553527659238,0.6983293121270484,0.23008422447598412,Trmt13,FALSE,FALSE,FALSE,FALSE,0.7074035722493034,FALSE,FALSE,0.190474387120282
D830024N08Rik,0.623459530570083,0.48389110256756934,0.5851069110830137,0.5351557085336988,0.9127106039216093,0.43227342956607867,D830024N08Rik,FALSE,FALSE,FALSE,FALSE,0.707092348524902,FALSE,FALSE,0.1903902361160217
Gm8281,0.49209782800863744,0.4318270873481641,1.2323074599508617,0.08562379375326967,0.39578069067587984,0.6584553147640052,Gm8281,FALSE,FALSE,FALSE,FALSE,0.7067286595451263,FALSE,FALSE,0.19029189916261177
Gm14322,1.1066145436072978,0.023495574798305448,0.6197952097711972,0.1846518904164374,0.3926779985930462,0.5212893631595337,Gm14322,TRUE,FALSE,FALSE,TRUE,0.7063625839905138,FALSE,FALSE,0.19019291690920215
Gm26860,0.521920023391971,0.5199925054929729,1.026613990959507,0.1991512789425287,0.5689461348095952,0.6112742687111031,Gm26860,FALSE,FALSE,FALSE,FALSE,0.7058267163870243,FALSE,FALSE,0.19004802500846119
Gm15594,0.6271221496179857,0.3988747896549236,0.8773262030865124,0.25059213224598464,0.6120475922199149,0.5561186750210293,Gm15594,FALSE,FALSE,FALSE,FALSE,0.7054986483081377,FALSE,FALSE,0.18995931950133071
Col13a1,-1.0423666917938852,0.123367812104716,-0.8898925844376877,0.1996295453426815,0.18299429184523053,0.8513275863241275,Col13a1,FALSE,FALSE,FALSE,FALSE,0.7050845226922678,FALSE,FALSE,0.18984734511206336
Gm25856,0.5648347440263823,0.35637015126262794,0.756161137328502,0.23555213896371915,0.794065609144227,0.3248219619173585,Gm25856,FALSE,FALSE,FALSE,FALSE,0.7050204968330371,FALSE,FALSE,0.18983003332015785
Htr2b,0.9087162345636177,0.04387869027105032,0.9320052357189568,0.08284060909925162,0.27425982395600074,0.6666122328750366,Htr2b,FALSE,FALSE,FALSE,FALSE,0.7049937647461917,FALSE,FALSE,0.1898228052980707
Gm16794,0.6046845871410038,0.18592650886919954,0.919685253931652,0.09085111530551959,0.5872868715367914,0.33985936450499615,Gm16794,FALSE,FALSE,FALSE,FALSE,0.7038855708698157,FALSE,FALSE,0.18952316352817827
Gm37163,0.6342345128603241,0.46141933848147676,1.0927091225116476,0.20237179998035418,0.3843658213433523,0.7682625716248735,Gm37163,FALSE,FALSE,FALSE,FALSE,0.703769818905108,FALSE,FALSE,0.18949186564401474
4930429F24Rik,0.8308495552154219,0.04777427900190711,0.7056095018039316,0.12061995108359509,0.5741994036572412,0.28315990045604944,4930429F24Rik,FALSE,FALSE,FALSE,FALSE,0.7035528202255316,FALSE,FALSE,0.18943319191390423
5330434G04Rik,0.6423489587994489,0.03922583536852753,0.8101148815839148,0.0704576830990092,0.657965143867643,0.1004872510865911,5330434G04Rik,FALSE,FALSE,FALSE,FALSE,0.7034763280836689,FALSE,FALSE,0.18941250939502446
Map4k1,-0.233967862630709,0.8311315414206716,-1.2138502455808697,0.2751081779508651,0.661882447863296,0.5869831066754727,Map4k1,FALSE,FALSE,FALSE,FALSE,0.7032335186916249,FALSE,FALSE,0.18934685677093985
Gm20125,1.0158924256301176,0.03931643433684292,0.6713788626347961,0.1814478730345037,0.4222223774527871,0.5225787173452385,Gm20125,TRUE,FALSE,FALSE,TRUE,0.7031645552392336,FALSE,FALSE,0.18932820991557192
E2f7,0.9245412594178315,0.11463941489504895,0.7727765434504154,0.2167118482980791,0.41087205406783184,0.6388746135393064,E2f7,FALSE,FALSE,FALSE,FALSE,0.7027299523120263,FALSE,FALSE,0.18921069871731958
Fkbp1b,-0.7725869603980102,0.10316382268442562,-0.4557388620451139,0.3183938602773265,-0.8790223180944559,0.16444879063876605,Fkbp1b,FALSE,FALSE,FALSE,FALSE,0.7024493801791933,FALSE,FALSE,0.18913483552022317
Guf1,0.8176872914012163,0.02300251776828198,0.7162507791422517,0.07556490478840473,0.5722649645669611,0.162978954396471,Guf1,FALSE,FALSE,FALSE,FALSE,0.7020676783701431,FALSE,FALSE,0.18903162812296792
Ecel1,-0.8894739331681336,0.021218439507966206,-0.4836915422331076,0.16138574818528084,-0.7326223926846254,0.10087235572291178,Ecel1,FALSE,FALSE,FALSE,FALSE,0.7019292893619555,FALSE,FALSE,0.1889942094652484
Rasgrf2,1.0778407894039819,0.42216437409888596,-0.18498595671601537,0.9219914283101122,0.8426674040334665,0.6727535718514339,Rasgrf2,FALSE,FALSE,FALSE,FALSE,0.7018313833844879,FALSE,FALSE,0.18896773691292987
Ccdc88a,0.7727150326398853,0.019435742666429615,0.772633494715592,0.0704576830990092,0.5600055446125838,0.12595684420104247,Ccdc88a,FALSE,FALSE,FALSE,FALSE,0.7017846906560203,FALSE,FALSE,0.18895511178288954
Zfp758,0.9564258659708145,0.03636194355613853,0.832098805481051,0.09810857477889888,0.31580213418888103,0.5950207078559016,Zfp758,FALSE,FALSE,FALSE,FALSE,0.7014422685469155,FALSE,FALSE,0.1888625251254375
Inka2,-0.651105903040265,0.07621474339418477,-0.7599390681484239,0.08932363389894,-0.692497384553806,0.15243957447663298,Inka2,FALSE,FALSE,FALSE,FALSE,0.7011807852474984,FALSE,FALSE,0.18879182331025432
Gm8129,-0.24271661360273172,0.6404746206840406,-0.9967608563107204,0.11601268445501388,-0.8630153945002659,0.23257259946406966,Gm8129,FALSE,FALSE,FALSE,FALSE,0.7008309548045727,FALSE,FALSE,0.1886972335319537
Zfp975,0.8940468545549383,0.02300251776828198,0.7266478496959969,0.08521930057579834,0.481720586238513,0.28655887239452893,Zfp975,FALSE,FALSE,FALSE,FALSE,0.7008050968298161,FALSE,FALSE,0.1886902418588475
Gm37581,1.182257528877754,0.13715592023351678,0.5857211382878561,0.5160626214823194,0.33340922847821886,0.8034181599254954,Gm37581,FALSE,FALSE,FALSE,FALSE,0.7004626318812763,FALSE,FALSE,0.18859764361814782
Pvr,-0.7444133004206503,0.08662210331807084,-0.49361797713876676,0.24969698227171197,-0.8628992765695092,0.13846274326631194,Pvr,FALSE,FALSE,FALSE,FALSE,0.7003101847096421,FALSE,FALSE,0.18855642380878293
Zup1,0.6629985338003204,0.0294685758210866,0.7784160750242446,0.0704576830990092,0.6592513823746788,0.09008220479816638,Zup1,FALSE,FALSE,FALSE,FALSE,0.7002219970664146,FALSE,FALSE,0.18853257897254747
Gm20045,0.4236369115705293,0.40022187660802216,0.7870619711319043,0.1399396119008919,0.8886234957845766,0.16186196646434675,Gm20045,FALSE,FALSE,FALSE,FALSE,0.6997741261623367,FALSE,FALSE,0.18841148027922125
Gm6745,-0.45596777882266004,0.4124100391847653,-0.43544502807175045,0.452770310186716,-1.2051372280141188,0.1490594263882202,Gm6745,FALSE,FALSE,FALSE,FALSE,0.6988500116361764,FALSE,FALSE,0.18816161126432696
1700016P03Rik,-0.7587953358818125,0.29046965147789133,-0.27017392168827914,0.7158424373709886,-1.0665047466825477,0.289054293552995,1700016P03Rik,FALSE,FALSE,FALSE,FALSE,0.6984913347508798,FALSE,FALSE,0.18806462951860456
Csrnp1,-0.8043635504828748,0.018371466261579567,-0.5415354077540195,0.08521930057579834,-0.7480755506329433,0.06168330440327292,Csrnp1,FALSE,FALSE,FALSE,FALSE,0.6979915029566125,FALSE,FALSE,0.1879294812501693
Gm43788,0.8220862778492364,0.21682892851169872,0.7849601470229841,0.26857086466970703,0.485067592190168,0.6251741968610248,Gm43788,FALSE,FALSE,FALSE,FALSE,0.6973713390207962,FALSE,FALSE,0.18776179667501253
AU041133,0.9270340535512371,0.023478178854300733,0.7074248360014357,0.09504062435080558,0.4563492315990807,0.33985936450499615,AU041133,FALSE,FALSE,FALSE,FALSE,0.6969360403839179,FALSE,FALSE,0.1876440973655627
Mlph,0.7309978903933035,0.16460749183934817,0.6927233154331599,0.21574362203520786,0.665755432030335,0.3528985693680156,Mlph,FALSE,FALSE,FALSE,FALSE,0.6964922126189328,FALSE,FALSE,0.18752409188650118
Wdr44,0.8008397750636336,0.025153054687407857,0.7842217093289889,0.0704576830990092,0.5043140530469179,0.23008422447598412,Wdr44,FALSE,FALSE,FALSE,FALSE,0.6964585124798468,FALSE,FALSE,0.18751497979020051
4930519A11Rik,-0.32211572015002576,0.6750456467219562,-0.96752534586998,0.2451446698311445,-0.7974206325402877,0.44654042587227366,4930519A11Rik,FALSE,FALSE,FALSE,FALSE,0.6956872328534311,FALSE,FALSE,0.1873064354215049
Gm48063,0.5781768520648327,0.3114495504019246,0.7568162804317324,0.20448633021290497,0.7518526103096252,0.3182093175706225,Gm48063,FALSE,FALSE,FALSE,FALSE,0.6956152476020635,FALSE,FALSE,0.1872869715094713
Gm11942,-0.5600569921256238,0.3577340520487644,-0.7556568251100567,0.25242011081820465,-0.7705044247515145,0.36350235186088925,Gm11942,FALSE,FALSE,FALSE,FALSE,0.6954060806623983,FALSE,FALSE,0.18723041538392293
Gm14634,0.23298511890663187,0.8229289017841604,0.8499325804953701,0.3522000361301245,1.0028152634337077,0.3893809453148289,Gm14634,FALSE,FALSE,FALSE,FALSE,0.6952443209452366,FALSE,FALSE,0.1871866775786698
Gm38357,0.5125313839111234,0.4089013846350351,0.859619272119899,0.17995212463848295,0.713082513926699,0.37725262627817446,Gm38357,FALSE,FALSE,FALSE,FALSE,0.6950777233192404,FALSE,FALSE,0.18714163166334982
Dcdc5,-0.20190109367209352,0.8476941275961836,0.8644823740913792,0.3184189296125935,1.0187452878839633,0.35432183742196827,Dcdc5,FALSE,FALSE,FALSE,FALSE,0.6950429185491453,FALSE,FALSE,0.18713222088863402
Gm37285,0.49600688424692235,0.3780402149202367,0.9523213489500173,0.12170321781334313,0.6362475853708658,0.3979923456886011,Gm37285,FALSE,FALSE,FALSE,FALSE,0.6948586061892685,FALSE,FALSE,0.18708238513073655
Ciart,-1.1226983664580585,0.083491877643618,-0.5867491202903464,0.32383939875421563,0.37501063832142667,0.5887222143874582,Ciart,FALSE,FALSE,FALSE,FALSE,0.6948193750232772,FALSE,FALSE,0.18707177751390777
mt-Nd6,0.7818720048253418,0.03258451709199678,0.6953610859566401,0.09008391513403423,0.6070499687632562,0.1763939604759524,mt-Nd6,FALSE,FALSE,FALSE,FALSE,0.6947610198484128,FALSE,FALSE,0.18705599900416187
Rpl38-ps2,-0.8252281607862417,0.05778265779824198,-0.35504655181969014,0.3640127020196243,-0.9029047031185089,0.11686350783105566,Rpl38-ps2,FALSE,FALSE,FALSE,FALSE,0.6943931385748136,FALSE,FALSE,0.18695652850691274
Zfp229,0.923421220313676,0.014455723425594891,0.7428236568991267,0.0704576830990092,0.4148923612888282,0.23857629239840125,Zfp229,FALSE,FALSE,FALSE,FALSE,0.693712412833877,FALSE,FALSE,0.18677246877677542
Gm44443,-0.29211666127442726,0.7254713141701923,0.959636513634439,0.17829257344443608,0.8291636468251166,0.3545189747533607,Gm44443,FALSE,FALSE,FALSE,FALSE,0.6936389405779942,FALSE,FALSE,0.186752602797311
Slc16a8,0.7589092470086154,0.3508970750522245,0.6435517582084214,0.4596511487589347,0.6770633687093478,0.554775787076455,Slc16a8,FALSE,FALSE,FALSE,FALSE,0.6931747913087949,FALSE,FALSE,0.1866271026375628
Mndal,0.8831061212699748,0.09538646781898426,0.6032039742483868,0.28374820564729275,0.5930612398785011,0.4148285195666768,Mndal,FALSE,FALSE,FALSE,FALSE,0.6931237784656209,FALSE,FALSE,0.18661330940251453
Pou6f2,1.0212732175398138,0.08575066174897954,0.660425449420337,0.29588738892291083,0.39561581517671995,0.6577656820609833,Pou6f2,FALSE,FALSE,FALSE,FALSE,0.6924381607122903,FALSE,FALSE,0.18642792693338422
Cwc25,-0.7756868249473499,0.022606933826155737,-0.5327879788931265,0.10195650914669147,-0.7676554377033398,0.06750873220157737,Cwc25,FALSE,FALSE,FALSE,FALSE,0.6920434138479387,FALSE,FALSE,0.18632119231626051
Gm3227,0.8557071684379405,0.135682574131129,0.5315353811260457,0.3934887102055304,0.688646115164351,0.3816241290350389,Gm3227,FALSE,FALSE,FALSE,FALSE,0.6919628882427791,FALSE,FALSE,0.18629941919933032
Comtd1,-0.6307705592510954,0.13261663272146756,-0.4928851774019529,0.24547939059756288,-0.9512782909741232,0.12049300589085365,Comtd1,FALSE,FALSE,FALSE,FALSE,0.6916446758757239,FALSE,FALSE,0.18621337855346617
Gpr176,-0.7494120976485679,0.18114939019181056,-0.9688134424490764,0.13466087662941184,-0.3561918325554114,0.6332362946481129,Gpr176,FALSE,FALSE,FALSE,FALSE,0.6914724575510186,FALSE,FALSE,0.18616681287148337
Zfp781,0.8724181246235756,0.0340314453499057,0.8541571251454472,0.07841165907201418,0.3472851593176651,0.5146808573359559,Zfp781,FALSE,FALSE,FALSE,FALSE,0.691286803028896,FALSE,FALSE,0.18611661420969391
Gm13315,0.8503805004273672,0.16515739838780052,0.7747857429200601,0.2370386758266454,0.44842647615449027,0.6237560045259619,Gm13315,FALSE,FALSE,FALSE,FALSE,0.6911975731673059,FALSE,FALSE,0.18609248757064267
Gm42568,0.8559169817267571,0.30710768232184776,1.1333208029205355,0.19803605539449065,0.08247165796029154,0.9625254956400278,Gm42568,FALSE,FALSE,FALSE,FALSE,0.690569814202528,FALSE,FALSE,0.18592274939460526
Gm28529,0.7677244774008506,0.3188477876660409,0.54781177480267,0.5164389195196394,0.7561489666935188,0.4794091216131907,Gm28529,FALSE,FALSE,FALSE,FALSE,0.6905617396323465,FALSE,FALSE,0.18592056613177382
Gm38257,0.5781234521486849,0.34269495572697156,0.9252108286696707,0.15345187967322974,0.5649718512979391,0.5023491191058883,Gm38257,FALSE,FALSE,FALSE,FALSE,0.6894353773720983,FALSE,FALSE,0.18561601185801757
Gm24993,1.0250715923356795,0.12698918626437802,0.7169146070727017,0.32357680721244625,0.32533611908516935,0.764859614320739,Gm24993,FALSE,FALSE,FALSE,FALSE,0.6891074394978501,FALSE,FALSE,0.1855273415565936
Zfp677,0.9352638139376657,0.019127678927429646,0.846536725403789,0.0704576830990092,0.28549301839609953,0.52681363362745115,Zfp677,FALSE,FALSE,FALSE,FALSE,0.6890978525791848,FALSE,FALSE,0.185524749373639
4930594M22Rik,0.5997797689420505,0.45660103898677545,0.8588712011667241,0.291521853931887,0.6078358933078467,0.5877431975833438,4930594M22Rik,FALSE,FALSE,FALSE,FALSE,0.6888289544722072,FALSE,FALSE,0.18545204268718898
9530053A07Rik,-0.6207712882851868,0.3135759792559651,-1.2359753396600563,0.11278448655616846,-0.20930332928829293,0.8172120753385824,9530053A07Rik,FALSE,FALSE,FALSE,FALSE,0.6886833190778454,FALSE,FALSE,0.18541266469723994
Gm22000,1.3270626366059157,0.04481589037378011,0.16816452071439242,0.836355244475692,0.5699192918986873,0.5374640967791049,Gm22000,TRUE,FALSE,FALSE,TRUE,0.6883821497396652,FALSE,FALSE,0.18533123227331716
Gm17491,0.7161056873784131,0.1347274504868778,1.0180600590668127,0.08453473759992562,0.3302540518834139,0.6424326940104498,Gm17491,FALSE,FALSE,FALSE,FALSE,0.6881399327762132,FALSE,FALSE,0.1852657398345175
Zfp40,0.8614950030846105,0.017823060973944406,0.6900771244083987,0.07177798693527772,0.5127257169869681,0.17772869661514587,Zfp40,FALSE,FALSE,FALSE,FALSE,0.6880992814933258,FALSE,FALSE,0.18525474823583388
4931403G20Rik,1.1047723729132002,0.17619079957417808,0.5015474825289623,0.6010833535480513,0.4574577970738181,0.7274065720446323,4931403G20Rik,FALSE,FALSE,FALSE,FALSE,0.6879258841719935,FALSE,FALSE,0.18520786376790258
4930444F02Rik,0.994113873877656,0.15560372959767968,0.7066514733462725,0.3485911360957191,0.362437391859639,0.7462877672702384,4930444F02Rik,FALSE,FALSE,FALSE,FALSE,0.6877342463611892,FALSE,FALSE,0.1851560472996547
Gm14305,1.04469493059637,0.025108797127996386,0.7423734991527087,0.11601268445501388,0.2760786515076492,0.645502426770379,Gm14305,TRUE,FALSE,FALSE,TRUE,0.6877156937522426,FALSE,FALSE,0.18515103090613425
4933440N22Rik,0.6602466375032155,0.20360872054817314,0.6114933842845838,0.26828455600818285,0.7907135799902516,0.2533245106260995,4933440N22Rik,FALSE,FALSE,FALSE,FALSE,0.6874845339260169,FALSE,FALSE,0.1850885281790078
Acr,-0.7927852071572971,0.4244644230407527,0.5300052049032549,0.5714365199595265,0.7380992017754893,0.5313080892136965,Acr,FALSE,FALSE,FALSE,FALSE,0.6869632046120138,FALSE,FALSE,0.18494756724999098
Gm44187,0.7449210876998577,0.151301992623108,0.5777891119123899,0.2978691346101768,0.7359557491928367,0.29051836872056874,Gm44187,FALSE,FALSE,FALSE,FALSE,0.6862219829350281,FALSE,FALSE,0.18474715017504653
Rnf128,1.0097152605746889,0.02005871878534375,0.698768523282423,0.09790612148824558,0.3500464827523313,0.4667299066920514,Rnf128,TRUE,FALSE,FALSE,TRUE,0.686176755536481,FALSE,FALSE,0.18473492125189767
5430403G16Rik,0.9175040769838061,0.018371466261579567,0.7185519629275983,0.07556490478840473,0.42159546511562374,0.31050477581869357,5430403G16Rik,FALSE,FALSE,FALSE,FALSE,0.6858838350090094,FALSE,FALSE,0.18465571920326654
Mir3070a,0.8579700242650911,0.132016238184448,0.7028580068397687,0.24969698227171197,0.49130969034241845,0.5528848154672296,Mir3070a,FALSE,FALSE,FALSE,FALSE,0.6840459071490927,FALSE,FALSE,0.18415876648712176
Far2,0.8903143136183711,0.11340103044404656,0.6571352433832441,0.2746149348402845,0.5041387448075376,0.5341778600841011,Far2,FALSE,FALSE,FALSE,FALSE,0.6838627672697176,FALSE,FALSE,0.184109247753294
Gm15787,0.6691937552628311,0.3309111550444132,0.6953664010437522,0.3367920552441084,0.6863327984368115,0.46654021036801535,Gm15787,FALSE,FALSE,FALSE,FALSE,0.683630984914465,FALSE,FALSE,0.1840465767021013
Gm38394,0.7927176470520063,0.04190476013600385,0.6607886188356287,0.1156090072283418,0.5970294656404191,0.22166325430344627,Gm38394,FALSE,FALSE,FALSE,FALSE,0.6835119105093513,FALSE,FALSE,0.1840143804715881
Bc1,0.9318335598210243,0.04459643639216172,0.6971099518135393,0.14976787544998119,0.4203078661033022,0.48460845529476526,Bc1,FALSE,FALSE,FALSE,FALSE,0.6830837925792886,FALSE,FALSE,0.18389862273549035
1110017D15Rik,-0.7626801511268726,0.14262996466358763,-0.6423315778181258,0.22722335533962962,-0.6440258734524571,0.3386720962795179,1110017D15Rik,FALSE,FALSE,FALSE,FALSE,0.6830125341324852,FALSE,FALSE,0.18387935534232464
Fos,-0.6756688210208734,0.43878525350287145,0.41278903328024974,0.660679386193159,0.9588509558482166,0.4079328763294979,Fos,FALSE,FALSE,FALSE,FALSE,0.6824362700497799,FALSE,FALSE,0.18372354073862737
Gm47586,0.7696527858137701,0.09107692975743178,1.1457987848483808,0.0704576830990092,0.1303815722274461,0.8685662314054673,Gm47586,FALSE,FALSE,FALSE,FALSE,0.681944380963199,FALSE,FALSE,0.18359054007905337
Krt90,-1.2682995805588406,0.11449567217573732,-0.5056954587060545,0.49854193069188624,-0.2717605570606022,0.7948967063430551,Krt90,FALSE,FALSE,FALSE,FALSE,0.6819185321084991,FALSE,FALSE,0.18358355087189648
Arhgap11a,0.7808209569911891,0.1242974819969247,0.3220702502274141,0.5767667496213936,0.941863549955504,0.16143455905561702,Arhgap11a,FALSE,FALSE,FALSE,FALSE,0.6815849190580358,FALSE,FALSE,0.18349334607377313
Col9a3,-1.0328179614653166,0.12808874608982304,-0.8469196824119442,0.21131351596952883,0.16383485470198544,0.8525140246949218,Col9a3,FALSE,FALSE,FALSE,FALSE,0.6811908328597487,FALSE,FALSE,0.18338679009249387
Ifi204,0.9216179254344978,0.06684931264780973,0.5839118443887927,0.2651945496306768,0.5373534217017681,0.43126307357474863,Ifi204,FALSE,FALSE,FALSE,FALSE,0.6809610638416862,FALSE,FALSE,0.18332466342250733
Stpg2,0.7637726058151377,0.051599030668579356,0.6802173522374486,0.11432686890313623,0.598683209046597,0.23115471831081705,Stpg2,FALSE,FALSE,FALSE,FALSE,0.6808910556997277,FALSE,FALSE,0.18330573409614082
Nox4,0.7129238871898957,0.24826256947121286,0.5311756031455959,0.4258668124872281,0.7973389962589249,0.33497893754269653,Nox4,FALSE,FALSE,FALSE,FALSE,0.6804794955314721,FALSE,FALSE,0.18319445337183593
Slc35f4,-0.7712252348788518,0.13261663272146756,-0.6127958036199714,0.23927391231999356,-0.6556853804515959,0.32405164048405954,Slc35f4,FALSE,FALSE,FALSE,FALSE,0.6799021396501397,FALSE,FALSE,0.1830383435594392
Ccnjl,-1.0551815006863954,0.09146020024389868,-0.7828708495113769,0.20174334097102042,-0.20146500191081984,0.8036409510142775,Ccnjl,FALSE,FALSE,FALSE,FALSE,0.6798391173695307,FALSE,FALSE,0.1830213031226466
Gm47585,0.6989705382114513,0.3118169820283934,0.6007329406391109,0.4178293789786641,0.739727214379916,0.43208725836388395,Gm47585,FALSE,FALSE,FALSE,FALSE,0.679810231076826,FALSE,FALSE,0.18301349263022632
Phyhd1,0.9820429283331719,0.1503826235747953,0.2589731621252349,0.759304582770528,0.797204424453245,0.3988895783392521,Phyhd1,FALSE,FALSE,FALSE,FALSE,0.6794068383038839,FALSE,FALSE,0.18290442026750808
Kcnh7,0.8501768606681686,0.02734049331395135,0.5537156372743337,0.14681264409043102,0.6332131889807404,0.16732403498244977,Kcnh7,FALSE,FALSE,FALSE,FALSE,0.6790352289744143,FALSE,FALSE,0.18280394175055853
Gm32856,0.7881264474214889,0.05927240514791248,0.8908846033178741,0.08120675934582743,0.3565566584963662,0.5374640967791049,Gm32856,FALSE,FALSE,FALSE,FALSE,0.678522569745243,FALSE,FALSE,0.18266532510408967
Gm3604,0.8651954085054707,0.07244012613995539,0.7162607394293814,0.1647341916277649,0.45387300958040866,0.4935555686818916,Gm3604,FALSE,FALSE,FALSE,FALSE,0.678443052505087,FALSE,FALSE,0.18264382463645015
Gm43597,0.7683291080659851,0.08698488267465143,0.5734200841170579,0.22534929449217553,0.6930782975299637,0.23811993020171965,Gm43597,FALSE,FALSE,FALSE,FALSE,0.6782758299043355,FALSE,FALSE,0.18259860973576958
Glmn,0.7751621902700467,0.02724807363047442,0.7819503122837164,0.0704576830990092,0.4773298007268587,0.25358425481780605,Glmn,FALSE,FALSE,FALSE,FALSE,0.678147434426874,FALSE,FALSE,0.1825638932038225
Rn7s1,-0.34469960120014154,0.5558024179175302,-0.7710502195698758,0.211416070898116,-0.9183361157147321,0.24128136173300901,Rn7s1,FALSE,FALSE,FALSE,FALSE,0.6780286454949165,FALSE,FALSE,0.18253177416168181
Gm45871,0.9180281484243205,0.023781062591481793,0.7608040113734758,0.08521930057579834,0.3525747585961767,0.4698814870991618,Gm45871,FALSE,FALSE,FALSE,FALSE,0.6771356394646576,FALSE,FALSE,0.1822903164951709
Gm30648,0.4642844721260678,0.4001306433748921,0.6682009315840693,0.23777252284805545,0.8984482809617242,0.20023375654654177,Gm30648,FALSE,FALSE,FALSE,FALSE,0.6769778948906204,FALSE,FALSE,0.18224766433442266
Icam5,-0.8994184142046602,0.14974126184683947,-0.6301502886962895,0.3062884100819095,-0.49998733086147684,0.5314047704336977,Icam5,FALSE,FALSE,FALSE,FALSE,0.6765186779208089,FALSE,FALSE,0.1821234978067669
Arhgap15,0.9503438783543743,0.034951996629719685,0.6462965678135535,0.1564280205671835,0.43224203627095226,0.45644281969287154,Arhgap15,FALSE,FALSE,FALSE,FALSE,0.67629416081296,FALSE,FALSE,0.18206279118764448
Prlr,0.8685743698731434,0.01071828627468486,0.6416722408927074,0.0704576830990092,0.5182177311552474,0.0899475958867595,Prlr,FALSE,FALSE,FALSE,FALSE,0.676154780640366,FALSE,FALSE,0.18202510453146067
Phlda1,0.6360146654612018,0.20044685659400677,0.958894488681364,0.09823363270202554,0.43166317198781745,0.542651867324677,Phlda1,FALSE,FALSE,FALSE,FALSE,0.6755241087101277,FALSE,FALSE,0.1818545787259797
4930555F03Rik,0.8669569821658608,0.17564126362903243,0.7953267398603241,0.2461248894090577,0.3638029863547738,0.7174920010603905,4930555F03Rik,FALSE,FALSE,FALSE,FALSE,0.6753622361269862,FALSE,FALSE,0.18181081040317668
1700056N10Rik,1.1093537242040628,0.05808896069237134,-0.16135181042103985,0.8312393428559643,0.7541277891694651,0.3298543303798734,1700056N10Rik,FALSE,FALSE,FALSE,FALSE,0.6749444412648559,FALSE,FALSE,0.18169784389559218
Sclt1,0.7209068568177557,0.044090152498948126,0.80119585303237,0.07424451517651934,0.5026981822203647,0.26511467938957856,Sclt1,FALSE,FALSE,FALSE,FALSE,0.6749336306901634,FALSE,FALSE,0.18169492085134564
2810428J06Rik,0.8365816952110804,0.15753552857137867,0.5075563064209191,0.433957251153766,0.679733164885292,0.40608108524542064,2810428J06Rik,FALSE,FALSE,FALSE,FALSE,0.6746237221724305,FALSE,FALSE,0.1816111254625262
Gm15893,0.4635953601196876,0.48322350027410593,0.9502828097626863,0.15518880905879467,0.6097728263776143,0.4802106124009183,Gm15893,FALSE,FALSE,FALSE,FALSE,0.6745503320866627,FALSE,FALSE,0.1815912817008336
Gm26788,0.2297307532397791,0.6480028328995561,0.7350884398756904,0.13849670483220658,1.0577710090762769,0.08932465111277789,Gm26788,FALSE,FALSE,FALSE,FALSE,0.6741967340639154,FALSE,FALSE,0.18149567321605029
Gm31305,0.5682099449017465,0.25871213845515273,0.8976970846814787,0.1136876774354766,0.555346783750029,0.4203354653610545,Gm31305,FALSE,FALSE,FALSE,FALSE,0.6737512711110847,FALSE,FALSE,0.18137522560263789
Gm17300,-0.399196372324071,0.30343357521132014,-0.300648179142875,0.4592471291530924,-1.320089658348877,0.061721686755493096,Gm17300,FALSE,FALSE,FALSE,FALSE,0.6733114032719411,FALSE,FALSE,0.1812562908380182
Gm44437,1.1022692117219006,0.03298181707236668,0.27550939795808993,0.6162226702872411,0.6415578465036325,0.3211521480934967,Gm44437,TRUE,FALSE,FALSE,TRUE,0.6731121520612077,FALSE,FALSE,0.18120241580160976
Rtn4rl2,0.2021671231632272,0.7822494887273695,-1.7863325871605802,0.08552652808667177,-0.028733588217185746,0.9812767460372922,Rtn4rl2,FALSE,FALSE,FALSE,FALSE,0.6724110995136644,FALSE,FALSE,0.18101285995708513
Gm39526,0.30685045608305117,0.7802425791944899,0.8786333287230885,0.37261092603635976,0.8311796446746185,0.5258736378758321,Gm39526,FALSE,FALSE,FALSE,FALSE,0.6722211431602527,FALSE,FALSE,0.1809614981338952
Tab3,0.53598997849011365,0.10626434413543843,0.873776443773135,0.0704576830990092,0.6044651604478162,0.18004553164422507,Tab3,FALSE,FALSE,FALSE,FALSE,0.6714105275703549,FALSE,FALSE,0.18074231781243943
Odf2l,0.803022451349217,0.014455723425594891,0.6986240558259871,0.0704576830990092,0.5111855812981254,0.11553438602955379,Odf2l,FALSE,FALSE,FALSE,FALSE,0.6709440294911099,FALSE,FALSE,0.18061618256381895
Gm47691,0.8593413899336682,0.014455723425594891,0.6474248579268611,0.0704576830990092,0.5052509943052046,0.13467244691507405,Gm47691,FALSE,FALSE,FALSE,FALSE,0.6706724140552446,FALSE,FALSE,0.18054274114560886
Slc5a8,1.045264838790966,0.014455723425594891,0.6288762578875371,0.08619756464540504,0.33722539536984897,0.40608108524542064,Slc5a8,TRUE,FALSE,FALSE,TRUE,0.6704554973494506,FALSE,FALSE,0.18048408958018433
Cage1,0.6120045366500242,0.12266001720114508,0.7915303941912795,0.09180503249903499,0.6076587939454638,0.24715645519038124,Cage1,FALSE,FALSE,FALSE,FALSE,0.6703979082622559,FALSE,FALSE,0.1804685182109669
Ccna2,0.819148033071115,0.08287266636153828,0.33778393734927126,0.5118229059495427,0.8536916840467603,0.16365257450141046,Ccna2,FALSE,FALSE,FALSE,FALSE,0.6702078848223821,FALSE,FALSE,0.18041713824843633
Gm48874,0.9941406449893989,0.24225257801521002,0.3257343317633852,0.7551806132235795,0.6904198422548795,0.579053990186208,Gm48874,FALSE,FALSE,FALSE,FALSE,0.6700982730025545,FALSE,FALSE,0.1803875005826863
Gm26603,0.7854869822601672,0.12951539582689797,0.7542467059014447,0.1791656823242409,0.4672220684755707,0.5314047704336977,Gm26603,FALSE,FALSE,FALSE,FALSE,0.6689852522123942,FALSE,FALSE,0.18008655367565107
Gm13833,0.7141156796107229,0.14525930521496727,0.8528531302729405,0.1223215527331337,0.439404125818624,0.5298595407555036,Gm13833,FALSE,FALSE,FALSE,FALSE,0.6687909785674291,FALSE,FALSE,0.18003402451079845
Plk4,0.8416721402419394,0.02841488208966092,0.598446734603522,0.12486603803841076,0.5662221237607619,0.21679145410412637,Plk4,FALSE,FALSE,FALSE,FALSE,0.6687803328687411,FALSE,FALSE,0.18003114604696227
Gm14418,0.889843208261013,0.16017231028117573,0.7506825181350643,0.26828455600818285,0.36567295213098583,0.7096401488558869,Gm14418,FALSE,FALSE,FALSE,FALSE,0.6687328928423544,FALSE,FALSE,0.1800183188569071
Zfp120,0.9005927584551605,0.014455723425594891,0.7475842191566988,0.0704576830990092,0.3570711625084515,0.2812910891250446,Zfp120,FALSE,FALSE,FALSE,FALSE,0.6684160467067702,FALSE,FALSE,0.17993264762295255
Zfp804a,0.075491550686972,0.9354798234910268,-0.9076704518896026,0.3364700154854968,-1.021902484315985,0.4091211055620229,Zfp804a,FALSE,FALSE,FALSE,FALSE,0.6683548289641865,FALSE,FALSE,0.17991609511068224
Gm15478,0.6279465883298191,0.4142792204269956,1.0953975798289923,0.17014525451785265,0.28154363640868185,0.821948704418931,Gm15478,FALSE,FALSE,FALSE,FALSE,0.668295934855831,FALSE,FALSE,0.1799001708800579
Atp11c,0.7856941856431989,0.02402884468577471,0.7112521548365871,0.07556490478840473,0.507470964487486,0.2133104250217475,Atp11c,FALSE,FALSE,FALSE,FALSE,0.6681391016557573,FALSE,FALSE,0.17985776514343566
Otx2,-1.228716993833792,0.06774748590340365,-0.7281233708123517,0.23508360929025987,-0.047403565608559184,0.9613283967492714,Otx2,FALSE,FALSE,FALSE,FALSE,0.668081310084901,FALSE,FALSE,0.17984213902516755
Chodl,-0.842010907252015,0.29589017900473635,-0.6354683128382299,0.4347718807423793,-0.5254738018103213,0.6260688623848312,Chodl,FALSE,FALSE,FALSE,FALSE,0.6676510073001888,FALSE,FALSE,0.1797257905316869
Gm45872,0.6537071011329056,0.2212418088650089,0.8274156780424061,0.15523959334492768,0.5210282634610482,0.4900777446793828,Gm45872,FALSE,FALSE,FALSE,FALSE,0.6673836808787866,FALSE,FALSE,0.1796535088093678
Zfp125,0.9594057453425608,0.015178204543833392,0.6498079116142912,0.08451455445915308,0.3929314091627152,0.32856826596063826,Zfp125,FALSE,FALSE,FALSE,FALSE,0.6673816887065224,FALSE,FALSE,0.17965297015089304
Gm10463,-0.813213735921432,0.06773498476058257,-0.925842096916244,0.085713040683338515,-0.2627951865883479,0.6359287743437843,Gm10463,FALSE,FALSE,FALSE,FALSE,0.667283673142008,FALSE,FALSE,0.17962646796760706
Gm38157,1.1776831381368182,0.11216699167490973,0.41662409991014027,0.6339856567426926,0.40674410323532473,0.7299551787449847,Gm38157,FALSE,FALSE,FALSE,FALSE,0.6670171137607611,FALSE,FALSE,0.17955439364335665
Gm6807,0.8793080105426165,0.11450757051623499,0.6332042845317354,0.2863022827783366,-0.48770789530479636,0.5984895437631904,Gm6807,FALSE,FALSE,FALSE,FALSE,0.666740063459716,FALSE,FALSE,0.17947948270554687
Rb1cc1,0.8584126138768093,0.01661440266828112,0.6848495584452534,0.0704576830990092,0.45627047787486674,0.2157661235667044,Rb1cc1,FALSE,FALSE,FALSE,FALSE,0.6665108833989765,FALSE,FALSE,0.17941751528225752
Gm37637,0.8927872216196497,0.08916609143030806,0.662357588022681,0.23216899582041275,0.44363552792256267,0.5576504918722712,Gm37637,FALSE,FALSE,FALSE,FALSE,0.6662601125216311,FALSE,FALSE,0.17934970997207933
Slc14a2,-1.4153141209735327,0.10763645922293553,-0.3617653290049394,0.6416068317108908,-0.22157927943928857,0.8439428898523196,Slc14a2,FALSE,FALSE,FALSE,FALSE,0.6662195764725869,FALSE,FALSE,0.17933874953118628
Ints6l,0.7233451983363208,0.0477807385576688,0.7161980300542803,0.09180503249903499,0.5584732100632461,0.23257259946406966,Ints6l,FALSE,FALSE,FALSE,FALSE,0.6660054794846157,FALSE,FALSE,0.17928086038220983
Gm10501,0.8310165155209785,0.13915883056795886,0.7428652088985227,0.21677815427231506,0.4239722258469758,0.6104588534277415,Gm10501,FALSE,FALSE,FALSE,FALSE,0.6659513167554924,FALSE,FALSE,0.1792662154573797
Jpx,0.7564373947576586,0.03894994048142692,0.6330329233611907,0.10890761169862719,0.6081444778120075,0.17891057821632086,Jpx,FALSE,FALSE,FALSE,FALSE,0.6658715986436189,FALSE,FALSE,0.17924466067653905
Gm3055,0.9684316694396018,0.01822881132116993,0.7352812648052409,0.07907452565222185,0.29386351276745026,0.5195940360349798,Gm3055,FALSE,FALSE,FALSE,FALSE,0.6658588156707643,FALSE,FALSE,0.17924120432048773
Ly96,0.9809263688163001,0.014455723425594891,0.5816533238596373,0.09085111530551959,0.4346686685460557,0.2533245106260995,Ly96,FALSE,FALSE,FALSE,FALSE,0.6657494537406644,FALSE,FALSE,0.17921163422179603
Srrd,-1.081260723552801,0.017823060973944406,-0.3174782657385742,0.30445802367318875,-0.5981714774916029,0.1522755441252275,Srrd,TRUE,FALSE,FALSE,TRUE,0.6656368222609926,FALSE,FALSE,0.17918118007777492
Gm20242,0.9669381934463962,0.09569667919633612,0.4847685255329349,0.4440943674088316,0.5422732070554532,0.5074702906868367,Gm20242,FALSE,FALSE,FALSE,FALSE,0.6646599753449282,FALSE,FALSE,0.17891705288389373
Gm33378,0.992565400431577,0.03894994048142692,0.5889898440587388,0.22249477838767479,0.4122260620367728,0.5212893631595337,Gm33378,FALSE,FALSE,FALSE,FALSE,0.6645937688423629,FALSE,FALSE,0.17889915147329224
Dchs2,-0.9378957453754833,0.2367865687093841,-0.8275625593375373,0.3033116815553314,-0.2277126614214641,0.8399527354102617,Dchs2,FALSE,FALSE,FALSE,FALSE,0.6643903220448282,FALSE,FALSE,0.1788441420026646
Gm37613,0.9778597870019339,0.06416751596950533,0.7169082370830883,0.1980749072432713,0.2971227654892356,0.7112300114706978,Gm37613,FALSE,FALSE,FALSE,FALSE,0.6639635965247526,FALSE,FALSE,0.1787287607568199
Cd38,0.793227608664637,0.054102802804800405,0.7291743906918919,0.110572080705277,0.4676016179424749,0.38949692585155926,Cd38,FALSE,FALSE,FALSE,FALSE,0.663334539099668,FALSE,FALSE,0.17855867149334848
Apob,0.5681702984909381,0.24347923806158522,0.5767617342120173,0.2613387705651277,0.8431620107369469,0.18650588684365324,Apob,FALSE,FALSE,FALSE,FALSE,0.6626980144799675,FALSE,FALSE,0.17838656319380536
C630031E19Rik,0.5976247101056965,0.2653470030624103,0.7388859782991087,0.19295930609878878,0.6506079004875142,0.3647465557348809,C630031E19Rik,FALSE,FALSE,FALSE,FALSE,0.6623728629641065,FALSE,FALSE,0.17829864628885508
6720489N17Rik,0.9436467789801499,0.02300251776828198,0.7230242308538717,0.09180503249903499,0.3204160591627949,0.5275222757030323,6720489N17Rik,FALSE,FALSE,FALSE,FALSE,0.6623623563322721,FALSE,FALSE,0.17829580542695758
A230059L01Rik,1.2242503670008626,0.26829830610971167,-0.28488104027596095,0.853351644693439,0.47749886018741583,0.7967520624452618,A230059L01Rik,FALSE,FALSE,FALSE,FALSE,0.6622100891547464,FALSE,FALSE,0.1782546342857494
Ism2,-1.1018137578341944,0.08575066174897954,-0.7964609890721317,0.19447640933313137,0.08702107962740646,0.9217313509187837,Ism2,FALSE,FALSE,FALSE,FALSE,0.6617652755112442,FALSE,FALSE,0.17813436223746199
mt-Ty,0.8600913646349833,0.043801055240356795,0.4602384658425518,0.28491908729334736,0.6646840955509736,0.21454559754482708,mt-Ty,FALSE,FALSE,FALSE,FALSE,0.6616713086761695,FALSE,FALSE,0.1781089547800006
Mmrn1,0.7224617069330317,0.07039645194821166,0.7381931386622576,0.10430132864445578,0.523325150894641,0.3208594695813052,Mmrn1,FALSE,FALSE,FALSE,FALSE,0.6613266654966434,FALSE,FALSE,0.17801576757287377
D030028A08Rik,-1.0149814969202282,0.03991030933470372,-0.25812448868768634,0.5380672263627321,-0.7106254534603811,0.20615231993569727,D030028A08Rik,TRUE,FALSE,FALSE,TRUE,0.6612438130227652,FALSE,FALSE,0.1779933652997318
Scai,0.7474028847719252,0.023266677224490016,0.6911197875510986,0.07242313242785868,0.5448465488444647,0.15243957447663298,Scai,FALSE,FALSE,FALSE,FALSE,0.6611230737224961,FALSE,FALSE,0.17796071890238252
Gm16754,0.8007895770737832,0.3003658489583547,0.35352470923930357,0.699775373375869,0.8288847127885863,0.4339668014511847,Gm16754,FALSE,FALSE,FALSE,FALSE,0.6610663330338911,FALSE,FALSE,0.17794537692953735
Gm26588,0.897473297576658,0.06710886742837954,0.4439467895705975,0.3919635390592731,0.641274739531045,0.3248219619173585,Gm26588,FALSE,FALSE,FALSE,FALSE,0.6608982755594335,FALSE,FALSE,0.17789993628944395
Gm48768,0.8406501966675004,0.04258822839693097,0.7557808964857562,0.09952388076120047,0.3861914052815988,0.480838990194061,Gm48768,FALSE,FALSE,FALSE,FALSE,0.6608741661449518,FALSE,FALSE,0.17789341740517614
Phex,0.5191768874559077,0.25108013487103087,0.6201402084839986,0.19538075471477628,0.8427986103254113,0.15243957447663298,Phex,FALSE,FALSE,FALSE,FALSE,0.6607052354217725,FALSE,FALSE,0.17784774064954548
Zfp654,0.8204448085231251,0.02005871878534375,0.6939919283511937,0.07346255419668397,0.4667289435377402,0.22613175626772028,Zfp654,FALSE,FALSE,FALSE,FALSE,0.660388560137353,FALSE,FALSE,0.1777621156116099
Gm10226,0.9736881599755702,0.028862531926961057,0.7456542001717832,0.10956679750621234,0.26147653900081735,0.65902907096834,Gm10226,FALSE,FALSE,FALSE,FALSE,0.6602729663827236,FALSE,FALSE,0.17773086050547365
Gm38001,0.8845237935149897,0.2028429229583316,0.5218085805286485,0.5008457837946478,0.5736680006234292,0.5732538720885044,Gm38001,FALSE,FALSE,FALSE,FALSE,0.6600001248890225,FALSE,FALSE,0.17765708757655255
Cga,-0.6043514730610617,0.027839720029878327,-0.6668899326868978,0.0704576830990092,-0.7082652540496834,0.06351961467429512,Cga,FALSE,FALSE,FALSE,FALSE,0.659835553265881,FALSE,FALSE,0.177612589467076
Gm38375,0.6061709292829168,0.28538864458138896,0.8330748554630765,0.17045566220120137,0.5395542254628122,0.4934507710584372,Gm38375,FALSE,FALSE,FALSE,FALSE,0.6596000034029351,FALSE,FALSE,0.17754889972890328
Mirlet7a-1,0.7507973092923982,0.21025000009788422,0.8335801300241806,0.19357019101902626,0.39404278761019906,0.6611174438275794,Mirlet7a-1,FALSE,FALSE,FALSE,FALSE,0.6594734089755926,FALSE,FALSE,0.17751467017839223
Gm49376,0.6750779965528011,0.37314383005102336,0.6539618426373057,0.4159605946703794,0.6486912623178076,0.541217482229437,Gm49376,FALSE,FALSE,FALSE,FALSE,0.6592437005026381,FALSE,FALSE,0.177452559879046
Lrtm2,-0.13062387339924536,0.8508666404864131,-1.3887976103550461,0.11028138655477572,-0.4576076917079638,0.6170750206578537,Lrtm2,FALSE,FALSE,FALSE,FALSE,0.6590097251540851,FALSE,FALSE,0.17738929586988103
Gm16044,-0.7638025345256452,0.3667912842913532,-0.005052590417596758,0.9950707470871473,-1.20784176310515,0.3150712318003307,Gm16044,FALSE,FALSE,FALSE,FALSE,0.6588989626827972,FALSE,FALSE,0.1773593470823612
Fndc3c1,-0.8977466059608172,0.08495972340231922,-0.8869596700937166,0.1223215527331337,0.19169928093147437,0.7832806856132243,Fndc3c1,FALSE,FALSE,FALSE,FALSE,0.6588018523286694,FALSE,FALSE,0.17733308965664712
Odf3b,-0.6837433071199274,0.31887915303485187,-0.8060270701957448,0.2690637211557016,-0.4846424364635489,0.6040907740219245,Odf3b,FALSE,FALSE,FALSE,FALSE,0.6581376045930737,FALSE,FALSE,0.17715348537315131
Nrxn3,1.0457082625637648,0.014455723425594891,0.34651642804281835,0.2750241014633934,0.5817415709751828,0.15243957447663298,Nrxn3,TRUE,FALSE,FALSE,TRUE,0.6579887538605886,FALSE,FALSE,0.17711323799597084
Gm28800,-0.225819149544989,0.7017983382099118,-1.0974218848667652,0.12344328495802823,-0.6498248323830316,0.41245719076191895,Gm28800,FALSE,FALSE,FALSE,FALSE,0.6576886222649285,FALSE,FALSE,0.177032086164652
Suz12,0.7839004979381512,0.018647158665054384,0.6394775988704238,0.07242313242785868,0.5484561380216091,0.12728869686311514,Suz12,FALSE,FALSE,FALSE,FALSE,0.657278078276728,FALSE,FALSE,0.17692108020273006
Car2,0.7595500385256271,0.08195197006558923,0.3518997253308407,0.45054413865236315,0.8601525251368218,0.13394247274527482,Car2,FALSE,FALSE,FALSE,FALSE,0.6572007629977632,FALSE,FALSE,0.17690017511786849
Smco2,-0.7136945581410608,0.19939329814404105,-0.48465329386266176,0.38491606387837085,-0.7719804756754547,0.30355895948253264,Smco2,FALSE,FALSE,FALSE,FALSE,0.6567761092263924,FALSE,FALSE,0.17678535404697324
Opcml,0.8739465958277319,0.03922583536852753,0.34195799354680134,0.4259222568084684,0.7543690378900816,0.1521466001677968,Opcml,FALSE,FALSE,FALSE,FALSE,0.6567578757548717,FALSE,FALSE,0.17678042394422294
Hist1h3c,0.7597886893133108,0.1949021135727994,0.17224749176961285,0.8155106752001656,1.0359915325178344,0.17827482305413056,Hist1h3c,FALSE,FALSE,FALSE,FALSE,0.6560092378669193,FALSE,FALSE,0.17657800161854817
Gm15743,0.7025797211472836,0.1493222048787667,0.37777993034316265,0.48029510375494333,0.885992650084771,0.16735442230976913,Gm15743,FALSE,FALSE,FALSE,FALSE,0.6554507671917391,FALSE,FALSE,0.17642699812979828
Gm44053,0.5147451456897344,0.32967157076238107,0.6239981629408657,0.25675284614814375,0.8273511531803573,0.22810197194471662,Gm44053,FALSE,FALSE,FALSE,FALSE,0.6553648206036525,FALSE,FALSE,0.176403759246856
Ube3a,0.8396472711593734,0.02976861819929769,0.7750649884893779,0.08414847600606047,0.35109172163361535,0.460023447495747,Ube3a,FALSE,FALSE,FALSE,FALSE,0.6552679937607889,FALSE,FALSE,0.1763775784790434
Gm14403,0.9507561612926447,0.0403330919229201,0.8636477891063916,0.09547243216749418,0.1505368917062091,0.8336711485421909,Gm14403,FALSE,FALSE,FALSE,FALSE,0.6549802807017485,FALSE,FALSE,0.176299784464774
Odaph,0.9446980771020802,0.21340952883206718,-0.5440631142575669,0.5838201954612349,-0.4761013877044086,0.7242727051936655,Odaph,FALSE,FALSE,FALSE,FALSE,0.6549541930213519,FALSE,FALSE,0.17629273068213447
Trmt61b,-0.836941953178659,0.11014650625720945,-0.159841414938227,0.7674248436168798,-0.9668933769192694,0.1678925825124592,Trmt61b,FALSE,FALSE,FALSE,FALSE,0.6545589150120518,FALSE,FALSE,0.17618585245005688
Zfp354c,1.009503196252786,0.01071828627468486,0.6100734676234918,0.0704576830990092,0.3438066826136623,0.284133330115507,Zfp354c,TRUE,FALSE,FALSE,TRUE,0.6544611154966468,FALSE,FALSE,0.17615940868374913
Fam208a,0.8025323597083975,0.01691434231227352,0.6461080541914761,0.0704576830990092,0.5140870441679555,0.1410195325599866,Fam208a,FALSE,FALSE,FALSE,FALSE,0.6542424860226097,FALSE,FALSE,0.17610029400720412
Pcdhga12,0.7230034129240468,0.013242504668656787,0.5520938006950198,0.0704576830990092,0.6871954095218107,0.04913501460555962,Pcdhga12,FALSE,FALSE,FALSE,FALSE,0.654097541046959,FALSE,FALSE,0.17606110269784317
Gm15834,0.6557049298402693,0.1204361010151795,0.47683927729175496,0.28796735374190663,0.8291293539560962,0.13824671090470514,Gm15834,FALSE,FALSE,FALSE,FALSE,0.6538911870293735,FALSE,FALSE,0.1760053071512589
Gm14412,0.8884105388207333,0.03864412666210684,0.5593219146648005,0.1951463739665055,0.5135071627650314,0.34662257591845974,Gm14412,FALSE,FALSE,FALSE,FALSE,0.6537465387501884,FALSE,FALSE,0.175966196064913
Zfp971,0.9611815926986482,0.02300251776828198,0.8140644307367868,0.08120675934582743,0.18493651672473277,0.7380547417288067,Zfp971,FALSE,FALSE,FALSE,FALSE,0.6533941800533892,FALSE,FALSE,0.1758709226783724
Gm44152,0.6147052916269914,0.4452635015775329,0.9156102027783213,0.25972577277625103,0.4284357947055376,0.7202075889710677,Gm44152,FALSE,FALSE,FALSE,FALSE,0.6529170963702834,FALSE,FALSE,0.17574192521480572
Gm37200,0.2545027087274321,0.8175214074583759,1.2686961402690693,0.18714316511102974,0.434517627588733,0.7658239997536922,Gm37200,FALSE,FALSE,FALSE,FALSE,0.6525721588617448,FALSE,FALSE,0.1756486584247935
Gm8451,-0.47919500284393135,0.29812323459608503,-0.8465974103441547,0.12780429037239882,-0.6315328927292487,0.3190476864790385,Gm8451,FALSE,FALSE,FALSE,FALSE,0.6524417686391116,FALSE,FALSE,0.17561340253868965
Gm47694,0.5587660207868766,0.3178749792710864,0.8642071265057374,0.1497476064857061,0.5338372240302321,0.48819248635367124,Gm47694,FALSE,FALSE,FALSE,FALSE,0.6522701237742821,FALSE,FALSE,0.17556699191308806
Ptpn5,0.10843127509625061,0.927507765240409,-0.683423779010131,0.5806603767889954,-1.164825902793313,0.49714260402615434,Ptpn5,FALSE,FALSE,FALSE,FALSE,0.6522269856332316,FALSE,FALSE,0.17555532789904701
AC133517.1,0.7378538032132866,0.11441037544914245,0.6245321979040602,0.20831085339978106,0.5938401770230509,0.34575678936337195,AC133517.1,FALSE,FALSE,FALSE,FALSE,0.6520753927134659,FALSE,FALSE,0.17551433906870778
AC098880.2,0.8526213631929975,0.03770696974150215,0.7967232949516445,0.08873808429244535,0.3067449986659341,0.5699274646592661,AC098880.2,FALSE,FALSE,FALSE,FALSE,0.6520298856035254,FALSE,FALSE,0.17550203451509497
Dnah6,0.8767861118064284,0.23188337073078172,0.9926464528290355,0.20238756436863578,-0.0858333766614432,0.9553553424533673,Dnah6,FALSE,FALSE,FALSE,FALSE,0.6517553137656357,FALSE,FALSE,0.17542779372273745
Gls,0.7431067997861502,0.040457000377134976,0.6787742960789718,0.0960072945197005,0.5333539325914574,0.24133639048999908,Gls,FALSE,FALSE,FALSE,FALSE,0.6517450094855265,FALSE,FALSE,0.1754250075742167
Lrif1,0.816089998955599,0.03421299746923567,0.658440003421175,0.10942024781680745,0.4804816188636769,0.30995639629376925,Lrif1,FALSE,FALSE,FALSE,FALSE,0.6516705404134836,FALSE,FALSE,0.17540487206812444
Gm10778,0.6193617938258715,0.3171430970668117,0.8610468935299207,0.18596126975786742,0.47380019290255987,0.5939113230126288,Gm10778,FALSE,FALSE,FALSE,FALSE,0.6514029600861173,FALSE,FALSE,0.17533252169280686
Gm12276,0.6194153010561199,0.2715620980773185,0.7722322279265849,0.19506062035175534,0.5623677157899354,0.4704121136184077,Gm12276,FALSE,FALSE,FALSE,FALSE,0.6513384149242134,FALSE,FALSE,0.17531506948795067
Samd11,-1.1243162955275934,0.10050625424259313,-0.0752309223335147,0.9099703942147284,-0.7534498313160087,0.3706172371453793,Samd11,FALSE,FALSE,FALSE,FALSE,0.6509990163923722,FALSE,FALSE,0.17522330036799094
Fgfbp1,0.5640218993665082,0.41953210388747,0.9926247362957378,0.17086451990243812,0.3954203282086678,0.7031722180629213,Fgfbp1,FALSE,FALSE,FALSE,FALSE,0.6506889879569713,FALSE,FALSE,0.17513947255493326
Gm47801,0.27781090012148757,0.7875817437453299,1.1761686611711704,0.19279427318803638,0.4972581259533283,0.7086910288523304,Gm47801,FALSE,FALSE,FALSE,FALSE,0.6504125624153287,FALSE,FALSE,0.1750647305442554
Gm38102,0.4256153846009006,0.47527739928305845,0.9544467582634591,0.12961636765731843,0.5689909908333117,0.47306652782184633,Gm38102,FALSE,FALSE,FALSE,FALSE,0.6496843778992238,FALSE,FALSE,0.17486783855462676
Gm28229,0.9522151059793355,0.07632809242793562,0.444033870995421,0.4461153398341292,0.5526462193945997,0.4582289954397887,Gm28229,FALSE,FALSE,FALSE,FALSE,0.6496317321231188,FALSE,FALSE,0.17485360379492831
Lrp2bp,1.070105343869563,0.01071828627468486,0.19487399375913217,0.4817786612234529,0.6838132502570389,0.06750873220157737,Lrp2bp,TRUE,FALSE,FALSE,TRUE,0.6495975292952446,FALSE,FALSE,0.17484435577786378
Tent5b,-0.917726358707363,0.029633515864581787,-0.23542586538623977,0.4962718388374775,-0.7947528086200113,0.10959681489933279,Tent5b,FALSE,FALSE,FALSE,FALSE,0.6493016775712047,FALSE,FALSE,0.17476436117032548
Gm15910,0.8980132281083344,0.09250819637498128,0.6011090511523227,0.2908778103398009,0.44832988237095767,0.55939969366364,Gm15910,FALSE,FALSE,FALSE,FALSE,0.6491507205438716,FALSE,FALSE,0.1747235442773503
St6galnac5,0.9800177183156507,0.16731940696605402,0.19813552955857117,0.8284265772605514,0.7673194717442297,0.441179262246431,St6galnac5,FALSE,FALSE,FALSE,FALSE,0.6484909065394838,FALSE,FALSE,0.17454513881934405
Slc7a11,0.5772486271951824,0.4829331826132316,0.8221873649662221,0.3180174576064796,0.5459559524840412,0.6365115999153398,Slc7a11,FALSE,FALSE,FALSE,FALSE,0.648463981548482,FALSE,FALSE,0.17453785863838464
Luc7l2,0.7074056408189362,0.02238658138102193,0.612083912139668,0.07556490478840473,0.6257691593190433,0.0945307768205195,Luc7l2,FALSE,FALSE,FALSE,FALSE,0.6484195707592159,FALSE,FALSE,0.17452585051617633
Zfp65,0.8444727186084879,0.03864412666210684,0.48013619241911876,0.2315979882466294,0.6199979790565004,0.2237423344552671,Zfp65,FALSE,FALSE,FALSE,FALSE,0.6482022966947024,FALSE,FALSE,0.17446710232542162
Zfp933,0.8017616301938135,0.02939790703245675,0.7450534722004081,0.08120675934582743,0.39753517770754154,0.37326707799853676,Zfp933,FALSE,FALSE,FALSE,FALSE,0.648116760033921,FALSE,FALSE,0.17444397428169786
Gm37123,0.9804647725499887,0.07696692392872868,0.4515352481462517,0.45054413865236315,0.5120649504528962,0.5115438366847329,Gm37123,FALSE,FALSE,FALSE,FALSE,0.6480216570497122,FALSE,FALSE,0.17441825962371438
Clec7a,0.7174296596066909,0.259258578620575,-0.38914451515217785,0.6340729015989143,-0.8359154538930759,0.4411571550032388,Clec7a,FALSE,FALSE,FALSE,FALSE,0.6474965428839815,FALSE,FALSE,0.17427627531810744
G2e3,0.8811741202983701,0.021687021096665586,0.7344561634515347,0.07907452565222185,0.326708352975805,0.4537250323958943,G2e3,FALSE,FALSE,FALSE,FALSE,0.6474462122419032,FALSE,FALSE,0.1742626665417068
Gpr37l1,0.6195189593588581,0.42661045543938975,-0.2176769802599972,0.8294260439251354,1.1035007273224484,0.26061586668829656,Gpr37l1,FALSE,FALSE,FALSE,FALSE,0.6468988889804346,FALSE,FALSE,0.17411467717426318
Vtn,0.5752383866904878,0.41953210388747,0.7275167335475365,0.31857103434674744,0.6369220065839003,0.5115438366847329,Vtn,FALSE,FALSE,FALSE,FALSE,0.6465590422739749,FALSE,FALSE,0.17402278687348952
Gm45407,-0.08289200495458937,0.9575432704723648,1.3580923681292039,0.2628745718082684,0.49807547544487907,0.797123645664202,Gm45407,FALSE,FALSE,FALSE,FALSE,0.6463532828428907,FALSE,FALSE,0.1739671520956619
Capn8,1.1781798126405518,0.12469951005855334,-0.512038035977732,0.6230125317585897,0.24881193387813683,0.8595739947649212,Capn8,FALSE,FALSE,FALSE,FALSE,0.6463432608321402,FALSE,FALSE,0.17396444226924687
Cend1,0.49396158487191477,0.33420924144711833,-0.6690719678453501,0.29488445101559535,0.7759786351937152,0.24287361031231994,Cend1,FALSE,FALSE,FALSE,FALSE,0.6463373959703267,FALSE,FALSE,0.1739628564839331
Gm45718,0.5368039713893645,0.3829039636506707,0.6120622573132177,0.33732065580158815,0.7882148008430364,0.3253600376290708,Gm45718,FALSE,FALSE,FALSE,FALSE,0.6456936765152063,FALSE,FALSE,0.1737888027908399
Cspp1,0.6783916844964386,0.053301982329349316,0.6283729633621933,0.11016285583736615,0.629465772189655,0.16398108942495315,Cspp1,FALSE,FALSE,FALSE,FALSE,0.6454101400160956,FALSE,FALSE,0.17371213806616156
Gt(ROSA)26Sor,0.9413950040081849,0.05140098439196283,0.6674546038281335,0.1829057598523067,0.3270812788440933,0.6262787131906913,Gt(ROSA)26Sor,FALSE,FALSE,FALSE,FALSE,0.6453102955601372,FALSE,FALSE,0.17368514137349333
Gm38029,0.4116827999844984,0.4679573917565689,0.39827297647652976,0.5023181293253587,1.125361956530959,0.11795749549407653,Gm38029,FALSE,FALSE,FALSE,FALSE,0.6451059109973291,FALSE,FALSE,0.17362987834285937
Lgals12,0.9061123027635247,0.037669515816472945,0.45656663918374046,0.2894074887296131,0.5708633633122855,0.2931710273975975,Lgals12,FALSE,FALSE,FALSE,FALSE,0.6445141017531836,FALSE,FALSE,0.17346986052184923
Itga1,0.6678298975864068,0.04237371993650543,0.6791667130834864,0.08284060909925162,0.5862785963594956,0.15354853148377495,Itga1,FALSE,FALSE,FALSE,FALSE,0.6444250690097962,FALSE,FALSE,0.17344578718109574
Gm4366,-0.6635614972034831,0.05095075140742984,-0.7438700805382688,0.07684192185984365,-0.5254092742308605,0.19999072086906083,Gm4366,FALSE,FALSE,FALSE,FALSE,0.6442802839908708,FALSE,FALSE,0.17340663912203352
Gm33172,0.597848532750783,0.5229248269656956,0.6425674130841346,0.5072195575452646,0.6922705536287546,0.5887222143874582,Gm33172,FALSE,FALSE,FALSE,FALSE,0.6442288331545574,FALSE,FALSE,0.17339272745911602
Tspan2,0.8582988654411601,0.0059710086833624975,0.5788142438515669,0.0704576830990092,0.49452221974070376,0.05475877694670262,Tspan2,FALSE,FALSE,FALSE,FALSE,0.6438784430111436,FALSE,FALSE,0.17329798634480062
Gm43275,0.5088944472713757,0.4316477172276337,0.7569941689214684,0.2508671114262236,0.6618353228194125,0.4411571550032388,Gm43275,FALSE,FALSE,FALSE,FALSE,0.6425746463374189,FALSE,FALSE,0.17294545602386768
Hpca,1.0650972636988207,0.20054758250435528,-0.364718488967659,0.7510170826743693,0.4967922572611886,0.7057522572795495,Hpca,FALSE,FALSE,FALSE,FALSE,0.6422026699758895,FALSE,FALSE,0.17284487826603767
Uhrf1bp1l,0.655789611834412,0.029633515864581787,0.7310795515969746,0.0704576830990092,0.5397073413536848,0.13969684197102653,Uhrf1bp1l,FALSE,FALSE,FALSE,FALSE,0.6421921682616905,FALSE,FALSE,0.17284203873380727
Zfp932,0.9614639636613127,0.018833029006015068,0.673699567694336,0.09037196323640993,0.29081940570008147,0.5275222757030323,Zfp932,FALSE,FALSE,FALSE,FALSE,0.6419943123519101,FALSE,FALSE,0.17278854096933294
Gm42439,0.7644104310307853,0.34962302212599916,0.6059284968618271,0.4925157329171937,0.5540450078401322,0.6428558246388795,Gm42439,FALSE,FALSE,FALSE,FALSE,0.6414613119109149,FALSE,FALSE,0.17264442431348612
Prss35,0.7023940785557389,0.3957830372504935,0.6473403697705358,0.45894668468088234,0.5739601181534992,0.629283199765418,Prss35,FALSE,FALSE,FALSE,FALSE,0.6412315221599246,FALSE,FALSE,0.1725822920375751
Gm26691,1.1098816403568297,0.07065416772439273,0.4376417517550839,0.5217598886801239,0.37615714127609146,0.6860699920592607,Gm26691,FALSE,FALSE,FALSE,FALSE,0.6412268444626683,FALSE,FALSE,0.17258102724671603
1700007J10Rik,0.47895064363161743,0.6960322763111365,0.8802407206808034,0.4499277653597782,0.5635682076403076,0.7394771038677352,1700007J10Rik,FALSE,FALSE,FALSE,FALSE,0.6409198573175762,FALSE,FALSE,0.17249802176053664
Gm5093,-0.48699061174745567,0.3551033147002191,-0.9783725331833811,0.12780429037239882,-0.4568411078150538,0.5277646212432601,Gm5093,FALSE,FALSE,FALSE,FALSE,0.6407347509152969,FALSE,FALSE,0.17244797130350037
Fam189a2,-0.5850171465301348,0.07506027985433712,-0.6527627926111541,0.09184961121828998,-0.6842245714581643,0.1212875474085951,Fam189a2,FALSE,FALSE,FALSE,FALSE,0.6406681701998177,FALSE,FALSE,0.17242996871040528
Adarb2,0.8307304671484133,0.024629542147386174,0.5006201596975632,0.15850840095518598,0.5901435445098437,0.17315617591167984,Adarb2,FALSE,FALSE,FALSE,FALSE,0.6404980571186067,FALSE,FALSE,0.17238397225994428
BC024063,1.00120222407707,0.02095553687999382,0.7194447544531517,0.09266349833969459,0.20076492202649554,0.7086847097238209,BC024063,TRUE,FALSE,FALSE,TRUE,0.6404706335189058,FALSE,FALSE,0.17237655726142606
Gm13408,-0.6419487148693394,0.2777568342202652,-0.13036769526510894,0.837623485817202,-1.1486815566695516,0.18233544799713558,Gm13408,FALSE,FALSE,FALSE,FALSE,0.6403326556013333,FALSE,FALSE,0.17233924975746956
Sox1,-0.3608644260817552,0.6881604509058297,-1.1782526656113048,0.23575912396975782,0.3818342697460616,0.7313600982123954,Sox1,FALSE,FALSE,FALSE,FALSE,0.6403171204797072,FALSE,FALSE,0.1723350492547969
Bhlhe22,0.6823104747578581,0.1955492077558948,0.40646814675105336,0.4846927664040743,0.8315364501430489,0.23245739317768013,Bhlhe22,FALSE,FALSE,FALSE,FALSE,0.6401050238839868,FALSE,FALSE,0.1722777009868768
Fam8a1,0.8494578936791823,0.014989859019986373,0.6712053121174177,0.0704576830990092,0.3995337308386757,0.24315470576168083,Fam8a1,FALSE,FALSE,FALSE,FALSE,0.6400656455450919,FALSE,FALSE,0.17226705357633482
Nkx2-1,-0.8720093016156316,0.27918232267439863,-0.7940607944481091,0.3365329079625386,0.253491830132632,0.8114434729285905,Nkx2-1,FALSE,FALSE,FALSE,FALSE,0.6398539753987909,FALSE,FALSE,0.17220982061500636
Pde6b,0.51147324601187,0.548229173824698,0.8611391961352404,0.2984177016084014,-0.5462605566379556,0.686813506456624,Pde6b,FALSE,FALSE,FALSE,FALSE,0.6396243329283553,FALSE,FALSE,0.17214772816191612
5730522E02Rik,0.600234013790357,0.4243028317896375,0.42327679772260807,0.6121416847955528,0.8936904807479149,0.3557754064164475,5730522E02Rik,FALSE,FALSE,FALSE,FALSE,0.6390670974202933,FALSE,FALSE,0.17199705864691336
Vwa5b2,-0.9176859350782296,0.04224389238355439,-0.7800980821127479,0.09955301218514566,-0.21812877635138017,0.6753156391320772,Vwa5b2,FALSE,FALSE,FALSE,FALSE,0.6386375978474526,FALSE,FALSE,0.17188092733188126
Nron,0.4958337172217858,0.37429041022314274,0.6878317370360518,0.23494538831592568,0.7318429876415415,0.3187931521835489,Nron,FALSE,FALSE,FALSE,FALSE,0.6385028139664597,FALSE,FALSE,0.17184448345548506
Caps2,0.9908501416012112,0.019169328863609184,0.6347632258838165,0.10956679750621234,0.2898720678485023,0.5558389517164815,Caps2,FALSE,FALSE,FALSE,FALSE,0.6384951451111767,FALSE,FALSE,0.17184240989289007
Tial1,0.6961855660124447,0.03831333094046757,0.6762104009719803,0.08521930057579834,0.5430842739855208,0.1957227309825472,Tial1,FALSE,FALSE,FALSE,FALSE,0.6384934136566486,FALSE,FALSE,0.17184194172923176
Impg2,0.8267857038355446,0.10872370170667192,0.39180874176934727,0.4902191322881744,0.6966615315258565,0.3168404957395442,Impg2,FALSE,FALSE,FALSE,FALSE,0.6384186590435827,FALSE,FALSE,0.17182172901641662
Nog,1.130215490219856,0.02300251776828198,0.07443129863355713,0.8919741277642264,0.7104993231464549,0.21706523208732784,Nog,TRUE,FALSE,FALSE,TRUE,0.6383820373332894,FALSE,FALSE,0.17181182696378602
Gm16316,0.5183777700686851,0.6481745444382703,0.8187159357455052,0.45730079095743215,0.5778778584667402,0.7124028771414525,Gm16316,FALSE,FALSE,FALSE,FALSE,0.6383238547603102,FALSE,FALSE,0.17179609512343205
Gm43149,0.27260423457164107,0.8515537031232571,1.107379810009586,0.37882872142062746,0.534225174178206,0.7850435928194189,Gm43149,FALSE,FALSE,FALSE,FALSE,0.6380697395864777,FALSE,FALSE,0.17172738555729306
Rasl11a,0.52833976178254,0.400296026803041,-1.1611790567926228,0.17953707574902272,-0.2245919801881964,0.8399049078248223,Rasl11a,FALSE,FALSE,FALSE,FALSE,0.6380369329211197,FALSE,FALSE,0.17171851504511854
Diaph3,0.9383631154902452,0.02133636204430572,0.6306358632227886,0.11036521115468788,0.3450017516126871,0.4658526833196551,Diaph3,FALSE,FALSE,FALSE,FALSE,0.638000243441907,FALSE,FALSE,0.17170859466861935
Rnf133,0.015524126475041866,0.9918927176050414,1.5366725097988678,0.2307539754183007,0.36120746730841224,0.8713952521792147,Rnf133,FALSE,FALSE,FALSE,FALSE,0.637801367860774,FALSE,FALSE,0.17165482119775885
Slc4a5,0.7076639782182359,0.22250861067029745,0.8693678914019003,0.16319073680057555,0.33598483490141107,0.7046261859379582,Slc4a5,FALSE,FALSE,FALSE,FALSE,0.6376722348405157,FALSE,FALSE,0.17161990524346007
Gm25127,-0.18730834479369368,0.8017145530085114,-0.6151948271644496,0.4118385050572151,-1.1100134277691798,0.2783788457538102,Gm25127,FALSE,FALSE,FALSE,FALSE,0.6375055332424411,FALSE,FALSE,0.17157483121538988
Zc3h11a,0.7242622412179127,0.0403330919229201,0.6816392640945397,0.09037196323640993,0.5064441685907726,0.25155503903953663,Zc3h11a,FALSE,FALSE,FALSE,FALSE,0.6374485579677417,FALSE,FALSE,0.17155942581339753
2010315B03Rik,0.9008429575336923,0.019351832112294208,0.6269190348489833,0.09180503249903499,0.3828901672195455,0.3560934072206804,2010315B03Rik,FALSE,FALSE,FALSE,FALSE,0.6368840532007404,FALSE,FALSE,0.17140679078165547
A930006L05Rik,0.6628976296577848,0.1045953874694164,0.60858605545879,0.16829468588947766,0.6385038136398448,0.23723236073086218,A930006L05Rik,FALSE,FALSE,FALSE,FALSE,0.6366624995854732,FALSE,FALSE,0.1713468854538785
Zfp442,0.7989667349597047,0.026842839054285698,0.7595183655760405,0.07424451517651934,0.3514606614313571,0.42319479030660206,Zfp442,FALSE,FALSE,FALSE,FALSE,0.6366485873223674,FALSE,FALSE,0.1713431237518613
A930004J17Rik,0.7273436749683362,0.1439073444247736,0.6485653488950054,0.22249477838767479,0.5331417871406203,0.441179262246431,A930004J17Rik,FALSE,FALSE,FALSE,FALSE,0.636350270334654,FALSE,FALSE,0.1712624625678456
Gm6170,-0.5334597886081756,0.16951017808870752,-0.4677494467008052,0.24215386357363558,-0.9041304606859575,0.11603095957534934,Gm6170,FALSE,FALSE,FALSE,FALSE,0.6351132319983127,FALSE,FALSE,0.1709279828667501
Mir453,0.5973612863340353,0.5558099333947177,0.6869403249136552,0.5071641867688658,0.6202973653168252,0.6577656820609833,Mir453,FALSE,FALSE,FALSE,FALSE,0.6348663255215052,FALSE,FALSE,0.1708612224421659
Zcchc7,0.6547582638807157,0.03351867309412916,0.6475727657530239,0.0784514728602426,0.6011621671003278,0.12049300589085365,Zcchc7,FALSE,FALSE,FALSE,FALSE,0.6344977322446891,FALSE,FALSE,0.17076155942814814
Hist1h2ad,1.1200109543595627,0.039365595251663506,0.31133577193890016,0.5966833427396686,0.46986219482573793,0.5238815518443666,Hist1h2ad,TRUE,FALSE,FALSE,TRUE,0.6337363070414003,FALSE,FALSE,0.17055567957226922
Plagl1,0.639914041898269,0.05736541346396288,0.7978266858436669,0.07346255419668397,0.4621636655523176,0.2938040139804861,Plagl1,FALSE,FALSE,FALSE,FALSE,0.6333014644314178,FALSE,FALSE,0.17043810356679093
Foxc2,0.6919444599147276,0.2767074711015611,0.5947028281074186,0.380658421760395,0.6123431337289061,0.4895290636965754,Foxc2,FALSE,FALSE,FALSE,FALSE,0.6329968072503508,FALSE,FALSE,0.17035572807375546
Tmem243,0.7353560505448096,0.027173121946206236,0.6992787913007952,0.07532289479233015,0.4639677180981048,0.2406867946102748,Tmem243,FALSE,FALSE,FALSE,FALSE,0.6328675199812365,FALSE,FALSE,0.17032077041249435
CT010445.1,0.7474342150454096,0.08540540733367685,0.6104318222898788,0.18598641846202824,0.5406454643929044,0.351563122695096,CT010445.1,FALSE,FALSE,FALSE,FALSE,0.632837167242731,FALSE,FALSE,0.17031256341146256
Gm15408,-0.3792645881208232,0.2588204150631919,-0.7516947440120294,0.08968228935192599,-0.7672558894649173,0.1211454056382517,Gm15408,FALSE,FALSE,FALSE,FALSE,0.6327384071992567,FALSE,FALSE,0.17028585993037307
2610011E03Rik,0.8070909804961337,0.09362064556238123,0.6716655751654725,0.19025808232305622,0.41866992466039216,0.5400979195704463,2610011E03Rik,FALSE,FALSE,FALSE,FALSE,0.6324754934406661,FALSE,FALSE,0.1702147713369125
Gm10073,-0.47652435134553095,0.27084935589718545,-0.7432337519126102,0.13909585422918966,-0.6765594496467553,0.25497066943856816,Gm10073,FALSE,FALSE,FALSE,FALSE,0.6321058509682989,FALSE,FALSE,0.17011482463353444
Gpr22,0.6036557429389235,0.18114939019181056,0.804945742085966,0.12237934217597683,0.4866000301532072,0.4411571550032388,Gpr22,FALSE,FALSE,FALSE,FALSE,0.6317338383926989,FALSE,FALSE,0.17001423708387253
Cd4,-0.811918158604649,0.12590755572454204,-0.6650580447394948,0.21911637273420945,-0.418006971347103,0.5419289446637928,Cd4,FALSE,FALSE,FALSE,FALSE,0.6316610582304156,FALSE,FALSE,0.16999455823786505
Gm10076,-0.5873824253882329,0.022196427619339296,-0.5344315673516427,0.0704576830990092,-0.7720859096683776,0.04913501460555962,Gm10076,FALSE,FALSE,FALSE,FALSE,0.6312999674694177,FALSE,FALSE,0.16989692381033056
Anxa9,0.7152868302619982,0.1840741634121865,0.4789547316346156,0.41122669190323874,0.699503663416435,0.3356363749792366,Anxa9,FALSE,FALSE,FALSE,FALSE,0.6312484084376829,FALSE,FALSE,0.16988298289272372
Amy1,0.47697577638972866,0.4482807354681092,0.8081084416895372,0.20347091595920547,0.6083657194029397,0.4663281569668116,Amy1,FALSE,FALSE,FALSE,FALSE,0.6311499791607352,FALSE,FALSE,0.16985636884676789
Gm17024,-0.27775788662588274,0.7689322304935835,0.8353556157014617,0.28688168484805854,0.7801201567553736,0.44531088743568625,Gm17024,FALSE,FALSE,FALSE,FALSE,0.631077886360906,FALSE,FALSE,0.1698368758549748
Gm5822,-0.5218108541169608,0.18319473883213622,-0.33452256755398047,0.3955359066803147,-1.0368419958988375,0.09426068913991319,Gm5822,FALSE,FALSE,FALSE,FALSE,0.6310584725232596,FALSE,FALSE,0.16983162659598072
Phf20l1,0.7147312545401556,0.029633515864581787,0.6965614625954561,0.07591367106951656,0.481715436334305,0.22508670396476482,Phf20l1,FALSE,FALSE,FALSE,FALSE,0.6310027178233056,FALSE,FALSE,0.1698165512221403
Rps6ka6,0.9279791670364981,0.01661440266828112,0.6065191646066337,0.09231187007039722,0.3559917668435659,0.3836885337087907,Rps6ka6,FALSE,FALSE,FALSE,FALSE,0.6301633661622326,FALSE,FALSE,0.16958960102628778
Adamts18,-0.5749479727575543,0.6435270964820903,-1.0134592058648786,0.43486089429879404,0.30012062867305,0.8602356318789804,Adamts18,FALSE,FALSE,FALSE,FALSE,0.6295092690984943,FALSE,FALSE,0.16941274135756182
Gm37864,0.7572621295403229,0.20626512379427997,0.6631828368216292,0.29913348655956795,0.46803147348856466,0.5950207078559016,Gm37864,FALSE,FALSE,FALSE,FALSE,0.6294921466168389,FALSE,FALSE,0.1694081116525819
Fam228b,0.7171323221374866,0.05550740713080407,0.5431427951726466,0.16660597143162906,0.6272151944093398,0.18917736616685438,Fam228b,FALSE,FALSE,FALSE,FALSE,0.6291634372398244,FALSE,FALSE,0.16931923274645497
Gm17275,0.6573620312350396,0.2833920426486717,0.5140814846367134,0.43468888232316216,0.7154063261423053,0.3819726935278713,Gm17275,FALSE,FALSE,FALSE,FALSE,0.6289499473380195,FALSE,FALSE,0.16926150774598828
Txlng,0.6478640160255349,0.045892813222429184,0.6708227559022877,0.08453473759992562,0.5681485170926868,0.16732403498244977,Txlng,FALSE,FALSE,FALSE,FALSE,0.6289450963401698,FALSE,FALSE,0.16926019609681534
D630030B08Rik,0.6496640033702332,0.33420924144711833,0.7521778609036276,0.2839455677067419,0.48485848472079063,0.6196597815502262,D630030B08Rik,FALSE,FALSE,FALSE,FALSE,0.6289001163315505,FALSE,FALSE,0.16924803406481012
Slc38a4,0.35535249575632855,0.657763374481447,1.0327624946870064,0.17996766021774446,0.49845588683893716,0.6410240806979091,Slc38a4,FALSE,FALSE,FALSE,FALSE,0.6288569590940907,FALSE,FALSE,0.16923636488733873
Gm25854,0.8524909755795667,0.17774534851480517,0.4243401681622263,0.554474697030185,0.6095253177979867,0.4953771129853779,Gm25854,FALSE,FALSE,FALSE,FALSE,0.62878548717992655,FALSE,FALSE,0.1692170397752674
Onecut2,0.7451125039623376,0.027161725965926687,0.5723745369751818,0.10266451166953353,0.5674991649934573,0.15487682176069006,Onecut2,FALSE,FALSE,FALSE,FALSE,0.6283287353103256,FALSE,FALSE,0.1690935397798907
Kctd8,0.9367422596318034,0.02602323986753694,0.5551297483273063,0.1732788941445503,0.39293413764854535,0.450453791715306,Kctd8,FALSE,FALSE,FALSE,FALSE,0.6282687152025517,FALSE,FALSE,0.1690773110931005
Ifi44,0.9055906779602516,0.05503611051032145,0.5339460121147597,0.27361730575769405,0.44264565000419864,0.4912205178804098,Ifi44,FALSE,FALSE,FALSE,FALSE,0.6273941133597366,FALSE,FALSE,0.16884082968879127
Slc1a1,-0.9495160986764808,0.034951996629719685,-0.7131706158658131,0.10834409554335535,-0.2186297760886049,0.6592130259753674,Slc1a1,FALSE,FALSE,FALSE,FALSE,0.6271054968769663,FALSE,FALSE,0.1687627914000396
Gm10421,0.6805316945742668,0.23506438776906802,0.7573304701457533,0.211416070898116,0.4433171584565342,0.5965485349078742,Gm10421,FALSE,FALSE,FALSE,FALSE,0.6270597743921847,FALSE,FALSE,0.16875042861176234
Tlnrd1,-0.6293315782158917,0.11191810633482727,-0.6942246227033992,0.12399227181825058,-0.5560969617962508,0.2875721650212734,Tlnrd1,FALSE,FALSE,FALSE,FALSE,0.6265510542385139,FALSE,FALSE,0.16861287704206374
Fbln2,-0.9007533785366437,0.13387680257375684,-0.8152872133390545,0.19025808232305622,0.16351389892256396,0.8446450369400482,Fbln2,FALSE,FALSE,FALSE,FALSE,0.6265181635994207,FALSE,FALSE,0.16860398382444103
Naf1,0.769105955003921,0.032522899994359554,0.6585774068765899,0.09231187007039722,0.4515858623902207,0.304922361440274,Naf1,FALSE,FALSE,FALSE,FALSE,0.6264230747569105,FALSE,FALSE,0.16857827299019607
Arhgap42,1.014226925528309,0.013242504668656787,0.4401479710554046,0.1494472400631582,0.4247611504238047,0.2515422917861587,Arhgap42,TRUE,FALSE,FALSE,TRUE,0.6263786823358394,FALSE,FALSE,0.16856626983451806
Adprhl1,-0.21691867912903273,0.6581179651304042,-0.9089214259634353,0.12526830437714695,-0.7524161393091762,0.263937480222375,Adprhl1,FALSE,FALSE,FALSE,FALSE,0.626085414800548,FALSE,FALSE,0.16848697395931067
A330023F24Rik,0.47068648443892425,0.2533096489676574,0.7639198465450114,0.11259354305197018,0.6435724112576233,0.24767959591140917,A330023F24Rik,FALSE,FALSE,FALSE,FALSE,0.6260595807471864,FALSE,FALSE,0.1684799887542506
Cav2,0.6914156063689507,0.032436897241476845,0.6691287369325201,0.07939073389715677,0.5168255725226221,0.1882291666739341,Cav2,FALSE,FALSE,FALSE,FALSE,0.6257899719413643,FALSE,FALSE,0.16840708990371797
Naa15,0.824233034749632,0.024629542147386174,0.6830346911066973,0.08619756464540504,0.3696409749422651,0.39304045001222904,Naa15,FALSE,FALSE,FALSE,FALSE,0.6256362335995315,FALSE,FALSE,0.16836552097807317
Exd1,0.5578264097183043,0.3145214601676718,0.882700758062071,0.14063530962488444,0.43447132114297526,0.58403360973885,Exd1,FALSE,FALSE,FALSE,FALSE,0.6249994963077835,FALSE,FALSE,0.16819335517466716
Kcnk10,-0.578380153175301,0.5498183717171715,0.44772956823387133,0.6563619142693797,-0.8484659837800566,0.52681363362745115,Kcnk10,FALSE,FALSE,FALSE,FALSE,0.6248585683964096,FALSE,FALSE,0.1681552500292666
Prop1,-0.44344257498391515,0.5063553691481221,-0.723776170228994,0.30628840842591787,-0.7052695503485424,0.44154716968698665,Prop1,FALSE,FALSE,FALSE,FALSE,0.6241627651871505,FALSE,FALSE,0.1679671135401885
Gm9869,-0.31880454043188866,0.38130856851961314,-0.4646718809109125,0.23322454253679611,-1.0887995476637429,0.07371174381634897,Gm9869,FALSE,FALSE,FALSE,FALSE,0.624091989668848,FALSE,FALSE,0.16794797672485204
Gm4076,0.7376912523810941,0.227076728696185,0.5249834087841727,0.428065568511634,0.608856220684147,0.47661326754822164,Gm4076,FALSE,FALSE,FALSE,FALSE,0.6238436272831379,FALSE,FALSE,0.16788082264070184
mt-Cytb,0.764644593071889,0.02300251776828198,0.6656826619158114,0.07860560439896262,0.4407508929052959,0.2511398158114848,mt-Cytb,FALSE,FALSE,FALSE,FALSE,0.6236927159643321,FALSE,FALSE,0.16784001810674098
Gm43743,0.4009103245104317,0.4859580601109104,0.36458593783849436,0.5498744286927074,-1.1050765668097837,0.2234082253570566,Gm43743,FALSE,FALSE,FALSE,FALSE,0.6235242763862365,FALSE,FALSE,0.1677944741506008
Cavin2,0.7109745906606579,0.10118583284932328,0.7047370116945104,0.14058795595969964,0.45473093710399626,0.44654042587227366,Cavin2,FALSE,FALSE,FALSE,FALSE,0.6234808464863882,FALSE,FALSE,0.1677827312486283
Gm44916,0.5350232174450007,0.44042774245405414,1.017044288128267,0.1564280205671835,0.3182991250656998,0.764859614320739,Gm44916,FALSE,FALSE,FALSE,FALSE,0.6234555435463225,FALSE,FALSE,0.16777588964996368
Apol10b,-0.5105821616394425,0.4656939677777286,-0.8854211787795038,0.24865668800672222,-0.47412314475642925,0.6251741968610248,Apol10b,FALSE,FALSE,FALSE,FALSE,0.6233754950584585,FALSE,FALSE,0.1677542455395854
Lgals7,-0.30165842933797987,0.6626007389744983,-0.7748933358937693,0.28969122799880875,-0.7916807294701618,0.39980006965063725,Lgals7,FALSE,FALSE,FALSE,FALSE,0.622744164900637,FALSE,FALSE,0.1675835417575949
A330040F15Rik,-0.5232664933832764,0.4988302016087732,-0.8700238819258409,0.2929970854862532,-0.47406855692793126,0.6592130259753674,A330040F15Rik,FALSE,FALSE,FALSE,FALSE,0.6224529774123495,FALSE,FALSE,0.1675048083010933
Gm28370,0.8580846990170317,0.031333342345509635,0.6395916339414225,0.12094248913693609,0.368761398522073,0.46654021036801535,Gm28370,FALSE,FALSE,FALSE,FALSE,0.6221459104935091,FALSE,FALSE,0.16742178124508966
Zfp273,0.7967841929044548,0.03709196898568159,0.7421009791631121,0.08725714291186124,0.3267552167642296,0.5069967996113814,Zfp273,FALSE,FALSE,FALSE,FALSE,0.6218801296105988,FALSE,FALSE,0.16734991741705693
Tmem74,0.36933617341573544,0.41822388834527546,0.9317585874282786,0.08453473759992562,0.5645001895383273,0.33718606579345606,Tmem74,FALSE,FALSE,FALSE,FALSE,0.6218649834607805,FALSE,FALSE,0.1673458220874983
Qk,0.7055278015800583,0.02300251776828198,0.718669538210408,0.0704576830990092,0.4397994040236899,0.21430522751658732,Qk,FALSE,FALSE,FALSE,FALSE,0.6213322479380521,FALSE,FALSE,0.16720177706223888
Nfe2l3,0.5513092802403461,0.17825545256114925,0.6729427096216065,0.13793073677514825,0.6384934579929007,0.23959927157020675,Nfe2l3,FALSE,FALSE,FALSE,FALSE,0.6209151492849511,FALSE,FALSE,0.16708899880087213
Smim22,-0.7329550932113282,0.03513873682649551,-0.6515638056447619,0.08525470443769087,-0.4778983891843773,0.22404801979494265,Smim22,FALSE,FALSE,FALSE,FALSE,0.6208057626801559,FALSE,FALSE,0.1670594220304513
Gm16386,0.6999386371222263,0.09950470791370554,0.39337324113955363,0.38334435437746717,0.7674707694814396,0.16398108942495315,Gm16386,FALSE,FALSE,FALSE,FALSE,0.6202608825810731,FALSE,FALSE,0.1669120932635732
Padi4,-0.6115877843314899,0.31295465463878996,-0.687093841657061,0.28430580027445906,-0.561544412683326,0.49414775035592157,Padi4,FALSE,FALSE,FALSE,FALSE,0.620075346223959,FALSE,FALSE,0.16686192655212478
Aoc2,-0.2959576187502724,0.6390166155588232,-0.872544130716122,0.20448633021290497,-0.6912837504913425,0.4198340931165953,Aoc2,FALSE,FALSE,FALSE,FALSE,0.6199284999859123,FALSE,FALSE,0.16682222116518086
Ccnc,0.8288195269422713,0.025664562526706087,0.6321860215777253,0.101304995632915,0.39728067924546284,0.36731526383037594,Ccnc,FALSE,FALSE,FALSE,FALSE,0.6194287425884865,FALSE,FALSE,0.16668709301272147
Angptl3,0.5732876911505245,0.3723497654295852,0.8127532259200719,0.2211990976149194,0.4722141686277551,0.6078680284345402,Angptl3,FALSE,FALSE,FALSE,FALSE,0.6194183618994505,FALSE,FALSE,0.16668428620418216
Rpl3-ps2,-0.5964546744301118,0.25806281064959224,-0.3135734863631125,0.5606700111008929,-0.9477962133044294,0.20537944218215956,Rpl3-ps2,FALSE,FALSE,FALSE,FALSE,0.6192747913658846,FALSE,FALSE,0.16664546652677809
Far1,0.7982688229182493,0.019435742666429615,0.602618355757893,0.08453473759992562,0.4557512205887999,0.2160746753329498,Far1,FALSE,FALSE,FALSE,FALSE,0.6188794664216474,FALSE,FALSE,0.16653857560408028
Zfp808,0.8495124491316721,0.030260663104226305,0.6579732368960287,0.11036521115468788,0.34634919262065145,0.4865087731701622,Zfp808,FALSE,FALSE,FALSE,FALSE,0.6179449595494507,FALSE,FALSE,0.16628589662873947
Vps37b,-0.5866922421075489,0.07141670851258643,-0.6464290765269562,0.09127708776768337,-0.6204024934275867,0.14010942427538695,Vps37b,FALSE,FALSE,FALSE,FALSE,0.6178412706873639,FALSE,FALSE,0.16625786045671564
Gm11478,-0.35124201462959714,0.1579206050302703,-0.37962953165822055,0.16146831624730604,-1.1225181321245754,0.042179419271414866,Gm11478,FALSE,FALSE,TRUE,TRUE,0.6177965594707977,FALSE,FALSE,0.16624577110272123
Manea,0.8351301706306193,0.023670425705780866,0.6393146407373713,0.09564193831237527,0.37876612647306374,0.3796362685927129,Manea,FALSE,FALSE,FALSE,FALSE,0.6177369792803514,FALSE,FALSE,0.16622966136407674
Col2a1,0.42607522990011026,0.7852456780485214,-0.20386381504518503,0.9112488555938023,1.2215331897575448,0.49116834666750675,Col2a1,FALSE,FALSE,FALSE,FALSE,0.6171574115676134,FALSE,FALSE,0.16607295350011952
Wasl,0.7398518744428291,0.02510341193725702,0.6720188476701718,0.07810208927709161,0.4349422040206905,0.2597845027665977,Wasl,FALSE,FALSE,FALSE,FALSE,0.6156043087112305,FALSE,FALSE,0.16565301390414067
A230107N01Rik,0.6274811445877321,0.2051147269933494,0.6429158872635943,0.22364151860818116,0.5757735604982558,0.3990218814716802,A230107N01Rik,FALSE,FALSE,FALSE,FALSE,0.6153901974498607,FALSE,FALSE,0.16559512089581566
4930455C13Rik,0.7939819816569748,0.23049826599815187,0.887647629497804,0.20660506944315912,0.16442425971643526,0.8916711639561324,4930455C13Rik,FALSE,FALSE,FALSE,FALSE,0.6153512902904047,FALSE,FALSE,0.16558460088630342
Gm45884,0.924493537482169,0.014466638834183743,0.5767494375580435,0.08838532837512685,0.34416393240872445,0.3482963522354891,Gm45884,FALSE,FALSE,FALSE,FALSE,0.6151356358163124,FALSE,FALSE,0.165526290612551
Kcnj4,0.8625954519962004,0.47150199002043286,0.31525009133422155,0.8311625007748811,0.6675269805620837,0.7071222817241728,Kcnj4,FALSE,FALSE,FALSE,FALSE,0.6151241746308352,FALSE,FALSE,0.165523191651282
Zfp160,0.8041442355703303,0.023298544871650877,0.7079561770691756,0.07795529577796914,0.33302083019297335,0.422832318958479,Zfp160,FALSE,FALSE,FALSE,FALSE,0.6150404142774931,FALSE,FALSE,0.165500543898883
Gm47644,0.20749100827158118,0.8458732624653789,1.1714595100172565,0.1995812088419037,0.4659659751173004,0.7320522012263125,Gm47644,FALSE,FALSE,FALSE,FALSE,0.6149721644687127,FALSE,FALSE,0.16548209000382572
Srpx,0.5256508403133675,0.34962302212599916,0.22048224241234404,0.7364061619112628,1.0986838516667334,0.12911137253174965,Srpx,FALSE,FALSE,FALSE,FALSE,0.614938978130815,FALSE,FALSE,0.16547311683294297
Gm48796,0.6120484700066999,0.31127966892260545,0.46714948404295775,0.4758839954548916,0.7651070071409192,0.34350573278224655,Gm48796,FALSE,FALSE,FALSE,FALSE,0.6147683203968589,FALSE,FALSE,0.16542697311518875
Raph1,0.6630861799153545,0.040445401951539985,0.5651076329630031,0.10744173248711353,0.6155093920786392,0.1306330155548047,Raph1,FALSE,FALSE,FALSE,FALSE,0.6145677349856656,FALSE,FALSE,0.1653727373276557
Gm26637,-0.6038496921562173,0.27304315360555825,-0.7682778649890073,0.20347091595920547,-0.4711373443300349,0.5340572342099397,Gm26637,FALSE,FALSE,FALSE,FALSE,0.6144216338250865,FALSE,FALSE,0.16533323340034434
9130024F11Rik,0.939454573071154,0.1393035121022724,0.11419428051816805,0.8903669425551053,0.788615337820691,0.3669246121980078,9130024F11Rik,FALSE,FALSE,FALSE,FALSE,0.6140880638033377,FALSE,FALSE,0.16524304023664743
Zic4,0.7693836137750407,0.24201523782022238,0.3624094780502626,0.6341910055614219,0.7089863875778509,0.43560534991662886,Zic4,FALSE,FALSE,FALSE,FALSE,0.6135931598010514,FALSE,FALSE,0.1651092243815582
Palm2,0.9234186844909028,0.1285500490408541,0.03742594111557218,0.9639609684707064,0.8797150146119759,0.2816103544068156,Palm2,FALSE,FALSE,FALSE,FALSE,0.613519880072817,FALSE,FALSE,0.16508941045916295
4930555A03Rik,0.8539586417411316,0.18233321736094066,0.20606558873831032,0.7981597689196641,0.7803181633841303,0.3738769369186596,4930555A03Rik,FALSE,FALSE,FALSE,FALSE,0.6134474646211907,FALSE,FALSE,0.16506983022635766
Gzmm,-0.8768961490252128,0.16013363029849187,-0.5869058605929733,0.34183371636126963,-0.37622306223933477,0.6430879831106097,Gzmm,FALSE,FALSE,FALSE,FALSE,0.6133416906191737,FALSE,FALSE,0.16504123025856443
Zfpm2,0.6149712088940955,0.05825686222886832,0.5601479888025644,0.11713048511995162,0.6638104383791856,0.12019500614863374,Zfpm2,FALSE,FALSE,FALSE,FALSE,0.6129765453586152,FALSE,FALSE,0.16494249954503679
Gm26773,0.6724295394712285,0.39576086424600515,0.5405113464316618,0.5287597309359323,0.6254302467418699,0.5758551318227222,Gm26773,FALSE,FALSE,FALSE,FALSE,0.6127903775482534,FALSE,FALSE,0.1648921620965244
Zfp51,0.7976325488900073,0.04139269294583608,0.7466802630426495,0.09180503249903499,0.29377078274729396,0.5732538720885044,Zfp51,FALSE,FALSE,FALSE,FALSE,0.6126945315599835,FALSE,FALSE,0.16486624653953164
Gm14325,0.9070089322177406,0.04215756021318791,0.7396986625062176,0.12294584186280527,0.19118048321461778,0.7669696688057195,Gm14325,FALSE,FALSE,FALSE,FALSE,0.6126293593128587,FALSE,FALSE,0.1648486247786713
Ap1s3,0.63177273748584994,0.0690742042652222,0.7200178582322687,0.08525470443769087,0.4855901571633341,0.2845495211607672,Ap1s3,FALSE,FALSE,FALSE,FALSE,0.6124602509604843,FALSE,FALSE,0.16480289999432693
Pcsk6,-0.605637640337922,0.08107810625547547,-0.6316276660229123,0.11541493796047003,-0.5994454667659843,0.19999072086906083,Pcsk6,FALSE,FALSE,FALSE,FALSE,0.6122369243756062,FALSE,FALSE,0.16474251527773226
Ckap2l,0.7833053982378975,0.2200904780123509,0.22011115490139452,0.7817454071353893,0.832218343642513,0.3339062247205055,Ckap2l,FALSE,FALSE,FALSE,FALSE,0.6118782989272683,FALSE,FALSE,0.1646455474399205
Itga4,0.730518707540539,0.051477828163073405,0.6358203416184356,0.11918285018239806,0.4687788960970094,0.3321833653214969,Itga4,FALSE,FALSE,FALSE,FALSE,0.6117059817519946,FALSE,FALSE,0.1645989550299798
Zfp518a,0.7741208284812222,0.018371466261579567,0.639310932686465,0.0704576830990092,0.42084707388645004,0.2219227888331168,Zfp518a,FALSE,FALSE,FALSE,FALSE,0.6114262783513791,FALSE,FALSE,0.16452332672721434
Gm42573,-0.19042538561349842,0.8458732624653789,-0.41399135310089985,0.6772561676074447,-1.2275086803318658,0.3528985693680156,Gm42573,FALSE,FALSE,FALSE,FALSE,0.6106418063487546,FALSE,FALSE,0.16431121530491868
Apol11b,1.2680179339249265,0.10303721710844499,0.13392765334050638,0.8960415695765935,0.4297748881607172,0.7303752574601557,Apol11b,FALSE,FALSE,FALSE,FALSE,0.6105734918087167,FALSE,FALSE,0.16429274390733858
Cfap298,-0.6824654534306134,0.05711658518487717,-0.6386192799220547,0.10381114606151486,-0.5097905671660987,0.24128136173300901,Cfap298,FALSE,FALSE,FALSE,FALSE,0.610291766839589,FALSE,FALSE,0.16421656899772044
Hist3h2ba,-0.9492347389881484,0.0917616916492966,-0.65851413458345,0.22256165305480682,-0.22295509619681586,0.7552179118008397,Hist3h2ba,FALSE,FALSE,FALSE,FALSE,0.6102346565894714,FALSE,FALSE,0.16420112710006243
Rcor3,0.7145150571270946,0.016531461885642206,0.6122149401711203,0.0704576830990092,0.5034944751485293,0.10905122251834758,Rcor3,FALSE,FALSE,FALSE,FALSE,0.6100748241489148,FALSE,FALSE,0.16415791040630914
Gm27252,0.5885024162986848,0.24998495067063606,0.6711975220656797,0.214624222301969,0.5694878224124575,0.41559490146073635,Gm27252,FALSE,FALSE,FALSE,FALSE,0.609729253592274,FALSE,FALSE,0.16406447244800426
Gm8237,0.416384766253743,0.6091535629974907,0.9507583823599237,0.2199436741905098,0.4615376059957649,0.6771264621052996,Gm8237,FALSE,FALSE,FALSE,FALSE,0.6095602515364772,FALSE,FALSE,0.16401877640492557
Ptgdr,0.8585010952266189,0.20521751170412528,-0.34606267060371854,0.695494280540715,0.6224391455610021,0.5181452776140207,Ptgdr,FALSE,FALSE,FALSE,FALSE,0.6090009704637799,FALSE,FALSE,0.16386755379481838
Gm15853,0.5874180557667509,0.2659068008479491,0.4550837058508675,0.42153220672815367,0.7842030891595079,0.2595589060667637,Gm15853,FALSE,FALSE,FALSE,FALSE,0.6089016169257088,FALSE,FALSE,0.1638406898402096
Pgf,-0.7832948350663553,0.07131046109334778,-0.6247142520673491,0.156098877065583,-0.41838968238322294,0.4245546263275381,Pgf,FALSE,FALSE,FALSE,FALSE,0.6087995898389758,FALSE,FALSE,0.16381310299146648
4930544I03Rik,0.6966349194078985,0.1927429401101406,0.6072421921875807,0.2883643684889705,0.5214083136354898,0.4874929153281715,4930544I03Rik,FALSE,FALSE,FALSE,FALSE,0.6084284750769896,FALSE,FALSE,0.16371275819938153
Gm43490,0.9493992886231242,0.10053358839854279,0.5566078146570332,0.373121097723003,0.31883436701938606,0.7259214717680071,Gm43490,FALSE,FALSE,FALSE,FALSE,0.6082804900998479,FALSE,FALSE,0.16367274491162248
Rps6ka2,-0.704727318572659,0.05428956408387389,-0.5170332027164086,0.17619514818271417,-0.6027707208102733,0.20615231993569727,Rps6ka2,FALSE,FALSE,FALSE,FALSE,0.6081770806997803,FALSE,FALSE,0.16364478430263493
Cadm2,0.783435026082703,0.07103831608818642,0.6723466432874723,0.1520578330457242,0.368432247766437,0.542232017933202,Cadm2,FALSE,FALSE,FALSE,FALSE,0.6080713057122041,FALSE,FALSE,0.16361618406835884
Gm43681,0.3471698191931763,0.5551297055816248,0.8508716222845745,0.1494472400631582,0.6261092123238678,0.39804707670410877,Gm43681,FALSE,FALSE,FALSE,FALSE,0.6080502179338729,FALSE,FALSE,0.16361048219673063
Gm8098,0.5989095823592302,0.20795921063422715,0.7450873250364453,0.15042119114497143,0.4790953941255721,0.4685124107719969,Gm8098,FALSE,FALSE,FALSE,FALSE,0.6076974338404159,FALSE,FALSE,0.1635150937882519
4930525G20Rik,0.9590677653181439,0.022606933826155737,0.34222057390277305,0.3733927202655453,0.5211885221612649,0.2783788457538102,4930525G20Rik,FALSE,FALSE,FALSE,FALSE,0.6074922871273939,FALSE,FALSE,0.16345962468172828
Ccdc83,-0.6942938185036723,0.18092485155491,-0.1929087483324698,0.7205614597949848,-0.9333810007589597,0.19524031207297776,Ccdc83,FALSE,FALSE,FALSE,FALSE,0.6068611891983673,FALSE,FALSE,0.16328898369150066
Acnat1,-1.163583796120472,0.061016914491829576,-0.3301764731128777,0.547440594647145,-0.32659671132167334,0.6559364401879924,Acnat1,FALSE,FALSE,FALSE,FALSE,0.6067856601850077,FALSE,FALSE,0.1632685615905274
Foxd1,0.5308684128210439,0.34897892961641985,0.20572686347417868,0.760239020990327,1.0832020911535785,0.13792070422122896,Foxd1,FALSE,FALSE,FALSE,FALSE,0.6065991224829337,FALSE,FALSE,0.1632181241279203
Gm47882,0.4553813226769201,0.5018948022842705,0.44242386559160585,0.533726536271651,0.9213444847549379,0.27415850806000347,Gm47882,FALSE,FALSE,FALSE,FALSE,0.6063832243411547,FALSE,FALSE,0.16315974796947166
Gm16378,-0.8256856877419008,0.39717613569221444,-0.6704919439868937,0.49832709654500795,-0.32200248193893316,0.816326635188023,Gm16378,FALSE,FALSE,FALSE,FALSE,0.6060600378892426,FALSE,FALSE,0.1630723623932466
Fam227a,0.49806535049445877,0.16065143536539261,0.5202527633473082,0.1751640242634439,0.7992281374671695,0.1002620105675008,Fam227a,FALSE,FALSE,FALSE,FALSE,0.6058487504363121,FALSE,FALSE,0.1630152329074213
4933400F21Rik,0.5679009071759274,0.12611203740461743,0.6785055443156552,0.11025421348490946,0.5702580036499584,0.24458068268653627,4933400F21Rik,FALSE,FALSE,FALSE,FALSE,0.6055548183805137,FALSE,FALSE,0.1629357573541764
Nfxl1,0.5915062600692833,0.042680913280327644,0.6246674351861952,0.07978550165448961,0.5972788716310031,0.11655533245180859,Nfxl1,FALSE,FALSE,FALSE,FALSE,0.6044841889621605,FALSE,FALSE,0.16264627254411468
Vgll3,0.6931254030540961,0.06836672755644556,0.5814343832855138,0.15202031156578022,0.5387349124613197,0.275337776818156,Vgll3,FALSE,FALSE,FALSE,FALSE,0.6044315662669765,FALSE,FALSE,0.16263204402520873
Slco1a4,0.49021472548513145,0.48537982761665827,1.3163148666323083,0.09026754474398681,-0.006227088517401891,0.9957254050020347,Slco1a4,FALSE,FALSE,FALSE,FALSE,0.6042522268782806,FALSE,FALSE,0.16258355289654813
Gm11816,0.6694729600461073,0.31603259054612654,0.6679931900743739,0.3430652290962376,0.47314778373262883,0.6277791663081151,Gm11816,FALSE,FALSE,FALSE,FALSE,0.6035379779510367,FALSE,FALSE,0.16239042891592928
Mob1b,0.7332711969095538,0.014840024695314973,0.6107000380696261,0.0704576830990092,0.4665225496887482,0.12495204816527093,Mob1b,FALSE,FALSE,FALSE,FALSE,0.6034979282226427,FALSE,FALSE,0.16237959997006024
Foxf2,0.8083622992655213,0.13034062018893508,0.10722850439032228,0.8760775826566706,0.8945380474016305,0.2060774376961014,Foxf2,FALSE,FALSE,FALSE,FALSE,0.6033762836858246,FALSE,FALSE,0.1623467088080651
Gm25788,-0.19691872281688294,0.7169147518084034,-0.40657936189688515,0.45397680979917077,-1.205848434245753,0.13813008404078156,Gm25788,FALSE,FALSE,FALSE,FALSE,0.6031155063198403,FALSE,FALSE,0.16227619786845682
Wwp1,0.6923999321491934,0.024097312080618837,0.5937351409079188,0.083208807140714,0.5227307549018505,0.14558871276456742,Wwp1,FALSE,FALSE,FALSE,FALSE,0.6029552759863209,FALSE,FALSE,0.1622328735894207
Chm,0.8283823291206049,0.017823060973944406,0.5516328122911371,0.091943241723137,0.4282218851811459,0.23732599087608175,Chm,FALSE,FALSE,FALSE,FALSE,0.6027456755309627,FALSE,FALSE,0.1621762002466486
Tnfsf9,-0.4309522027999983,0.5124578281145993,-0.8680671445379319,0.22436079749950047,-0.5086452636185577,0.5739581774354638,Tnfsf9,FALSE,FALSE,FALSE,FALSE,0.6025548703188293,FALSE,FALSE,0.16212460890267247
Zfp280c,0.6866804542978717,0.026392833875682736,0.621342296736779,0.0794588707975626,0.4987303372427019,0.17235863147628205,Zfp280c,FALSE,FALSE,FALSE,FALSE,0.6022510294257842,FALSE,FALSE,0.16204245412371318
4732416N19Rik,0.8112816607764715,0.042115166113742594,0.5132625135154276,0.20242631026084787,0.48172572461224084,0.34599729613854174,4732416N19Rik,FALSE,FALSE,FALSE,FALSE,0.60208996630138,FALSE,FALSE,0.16199890466843309
Gm43668,0.620540685030925,0.08505094744822601,0.5396832346411276,0.1614697989523934,0.6456690721958092,0.16735442230976913,Gm43668,FALSE,FALSE,FALSE,FALSE,0.6019643306226206,FALSE,FALSE,0.16196493435155296
Katnbl1,0.7580933688608411,0.022606933826155737,0.7031656540129037,0.0704576830990092,0.34461431041098667,0.3676932033235882,Katnbl1,FALSE,FALSE,FALSE,FALSE,0.6019577777615771,FALSE,FALSE,0.16196316253984855
Gm48904,0.3436291856840731,0.5991481045018764,0.8449974779809172,0.18551116152221053,0.6172350241456019,0.45565692452552997,Gm48904,FALSE,FALSE,FALSE,FALSE,0.6019538959368641,FALSE,FALSE,0.16196211294297547
Ccdc192,0.7579570882647699,0.04571502526579462,0.49051513987684325,0.20242631026084787,0.5570194651745821,0.24495968240756708,Ccdc192,FALSE,FALSE,FALSE,FALSE,0.6018305644387317,FALSE,FALSE,0.16192876564773076
Rpl15-ps2,0.34050545544077276,0.5658222396856948,0.9161976231129088,0.13078105459057643,0.5481195153945739,0.47339862989662834,Rpl15-ps2,FALSE,FALSE,FALSE,FALSE,0.6016075313160851,FALSE,FALSE,0.16186846027965474
C1galt1,0.7785096492468755,0.016531461885642206,0.6001674268887411,0.07346255419668397,0.42609311038117337,0.19999072086906083,C1galt1,FALSE,FALSE,FALSE,FALSE,0.6015900621722633,FALSE,FALSE,0.16186373684155886
Lrrc25,-0.7127917137787609,0.1948043136860047,-0.32328560058012656,0.5596656129098758,-0.7665620404598975,0.30005642867112964,Lrrc25,FALSE,FALSE,FALSE,FALSE,0.600879784939595,FALSE,FALSE,0.16167168675750046
Slc1a2,0.7713754932082351,0.1503826235747953,0.2205109864842667,0.7231030057885636,0.8094704796800629,0.27094845677333723,Slc1a2,FALSE,FALSE,FALSE,FALSE,0.6004523197908549,FALSE,FALSE,0.16155610552531147
Zfp760,0.7826052130000818,0.02700421529331782,0.6943609683593044,0.08414847600606047,0.3242906235011729,0.45047607147183677,Zfp760,FALSE,FALSE,FALSE,FALSE,0.6004189349535197,FALSE,FALSE,0.1615470786826624
Gm9625,-0.32412759574920585,0.5270528026026938,-0.47947801016718383,0.3653047330098055,-0.9961687856004259,0.17827482305413056,Gm9625,FALSE,FALSE,FALSE,FALSE,0.5999247971722719,FALSE,FALSE,0.16141347000416292
Mmp19,0.7110358052763098,0.22151205746329353,0.42802353041268265,0.5052088926250021,0.660578399465907,0.409082037651014,Mmp19,FALSE,FALSE,FALSE,FALSE,0.5998792450516331,FALSE,FALSE,0.16140115328022
Cfap157,-0.5027231290625662,0.3370117180668149,-0.6312363260209505,0.25747023365744265,-0.6638723588324996,0.3543595835345854,Cfap157,FALSE,FALSE,FALSE,FALSE,0.5992772713053388,FALSE,FALSE,0.16123838710490213
4930466K18Rik,0.6247202456332812,0.16251480527717246,0.7482151482287862,0.13363791594408103,0.4223277945495376,0.5023023307145136,4930466K18Rik,FALSE,FALSE,FALSE,FALSE,0.5984210628038683,FALSE,FALSE,0.16100687903014488
Rsbn1l,0.6605142058467015,0.015532072290935523,0.6259854949402,0.0704576830990092,0.5065631967339899,0.08522018115576713,Rsbn1l,FALSE,FALSE,FALSE,FALSE,0.5976876325069638,FALSE,FALSE,0.16080856864696907
2610316D01Rik,0.919390897165552,0.0969445604905719,0.4640568420432115,0.43933916662298306,0.4091655178059149,0.6147300814706247,2610316D01Rik,FALSE,FALSE,FALSE,FALSE,0.5975377523382261,FALSE,FALSE,0.16076804292309557
Zfp729a,0.7817052458727991,0.023546295124030572,0.6188668321958906,0.09085111530551959,0.39142497248552033,0.3298543303798734,Zfp729a,FALSE,FALSE,FALSE,FALSE,0.5973323501847366,FALSE,FALSE,0.16071250474866297
2610044O15Rik8,0.8618223983965638,0.02122242848978621,0.6356402976190889,0.091288359702255,0.2935434661782885,0.4918152224753389,2610044O15Rik8,FALSE,FALSE,FALSE,FALSE,0.5970020540646471,FALSE,FALSE,0.16062319680704548
Bmt2,0.7527804023968212,0.023781062591481793,0.6399179197393883,0.08414847600606047,0.39715161234002583,0.3051492543910978,Bmt2,FALSE,FALSE,FALSE,FALSE,0.5966166448254118,FALSE,FALSE,0.16051898696701727
Gm43951,-0.43201458286244515,0.33420924144711833,-0.6681439517527239,0.18139788577557403,-0.6888641703016762,0.2681304595948968,Gm43951,FALSE,FALSE,FALSE,FALSE,0.5963409016389485,FALSE,FALSE,0.1604444294566493
Spopl,0.7327649316772691,0.032436897241476845,0.6466238938663098,0.09071724354038928,0.40954716439835614,0.32856826596063826,Spopl,FALSE,FALSE,FALSE,FALSE,0.5963119966473117,FALSE,FALSE,0.16043661390827152
Mlip,0.5377605976665192,0.34094000837178773,0.5589201911474366,0.3430652290962376,0.6921481068826383,0.35166179021365035,Mlip,FALSE,FALSE,FALSE,FALSE,0.5962762985655313,FALSE,FALSE,0.16042696159324393
A230072E10Rik,0.5344373576018985,0.17088108669381252,0.9192418530363832,0.07242313242785868,0.33494345087886945,0.5487618363149195,A230072E10Rik,FALSE,FALSE,FALSE,FALSE,0.5962075538390503,FALSE,FALSE,0.1604083738786277
Nbeal1,0.7594053220849926,0.019108275622710627,0.6228711857835698,0.07346255419668397,0.40618948427002,0.23556047760483703,Nbeal1,FALSE,FALSE,FALSE,FALSE,0.5961553307128608,FALSE,FALSE,0.16039425339818258
Gm37423,0.37230988481466276,0.6459573793382364,0.6105434346304807,0.4377556445224226,0.8055536678687929,0.4169495874309355,Gm37423,FALSE,FALSE,FALSE,FALSE,0.5961356624379788,FALSE,FALSE,0.16038893534254087
Gm44430,-0.590471978378954,0.28960049382755726,-0.2940411732262389,0.6139424138566584,-0.9028934377680281,0.25370456056263996,Gm44430,FALSE,FALSE,FALSE,FALSE,0.5958021964577404,FALSE,FALSE,0.16029877031036768
Slc18a2,0.6854318247384357,0.0380043780706344,0.6445400095281535,0.08553001432805601,0.4550607626976926,0.2631221090335856,Slc18a2,FALSE,FALSE,FALSE,FALSE,0.5950108656547606,FALSE,FALSE,0.16008480435420244
Ppnr,1.0912723570380425,0.2232748607426699,0.4144865587871135,0.7035139164034433,0.27869855241311914,0.8639195651821074,Ppnr,FALSE,FALSE,FALSE,FALSE,0.594819156079425,FALSE,FALSE,0.1600329684817225
Gm46218,0.48715044858185674,0.3411129733152982,0.7833094767463348,0.15027891097725224,0.5136110683681802,0.460023447495747,Gm46218,FALSE,FALSE,FALSE,FALSE,0.5946903312321239,FALSE,FALSE,0.15999813585353864
Tdp2,0.747173751976177,0.025043567645686424,0.6352030807055944,0.08453473759992562,0.4015654682416714,0.30677052554588685,Tdp2,FALSE,FALSE,FALSE,FALSE,0.5946474336411476,FALSE,FALSE,0.15998653688123038
Gm1976,0.7128921971276689,0.028862531926961057,0.5199026240536808,0.1198119334308268,0.5506121017850876,0.1564952205742026,Gm1976,FALSE,FALSE,FALSE,FALSE,0.5944689743221457,FALSE,FALSE,0.15993828371241267
Rad54b,1.2979727420789269,0.023298544871650877,-0.24427182776740586,0.7001186721685346,0.24084099064245323,0.7654644375588999,Rad54b,TRUE,FALSE,FALSE,TRUE,0.594361853496262,FALSE,FALSE,0.15990931958028348
AC154538.1,0.764831717256945,0.13767917692622184,0.8946529196170963,0.12281037086751467,-0.12347589599098284,0.8997250611324198,AC154538.1,FALSE,FALSE,FALSE,FALSE,0.5943201776216747,FALSE,FALSE,0.1598980509448133
Gpr50,-0.8318834185831414,0.1872613378323952,-0.8459113971526535,0.20077479809516696,0.10493224708428661,0.9074397235718202,Gpr50,FALSE,FALSE,FALSE,FALSE,0.5942423542733605,FALSE,FALSE,0.15987700848435132
Vps37a,0.6993235485833704,0.02672464206529116,0.6157884345189748,0.08453473759992562,0.4663635439955618,0.21454559754482708,Vps37a,FALSE,FALSE,FALSE,FALSE,0.5938251756993024,FALSE,FALSE,0.15976420861335697
Ppargc1b,-0.8585992678702208,0.06641591877924347,-0.5300943828854712,0.22726174440851238,-0.39255710287206336,0.4834385639343099,Ppargc1b,FALSE,FALSE,FALSE,FALSE,0.5937502512092517,FALSE,FALSE,0.15974394996792887
Maff,-0.88517284174514,0.2961090753436872,0.2124612905368739,0.7968730551799982,-0.6832447267982895,0.5441106587100206,Maff,FALSE,FALSE,FALSE,FALSE,0.5936262863601012,FALSE,FALSE,0.1597104314224868
Gm5835,-0.4176265713031211,0.29261602184413443,-0.4351848865903378,0.29185511038758544,-0.9280378494603919,0.12049300589085365,Gm5835,FALSE,FALSE,FALSE,FALSE,0.593616435784617,FALSE,FALSE,0.1597077679500246
Srrm4os,-0.1495934988548231,0.773433107542319,-0.3052716306626343,0.55340973457724,-1.3257871936900447,0.1002620105675008,Srrm4os,FALSE,FALSE,FALSE,FALSE,0.5935507744025007,FALSE,FALSE,0.1596900139331776
Sv2c,0.4520868168182848,0.1444003097765653,0.6512480721629297,0.08525470443769087,0.676181345239685,0.10668913809581836,Sv2c,FALSE,FALSE,FALSE,FALSE,0.5931720780736331,FALSE,FALSE,0.1595876191801902
Gm45328,0.4052293698507813,0.5200867356945023,1.2475865334791059,0.08451455445915308,0.12447673143939397,0.908966810542714,Gm45328,FALSE,FALSE,FALSE,FALSE,0.592430878256427,FALSE,FALSE,0.15938720801585687
Itgbl1,0.8136351272207083,0.028183907258821632,0.5299681415788271,0.14824912016780012,0.43319406660333026,0.3329538998193942,Itgbl1,FALSE,FALSE,FALSE,FALSE,0.5922657784676219,FALSE,FALSE,0.15934256709698785
Xiap,0.7498215783666948,0.02095553687999382,0.5843479941770857,0.08453473759992562,0.4407041644978964,0.2160746753329498,Xiap,FALSE,FALSE,FALSE,FALSE,0.5916245790138923,FALSE,FALSE,0.15916919478076655
Rgs5,0.944163690574606,0.019850968814593157,0.7055768424416868,0.08525470443769087,0.1250508171592628,0.8039831148516488,Rgs5,FALSE,FALSE,FALSE,FALSE,0.5915971167251852,FALSE,FALSE,0.15916176932122475
Gm13562,0.9368882466190274,0.19944394527362003,0.8169793621124406,0.29588738892291083,0.020856443700727256,0.988242021606551,Gm13562,FALSE,FALSE,FALSE,FALSE,0.5915746841440651,FALSE,FALSE,0.1591557038317347
Elfn2,0.07014642773002845,0.9491466864294082,-1.2821038654259593,0.27716795387485016,0.42116144376153347,0.7503192744090388,Elfn2,FALSE,FALSE,FALSE,FALSE,0.5911372456391738,FALSE,FALSE,0.1590374259287261
Zfp119a,0.7600823902765956,0.02700421529331782,0.6337816727153136,0.08967000640739733,0.37869584843208903,0.3600588809012681,Zfp119a,FALSE,FALSE,FALSE,FALSE,0.5908533038079994,FALSE,FALSE,0.158960651607325
Rfx7,0.6878480868864436,0.014455723425594891,0.5299403989826379,0.0704576830990092,0.5545488857272041,0.06750873220157737,Rfx7,FALSE,FALSE,FALSE,FALSE,0.5907791238654285,FALSE,FALSE,0.15894059427822738
Mgat4c,0.46059786595186214,0.1892884890006187,0.6816013366053801,0.09968431829754035,0.6300135500351276,0.1788977566386504,Mgat4c,FALSE,FALSE,FALSE,FALSE,0.5907375841974566,FALSE,FALSE,0.1589293624713232
Lmbrd2,0.7860232198107484,0.02095553687999382,0.581151514189771,0.08967000640739733,0.4048310690661987,0.2748462807794289,Lmbrd2,FALSE,FALSE,FALSE,FALSE,0.5906686010222394,FALSE,FALSE,0.1589107102831497
Cryba2,-0.6913412752462378,0.05156705416378242,-0.7066130833004793,0.08619756464540504,-0.3736552264152482,0.3758213443965943,Cryba2,FALSE,FALSE,FALSE,FALSE,0.5905365283206551,FALSE,FALSE,0.15887499947577127
Rock1,0.7427133299934381,0.023478178854300733,0.623239417345844,0.08451455445915308,0.4052099853244018,0.28315990045604944,Rock1,FALSE,FALSE,FALSE,FALSE,0.5903875775545613,FALSE,FALSE,0.15883472505075358
Gm13524,1.1046675509683708,0.05938451716834093,0.6174388349393343,0.3165401728158819,-0.04882671769917213,0.9677541211626071,Gm13524,FALSE,FALSE,FALSE,FALSE,0.5903110345356257,FALSE,FALSE,0.15881402877534936
Cyyr1,0.6561383245707972,0.041155849178030994,0.6479183585629715,0.08453473759992562,0.4668030758163644,0.24315470576168083,Cyyr1,FALSE,FALSE,FALSE,FALSE,0.590286586316711,FALSE,FALSE,0.1588074182825985
Gm5869,-0.4764378378462921,0.2918590630089555,-0.5170483527092782,0.27404074009448265,-0.7770488228221198,0.22352000834473182,Gm5869,FALSE,FALSE,FALSE,FALSE,0.5901783377925633,FALSE,FALSE,0.15877814923495684
Lypla1,0.8530730492531591,0.03931643433684292,0.5796038413938005,0.16648780582271683,0.3373276649750414,0.5298595407555036,Lypla1,FALSE,FALSE,FALSE,FALSE,0.590001518540667,FALSE,FALSE,0.15873033951978086
Anln,0.7894288026854734,0.06538512097456183,0.27780015576923867,0.5525979887533944,0.7022589324190875,0.20615231993569727,Anln,FALSE,FALSE,FALSE,FALSE,0.5898292969579332,FALSE,FALSE,0.1586837729568679
Iqgap3,0.62870408676142,0.5000246105905296,0.17985614225049706,0.8745575630081998,0.9600416379222985,0.4234158637896019,Iqgap3,FALSE,FALSE,FALSE,FALSE,0.5895339556447385,FALSE,FALSE,0.15860391635804116
Crisp1,0.7772669615784418,0.2799242056658113,0.44123828259572795,0.5893325025286795,0.5494242131071707,0.6004853062189887,Crisp1,FALSE,FALSE,FALSE,FALSE,0.5893098190937801,FALSE,FALSE,0.15854331263674432
Gm43848,1.035325676563575,0.0557539345612206,0.19242002197730101,0.7655880140985618,0.5391198045638952,0.4637710952718513,Gm43848,FALSE,FALSE,FALSE,FALSE,0.5889551677015904,FALSE,FALSE,0.15844741933403264
Slc33a1,0.8148842747804004,0.03864412666210684,0.594695433656673,0.14296970811855425,0.35710839066123246,0.47763770328727306,Slc33a1,FALSE,FALSE,FALSE,FALSE,0.5888960330327686,FALSE,FALSE,0.15843143005886562
Zfp930,0.8518037120808444,0.021334637308916677,0.6568618949500911,0.08525470443769087,0.2579860635572917,0.5513748699388772,Zfp930,FALSE,FALSE,FALSE,FALSE,0.5888838901960757,FALSE,FALSE,0.15842814678762965
Cbll1,0.7046431446493928,0.03894725910006948,0.7020956773282627,0.0832332456633127,0.3590069050583349,0.4065954988494076,Cbll1,FALSE,FALSE,FALSE,FALSE,0.5885819090119968,FALSE,FALSE,0.15834649485072533
Egfros,0.7750274821806183,0.16572471806251454,0.5788556432529742,0.33600358527527174,0.4113561489888041,0.6223459525317465,Egfros,FALSE,FALSE,FALSE,FALSE,0.5884130914741322,FALSE,FALSE,0.15830084869898875
Tspan1,-0.7399590447522437,0.04658757892553139,-0.6713327797692605,0.09534608160389985,-0.35250026832888914,0.409082037651014,Tspan1,FALSE,FALSE,FALSE,FALSE,0.5879306976167978,FALSE,FALSE,0.15817041543069674
Dnajb9,0.7488454921824186,0.1348692214781984,0.6635758475375741,0.22183322894006313,0.3512532133651689,0.6320124235538501,Dnajb9,FALSE,FALSE,FALSE,FALSE,0.5878915176950539,FALSE,FALSE,0.1581598216696718
Oprk1,1.1064411771738203,0.022606933826155737,0.23090241443651038,0.6339856567426926,0.4261887769662738,0.4681791423427732,Oprk1,TRUE,FALSE,FALSE,TRUE,0.5878441228588681,FALSE,FALSE,0.158147006698482
Diaph2,0.7536275334729323,0.02095553687999382,0.6138739052547493,0.07860560439896262,0.3957977212994255,0.26669296121677394,Diaph2,FALSE,FALSE,FALSE,FALSE,0.5877663866757024,FALSE,FALSE,0.15812598780638648
Frem3,-0.8525791644538847,0.28627345957426037,-0.7909449747186538,0.3343208573142701,-0.11789359747520223,0.9255119037359897,Frem3,FALSE,FALSE,FALSE,FALSE,0.5871392455492469,FALSE,FALSE,0.15795641668610744
Stat5a,-0.5784637485094635,0.1712621073543906,-0.6791539620775504,0.15345187967322974,-0.5019972240424186,0.3877901786542766,Stat5a,FALSE,FALSE,FALSE,FALSE,0.5865383115431442,FALSE,FALSE,0.1577939316435389
Gm47583,0.47999249566672963,0.6713248828370114,0.3873372343836823,0.7473484018944525,0.8918146396840743,0.5225787173452385,Gm47583,FALSE,FALSE,FALSE,FALSE,0.5863814565781621,FALSE,FALSE,0.1577515200219575
Gm42732,0.6015186241719563,0.03779506973987618,0.604992446237913,0.07849095947662206,0.5524329727077681,0.12495204816527093,Gm42732,FALSE,FALSE,FALSE,FALSE,0.5863146810392125,FALSE,FALSE,0.15773346475103162
Gm16238,-0.39884713312059816,0.36362824395948107,-0.5366976618138326,0.254601346737338,-0.8221436242165389,0.19584120125155932,Gm16238,FALSE,FALSE,FALSE,FALSE,0.5858961397169898,FALSE,FALSE,0.1576202964099702
Pcdh11x,0.864566371738472,0.02095553687999382,0.5645075535835602,0.11252607586754328,0.32792146627321017,0.43208725836388395,Pcdh11x,FALSE,FALSE,FALSE,FALSE,0.5856651305317474,FALSE,FALSE,0.15755783441428237
Gm29374,-0.9380733617065942,0.13970017599301982,0.0896473185548141,0.8891309500952022,-0.7291066888022273,0.3760347021232432,Gm29374,FALSE,FALSE,FALSE,FALSE,0.5856091230212118,FALSE,FALSE,0.15754269068362123
Zfp383,0.8522615502605726,0.014455723425594891,0.5229478370515501,0.08414847600606047,0.37887336961082596,0.23275281910636358,Zfp383,FALSE,FALSE,FALSE,FALSE,0.5846942523076496,FALSE,FALSE,0.15729532108009028
Gal3st3,-0.4539757590859552,0.48277160899652105,-1.00982550794382,0.17653426914519374,0.2891310953666674,0.7313600982123954,Gal3st3,FALSE,FALSE,FALSE,FALSE,0.5843107874654809,FALSE,FALSE,0.1571916369807207
Taf1d,0.7412896400688451,0.048279301311132325,0.7637869834253612,0.08525470443769087,0.2470005273015543,0.6337270895617927,Taf1d,FALSE,FALSE,FALSE,FALSE,0.5840257169319202,FALSE,FALSE,0.15711455747230502
Rpl39-ps,0.6094056947717814,0.13886254732354278,-0.3495682754029814,0.48048956490312167,-0.7928330391613813,0.23768278881388685,Rpl39-ps,FALSE,FALSE,FALSE,FALSE,0.5839356697787147,FALSE,FALSE,0.1570902098478185
Gm24233,-0.316005010221382,0.6634227385312575,0.28597610784688066,0.6870504735037587,-1.1487636038823843,0.2643350443943524,Gm24233,FALSE,FALSE,FALSE,FALSE,0.583581573983549,FALSE,FALSE,0.15699446677159623
Pabpc5,0.8587759170113771,0.019826893963781757,0.5367659794016997,0.1185524866650668,0.35472960092575834,0.38738060474461117,Pabpc5,FALSE,FALSE,FALSE,FALSE,0.5834238324462784,FALSE,FALSE,0.1569518154319517
Gm20498,0.6751965307294868,0.2053251331266015,0.6588671598019485,0.24617991521993643,0.4161372689565817,0.5934923522681136,Gm20498,FALSE,FALSE,FALSE,FALSE,0.583400319829339,FALSE,FALSE,0.15694545791427839
A730020E08Rik,0.5847737350430929,0.1875925053114002,0.7082274159367291,0.14403030867861133,0.4569621617985623,0.4582542446353049,A730020E08Rik,FALSE,FALSE,FALSE,FALSE,0.5833211042594615,FALSE,FALSE,0.1569240390145108
Tmem263,0.8917802877593033,0.025043567645686424,0.5761222505880212,0.13765248700896482,0.28196899502993134,0.5599787778067897,Tmem263,FALSE,FALSE,FALSE,FALSE,0.5832905111257519,FALSE,FALSE,0.15691576701362114
Ckb,-0.657624267120128,0.0408077391264366,-0.5274468159814907,0.12399227181825058,-0.5641843406653289,0.16398108942495315,Ckb,FALSE,FALSE,FALSE,FALSE,0.5830851412556491,FALSE,FALSE,0.1568602375682127
Pkia,0.5834772659937997,0.10956542376760203,0.8354573567970558,0.08120675934582743,0.3302718421777726,0.5203058345126934,Pkia,FALSE,FALSE,FALSE,FALSE,0.5830688216562093,FALSE,FALSE,0.15685582495254652
Zfp970,0.8305127561995573,0.018371466261579567,0.6812265903861019,0.0704576830990092,0.23682127690228816,0.5468148279524845,Zfp970,FALSE,FALSE,FALSE,FALSE,0.5828535411626491,FALSE,FALSE,0.15679761579845458
Thrb,0.37155954834955196,0.5648425832148573,1.003430992385134,0.15532103926362123,0.3729412440644788,0.6877364194780291,Thrb,FALSE,FALSE,FALSE,FALSE,0.5826439282663882,FALSE,FALSE,0.15674093909181794
Gm23472,0.5951153834933416,0.41710300809365897,0.7915608505699674,0.29169548942632023,-0.36102930881019324,0.7700562878232969,Gm23472,FALSE,FALSE,FALSE,FALSE,0.5825685142911674,FALSE,FALSE,0.15672054809571923
Gjb6,0.42551027621554294,0.549879796956787,0.7381884265312553,0.2871302699233349,0.5838141611225063,0.5326523293572504,Gjb6,FALSE,FALSE,FALSE,FALSE,0.5825042879564348,FALSE,FALSE,0.1567031820977443
Otof,1.0429784413198615,0.19490713897859338,0.1573863399879683,0.8830183935523452,0.5464939867172456,0.6583556371597667,Otof,FALSE,FALSE,FALSE,FALSE,0.5822862560083585,FALSE,FALSE,0.156644228984749
Gm37274,0.3094517993962848,0.5618278902036062,1.0355498210224132,0.08453473759992562,0.40136552537806147,0.5722922989233111,Gm37274,FALSE,FALSE,FALSE,FALSE,0.5821223819322532,FALSE,FALSE,0.15659991948327057
Gm10209,0.5581526726675858,0.3948163488364798,0.6377983207876206,0.3476848498361059,0.5503546883162865,0.5491928981683192,Gm10209,FALSE,FALSE,FALSE,FALSE,0.5821018939238309,FALSE,FALSE,0.1565943797819276
Eme1,0.5194678633699971,0.4692273175711312,0.5427775017881761,0.46492074143768464,0.6836186594592272,0.47085514496700387,Eme1,FALSE,FALSE,FALSE,FALSE,0.5819546748724668,FALSE,FALSE,0.15655457359092345
Serpine1,-0.9923045208325627,0.11032552973925264,-0.17900429301931764,0.7680356084757354,-0.5745517505356603,0.4544863891536926,Serpine1,FALSE,FALSE,FALSE,FALSE,0.5819535214625136,FALSE,FALSE,0.15655426172329168
Lrch2,0.9161126710849841,0.014762386682051128,0.5750415684093344,0.08932363389894,0.2540997993807572,0.49960062583073755,Lrch2,FALSE,FALSE,FALSE,FALSE,0.5817513462916919,FALSE,FALSE,0.15649959608462977
Slc15a3,-0.5562169718742817,0.35319504944092106,-0.9555589329087503,0.16624462768238393,-0.23335531692572453,0.787969696283249,Slc15a3,FALSE,FALSE,FALSE,FALSE,0.5817104072362521,FALSE,FALSE,0.15648852667584562
Wipf1,0.6765203338450769,0.033681414853246903,0.5364122635057225,0.11036521115468788,0.5317269641978424,0.1680180737098814,Wipf1,FALSE,FALSE,FALSE,FALSE,0.5815531871828806,FALSE,FALSE,0.15644601633892796
Zfp53,0.716388882180711,0.04849389014100938,0.6908604039823558,0.09504062435080558,0.33656971338245434,0.48287136080743326,Zfp53,FALSE,FALSE,FALSE,FALSE,0.581272999848507,FALSE,FALSE,0.1563702571865243
N4bp2os,0.7624721266754038,0.016464514009781613,0.5266837824678596,0.08453473759992562,0.45450597440916907,0.15986134590276382,N4bp2os,FALSE,FALSE,FALSE,FALSE,0.5812206278508109,FALSE,FALSE,0.15635609645308496
Ntsr2,-0.20300735690850114,0.8190457712164064,0.3564759093286535,0.6643885866062775,1.1839051908723985,0.1957227309825472,Ntsr2,FALSE,FALSE,FALSE,FALSE,0.5811294857031843,FALSE,FALSE,0.15633145275579627
Gm14419,0.7984398330695806,0.23009371483972713,0.7935527506219939,0.2598519138208228,0.15130409730700936,0.9026459753088949,Gm14419,FALSE,FALSE,FALSE,FALSE,0.5810988936661946,FALSE,FALSE,0.15632318105144594
Rbbp8,0.543416325572089,0.06684931264780973,0.6515133935276509,0.08120675934582743,0.5480810316713063,0.15789502760783103,Rbbp8,FALSE,FALSE,FALSE,FALSE,0.5810035835903488,FALSE,FALSE,0.1562974103984728
Gm9800,-0.7993812368409572,0.04529800063681137,-0.21317184100413256,0.5435008266303119,-0.7304480847964454,0.13561843586769132,Gm9800,FALSE,FALSE,FALSE,FALSE,0.5810003875471784,FALSE,FALSE,0.15629654622835545
Dusp11,0.4637068256799006,0.03738216909283667,0.6612206852386269,0.0704576830990092,0.6179858208137023,0.05475877694670262,Dusp11,FALSE,FALSE,FALSE,FALSE,0.5809711105774099,FALSE,FALSE,0.15628863010174118
1700028E10Rik,0.5044679810392063,0.2399105130969267,0.704577132598144,0.13670779375254333,0.5333554491636008,0.35720922885497375,1700028E10Rik,FALSE,FALSE,FALSE,FALSE,0.580800187600317,FALSE,FALSE,0.1562424146655588
Gm37685,0.38404045570538903,0.4689129715989378,0.7130225547030926,0.1866259339428016,0.644896981008866,0.33970976268702263,Gm37685,FALSE,FALSE,FALSE,FALSE,0.5806533304724493,FALSE,FALSE,0.1562027063341434
Vma21,0.7637380881571154,0.03994617398770833,0.6408876179661762,0.1125711642177112,0.33726479921466535,0.47986512758215294,Vma21,FALSE,FALSE,FALSE,FALSE,0.5806301684459857,FALSE,FALSE,0.1561964436117518
2010106C02Rik,0.706684885752087,0.36042368304695716,0.6075939769127338,0.46465091489833293,0.42753981240786343,0.7158359024588719,2010106C02Rik,FALSE,FALSE,FALSE,FALSE,0.5806062250242281,FALSE,FALSE,0.1561899696098414
Plxna4os2,0.79795288067279,0.339558589668853,0.8225816543409298,0.3503601137939765,-0.12121086715252183,0.9423815786646674,Plxna4os2,FALSE,FALSE,FALSE,FALSE,0.5805818007220805,FALSE,FALSE,0.1561833655838854
Car5b,0.7932057398896768,0.06057188323532129,0.3690216596766944,0.4048158911314583,0.5790846744557552,0.2928173751321489,Car5b,FALSE,FALSE,FALSE,FALSE,0.5804373580073755,FALSE,FALSE,0.15614431007960503
Mtag2,-0.7027614299858091,0.10373367615257859,-0.5265512774256187,0.22369159846707723,-0.5119521560716428,0.3518759267843116,Mtag2,FALSE,FALSE,FALSE,FALSE,0.5804216211610236,FALSE,FALSE,0.1561400550330884
Spn,-0.5644443460650862,0.24758633064522256,-0.657688985518141,0.20724234738551886,-0.5190098030462036,0.4245546263275381,Spn,FALSE,FALSE,FALSE,FALSE,0.5803810448764769,FALSE,FALSE,0.1561290837130185
Smim3,-0.7514052416045671,0.03894994048142692,-0.6551778733271845,0.091943241723137,-0.32964035921407353,0.42319479030660206,Smim3,FALSE,FALSE,FALSE,FALSE,0.5787411580486084,FALSE,FALSE,0.15568567881609494
Mir1188,0.5825798471476206,0.41742492720655666,0.6807492963769824,0.3578469778327918,0.47254207556375516,0.6490691127863928,Mir1188,FALSE,FALSE,FALSE,FALSE,0.5786237396961194,FALSE,FALSE,0.15565393036150799
Dek,0.7607875615295834,0.02300251776828198,0.6350502465258527,0.08391551919875744,0.3397117767774791,0.376084780912994,Dek,FALSE,FALSE,FALSE,FALSE,0.5785165282776384,FALSE,FALSE,0.15562494173427305
Cacna1e,0.6395436088196438,0.19944394527362003,0.30254714755981604,0.5939819545387827,0.7933375762966044,0.23257259946406966,Cacna1e,FALSE,FALSE,FALSE,FALSE,0.5784761108920214,FALSE,FALSE,0.15561401337848724
Mrln,-0.533529872218836,0.13151505560774457,-0.4482934240211802,0.21375507874496646,-0.753423685618146,0.12728869686311514,Mrln,FALSE,FALSE,FALSE,FALSE,0.5784156606193874,FALSE,FALSE,0.15559766838049666
Zfp119b,0.8226080475196444,0.029633515864581787,0.6210416041044069,0.11432686890313623,0.29045857257891017,0.5508425502296205,Zfp119b,FALSE,FALSE,FALSE,FALSE,0.5780360747343205,FALSE,FALSE,0.1554950331026339
Gm12279,0.6039482473515672,0.35567643191782733,0.4372411907650581,0.5435008266303119,0.692747908011156,0.4337252740578476,Gm12279,FALSE,FALSE,FALSE,FALSE,0.577979115375927,FALSE,FALSE,0.1554796320042117
Gm30085,0.8502822612124546,0.12871960114727884,0.598175367847429,0.3183938602773265,0.2848994893245243,0.749890316178724,Gm30085,FALSE,FALSE,FALSE,FALSE,0.577785706128136,FALSE,FALSE,0.15542733656154853
Gm45630,0.49207900287031064,0.259258578620575,0.969966486130906,0.07810208927709161,0.27075434707544166,0.6753156391320772,Gm45630,FALSE,FALSE,FALSE,FALSE,0.577599945358886,FALSE,FALSE,0.15537710917186412
Lztfl1,0.7420052335579488,0.019435742666429615,0.6010258925302798,0.07556490478840473,0.38903965585528333,0.2540452920410983,Lztfl1,FALSE,FALSE,FALSE,FALSE,0.5773569273145039,FALSE,FALSE,0.15531140013079578
Chst11,-0.5938711957460336,0.08455630536894672,-0.5300979097420528,0.15643587578075,-0.6075261441682729,0.1882291666739341,Chst11,FALSE,FALSE,FALSE,FALSE,0.5771650832187865,FALSE,FALSE,0.1552595278856863
Mmel1,-0.42795531678208665,0.3206502542537549,-0.4793619756437098,0.289945661398698,-0.8236546351562577,0.17991730657020547,Mmel1,FALSE,FALSE,FALSE,FALSE,0.5769906425273514,FALSE,FALSE,0.15521236130352312
Rapgefl1,-0.5209806564242805,0.11216699167490973,-0.734591784534063,0.08453473759992562,-0.4747443482782261,0.2681304595948968,Rapgefl1,FALSE,FALSE,FALSE,FALSE,0.5767722630788565,FALSE,FALSE,0.15515331423075895
Naa50,0.751525321310079,0.06462897311790948,0.7064462323191858,0.12268010846925678,0.2720849616758789,0.6337270895617927,Naa50,FALSE,FALSE,FALSE,FALSE,0.5766855051017146,FALSE,FALSE,0.1551298559583598
Gm15710,-0.25835039250839054,0.5209187324604404,-0.4145037780476608,0.31880725521200803,-1.0569961732175712,0.10022784058966161,Gm15710,FALSE,FALSE,FALSE,FALSE,0.5766167812578742,FALSE,FALSE,0.15511127389014853
Zxdb,0.760900508621166,0.05274178539993674,0.7242436981422404,0.10272518377367301,0.24434231483608837,0.6573873498896617,Zxdb,FALSE,FALSE,FALSE,FALSE,0.5764955071998316,FALSE,FALSE,0.15507848290098264
Slit1,-0.878324925904729,0.08824527816884245,-0.5279745164674194,0.3077067141902111,-0.32163154376473635,0.6481648722348238,Slit1,FALSE,FALSE,FALSE,FALSE,0.5759769953789616,FALSE,FALSE,0.15493828378688568
Gm4951,0.7710267811127024,0.06851418577240335,0.2122231566221422,0.6592813488064284,0.7446286442019011,0.17235863147628205,Gm4951,FALSE,FALSE,FALSE,FALSE,0.5759595273122485,FALSE,FALSE,0.15493356064002653
Sec24a,0.7391287200680381,0.02993462107179225,0.576633840567025,0.10890761169862719,0.41165103824216764,0.3201469390088925,Sec24a,FALSE,FALSE,FALSE,FALSE,0.575804532959077,FALSE,FALSE,0.15489165210461797
Midn,-0.7020042115992986,0.019826893963781757,-0.4828880020537136,0.09395985366812455,-0.5422052812375737,0.1055527316503517,Midn,FALSE,FALSE,FALSE,FALSE,0.5756991649635287,FALSE,FALSE,0.15486316191589813
Ano9,0.3078969852794785,0.618229675007948,0.6668547679464297,0.2636170623093172,0.7519878278000474,0.32121947685754254,Ano9,FALSE,FALSE,FALSE,FALSE,0.5755798603419852,FALSE,FALSE,0.15483090343774036
Gm28380,0.18333151919424018,0.7423126995069955,-0.7650143033951634,0.22103188849778516,-0.7775117247735195,0.32923753826935626,Gm28380,FALSE,FALSE,FALSE,FALSE,0.5752858491209744,FALSE,FALSE,0.15475140647921176
Naip5,0.6650901114185187,0.24027376438627698,0.5140834002969297,0.39756836167418874,0.545529801027063,0.4912674668357731,Naip5,FALSE,FALSE,FALSE,FALSE,0.5749011042475038,FALSE,FALSE,0.1546473762753807
Atxn7,-0.5111613285417089,0.046955916837819585,-0.4706095983656997,0.10178361539817501,-0.7428986836539817,0.05475877694670262,Atxn7,FALSE,FALSE,FALSE,FALSE,0.5748898701871301,FALSE,FALSE,0.1546443387259002
Gm10603,0.38963987028060876,0.5390279276970117,0.6596303840730733,0.29143222891469633,0.6748350101724607,0.4033885028223221,Gm10603,FALSE,FALSE,FALSE,FALSE,0.5747017548420476,FALSE,FALSE,0.15459347468834678
Cpsf6,0.7211494657568567,0.0297170459751871,0.6132352384806303,0.09180503249903499,0.3896795064751677,0.33208358919457537,Cpsf6,FALSE,FALSE,FALSE,FALSE,0.5746880702375515,FALSE,FALSE,0.15458977454237152
Airn,0.7793235313889535,0.016740822603849407,0.5598705241074184,0.08284060909925162,0.3848050531070468,0.255430896774769,Airn,FALSE,FALSE,FALSE,FALSE,0.5746663695344729,FALSE,FALSE,0.1545839069435542
Cfh,0.684903910675625,0.08908800555579745,0.7075600999930467,0.12426441805216319,0.33131872253069794,0.5572624935729553,Cfh,FALSE,FALSE,FALSE,FALSE,0.5745942443997899,FALSE,FALSE,0.15456440520882092
Hs3st5,0.3798477484022158,0.3197906349960174,0.6403109739757782,0.1286611338631953,0.7028829307414857,0.15576588610641331,Hs3st5,FALSE,FALSE,FALSE,FALSE,0.5743472177064932,FALSE,FALSE,0.15449761227920092
Gm6767,-0.6082213990975472,0.25856891070821153,-0.4690734572511658,0.39311400096907884,-0.6446220423684204,0.376084780912994,Gm6767,FALSE,FALSE,FALSE,FALSE,0.5739722995723778,FALSE,FALSE,0.15439623910284075
Gm45250,0.43650127823030405,0.40341284105927605,0.7155119624969585,0.18596126975786742,0.569900126920497,0.409082037651014,Gm45250,FALSE,FALSE,FALSE,FALSE,0.5739711225492532,FALSE,FALSE,0.1543959208505026
Gm14295,0.8933218233146683,0.025043567645686424,0.7197881013454523,0.09085111530551959,0.10876076313376526,0.8519587778884545,Gm14295,FALSE,FALSE,FALSE,FALSE,0.5739568959312953,FALSE,FALSE,0.15439207415086334
Apobec2,0.14316208541492287,0.8742940263353659,0.4538192823866074,0.5811444539564035,-1.1245661074579774,0.38959998000748264,Apobec2,FALSE,FALSE,FALSE,FALSE,0.5738491584198359,FALSE,FALSE,0.15436294327466407
Runx2,0.643557663978011,0.20521751170412528,0.5160521761531316,0.34199107363692716,0.5610087856789785,0.4245546263275381,Runx2,FALSE,FALSE,FALSE,FALSE,0.573539541936707,FALSE,FALSE,0.15427922684835066
Gm37240,0.45425810040158854,0.46474432009534705,0.8667407205850055,0.1715453371617219,0.39920954979303513,0.6487905668716706,Gm37240,FALSE,FALSE,FALSE,FALSE,0.5734027902598764,FALSE,FALSE,0.15424225090456067
Xlr,0.6676587794225732,0.3538535604301015,0.9881050698238467,0.18783989589220543,0.06304170137470189,0.9663612842230114,Xlr,FALSE,FALSE,FALSE,FALSE,0.572935183540374,FALSE,FALSE,0.15411581589347442
Igf2bp3,0.554855303132673,0.32025833433309386,0.5688099064553603,0.33168720782956335,0.5950291398547106,0.43209615230672355,Igf2bp3,FALSE,FALSE,FALSE,FALSE,0.5728981164809146,FALSE,FALSE,0.15410579342399694
Capn3,0.6182792998052168,0.2136670864800868,0.6408324452891043,0.22412898173082466,0.4593736101249314,0.5127179337280235,Capn3,FALSE,FALSE,FALSE,FALSE,0.5728284517397508,FALSE,FALSE,0.15408695694891222
Gm7173,0.5754119348597659,0.037046899132513,0.6223943608736238,0.0704576830990092,0.5204605777372628,0.1271905710602574,Gm7173,FALSE,FALSE,FALSE,FALSE,0.5727556244902176,FALSE,FALSE,0.15406726537110102
Gm47640,0.5849596092810341,0.08409221452631181,0.4474576376841757,0.20557954802080294,0.684952243898286,0.12492667083421351,Gm47640,FALSE,FALSE,FALSE,FALSE,0.5724564969544986,FALSE,FALSE,0.15398638502503784
Gm16793,0.39023352741189415,0.4917030304506735,0.6896829742519459,0.22203378274188226,0.6366261463796132,0.3762496213382318,Gm16793,FALSE,FALSE,FALSE,FALSE,0.5721808826811511,FALSE,FALSE,0.15391186237116472
Gm43024,0.6250505157633419,0.3253122321794847,0.49636910861220573,0.47118415911698897,0.5951166664512895,0.49960062583073755,Gm43024,FALSE,FALSE,FALSE,FALSE,0.5721787636089457,FALSE,FALSE,0.15391128940053234
Terc,0.5247096720287201,0.33224533453617927,0.6337912965902817,0.26150636856942655,0.5570597940249449,0.4471474922198249,Terc,FALSE,FALSE,FALSE,FALSE,0.5718535875479822,FALSE,FALSE,0.15382336585889322
Gm12359,0.35001297179101937,0.46626616855760555,0.5927387266290934,0.22141532666896793,0.7726724458024111,0.19999072086906083,Gm12359,FALSE,FALSE,FALSE,FALSE,0.5718080480741746,FALSE,FALSE,0.15381105255449534
E330037G11Rik,0.3990047737773841,0.7232373674196798,0.5609518761231285,0.6174446114520438,0.7551323079687863,0.5942340857899489,E330037G11Rik,FALSE,FALSE,FALSE,FALSE,0.5716963192897663,FALSE,FALSE,0.1537808424879883
Gm26984,-0.5609400151711287,0.44343276523463615,-0.2693739015728267,0.7278480665995208,-0.88373718294111,0.38949692585155926,Gm26984,FALSE,FALSE,FALSE,FALSE,0.5713503665616885,FALSE,FALSE,0.1536873011953046
Inpp4b,0.8196014746964626,0.023546295124030572,0.5760920076107561,0.11278448655616846,0.3182838089611244,0.4642198353352169,Inpp4b,FALSE,FALSE,FALSE,FALSE,0.5713257637561143,FALSE,FALSE,0.15368064890425362
Plxna4,-0.6126437745353215,0.09370763753459439,-0.577415707223687,0.14700426820062606,-0.5237910982887559,0.27457580966952294,Plxna4,FALSE,FALSE,FALSE,FALSE,0.5712835266825881,FALSE,FALSE,0.15366922852760628
Pax7,-0.898595716878491,0.14237703232150523,-0.5586824810977706,0.38341158615675563,-0.2563444907387904,0.7846285800956893,Pax7,FALSE,FALSE,FALSE,FALSE,0.5712075629050174,FALSE,FALSE,0.15364868887182564
Ppp1cb,0.8303905016738913,0.0320844274623938,0.6510755126756873,0.11236890046937538,0.2320723540735461,0.6430879831106097,Ppp1cb,FALSE,FALSE,FALSE,FALSE,0.5711794561410416,FALSE,FALSE,0.15364108915422822
Platr9,0.2090023362188469,0.8508666404864131,0.7550186427724623,0.44112656204282386,0.7491442182988952,0.5646653194218775,Platr9,FALSE,FALSE,FALSE,FALSE,0.5710550657634015,FALSE,FALSE,0.1536074555512024
Nae1,0.7173111821300147,0.023495574798305448,0.5992231920258009,0.08453473759992562,0.39480138583204827,0.2819557242717475,Nae1,FALSE,FALSE,FALSE,FALSE,0.570445253329288,FALSE,FALSE,0.15344256989269492
Gm15860,-0.4626231955071632,0.223959190145228,-0.4310525191586557,0.2751346941568714,-0.8172172508194615,0.13754467479321622,Gm15860,FALSE,FALSE,FALSE,FALSE,0.5702976551617601,FALSE,FALSE,0.15340266119341972
Chad,0.4062028232529191,0.683553004314162,0.5663307564952816,0.5656675978904805,0.7376370189736695,0.5572624935729553,Chad,FALSE,FALSE,FALSE,FALSE,0.5700568662406235,FALSE,FALSE,0.15333755487940917
Grem1,0.6199393098165521,0.3486094167485306,0.9452321679325731,0.17502422655608488,0.14447928936151566,0.9041100524624835,Grem1,FALSE,FALSE,FALSE,FALSE,0.5698835890368803,FALSE,FALSE,0.1532907028897723
Tbc1d8b,0.8839678273328984,0.014455723425594891,0.5215172811901034,0.08838532837512685,0.303620856418358,0.3602995929644093,Tbc1d8b,FALSE,FALSE,FALSE,FALSE,0.5697019883137866,FALSE,FALSE,0.153241600324561
Grik1,-1.163745426663616,0.023781062591481793,-0.2609340004793341,0.5111782000661806,-0.2843860051855769,0.5924578301026943,Grik1,TRUE,FALSE,FALSE,TRUE,0.5696884774428423,FALSE,FALSE,0.1532379471539662
Mccc1os,0.7099903895408448,0.15251480978135282,0.5317840670906162,0.31464235989369715,0.4670238509124684,0.5033783582763196,Mccc1os,FALSE,FALSE,FALSE,FALSE,0.5695994358479765,FALSE,FALSE,0.15321387141988352
Cxxc4,0.7603270806837434,0.022185208222215726,0.458536316227109,0.1375925125823808,0.4898171148390702,0.18772786970742486,Cxxc4,FALSE,FALSE,FALSE,FALSE,0.5695601705833075,FALSE,FALSE,0.1532032545831986
5330439B14Rik,-0.7192700423010383,0.39640973699533344,0.834720305330003,0.24735808656971037,0.15459074952475232,0.9029953454455604,5330439B14Rik,FALSE,FALSE,FALSE,FALSE,0.5695270323852646,FALSE,FALSE,0.15319429442873078
Gm47483,0.5963673092525481,0.18708454072408,0.8486775995085567,0.10381114606151486,0.2616538998444189,0.7037601176937658,Gm47483,FALSE,FALSE,FALSE,FALSE,0.5688996028685079,FALSE,FALSE,0.15302464533131965
Mettl21c,0.4554020419022595,0.6049965519758311,0.8927722947904527,0.2855048786875643,0.3580952392234117,0.7808157456339877,Mettl21c,FALSE,FALSE,FALSE,FALSE,0.5687565253053747,FALSE,FALSE,0.1529859589469576
5330438D12Rik,0.6569627111108605,0.06105726653740412,0.6167504919851399,0.11432686890313623,0.43234678761886913,0.3482963522354891,5330438D12Rik,FALSE,FALSE,FALSE,FALSE,0.5686866635716231,FALSE,FALSE,0.15296706920753989
Gm43697,0.6093640185283321,0.20909781881740497,0.45153408918859267,0.3851988891875016,0.6449744925255486,0.3210596092378131,Gm43697,FALSE,FALSE,FALSE,FALSE,0.5686242000808245,FALSE,FALSE,0.1529501798605262
Fam167b,-0.583650512951149,0.4267464607701391,-0.23856927337691322,0.7630325004159757,-0.8834672352265102,0.40010315848032135,Fam167b,FALSE,FALSE,FALSE,FALSE,0.5685623405181908,FALSE,FALSE,0.15293345380813816
Ireb2,0.7901444542594946,0.021218439507966206,0.6273639467387708,0.08414847600606047,0.2879594290962908,0.4544863891536926,Ireb2,FALSE,FALSE,FALSE,FALSE,0.5684892766981854,FALSE,FALSE,0.15291369826462883
Kif14,0.20424270784922727,0.7786660635537412,-0.022233734626846968,0.9792553093127464,1.4785512458925623,0.08096894039228028,Kif14,FALSE,FALSE,FALSE,FALSE,0.5683425627895455,FALSE,FALSE,0.15287402865790223
Spon1,-0.7785821988211152,0.07451754440628554,-0.7757751264538268,0.11222058727331632,0.149765372096482,0.8010451795751099,Spon1,FALSE,FALSE,FALSE,FALSE,0.5680408991238081,FALSE,FALSE,0.1527924625739879
Gm43359,0.5753289784088501,0.3534482854596573,0.6046753263545664,0.3498697369257727,0.523886975140683,0.5464351320001115,Gm43359,FALSE,FALSE,FALSE,FALSE,0.5679637599680332,FALSE,FALSE,0.15277160511063503
9330020H09Rik,-0.5813364462597674,0.16515300429281204,-0.019279932700559832,0.9676207361048028,-1.1031576914821946,0.0899475958867595,9330020H09Rik,FALSE,FALSE,FALSE,FALSE,0.5679246901475072,FALSE,FALSE,0.152761041119603
Tbc1d15,0.7762593522435646,0.03298181707236668,0.5957698040354815,0.11785504756847434,0.33143094802446704,0.4637710952718513,Tbc1d15,FALSE,FALSE,FALSE,FALSE,0.5678200347678377,FALSE,FALSE,0.1527327436133079
Zfp984,0.8226143366266818,0.031068801781632394,0.5199289110007355,0.16910682828402837,0.35948548295034755,0.4544863891536926,Zfp984,FALSE,FALSE,FALSE,FALSE,0.5673429101925883,FALSE,FALSE,0.15260373509301683
Gm13268,-0.6703554944811817,0.3023197687148753,0.4947443390058275,0.3965666529384725,-0.5364697284745681,0.549748580608299,Gm13268,FALSE,FALSE,FALSE,FALSE,0.5671898539871925,FALSE,FALSE,0.1525623506085367
Cited1,-0.8749297408796379,0.22094912230710237,-0.09007421407094496,0.9028394225945917,-0.7364822377143527,0.43208725836388395,Cited1,FALSE,FALSE,FALSE,FALSE,0.5671620642216452,FALSE,FALSE,0.15255483660335134
Ank1,-0.636368745371767,0.054674436619586285,-0.5247625591906888,0.13078105459057643,-0.54013882989867,0.19157284538373945,Ank1,FALSE,FALSE,FALSE,FALSE,0.5670900448203753,FALSE,FALSE,0.15253536345761112
Alx4,0.13122815797530074,0.9049673303682495,0.6818853592528045,0.464712543782025,0.8877405621177102,0.4536006315483225,Alx4,FALSE,FALSE,FALSE,FALSE,0.5669513597819384,FALSE,FALSE,0.15249786475701307
Adam23,0.7977655230946068,0.023240227542512155,0.4654606676146438,0.1564280205671835,0.43684480307041884,0.27933891819081974,Adam23,FALSE,FALSE,FALSE,FALSE,0.5666903312598898,FALSE,FALSE,0.15242728590794483
Grik3,-0.9139108701355187,0.051599030668579356,-0.7200937725708778,0.14612818822288076,0.06572750221970658,0.9337510406985972,Grik3,FALSE,FALSE,FALSE,FALSE,0.5665773816420344,FALSE,FALSE,0.15239674574333617
Gcc2,0.731173602691289,0.019108275622710627,0.5449016849419399,0.08451455445915308,0.42320908005782787,0.20146205927981317,Gcc2,FALSE,FALSE,FALSE,FALSE,0.5664281225636856,FALSE,FALSE,0.15235638795453912
Rrad,-0.8671976974718977,0.17877017430214517,-0.22055070064714077,0.7295834761981626,-0.6115141846664136,0.46186011699147894,Rrad,FALSE,FALSE,FALSE,FALSE,0.566420860928484,FALSE,FALSE,0.1523544244991632
Syncrip,0.7182961798918281,0.06038840906767004,0.631910271150443,0.13371534873841176,0.34854955444455626,0.4990025911900669,Syncrip,FALSE,FALSE,FALSE,FALSE,0.5662520018289424,FALSE,FALSE,0.15230876710966873
Gulp1,0.747736717516231,0.08263640500411842,0.5956857627180883,0.19213108445327218,0.3550932711881676,0.5582252029899603,Gulp1,FALSE,FALSE,FALSE,FALSE,0.5661719171408289,FALSE,FALSE,0.1522871132111956
Acbd7,0.9113662955673936,0.048643730399855256,0.5796938240574537,0.21995686581406948,0.20740528272426764,0.7683373220143555,Acbd7,FALSE,FALSE,FALSE,FALSE,0.5661551341163716,FALSE,FALSE,0.15228257529119826
Gm29642,0.6819428672602892,0.21828588779111152,0.43144907274381783,0.47819791675909384,0.5850042250175002,0.4458451794914231,Gm29642,FALSE,FALSE,FALSE,FALSE,0.5661320550072024,FALSE,FALSE,0.15227633498860643
Chuk,0.7195722183264301,0.015178204543833392,0.5012174886168044,0.07978550165448961,0.4772977925806803,0.11892479530377088,Chuk,FALSE,FALSE,FALSE,FALSE,0.5660291665079716,FALSE,FALSE,0.152248515224693
Slc38a6,0.388485482723244,0.2055194872607101,0.6217649697097729,0.09085111530551959,0.6874804465714768,0.1002620105675008,Slc38a6,FALSE,FALSE,FALSE,FALSE,0.5659102996681645,FALSE,FALSE,0.15221637511724376
BC055308,0.6254010695272123,0.5744183130479459,0.7617683414365665,0.4977668076536222,0.3105454187921304,0.8644954366559483,BC055308,FALSE,FALSE,FALSE,FALSE,0.5659049432519697,FALSE,FALSE,0.15221492680926885
Egfl6,-1.0292573343619602,0.07373986391981008,-0.49822190179523684,0.3468923847512097,-0.17011195488490208,0.8227666862517506,Egfl6,FALSE,FALSE,FALSE,FALSE,0.5658637303473664,FALSE,FALSE,0.15220378335509444
Gm5914,-0.39704254758026436,0.5179571227505543,-0.8534379963869381,0.20562307216288794,-0.44659451791430654,0.5941949330120894,Gm5914,FALSE,FALSE,FALSE,FALSE,0.5656916872938363,FALSE,FALSE,0.15215726506424623
Rnf138,0.7262552344052144,0.051798044467034995,0.6306459286549018,0.12303603958829368,0.3397892782421028,0.4938955728009532,Rnf138,FALSE,FALSE,FALSE,FALSE,0.565563480434073,FALSE,FALSE,0.15212259953216672
Megf11,-0.666666476495223,0.2082516476010758,-0.6263261686211363,0.2719573862991408,-0.40351883689461676,0.598803497404075,Megf11,FALSE,FALSE,FALSE,FALSE,0.565503827336992,FALSE,FALSE,0.15210647008047964
Zbtb33,0.732826097551853,0.025664562526706087,0.6222700903655465,0.08525470443769087,0.34136658098203565,0.3799441551691343,Zbtb33,FALSE,FALSE,FALSE,FALSE,0.565487589633145,FALSE,FALSE,0.15210207960835792
2010016I18Rik,0.5314813722866933,0.27284047077404966,0.7855443612355895,0.13793073677514825,0.3788420345490936,0.5877431975833438,2010016I18Rik,FALSE,FALSE,FALSE,FALSE,0.5652892560237921,FALSE,FALSE,0.1520484526798912
Gm45779,0.5198483416199915,0.2819070285862257,0.8357362058815535,0.1204340438862683,0.3389962567996119,0.6323909429312146,Gm45779,FALSE,FALSE,FALSE,FALSE,0.5648602681003856,FALSE,FALSE,0.15193245970846966
Vwc2,0.9296611358753867,0.12987563431096966,0.24005952205595538,0.7500809128801755,0.5244918138445045,0.5582252029899603,Vwc2,FALSE,FALSE,FALSE,FALSE,0.5647374905919489,FALSE,FALSE,0.15189926220511288
Fbn2,-0.945564045118021,0.025664562526706087,-0.5583752559476807,0.13466087662941184,-0.19000062459231515,0.6740082385324493,Fbn2,FALSE,FALSE,FALSE,FALSE,0.5646466418860056,FALSE,FALSE,0.1518746978507868
Lysmd3,0.7782292958213883,0.05550740713080407,0.6803806419385738,0.1283821146376672,0.23440523083104559,0.6809388085758732,Lysmd3,FALSE,FALSE,FALSE,FALSE,0.5643383895303359,FALSE,FALSE,0.15179135026748447
Fnip1,0.78054727689298,0.014455723425594891,0.5487888879847374,0.07346255419668397,0.3634243531715535,0.23275281910636358,Fnip1,FALSE,FALSE,FALSE,FALSE,0.5642535060164237,FALSE,FALSE,0.15176839882650872
Ceacam2,0.6825667125263308,0.1652481678247669,0.5712680207281912,0.2727330959124001,0.4389165352238441,0.5313080892136965,Ceacam2,FALSE,FALSE,FALSE,FALSE,0.564250422826122,FALSE,FALSE,0.1517675651703962
Mfsd9,-0.8535433863894692,0.18078854943302677,-0.2824326070988337,0.6599025896333858,-0.556566283805973,0.502189438890087,Mfsd9,FALSE,FALSE,FALSE,FALSE,0.564180759098092,FALSE,FALSE,0.15174872896925015
Tmem198,-0.7073469283488629,0.015075011701486923,-0.42128895692411206,0.09085111530551959,-0.563646721677908,0.06750873220157737,Tmem198,FALSE,FALSE,FALSE,FALSE,0.564094202316961,FALSE,FALSE,0.15172532509773706
Elf3,-0.6827685195682394,0.134335268023232,-0.5459845276283959,0.23380447441797855,-0.46230480759555004,0.43143168179947894,Elf3,FALSE,FALSE,FALSE,FALSE,0.5636859515973951,FALSE,FALSE,0.15161493920698424
Snora57,-0.2825720248718371,0.45726963074937754,-0.3590882589261062,0.3622244296737134,-1.0493869000010614,0.0873081814626103,Snora57,FALSE,FALSE,FALSE,FALSE,0.5636823945996682,FALSE,FALSE,0.15161397743926733
Bicd1,0.6684883664011654,0.02300251776828198,0.5752714672708104,0.07939073389715677,0.44645395504970153,0.18233544799713558,Bicd1,FALSE,FALSE,FALSE,FALSE,0.563404596240559,FALSE,FALSE,0.151538864235909
Per1,-0.8010180105806635,0.02005871878534375,-0.3713409947396311,0.20242631026084787,-0.5176056512142697,0.162978954396471,Per1,FALSE,FALSE,FALSE,FALSE,0.5633215521781881,FALSE,FALSE,0.15151641015963377
Mir496a,0.9837879301902125,0.2682351523806465,0.659020247457754,0.5044760442014782,0.04626796559165114,0.9793278079387262,Mir496a,FALSE,FALSE,FALSE,FALSE,0.5630253810798725,FALSE,FALSE,0.15143632919728406
Krit1,0.5672227212521754,0.05103953858233119,0.59690664809004,0.08619756464540504,0.5246936715211037,0.162978954396471,Krit1,FALSE,FALSE,FALSE,FALSE,0.5629410136211064,FALSE,FALSE,0.15141351729116823
Rims4,-0.49631075716304274,0.10577790860398903,-0.6458710668860377,0.0901221972904831,-0.5453660602980044,0.1856409414041389,Rims4,FALSE,FALSE,FALSE,FALSE,0.5625159614490283,FALSE,FALSE,0.1512985884977024
Islr2,-0.41261713829453583,0.597217350607912,-0.6622929455696952,0.4153839264326638,0.6122264914426824,0.4934562436302837,Islr2,FALSE,FALSE,FALSE,FALSE,0.5623788584356378,FALSE,FALSE,0.15126151755689893
Cltrn,0.8451559586623348,0.07986472295981194,0.448171175559401,0.38323071210232573,0.3926157317587726,0.5703358514691071,Cltrn,FALSE,FALSE,FALSE,FALSE,0.5619809553268361,FALSE,FALSE,0.15115392953073428
Stat4,0.8518248799901578,0.23199810270658358,0.825192522122626,0.27419864011685535,-0.008325064125828341,0.9946967334510257,Stat4,FALSE,FALSE,FALSE,FALSE,0.5617808220795374,FALSE,FALSE,0.1510998160026655
Adgrl4,0.7613976509019826,0.040047514712064296,0.6639049553586593,0.10195650914669147,0.25976513703369797,0.6027583083269767,Adgrl4,FALSE,FALSE,FALSE,FALSE,0.56168924776478,FALSE,FALSE,0.15107505545278743
Gm47572,0.7227593974868232,0.07103756616135568,0.6158381119396323,0.15202031156578022,0.34541537528305916,0.5374640967791049,Gm47572,FALSE,FALSE,FALSE,FALSE,0.5613376282365049,FALSE,FALSE,0.15097998192817488
H2-Eb1,-0.5244797445651654,0.03484454506916334,-0.5991050684459402,0.0704576830990092,-0.5604104103804346,0.0859887444815875,H2-Eb1,FALSE,FALSE,FALSE,FALSE,0.5613317411305134,FALSE,FALSE,0.15097839012831346
Nova1,0.6365558802207798,0.022322491038525818,0.4577854124756606,0.09823363270202554,0.5888027977156365,0.07909418349020604,Nova1,FALSE,FALSE,FALSE,FALSE,0.5610480301373589,FALSE,FALSE,0.15090167822262712
Gm43847,0.8667912649280505,0.09674731075524617,0.7647190329894968,0.1751640242634439,-0.05014202096543363,0.9630623165232519,Gm43847,FALSE,FALSE,FALSE,FALSE,0.5605507729609936,FALSE,FALSE,0.15076722609868554
Gm42929,0.8029213860217282,0.1597619443390112,0.4905594767355682,0.4304095261776682,0.38807302766700624,0.649894386994797,Gm42929,FALSE,FALSE,FALSE,FALSE,0.5605179634747676,FALSE,FALSE,0.15075835482378352
Gm26512,0.5529903788831634,0.11222458635341812,0.6749554000587521,0.09752283151452619,0.4529307778398386,0.33208358919457537,Gm26512,FALSE,FALSE,FALSE,FALSE,0.560292185593918,FALSE,FALSE,0.1506973073074035
Disp3,-0.6482258156239813,0.07787714605366218,-0.6217442732036029,0.12275711329939229,-0.4107645144043013,0.37551935445985263,Disp3,FALSE,FALSE,FALSE,FALSE,0.5602448677439619,FALSE,FALSE,0.15068451315232773
Rpl7-ps7,-0.5726155776222609,0.21791149932187867,-0.4231789443530595,0.373121097723003,-0.6848321520754809,0.27951677347185105,Rpl7-ps7,FALSE,FALSE,FALSE,FALSE,0.5602088913502671,FALSE,FALSE,0.15067478558523784
Gm47794,0.4056569831908229,0.612910559290863,0.8291633148657727,0.2793133744285968,0.4456013684920208,0.6848328989953774,Gm47794,FALSE,FALSE,FALSE,FALSE,0.5601405555162055,FALSE,FALSE,0.15065630843001995
Gm44421,-1.2729475706854856,0.05880248279583383,-0.37577812966223084,0.5249389931511647,-0.03133615401565304,0.9737125519878691,Gm44421,FALSE,FALSE,FALSE,FALSE,0.5600206181211231,FALSE,FALSE,0.15062387885780804
Tpsb2,0.573790812557791,0.5178677988497142,0.20142350626328387,0.8496866815518251,0.9041695708780231,0.4287727259982495,Tpsb2,FALSE,FALSE,FALSE,FALSE,0.5597946298996993,FALSE,FALSE,0.15056277446796631
1810010H24Rik,-0.7345807200206278,0.04544528182062486,-0.46982144593375796,0.17398351717413368,-0.47474546020460684,0.26316911693416595,1810010H24Rik,FALSE,FALSE,FALSE,FALSE,0.5597158753863308,FALSE,FALSE,0.1505414802321148
Gm24967,-0.18005750823015376,0.7097113643190435,-0.27817945231589747,0.5687070410849286,-1.2204874020386178,0.1002620105675008,Gm24967,FALSE,FALSE,FALSE,FALSE,0.559574787528223,FALSE,FALSE,0.150503331839117
Gm9403,0.6221492403129669,0.36224987140351866,0.6232643777754812,0.38401502587862973,0.433211014287181,0.666921174024828,Gm9403,FALSE,FALSE,FALSE,FALSE,0.5595415441252097,FALSE,FALSE,0.1504943432385404
Gm20684,-0.3417793189579411,0.6061275309445756,-0.7948389207955173,0.2648061304468559,-0.5418990854147328,0.5528493575251785,Gm20684,FALSE,FALSE,FALSE,FALSE,0.5595057750560637,FALSE,FALSE,0.1504846717294166
Zfp455,0.7164125169395015,0.06279114427401566,0.631323412997634,0.13254362378346624,0.33034062182330715,0.5341778600841011,Zfp455,FALSE,FALSE,FALSE,FALSE,0.5593588505868142,FALSE,FALSE,0.1504449451897335
Krt7,-0.6395719780764364,0.09381820551833962,-0.4767917970861042,0.21483909433777437,-0.5603806470216015,0.2549280372195607,Krt7,FALSE,FALSE,FALSE,FALSE,0.558914807394714,FALSE,FALSE,0.15032488146187326
Slc35d2,0.6771774651416702,0.1747591225439906,0.5868766457722432,0.2668413217170293,0.4125229675255279,0.5700228149435639,Slc35d2,FALSE,FALSE,FALSE,FALSE,0.5588590261464804,FALSE,FALSE,0.1503097989097099
Myo18b,0.9399042220725797,0.11797416800885621,0.6438730373028632,0.3149566970610764,0.09224882335559623,0.9361739029450005,Myo18b,FALSE,FALSE,FALSE,FALSE,0.5586753609103464,FALSE,FALSE,0.15026013812598238
Sertad1,-0.6933773737390481,0.022606933826155737,-0.4603631474588634,0.10211259847939146,-0.5220835208470662,0.11795749549407653,Sertad1,FALSE,FALSE,FALSE,FALSE,0.5586080140149926,FALSE,FALSE,0.1502419283674277
Chek1,0.7584008411986042,0.07715258888131445,0.3494682628905006,0.44595409806537917,0.5678687251638065,0.3189681306309228,Chek1,FALSE,FALSE,FALSE,FALSE,0.558579276417637,FALSE,FALSE,0.15023415808037086
Pfkfb1,0.5743836377423956,0.24225105084274823,0.4176470032296022,0.4279980542176923,0.6836046412949359,0.29430484566956217,Pfkfb1,FALSE,FALSE,FALSE,FALSE,0.5585450940889779,FALSE,FALSE,0.1502249156060378
Shd,-1.1984718946492217,0.037046899132513,-0.27023442009414866,0.564000686400012,-0.2050216266040752,0.7501573610949873,Shd,TRUE,FALSE,FALSE,TRUE,0.5579093137824819,FALSE,FALSE,0.15005300855947998
Rbp7,-0.5770638031077052,0.24839228135471467,-0.45925444232449975,0.3696860509837999,-0.6371883998546644,0.35089818594092487,Rbp7,FALSE,FALSE,FALSE,FALSE,0.5578355484289564,FALSE,FALSE,0.15003306333007718
Slc7a5,-0.41807056623936667,0.31929630908807394,-0.7007248309048135,0.14795876091439553,-0.5538997560238084,0.33673987888731494,Slc7a5,FALSE,FALSE,FALSE,FALSE,0.5575650510559962,FALSE,FALSE,0.14995992422209897
Il1b,0.7214523016461736,0.35921704159569545,-0.11007990806486634,0.9159509393689493,-0.8397439899633896,0.5258736378758321,Il1b,FALSE,FALSE,FALSE,FALSE,0.5570920665581431,FALSE,FALSE,0.14983203512697796
Mosmo,0.6718018792513529,0.022606933826155737,0.6185797810396734,0.0704576830990092,0.3806927703844396,0.2533245106260995,Mosmo,FALSE,FALSE,FALSE,FALSE,0.5570248102251553,FALSE,FALSE,0.14981384985535484
1700109H08Rik,0.580835747642688,0.32903379377706615,0.6367181179880947,0.3057886771117572,0.45324614379343325,0.5959454069893855,1700109H08Rik,FALSE,FALSE,FALSE,FALSE,0.5569333364747386,FALSE,FALSE,0.14978911649681728
Ube2w,0.7665468433023834,0.02526940340353262,0.5837541638657777,0.10069442807404672,0.3201986694381178,0.4337252740578476,Ube2w,FALSE,FALSE,FALSE,FALSE,0.5568332255354264,FALSE,FALSE,0.14976204775038165
Zfp983,0.7477195105489169,0.023495574798305448,0.5641829058549694,0.09749789641905506,0.35794848591105843,0.35366425797976475,Zfp983,FALSE,FALSE,FALSE,FALSE,0.5566169674383149,FALSE,FALSE,0.14970357426451117
Nfkbia,-0.6189426870260641,0.03646461952995848,-0.5575012101974082,0.09042473580894037,-0.49337216860172095,0.1680180737098814,Nfkbia,FALSE,FALSE,FALSE,FALSE,0.5566053552750644,FALSE,FALSE,0.14970043448073972
Tln2,-0.7304824398202889,0.03341957769214983,-0.5289764859720627,0.12802384274568265,-0.41028871894503727,0.3184274019860175,Tln2,FALSE,FALSE,FALSE,FALSE,0.5565825482457963,FALSE,FALSE,0.1496942677451517
Tfrc,0.5936509811471691,0.1348692214781984,0.6943966101420358,0.13038291502996432,0.38163782543713953,0.49521941553296023,Tfrc,FALSE,FALSE,FALSE,FALSE,0.5565618055754481,FALSE,FALSE,0.14968865918640767
Dgkg,0.6741931768435692,0.03555198658596698,0.14013191041482798,0.6815020015703086,0.8552371397691003,0.05475877694670262,Dgkg,FALSE,FALSE,FALSE,FALSE,0.5565207423424992,FALSE,FALSE,0.14967755620157747
Gm25580,-0.2680652460710381,0.6639861661978911,-0.3474003495343137,0.5869400818382055,-1.0540460098431017,0.23556047760483703,Gm25580,FALSE,FALSE,FALSE,FALSE,0.5565038684828179,FALSE,FALSE,0.14967299372087114
Ap1s2,0.5548845526969108,0.03829026207806311,0.6160997328864966,0.07139324434162915,0.497939511395054,0.1396697986803263,Ap1s2,FALSE,FALSE,FALSE,FALSE,0.5563079323261538,FALSE,FALSE,0.14962001503363934
Gm17230,0.8218112660219332,0.1589289264225721,0.30634755999452146,0.6560216261781577,0.5401905891378019,0.5164882091187636,Gm17230,FALSE,FALSE,FALSE,FALSE,0.5561164717180855,FALSE,FALSE,0.14956824647879596
Hif3a,0.23351440813220847,0.5916880444618724,0.664651210681662,0.13612649868480226,0.7701046632125368,0.14800322637922628,Hif3a,FALSE,FALSE,FALSE,FALSE,0.5560900940088024,FALSE,FALSE,0.14956111427597132
Ttpa,0.7642026359115175,0.2004992888166624,0.6717850829535132,0.29185511038758544,0.23151413336844417,0.816326635188023,Ttpa,FALSE,FALSE,FALSE,FALSE,0.5558339507444916,FALSE,FALSE,0.14949185633952153
Ccdc124,-0.7003679390804058,0.019108275622710627,-0.5789452207682304,0.0704576830990092,-0.38812281428900963,0.1869631545858462,Ccdc124,FALSE,FALSE,FALSE,FALSE,0.5558119913792153,FALSE,FALSE,0.14948591880167966
Slc6a20b,-0.1713643421271754,0.8393162469984536,0.9547246523355822,0.1757592719693679,0.5410894408921537,0.5708441946165859,Slc6a20b,FALSE,FALSE,FALSE,FALSE,0.5557261451183038,FALSE,FALSE,0.14946270704595124
Atp5g2,-0.6553101044515115,0.018371466261579567,-0.5751393637909672,0.0704576830990092,-0.436508164573449,0.12764033636073038,Atp5g2,FALSE,FALSE,FALSE,FALSE,0.5556525442719759,FALSE,FALSE,0.14944280629723802
B3gnt2,0.5731202556305357,0.10705112890053907,0.3775697614909401,0.3135800031211433,0.7159628424462414,0.12911137253174965,B3gnt2,FALSE,FALSE,FALSE,FALSE,0.5555509531892391,FALSE,FALSE,0.1494153373385247
Gm25776,-0.236466239813784,0.6797156436339656,-0.2748085743378921,0.6459379549799374,-1.1543494037316053,0.15398926310186406,Gm25776,FALSE,FALSE,FALSE,FALSE,0.5552080726277605,FALSE,FALSE,0.14932262672128221
Mpp7,0.7584200697127397,0.0693071927905503,0.5839431900794736,0.18694027203838565,0.32294292754040566,0.5807198893921539,Mpp7,FALSE,FALSE,FALSE,FALSE,0.5551020624442063,FALSE,FALSE,0.14929396289295402
Gm8292,0.7152851672103535,0.24078456792765826,0.6628429087852348,0.3034064829930349,0.2871489013094215,0.7681228036900202,Gm8292,FALSE,FALSE,FALSE,FALSE,0.5550923257683366,FALSE,FALSE,0.14929133021752358
Fkbp2,-0.6221360936597451,0.04700145665418058,-0.5478526871858103,0.10881888673248968,-0.4946648123057624,0.20615231993569727,Fkbp2,FALSE,FALSE,FALSE,FALSE,0.5548845310504392,FALSE,FALSE,0.14923514512358618
Mapk13,-0.8437836322893295,0.05708888082380522,-0.5499957335821797,0.18912960776311086,-0.2700657982135166,0.6067811298012605,Mapk13,FALSE,FALSE,FALSE,FALSE,0.5546150546950086,FALSE,FALSE,0.14916228208598353
Mir376c,0.16580466731987276,0.8956419535248343,1.2335097092162295,0.23064487399967754,0.2638136619004676,0.8825719988378934,Mir376c,FALSE,FALSE,FALSE,FALSE,0.55437601281219,FALSE,FALSE,0.1490976481492933
Shcbp1l,0.7723389518829687,0.3397424008787679,0.5902603036039079,0.5047903644783557,0.3004032938968395,0.8223590933953543,Shcbp1l,FALSE,FALSE,FALSE,FALSE,0.5543341831279054,FALSE,FALSE,0.14908633792560386
Gm43018,0.6812259451569808,0.19490713897859338,0.7396932827180086,0.18912960776311086,0.24201854387671615,0.7754116527402235,Gm43018,FALSE,FALSE,FALSE,FALSE,0.5543125905839018,FALSE,FALSE,0.14908049957164826
Qser1,0.487020752411329,0.14398401325564333,0.7860047303219266,0.07978550165448961,0.38945045997186956,0.4047991230346793,Qser1,FALSE,FALSE,FALSE,FALSE,0.5541586475683751,FALSE,FALSE,0.14903887530479537
Stxbp5l,0.6597933825814497,0.017823060973944406,0.5287212673229735,0.07169446715868752,0.4736879452667777,0.11461246059920713,Stxbp5l,FALSE,FALSE,FALSE,FALSE,0.5540675317237337,FALSE,FALSE,0.149014238719505
Zfp386,0.7027371219871119,0.04898136785788937,0.673858836536863,0.09952388076120047,0.28446953043627765,0.5523020021361955,Zfp386,FALSE,FALSE,FALSE,FALSE,0.5536884963200842,FALSE,FALSE,0.1489117522849356
Pld5,-0.8024617294094483,0.08824527816884245,-0.7487098745507035,0.13545298540847328,0.10863690192098296,0.8657881285052637,Pld5,FALSE,FALSE,FALSE,FALSE,0.5532695019603783,FALSE,FALSE,0.1487984614482024
Gm47863,-0.7693738947062982,0.08969167529019491,-0.636559119543867,0.16879956701889143,-0.2532261566998856,0.6568162827994869,Gm47863,FALSE,FALSE,FALSE,FALSE,0.5530530569833503,FALSE,FALSE,0.1487399374323388
Rps16-ps2,-0.7609596146764659,0.16331620631003096,-0.4649500062070522,0.3903814516314147,-0.432978964498139,0.5494073125730218,Rps16-ps2,FALSE,FALSE,FALSE,FALSE,0.5529628617938857,FALSE,FALSE,0.1487155497806985
Xpo1,0.7123900440970896,0.027655801964198284,0.6294251782772937,0.08508717706951348,0.3169109667776393,0.41804456312243077,Xpo1,FALSE,FALSE,FALSE,FALSE,0.5529087297173408,FALSE,FALSE,0.1487009131439424
Arhgap25,-0.29326063282411724,0.5145684756395413,-0.7696892967765623,0.1405697931585668,-0.5955955193590853,0.32771178945933277,Arhgap25,FALSE,FALSE,FALSE,FALSE,0.5528484829865883,FALSE,FALSE,0.14868462318113196
Kcnj13,0.7787031791783584,0.3178749792710864,0.7748187931007546,0.3463379855165522,0.10433496135818365,0.9456608272272778,Kcnj13,FALSE,FALSE,FALSE,FALSE,0.5526189778790989,FALSE,FALSE,0.1486225678692651
Gm43197,0.7471978806183179,0.13228830315934906,0.5899945767390192,0.2648061304468559,0.31983886051329297,0.6666122328750366,Gm43197,FALSE,FALSE,FALSE,FALSE,0.5523437726235434,FALSE,FALSE,0.14854815580868952
Fli1,0.5958951699331407,0.10448152790065694,0.4985374601729391,0.20078429735592787,0.56212890310478,0.24470770028405375,Fli1,FALSE,FALSE,FALSE,FALSE,0.5521871777369532,FALSE,FALSE,0.14850581450905392
Tbxa2r,0.7263967320044868,0.26781314480928614,0.3086800001681657,0.6901771540582972,0.620486456166363,0.49960062583073755,Tbxa2r,FALSE,FALSE,FALSE,FALSE,0.5518543961130051,FALSE,FALSE,0.14841583451826604
Spag6,1.018790804236334,0.1485560911614646,0.04855312599635764,0.960237237912955,0.588212598016073,0.5738864540755,Spag6,FALSE,FALSE,FALSE,FALSE,0.5518521760829216,FALSE,FALSE,0.14841523424988554
Gm14296,0.6580451302189856,0.3184458979784777,-0.4542321148373034,0.5820673071119059,-0.5429651856233098,0.6235097878449899,Gm14296,FALSE,FALSE,FALSE,FALSE,0.5517474768931996,FALSE,FALSE,0.14838692489789995
Lnpk,0.6433019159239599,0.037325136692201104,0.5923197357577026,0.0901221972904831,0.4194375706805715,0.2701285372161464,Lnpk,FALSE,FALSE,FALSE,FALSE,0.551686407454078,FALSE,FALSE,0.14837041248503177
Csgalnact2,0.7313305249000521,0.037467185624768605,0.5457061194985195,0.13385386958283618,0.37659099633733195,0.3919606964275855,Csgalnact2,FALSE,FALSE,FALSE,FALSE,0.5512092135786345,FALSE,FALSE,0.14824138522683455
Gm36964,-0.5121323540379532,0.37541841210233406,-0.5122081937238225,0.3954892631840488,-0.6287961089564846,0.43208725836388395,Gm36964,FALSE,FALSE,FALSE,FALSE,0.5510455522394201,FALSE,FALSE,0.14819713324675185
Hist1h2bj,-0.6185266574194697,0.167714929296729,-0.8874065017760808,0.10430132864445578,-0.1469941443117837,0.8171979380423273,Hist1h2bj,FALSE,FALSE,FALSE,FALSE,0.5509757678357781,FALSE,FALSE,0.14817826441642898
Gm13456,-0.4934900755969496,0.0853156215996472,-0.444349085656341,0.14600483083553098,-0.7149615297710317,0.08608862955280007,Gm13456,FALSE,FALSE,FALSE,FALSE,0.5509335636747741,FALSE,FALSE,0.1481668529389162
Gm12254,-0.4415083657724754,0.3780402149202367,-0.6612710296249664,0.2255409015418172,-0.5494760831315537,0.42702964431525425,Gm12254,FALSE,FALSE,FALSE,FALSE,0.5507518261763318,FALSE,FALSE,0.14811771339136054
Tubb2a,-0.5562857369471184,0.02987828978350806,-0.5055048484386395,0.08414847600606047,-0.5892839533504652,0.07902608801737694,Tubb2a,FALSE,FALSE,FALSE,FALSE,0.550358179578741,FALSE,FALSE,0.1480112762726138
Trmt11,0.5178236858914196,0.10148350008269028,0.6295427981190023,0.09217440461391116,0.5035598000134414,0.22865767604459633,Trmt11,FALSE,FALSE,FALSE,FALSE,0.5503087613412877,FALSE,FALSE,0.14799791419901717
Gm8337,-0.950068883435794,0.12062337163224515,-0.012898385548732688,0.9842159710394819,-0.6877225425140234,0.37520142472917006,Gm8337,FALSE,FALSE,FALSE,FALSE,0.5502299371661834,FALSE,FALSE,0.1479766011275032
Exoc5,0.6920968395815823,0.04954687212954825,0.6171640203242506,0.11495848949603832,0.34135574600640517,0.4609619379459538,Exoc5,FALSE,FALSE,FALSE,FALSE,0.5502055353040793,FALSE,FALSE,0.1479700031690544
Gm25291,-0.3195380964466996,0.5515342833229274,-0.34632692273506205,0.5335605159546664,-0.9837996530783122,0.20226800695994418,Gm25291,FALSE,FALSE,FALSE,FALSE,0.5498882240866912,FALSE,FALSE,0.14788420618279435
Traip,0.8937480625091552,0.06258433279985136,0.4098894415030262,0.4184809628636903,0.34569723186144863,0.6150505511268062,Traip,FALSE,FALSE,FALSE,FALSE,0.54977824529121,FALSE,FALSE,0.14785446929141535
Scgn,-0.9065492237919088,0.1119325313481137,0.13831819369922893,0.8006407626514287,-0.6040061806598391,0.3995193680772069,Scgn,FALSE,FALSE,FALSE,FALSE,0.5496245327169923,FALSE,FALSE,0.14781290733301153
Acsbg1,0.5694728292398972,0.5020098307541553,-0.1055771719072772,0.9226556392504058,0.9737636404534397,0.3600588809012681,Acsbg1,FALSE,FALSE,FALSE,FALSE,0.5496045472002047,FALSE,FALSE,0.1478075034991246
Fus,0.5563585130388553,0.061961687406834845,0.44701195523163495,0.15864351100306665,0.6449140264190696,0.11120914803128143,Fus,FALSE,FALSE,FALSE,FALSE,0.5494281648965199,FALSE,FALSE,0.14775981192928248
Pln,0.5491177781201437,0.47940907441598724,0.41512148672210336,0.624328586288329,0.6837229539826465,0.5052860783650747,Pln,FALSE,FALSE,FALSE,FALSE,0.5493207396082979,FALSE,FALSE,0.14773076547434327
Lgals3,-0.5158964375953947,0.18705586914064923,-0.4590263556549501,0.2556273561692816,-0.6729460027353915,0.20615231993569727,Lgals3,FALSE,FALSE,FALSE,FALSE,0.5492895986619121,FALSE,FALSE,0.14772234535175452
Epha5,0.7535709587351391,0.014455723425594891,0.5398306523850902,0.0704576830990092,0.35279407970662735,0.2234082253570566,Epha5,FALSE,FALSE,FALSE,FALSE,0.5487318969422855,FALSE,FALSE,0.14757154977897313
Gm42609,0.5572515084418846,0.3896365834837699,0.8925435472854508,0.1853663579839753,0.1959270993667151,0.8594400507660206,Gm42609,FALSE,FALSE,FALSE,FALSE,0.5485740516980169,FALSE,FALSE,0.14752887039825283
BC028471,0.48258007888686905,0.3668596505181204,0.9298780545720553,0.1156090072283418,-0.2325903356493768,0.7977933100430742,BC028471,FALSE,FALSE,FALSE,FALSE,0.5483494897027671,FALSE,FALSE,0.14746815164213836
Gm26558,0.44547807702840464,0.49264663843481565,0.5554812817543345,0.39994172160440666,0.6423578872283305,0.45047607147183677,Gm26558,FALSE,FALSE,FALSE,FALSE,0.5477724153370233,FALSE,FALSE,0.14731211794803736
AC149090.1,0.4972887098409631,0.34905143442536246,0.7519374481167569,0.18694027203838565,0.3936417756727204,0.6082944726950605,AC149090.1,FALSE,FALSE,FALSE,FALSE,0.5476226445434801,FALSE,FALSE,0.14727162179784908
AC122335.1,0.45462859510718945,0.4762051409247896,0.8275098795016768,0.19665710528955893,0.36009510394740263,0.6942284718936174,AC122335.1,FALSE,FALSE,FALSE,FALSE,0.5474111928520896,FALSE,FALSE,0.1472144479039974
Nhlh2,-0.4342987993477263,0.6229515724014734,-0.34649214394297845,0.7085358436326892,-0.861094053057887,0.4822006041277565,Nhlh2,FALSE,FALSE,FALSE,FALSE,0.5472949987828639,FALSE,FALSE,0.14718303048029927
Slc4a1,0.7211537954493428,0.33720758849763866,0.08079333228717872,0.9354237059090054,0.8392825716284147,0.4042791922269475,Slc4a1,FALSE,FALSE,FALSE,FALSE,0.5470765664549787,FALSE,FALSE,0.14712396910960907
Gm16153,0.5126336853215194,0.5344982566584356,0.6051580515314208,0.4727948955339875,0.5231434285933885,0.6477599492831145,Gm16153,FALSE,FALSE,FALSE,FALSE,0.5469783884821096,FALSE,FALSE,0.14709742301313433
Tmem267,0.4229935731545704,0.507573543080615,0.3634351971252112,0.5925030085466981,0.8544066389348859,0.2785501201519086,Tmem267,FALSE,FALSE,FALSE,FALSE,0.5469451364048892,FALSE,FALSE,0.1470884320671606
Tkt,-0.5747287324874373,0.02678447114605691,-0.5654735392040555,0.07131797632043399,-0.5002812243863266,0.11518110504712628,Tkt,FALSE,FALSE,FALSE,FALSE,0.5468278320259398,FALSE,FALSE,0.14705671442959392
Gm33280,0.6874699903084281,0.08722374412365294,0.40346156261318666,0.3384321880896333,0.5494746554544064,0.2997648064023678,Gm33280,FALSE,FALSE,FALSE,FALSE,0.5468020694586737,FALSE,FALSE,0.1470497485534804
Lrmda,0.3671459675021749,0.5824652450499517,0.42070206073704236,0.5348846582234641,0.8523007497865421,0.2894030799957608,Lrmda,FALSE,FALSE,FALSE,FALSE,0.5467162593419198,FALSE,FALSE,0.14702654657068034
Ccdc184,-0.713301929467768,0.06280565293204744,-0.5576153338395637,0.15169719023462266,-0.36866795554838205,0.43208725836388395,Ccdc184,FALSE,FALSE,FALSE,FALSE,0.5465284062852379,FALSE,FALSE,0.14697575345263142
Gm15772,-0.5524946396200606,0.37654480664553885,-0.3664443482849718,0.5735715768445954,-0.7205807841805696,0.40586815594732095,Gm15772,FALSE,FALSE,FALSE,FALSE,0.5465065906952007,FALSE,FALSE,0.14696985478981675
Matn4,1.0517294240382955,0.3961020187951843,0.11729719954929596,0.9445598179517021,0.4704555286859684,0.8198018737302082,Matn4,FALSE,FALSE,FALSE,FALSE,0.5464940507578533,FALSE,FALSE,0.14696646414752826
Zc2hc1a,0.5624985409006387,0.03922583536852753,0.7428389647248146,0.0704576830990092,0.3336637344331477,0.32856826596063826,Zc2hc1a,FALSE,FALSE,FALSE,FALSE,0.5463337466862003,FALSE,FALSE,0.14692311993062268
Gm13553,0.6398478294254131,0.26546943831050035,0.403211080651787,0.5232068339565211,0.5957249842188541,0.4526775028349206,Gm13553,FALSE,FALSE,FALSE,FALSE,0.5462612980986847,FALSE,FALSE,0.14690353073828716
Msln,-1.2858022009381596,0.06377768075196043,-0.12271621827734769,0.8461479644964943,-0.2298965305458145,0.7846564495789521,Msln,FALSE,FALSE,FALSE,FALSE,0.5461383165871072,FALSE,FALSE,0.14687027807503147
Chil1,-0.9742043518993192,0.09623868322903145,-0.5994146322972864,0.28421859265881866,-0.06372812350021195,0.9421114768290293,Chil1,FALSE,FALSE,FALSE,FALSE,0.5457823692322725,FALSE,FALSE,0.14677403436022232
Gm37494,0.6276492314472986,0.01661440266828112,0.6104992672914022,0.0704576830990092,0.3985135688337058,0.14094624298374747,Gm37494,FALSE,FALSE,FALSE,FALSE,0.5455540225241355,FALSE,FALSE,0.14671229226505839
A930002I21Rik,-0.6421000252038598,0.2899913505337533,-0.3452350686609019,0.5838587597255873,-0.6489511850239078,0.4377371803709186,A930002I21Rik,FALSE,FALSE,FALSE,FALSE,0.5454287596295565,FALSE,FALSE,0.14667842274436022
Olfr329-ps,-0.8504496620673079,0.2824557523757489,-0.7009085703477862,0.3858879679873949,-0.08464171497856653,0.9474093284805494,Olfr329-ps,FALSE,FALSE,FALSE,FALSE,0.5453333157978869,FALSE,FALSE,0.1466526159254845
Gprin3,0.8627249729262925,0.014455723425594891,0.470829337688083,0.09552603915776765,0.3010362516874139,0.3393117136805753,Gprin3,FALSE,FALSE,FALSE,FALSE,0.5448635207672631,FALSE,FALSE,0.1465255892224286
Slf1,0.6742868321805551,0.025520442629065665,0.4844970168406162,0.11340944553885948,0.475443488639157,0.17991730657020547,Slf1,FALSE,FALSE,FALSE,FALSE,0.5447424458867761,FALSE,FALSE,0.14649285208838372
Wnt6,-0.2138702997099471,0.8489717954540641,1.3813295534908592,0.13697171958811935,-0.03860125038671047,0.9817462572109429,Wnt6,FALSE,FALSE,FALSE,FALSE,0.5446003678625055,FALSE,FALSE,0.14645443596683425
Gm28941,0.6430472662181794,0.46388249010780597,0.5119867874176729,0.5895761891312384,0.4787555567011125,0.7087990541372045,Gm28941,FALSE,FALSE,FALSE,FALSE,0.5445965367789882,FALSE,FALSE,0.1464534000897461
Uchl3,0.7278990988246092,0.05275902261457179,0.6167551024778315,0.1299828378951678,0.2886898046467916,0.5778141190300434,Uchl3,FALSE,FALSE,FALSE,FALSE,0.5444480019830774,FALSE,FALSE,0.14641323813786555
Ccnt2,0.47869089363857853,0.0408077391264366,0.6108943780025697,0.0704576830990092,0.5437309109063806,0.0873081814626103,Ccnt2,FALSE,FALSE,FALSE,FALSE,0.544438727515843,FALSE,FALSE,0.14641073043787176
Gpr61,-0.8036568826774715,0.10328778930358475,-0.475195844297184,0.3115376485160778,-0.35424111652579127,0.5671797586813652,Gpr61,FALSE,FALSE,FALSE,FALSE,0.544364614500149,FALSE,FALSE,0.14639069120496492
Gapdhs,0.9805895110301355,0.2082516476010758,0.5283186781764515,0.5508216937445976,0.12316476480206284,0.9354270075136115,Gapdhs,FALSE,FALSE,FALSE,FALSE,0.5440243180028833,FALSE,FALSE,0.1462986792863805
Cdh7,1.0094685416373084,0.019351832112294208,0.4476661452026409,0.21834485851743995,0.17444408659716437,0.7342904374456407,Cdh7,TRUE,FALSE,FALSE,TRUE,0.5438595911457046,FALSE,FALSE,0.14625413920356098
Tut4,0.6201214945475426,0.019127678927429646,0.585553531358844,0.0704576830990092,0.4249691549536765,0.13820533985186143,Tut4,FALSE,FALSE,FALSE,FALSE,0.5435480602866877,FALSE,FALSE,0.14616990515394035
Cfap69,0.591901566007826,0.055117872491177264,0.444323202841606,0.168236891018763,0.5943453850124656,0.1359806337895199,Cfap69,FALSE,FALSE,FALSE,FALSE,0.5435233846206325,FALSE,FALSE,0.14616323316232618
Gm47075,-0.4901323350966187,0.7362632969243278,0.710857660267365,0.5989830891521232,0.4295526779883607,0.8322983147805271,Gm47075,FALSE,FALSE,FALSE,FALSE,0.5435142244507815,FALSE,FALSE,0.14616075636691592
Bmpr2,0.6440018160775569,0.016065425369255492,0.5505700680003232,0.0704576830990092,0.43483662364752274,0.12049300589085365,Bmpr2,FALSE,FALSE,FALSE,FALSE,0.543136169241801,FALSE,FALSE,0.14605853496473095
Nrsn2,-0.31795399554387216,0.5861582412215764,-0.7553056498269608,0.23156258513960362,-0.5558666811386147,0.4842935953052706,Nrsn2,FALSE,FALSE,FALSE,FALSE,0.5430421088364825,FALSE,FALSE,0.14603310220704543
Ncam2,0.7681244113876815,0.014989859019986373,0.49933103820818214,0.08525470443769087,0.3613868259941304,0.24458068268653627,Ncam2,FALSE,FALSE,FALSE,FALSE,0.5429474251966647,FALSE,FALSE,0.1460075009345428
Gm44130,0.5386506508362063,0.3847303556760009,0.7172792241921488,0.26242656195663244,0.3726629461409457,0.6833803884038661,Gm44130,FALSE,FALSE,FALSE,FALSE,0.5428642737231003,FALSE,FALSE,0.14598501781562367
Gfap,0.5034085547499667,0.4441697945544126,0.32269574764805675,0.6602569463621202,0.8024695392117849,0.3463524231545467,Gfap,FALSE,FALSE,FALSE,FALSE,0.5428579472032694,FALSE,FALSE,0.1459833072037535
Zfp938,0.6825630537057101,0.044090152498948126,0.6505181969771296,0.09180503249903499,0.2952930345636515,0.5064022600079991,Zfp938,FALSE,FALSE,FALSE,FALSE,0.5427914284154971,FALSE,FALSE,0.14596532135513612
Hyls1,0.44988858952504973,0.06688261472311506,0.6001926122065986,0.0704576830990092,0.577471227469811,0.0859887444815875,Hyls1,FALSE,FALSE,FALSE,FALSE,0.5425174764004864,FALSE,FALSE,0.1458912481551363
Camp,0.6759246696525296,0.5966474984526148,-0.45097243675794285,0.7830762775888619,0.5004245779367349,0.7959782417716054,Camp,FALSE,FALSE,FALSE,FALSE,0.5424405614490692,FALSE,FALSE,0.14587045131383877
Abtb2,-0.7173601586230887,0.02891691459499379,-0.5070707781047772,0.11072458956577719,-0.402173736291191,0.263028780668114,Abtb2,FALSE,FALSE,FALSE,FALSE,0.5422015576730189,FALSE,FALSE,0.14580582768074232
C030037D09Rik,0.5311294112384011,0.22754280136773913,0.4501511718595434,0.33587839388413554,0.6451171740441204,0.2671516408781135,C030037D09Rik,FALSE,FALSE,FALSE,FALSE,0.5421325857140216,FALSE,FALSE,0.14578717852529444
Nfat5,0.5196961001324736,0.023781062591481793,0.5137394876799659,0.0704576830990092,0.5928147774777504,0.056680833071993876,Nfat5,FALSE,FALSE,FALSE,FALSE,0.54208345509673,FALSE,FALSE,0.1457738942205938
Zfp626,0.7062708716330945,0.034951996629719685,0.6273901389437029,0.09180503249903499,0.2925193461738962,0.4900777446793828,Zfp626,FALSE,FALSE,FALSE,FALSE,0.5420601189168979,FALSE,FALSE,0.14576758440930854
4933433G19Rik,0.3794154955750012,0.5155516723620035,0.6792306798706129,0.24179016627568636,0.5658012175914383,0.45520489533214187,4933433G19Rik,FALSE,FALSE,FALSE,FALSE,0.5414824643456841,FALSE,FALSE,0.14561139383490201
Gm20555,0.4934345148976028,0.22094912230710237,0.5899149858808368,0.1751640242634439,-0.5409336797195005,0.391168980874771,Gm20555,FALSE,FALSE,FALSE,FALSE,0.5414277268326467,FALSE,FALSE,0.1455965934956873
Gm24119,0.7264285740293,0.17944262232722805,0.31793952285551175,0.6109155063403191,0.5793321461391674,0.44037088244546707,Gm24119,FALSE,FALSE,FALSE,FALSE,0.5412334143413263,FALSE,FALSE,0.14554405382726587
Gm48894,-0.389818975394171,0.7637485812788553,0.7433800367572737,0.5007373652841736,0.4902424777751344,0.7611811657218196,Gm48894,FALSE,FALSE,FALSE,FALSE,0.5411471633088597,FALSE,FALSE,0.14552073262636928
Slc6a13,0.4732080822151411,0.548531276346804,0.7511774812791122,0.32678013098910663,0.39801011949106335,0.7244553840900645,Slc6a13,FALSE,FALSE,FALSE,FALSE,0.5407985609951056,FALSE,FALSE,0.14542647491884297
Gm47920,-0.655197957907403,0.3924406029833646,-0.31200734963441584,0.7020558306955813,-0.655064163131118,0.5374640967791049,Gm47920,FALSE,FALSE,FALSE,FALSE,0.5407564902243123,FALSE,FALSE,0.14541509950837556
Hsf2,0.6228373775558973,0.0347559481312044,0.6175668761556148,0.07907452565222185,0.38182902946700636,0.29051836872056874,Hsf2,FALSE,FALSE,FALSE,FALSE,0.5407444277261728,FALSE,FALSE,0.14541183795968007
Mogat1,-0.8986378325291443,0.11275823344881046,-0.3191574562965721,0.558478921089551,-0.4034450166613974,0.579053990186208,Mogat1,FALSE,FALSE,FALSE,FALSE,0.5404134351623713,FALSE,FALSE,0.1453223417083896
Gpm6a,0.9271147542085014,0.01071828627468486,0.3506558771377408,0.15593333411628635,0.34328493434914,0.25716025112894175,Gpm6a,FALSE,FALSE,FALSE,FALSE,0.5403518552317941,FALSE,FALSE,0.1453056912650138
Gm10925,0.8483703089179784,0.027910305702979202,0.6814790913870783,0.09660780210323533,0.09075215651422353,0.8811480874391052,Gm10925,FALSE,FALSE,FALSE,FALSE,0.5402005189397601,FALSE,FALSE,0.14526477182360492
Zfp617,0.7352938975833494,0.022473076415380377,0.6930578083908507,0.0704576830990092,0.192222976797912,0.6197950661833991,Zfp617,FALSE,FALSE,FALSE,FALSE,0.5401915609240374,FALSE,FALSE,0.14526234968814372
Pcdhga3,-0.36575775379061204,0.14262996466358763,-0.7222771486734656,0.0704576830990092,-0.5320923068391257,0.1271434093313485,Pcdhga3,FALSE,FALSE,FALSE,FALSE,0.5400424031010678,FALSE,FALSE,0.14522201927753536
Vil1,-0.5514854687214337,0.49423536110728306,-0.3782654616147682,0.6521342817410232,-0.6897680915261015,0.5361264263091312,Vil1,FALSE,FALSE,FALSE,FALSE,0.5398396739541012,FALSE,FALSE,0.14516720385064946
Kbtbd3,0.6793920532808704,0.019412022934694215,0.5767413667363424,0.0704576830990092,0.36292862434647555,0.2447201135662734,Kbtbd3,FALSE,FALSE,FALSE,FALSE,0.5396873481212294,FALSE,FALSE,0.145126016849769
Usp1,0.6379990314607529,0.0689083121561852,0.6456243222822451,0.11014343385976322,0.3352930452097507,0.4818397663255097,Usp1,FALSE,FALSE,FALSE,FALSE,0.5396387996509162,FALSE,FALSE,0.1451128899503335
Zfp850,0.7106998969457625,0.022461053174687547,0.6531170988423063,0.0704576830990092,0.25438736518192906,0.4834385639343099,Zfp850,FALSE,FALSE,FALSE,FALSE,0.5394014536566659,FALSE,FALSE,0.1450487145607107
Etnk2,-0.6240485655233139,0.17597757231136993,-0.5123090699167365,0.2783200942726977,-0.48139593800011493,0.4295365963389473,Etnk2,FALSE,FALSE,FALSE,FALSE,0.5392511911467218,FALSE,FALSE,0.14500808545655489
Gm20633,-0.08060219560351464,0.898870563990437,-0.7500915473576695,0.23440180054604517,-0.7868972888084175,0.32856826596063826,Gm20633,FALSE,FALSE,FALSE,FALSE,0.5391970105898672,FALSE,FALSE,0.1449934357113291
Rag1,0.7236125694943323,0.10989125728025656,0.2893755166489822,0.5681736177462033,0.6045992343736071,0.32201455206454216,Rag1,FALSE,FALSE,FALSE,FALSE,0.5391957735056405,FALSE,FALSE,0.14499310121921982
Abca13,0.5770033019399692,0.12237188849571692,0.6849934074262043,0.10975463855473329,0.35550202956154275,0.4953771129853779,Abca13,FALSE,FALSE,FALSE,FALSE,0.5391662463092387,FALSE,FALSE,0.1449851174344522
9330132A10Rik,0.7720377977482857,0.034230705945774174,0.44923542787368254,0.2079677063134914,0.3959141189704236,0.3843004011832979,9330132A10Rik,FALSE,FALSE,FALSE,FALSE,0.539062448197464,FALSE,FALSE,0.14495705172267856
Gm44777,0.4412817497776583,0.45074366318114645,0.5287568687060796,0.37651315162199095,0.6469691071990363,0.39585659733983325,Gm44777,FALSE,FALSE,FALSE,FALSE,0.5390025752275914,FALSE,FALSE,0.14494086282013743
Gjd2,-0.49245242159122693,0.16912716946704998,-0.5305518858592388,0.17398351717413368,-0.5935606374308908,0.22166325430344627,Gjd2,FALSE,FALSE,FALSE,FALSE,0.5388549816271189,FALSE,FALSE,0.14490095535573685
Gm48673,0.2773722447735215,0.761758147000696,0.7478115671681751,0.36667307488301826,0.5913229323134429,0.6039733906475363,Gm48673,FALSE,FALSE,FALSE,FALSE,0.5388355814183798,FALSE,FALSE,0.14489570978182895
Catsper2,0.4874740593519947,0.2710013347842036,0.6027383196939363,0.19696189968357422,0.5262351320992512,0.3761041991540492,Catsper2,FALSE,FALSE,FALSE,FALSE,0.5388158370483941,FALSE,FALSE,0.1448903711510225
Gm43425,0.28637769830466375,0.620461936215978,0.7758814561155546,0.17144102126774746,0.5541517058924611,0.4458451794914231,Gm43425,FALSE,FALSE,FALSE,FALSE,0.5388036201042264,FALSE,FALSE,0.14488706784205183
Lrat,0.6542774437834427,0.32697950107149654,-0.4357794790827618,0.6009422756644387,0.5262209689559748,0.5806814573102527,Lrat,FALSE,FALSE,FALSE,FALSE,0.5387592972740598,FALSE,FALSE,0.14487508350288436
Scarna9,0.35922542659002044,0.4886084935939737,0.4763625058935538,0.36054481711306097,0.7804057914712794,0.22858287402043195,Scarna9,FALSE,FALSE,FALSE,FALSE,0.5386645746516179,FALSE,FALSE,0.1448494716899675
Atoh8,-0.618254160746916,0.3891648429112076,-0.3603671213203071,0.6305232293340162,-0.6369645061196826,0.5208105429100575,Atoh8,FALSE,FALSE,FALSE,FALSE,0.5385285960623019,FALSE,FALSE,0.14481270477937658
Zbtb16,-0.20912313249123482,0.7201731651902461,0.5448574936425361,0.31872264623393515,0.8615123631555468,0.21679145410412637,Zbtb16,FALSE,FALSE,FALSE,FALSE,0.5384976630964392,FALSE,FALSE,0.14480434089212121
Haus7,-0.5956379297995102,0.11563123894282398,-0.5537293531748131,0.16735829250672757,-0.46591826869959196,0.33944826396763594,Haus7,FALSE,FALSE,FALSE,FALSE,0.5384285172246385,FALSE,FALSE,0.1447856447128255
Rsph1,-0.6450436902573253,0.04535458321584738,-0.6226759258348014,0.08803823262798008,-0.3474901378211017,0.3574572286911746,Rsph1,FALSE,FALSE,FALSE,FALSE,0.5384032513044095,FALSE,FALSE,0.1447788131238619
Mplkip,0.6348021287173231,0.026414250229909987,0.4999087635544197,0.09660780210323533,0.4800136112161364,0.15576588610641331,Mplkip,FALSE,FALSE,FALSE,FALSE,0.5382415011626264,FALSE,FALSE,0.14473507790767146
Gm17415,0.5741842302632476,0.3615010809557449,0.5953900984618495,0.3651755561451283,0.4446487126918097,0.6242944322604536,Gm17415,FALSE,FALSE,FALSE,FALSE,0.538074347138969,FALSE,FALSE,0.14468988154937976
Esrrb,-0.8195988391111151,0.21663301498680734,-0.47687329091114494,0.47514138369631087,0.31758032171952916,0.7024748625539515,Esrrb,FALSE,FALSE,FALSE,FALSE,0.5380174839139298,FALSE,FALSE,0.14467450644421473
Asf1a,0.6907601963237786,0.02734049331395135,0.5982782733247571,0.08521930057579834,0.3225160000420777,0.3964193356572325,Asf1a,FALSE,FALSE,FALSE,FALSE,0.5371848232302044,FALSE,FALSE,0.1444493654049886
Spock3,0.9588225785328426,0.01071828627468486,0.31913308608494884,0.16347190559035799,0.3334566651881392,0.23732599087608175,Spock3,FALSE,FALSE,FALSE,FALSE,0.5371374432686435,FALSE,FALSE,0.1444365544557114
Lrrtm1,0.27691437500575145,0.529564888104852,0.6610906630593905,0.14217675146862493,0.6732941718185161,0.2142264092705122,Lrrtm1,FALSE,FALSE,FALSE,FALSE,0.537099736627886,FALSE,FALSE,0.14442635905144674
Rcor2,-0.4684973783882165,0.42868234585410087,-0.8350394074008269,0.20347091595920547,-0.307620389587856,0.7112300114706978,Rcor2,FALSE,FALSE,FALSE,FALSE,0.5370523917922998,FALSE,FALSE,0.14441355759979396
Sfrp4,0.8028247117984737,0.1736349753475752,0.15271446675908207,0.836914532256226,0.6555125258215204,0.4245546263275381,Sfrp4,FALSE,FALSE,FALSE,FALSE,0.5370172347930254,FALSE,FALSE,0.14440405158671157
Ccl6,0.6929857395862701,0.22478414321855603,0.7238050506713414,0.23104682372041138,0.19394079255126845,0.8431995843915576,Ccl6,FALSE,FALSE,FALSE,FALSE,0.53691052760296,FALSE,FALSE,0.14437519929653647
Fbxo11,0.675508616166737,0.02117668398965359,0.5904370848148153,0.07242313242785868,0.34437379648098343,0.28533013826582715,Fbxo11,FALSE,FALSE,FALSE,FALSE,0.5367731658208452,FALSE,FALSE,0.144338058387905
Mmp17,0.6713742708314102,0.3376925742942158,-0.2832954266093978,0.7553290955341714,0.6554143707837963,0.5029563897221131,Mmp17,FALSE,FALSE,FALSE,FALSE,0.5366946894082014,FALSE,FALSE,0.1443168393470127
Gm43571,0.13805133500930689,0.8792710730195173,0.6997305504893279,0.36940496035348735,0.7723014844128442,0.44486998371893066,Gm43571,FALSE,FALSE,FALSE,FALSE,0.5366944566371596,FALSE,FALSE,0.14431677640863305
Fmr1,0.6820319660767256,0.04163307800428041,0.5887793614979984,0.10942024781680745,0.33834879331025736,0.4307510103649127,Fmr1,FALSE,FALSE,FALSE,FALSE,0.5363867069616605,FALSE,FALSE,0.14423356474376448
Shisa2,-0.5916703553620559,0.027432391525268662,-0.4807193762079325,0.08746986560430185,-0.5363220982289758,0.10016562231638436,Shisa2,FALSE,FALSE,FALSE,FALSE,0.5362372765996547,FALSE,FALSE,0.14419316064200793
Hpgds,0.5319743613006818,0.2278520099076524,0.6100816134230309,0.19562853331077806,0.4664799114403604,0.44505439627464977,Hpgds,FALSE,FALSE,FALSE,FALSE,0.5361786287213577,FALSE,FALSE,0.14417730298891313
Bpifa1,1.0676693688763694,0.2865450924730403,-0.186544956529482,0.8937343091647548,0.3538659873676043,0.8431475850104174,Bpifa1,FALSE,FALSE,FALSE,FALSE,0.5360267709244853,FALSE,FALSE,0.14413624253911564
Eef1a2,-0.5704719872964308,0.05220973816635411,-0.5948841606806754,0.08967000640739733,-0.4416619597491893,0.24444264031075097,Eef1a2,FALSE,FALSE,FALSE,FALSE,0.5356727025754319,FALSE,FALSE,0.144040506883979
Lhx2,-0.4735167202031808,0.494045185738169,-0.6259464515345945,0.3824334770899623,0.5075146237656749,0.5279055086328039,Lhx2,FALSE,FALSE,FALSE,FALSE,0.5356592651678167,FALSE,FALSE,0.14403687357694997
C920021L13Rik,-0.6311551371968928,0.2844358900430614,-0.4753982485318668,0.4316157602317099,-0.5002565439986026,0.5374131831230017,C920021L13Rik,FALSE,FALSE,FALSE,FALSE,0.5356033099091208,FALSE,FALSE,0.14402174397453305
Prx,-0.5190491162290192,0.6136178071025,0.9021796876478874,0.2833589150200497,0.185150936521902,0.9023882759351294,Prx,FALSE,FALSE,FALSE,FALSE,0.5354599134662695,FALSE,FALSE,0.14398297136908178
Klhl34,-0.5757608702085524,0.38049101222752924,-0.9470930553565842,0.1995812088419037,-0.0834722660356507,0.9382619193940122,Klhl34,FALSE,FALSE,FALSE,FALSE,0.535442063866929,FALSE,FALSE,0.14397814506057002
Tcf7l2,0.6405367559444084,0.024629542147386174,0.4630121707899546,0.10890761169862719,0.5026463062058095,0.13467244691507405,Tcf7l2,FALSE,FALSE,FALSE,FALSE,0.5353984109800575,FALSE,FALSE,0.14396634186569415
Lrg1,-1.1242673520059276,0.10202062357472737,-0.388429802155964,0.552131378281509,-0.0930673566559328,0.927918118166699,Lrg1,FALSE,FALSE,FALSE,FALSE,0.5352548369392748,FALSE,FALSE,0.14392752123998248
Gm43362,0.6105454666111505,0.2501272829345686,0.5197735688513669,0.3570237923620079,0.4748409322742846,0.5258736378758321,Gm43362,FALSE,FALSE,FALSE,FALSE,0.535053322578934,FALSE,FALSE,0.14387303427621337
Lrrtm3,-0.699823437550283,0.18742468514411031,-0.6713217889641987,0.2255409015418172,0.23295153493555976,0.7361398167309516,Lrrtm3,FALSE,FALSE,FALSE,FALSE,0.5346989204833471,FALSE,FALSE,0.14377720838018648
Zfp300,0.7816748285281521,0.023641274277443218,0.6552148781509382,0.08451455445915308,0.16714036310116986,0.7107979973406889,Zfp300,FALSE,FALSE,FALSE,FALSE,0.5346766899267533,FALSE,FALSE,0.14377119751560272
Gm37033,0.4142221515878994,0.3450172349031964,0.6561499017758252,0.15886810850969899,0.5335345348170262,0.3608042857124437,Gm37033,FALSE,FALSE,FALSE,FALSE,0.5346355293935836,FALSE,FALSE,0.14376006822200924
Zfp951,0.5253531715082085,0.11555293980759257,0.8834827413887232,0.0704576830990092,0.19450445137681482,0.6966065978764717,Zfp951,FALSE,FALSE,FALSE,FALSE,0.5344467880912488,FALSE,FALSE,0.1437090349334403
Gm44616,0.5104127948776377,0.44780166302311425,0.2356194910656737,0.7649776222931556,0.8573066763348256,0.3205438104221074,Gm44616,FALSE,FALSE,FALSE,FALSE,0.534446320759379,FALSE,FALSE,0.14370890857274515
Cks2,0.8147879327188149,0.10790000964153601,0.19307684321533541,0.7515816557226704,0.5953162870865564,0.38870226146267717,Cks2,FALSE,FALSE,FALSE,FALSE,0.5343936876735689,FALSE,FALSE,0.14369467724434382
Ebag9,0.7095457449500415,0.04249304702656531,0.579583282693461,0.12214823616405164,0.31401621270653646,0.49125522185044984,Ebag9,FALSE,FALSE,FALSE,FALSE,0.5343817467833464,FALSE,FALSE,0.1436914485769088
Lrrc17,-0.7231780853526417,0.07605883511561701,-0.4565126091511753,0.24728591502651884,-0.42299763258187717,0.4039491867541203,Lrrc17,FALSE,FALSE,FALSE,FALSE,0.5342294423618981,FALSE,FALSE,0.14365026736540953
Gadd45b,-0.7875611614136089,0.05361205441465796,-0.3317625813508891,0.3729247566678708,-0.48203083283496495,0.3228816905189946,Gadd45b,FALSE,FALSE,FALSE,FALSE,0.5337848585331543,FALSE,FALSE,0.14353005745615974
Klf5,0.4923463173896141,0.10741254602466908,0.6378049927545963,0.08838532837512685,0.47095652274707467,0.247072987136418,Klf5,FALSE,FALSE,FALSE,FALSE,0.5337026109637617,FALSE,FALSE,0.14350781874162835
Cd47,0.663700669583001,0.014455723425594891,0.4634739403396866,0.0704576830990092,0.4737802073479598,0.07902608801737694,Cd47,FALSE,FALSE,FALSE,FALSE,0.5336516057568824,FALSE,FALSE,0.14349402757133872
Stc1,0.5416039005923214,0.2649383576481941,0.43754815895189114,0.39962229498369584,0.6214297666194772,0.33869836115221946,Stc1,FALSE,FALSE,FALSE,FALSE,0.5335272753878966,FALSE,FALSE,0.1434604101939028
Doc2b,-0.46821434566508957,0.505924869637317,0.5748251669383055,0.35727230132172627,0.5571030335042466,0.49855629387069733,Doc2b,FALSE,FALSE,FALSE,FALSE,0.5333808487025472,FALSE,FALSE,0.14342081824876315
Mysm1,0.6049304688968382,0.023298544871650877,0.5426467025638724,0.07556490478840473,0.4516586475432742,0.14359914685562333,Mysm1,FALSE,FALSE,FALSE,FALSE,0.5330786063346616,FALSE,FALSE,0.14333909569102274
Atp6v0c,-0.6432995819239462,0.04535458321584738,-0.5059776858870348,0.1307314024611455,-0.44941526076962024,0.25529205166260277,Atp6v0c,FALSE,FALSE,FALSE,FALSE,0.5328975095268671,FALSE,FALSE,0.1432901293782085
Zfc3h1,0.5501646533500102,0.036579641348843665,0.584029460491819,0.07346255419668397,0.4642570773343051,0.1537328596831151,Zfc3h1,FALSE,FALSE,FALSE,FALSE,0.5328170637253781,FALSE,FALSE,0.14326837783919313
Gm14379,-0.6532332641382419,0.17151899470514118,-0.41843674390798385,0.3801136158028903,-0.5266399344368046,0.4064677764948196,Gm14379,FALSE,FALSE,FALSE,FALSE,0.5327699808276768,FALSE,FALSE,0.1432556472122698
Cbfb,0.6421286102978465,0.04702599362715995,0.5407059703615467,0.12351233695174244,0.4151570597043044,0.31785558995496893,Cbfb,FALSE,FALSE,FALSE,FALSE,0.5326638801212326,FALSE,FALSE,0.14322695890768383
Fbxo48,0.46960466476106727,0.39875683648979965,0.6926306785498322,0.2276933466476417,0.4353206951544808,0.5799459136414272,Fbxo48,FALSE,FALSE,FALSE,FALSE,0.5325186794884601,FALSE,FALSE,0.14318769847183327
Pi4k2b,0.681140099381663,0.023495574798305448,0.525140569894845,0.09180503249903499,0.39044979527202406,0.2596272457328866,Pi4k2b,FALSE,FALSE,FALSE,FALSE,0.5322434881828441,FALSE,FALSE,0.14311329018314695
Elmod2,0.6393006806180832,0.019351832112294208,0.5755506043152527,0.0704576830990092,0.3814968025023431,0.1935869377333868,Elmod2,FALSE,FALSE,FALSE,FALSE,0.5321160291452264,FALSE,FALSE,0.14307882685282658
Xk,0.6988127899527452,0.016065425369255492,0.4779775376237767,0.08453473759992562,0.4180816948323631,0.15491691970518578,Xk,FALSE,FALSE,FALSE,FALSE,0.5316240074696283,FALSE,FALSE,0.14294579034283994
Chga,-0.7742644515752524,0.07285632773310015,-0.4420147185818788,0.32377138604509376,-0.3783265930784143,0.5268398447517713,Chga,FALSE,FALSE,FALSE,FALSE,0.5315352544118485,FALSE,FALSE,0.14292179262557814
Dcdc2b,0.7577697821469981,0.052355916806270525,0.32531047925525813,0.41955941237361744,0.5115024342799817,0.31027507103193075,Dcdc2b,FALSE,FALSE,FALSE,FALSE,0.5315275652274126,FALSE,FALSE,0.14291971356623437
Gm2011,0.4756693303114412,0.0744590278913032,0.5299923561883126,0.09085111530551959,0.5887335073305935,0.1002620105675008,Gm2011,FALSE,FALSE,FALSE,FALSE,0.5314650646101158,FALSE,FALSE,0.1429028141806797
Mterf3,0.6207870217285123,0.05273948396062499,0.6471780842400809,0.08831372198457063,0.32639502112123786,0.44037088244546707,Mterf3,FALSE,FALSE,FALSE,FALSE,0.5314533756966103,FALSE,FALSE,0.14289965364459883
Gm45290,0.717205483972851,0.11306801542477811,0.6227913298114514,0.19780923422668015,0.2539900783875555,0.7130781784286742,Gm45290,FALSE,FALSE,FALSE,FALSE,0.5313289640572859,FALSE,FALSE,0.14286601429267937
Cyp2a5,-0.8483772228207259,0.17000740016695967,0.1844169850009254,0.7550978277132319,0.5604714424002912,0.40608108524542064,Cyp2a5,FALSE,FALSE,FALSE,FALSE,0.5310885500739808,FALSE,FALSE,0.14280100935717116
Gm6712,0.7085899916675595,0.0934625796866441,0.5768222164550489,0.19766075019097482,0.3077098640703584,0.6140787433215946,Gm6712,FALSE,FALSE,FALSE,FALSE,0.5310406907309889,FALSE,FALSE,0.1427880687891481
Myl4,-0.053930383741796484,0.9136818576567579,-0.3632578838203439,0.4331871730333327,-1.175677785032578,0.1002620105675008,Myl4,FALSE,FALSE,FALSE,FALSE,0.5309553508649061,FALSE,FALSE,0.14276499395625056
Gm15427,-0.45799084029458986,0.31887915303485187,-0.417211437502932,0.3807163677500125,-0.7168787349621468,0.26028414765658076,Gm15427,FALSE,FALSE,FALSE,FALSE,0.5306936709198895,FALSE,FALSE,0.1426942389705557
1700003M07Rik,0.6689347066049394,0.08797877503147165,0.32335427631655467,0.4387769768151994,0.5997355679423981,0.24315470576168083,1700003M07Rik,FALSE,FALSE,FALSE,FALSE,0.530674850287964,FALSE,FALSE,0.14268915010697247
5033403F01Rik,0.7143715032924497,0.14967885427777347,0.33193340179238046,0.5514585499787416,0.5454177670873745,0.42535835249362053,5033403F01Rik,FALSE,FALSE,FALSE,FALSE,0.5305742240574016,FALSE,FALSE,0.14266194203222482
Fgd3,-0.5225621505712763,0.20516478217133557,-0.7902053205617574,0.11278448655616846,-0.2787396685677175,0.6148362710341319,Fgd3,FALSE,FALSE,FALSE,FALSE,0.5305023799002504,FALSE,FALSE,0.14264251627030342
Cep85l,0.5038717560146964,0.1215586293017954,0.6811706854853457,0.09180503249903499,0.4058395850559817,0.36456401969128355,Cep85l,FALSE,FALSE,FALSE,FALSE,0.530294008852008,FALSE,FALSE,0.14258617534384577
Calcrl,0.6090902506138134,0.08052549431307705,0.6780145746165909,0.09749789641905506,0.3037134928422365,0.5302193409892363,Calcrl,FALSE,FALSE,FALSE,FALSE,0.5302727726908802,FALSE,FALSE,0.14258043335136444
Slamf7,-0.6190808948788917,0.2426577669446182,-0.21914664112072854,0.6951586476546432,-0.7524268825225202,0.3001084635069012,Slamf7,FALSE,FALSE,FALSE,FALSE,0.5302181395073802,FALSE,FALSE,0.14256566122155231
Zfp712,0.6476690175021216,0.03831333094046757,0.6144326242511511,0.08525470443769087,0.32827902936719555,0.40633492597030013,Zfp712,FALSE,FALSE,FALSE,FALSE,0.5301268903734894,FALSE,FALSE,0.14254098859651526
Zfp54,0.8144311798573365,0.018833029006015068,0.5673523214294902,0.09085111530551959,0.20815097818805173,0.5985008766847209,Zfp54,FALSE,FALSE,FALSE,FALSE,0.5299781598249594,FALSE,FALSE,0.14250077371557374
Epm2aip1,0.7290233025777821,0.02526940340353262,0.5567971053446952,0.1006225792865134,0.3038668682908474,0.43441423987478744,Epm2aip1,FALSE,FALSE,FALSE,FALSE,0.529895758737775,FALSE,FALSE,0.14247849349175065
Gm10736,-0.37491217128397203,0.16760333861824991,-0.4791406985012028,0.12953643428384148,-0.7352519065792489,0.07885021915255766,Gm10736,FALSE,FALSE,FALSE,FALSE,0.5297682587881413,FALSE,FALSE,0.14244401909933263
Dmxl1,0.6061679957945412,0.03592567507669806,0.5961072346150083,0.083208807140714,0.3864306568760645,0.27854615712308795,Dmxl1,FALSE,FALSE,FALSE,FALSE,0.5295686290952046,FALSE,FALSE,0.1423900417260681
Sh3bgrl,0.7593077458232314,0.031968617370469646,0.5498609986904226,0.1299828378951678,0.27950504776521434,0.5305694329351527,Sh3bgrl,FALSE,FALSE,FALSE,FALSE,0.5295579307596228,FALSE,FALSE,0.14238714902987387
Scn4b,0.6984409787355098,0.3317636132328721,0.3400405744360531,0.6878941486028133,-0.5493012461699562,0.6499662637708897,Scn4b,FALSE,FALSE,FALSE,FALSE,0.5292609331138397,FALSE,FALSE,0.14230684457942216
Hist1h2ai,0.5425477782440709,0.42197919325961447,0.318841541625689,0.6781987475119365,0.7261235304465536,0.41318363936840197,Hist1h2ai,FALSE,FALSE,FALSE,FALSE,0.5291709501054378,FALSE,FALSE,0.1422825142988886
Rpl5-ps1,0.17037507652535744,0.7577936140951003,-0.24921611418931167,0.6755093413441837,-1.1677690458627838,0.1564952205742026,Rpl5-ps1,FALSE,FALSE,FALSE,FALSE,0.529120078859151,FALSE,FALSE,0.14226875934986846
Gm9938,0.7022847962902334,0.018371466261579567,0.587466997583264,0.0704576830990092,0.297330630911548,0.34662257591845974,Gm9938,FALSE,FALSE,FALSE,FALSE,0.5290274749283485,FALSE,FALSE,0.1422437204046837
Kctd16,-0.6117472751726857,0.5063178071454313,-0.3584913551203292,0.7116045676081858,0.6164065729417525,0.5603327662620621,Kctd16,FALSE,FALSE,FALSE,FALSE,0.5288817344115891,FALSE,FALSE,0.14220431399095254
Il1r1,0.42058728844850535,0.15571050514351673,0.8039227820693675,0.0704576830990092,0.3616705901124737,0.37551935445985263,Il1r1,FALSE,FALSE,FALSE,FALSE,0.5287268868767822,FALSE,FALSE,0.14216244515339427
Ttc16,-0.3820729462706633,0.7092063426376949,-0.48368888707788177,0.6454393980274796,-0.7203913777934183,0.6147300814706247,Ttc16,FALSE,FALSE,FALSE,FALSE,0.5287177370473212,FALSE,FALSE,0.14215997115389623
Zfp759,0.7412237777182504,0.022568961904714135,0.6220594240765616,0.0794588707975626,0.22140491178509958,0.5678563445430064,Zfp759,FALSE,FALSE,FALSE,FALSE,0.5282293711933038,FALSE,FALSE,0.1420279231323611
Rab38,0.6642582457798272,0.32422576922629287,-0.8609746378100943,0.33515995653681485,-0.05912128057654886,0.9672576142655462,Rab38,FALSE,FALSE,FALSE,FALSE,0.5281180547221568,FALSE,FALSE,0.14199782455020526
Snora41,0.5183312000237091,0.4820990323244016,0.9841826394665616,0.1853663579839753,0.08143716127368539,0.9528063179104878,Snora41,FALSE,FALSE,FALSE,FALSE,0.5279836669213187,FALSE,FALSE,0.14196148776893125
Gm11892,-0.6899084610210604,0.2576747343366931,-0.6611242644632331,0.2986351981897187,-0.23274910731795426,0.787969696283249,Gm11892,FALSE,FALSE,FALSE,FALSE,0.5279272776007493,FALSE,FALSE,0.14194624080161025
Slfn9,0.8026586337092074,0.03421299746923567,0.014210636840545243,0.9752617098432281,0.7665539272329318,0.10453533105240394,Slfn9,FALSE,FALSE,FALSE,FALSE,0.5278077325942282,FALSE,FALSE,0.14191391732635975
Ccdc102a,-0.6813452484168242,0.101808402454932,-0.4528391780246559,0.26441955413661655,-0.4489736342792273,0.39068104797992104,Ccdc102a,FALSE,FALSE,FALSE,FALSE,0.5277193535735691,FALSE,FALSE,0.14189002074405932
Atp2a1,-0.417457072665569,0.8049087333626292,0.7060253635604672,0.6146026162410573,-0.4592871693620266,0.8512858244649717,Atp2a1,FALSE,FALSE,FALSE,FALSE,0.5275898685293543,FALSE,FALSE,0.14185500960688358
AC154378.1,0.21843292210012333,0.7751883192467172,0.6237059880892095,0.3643391179083658,0.7404191689395697,0.3979923456886011,AC154378.1,FALSE,FALSE,FALSE,FALSE,0.5275193597096342,FALSE,FALSE,0.1418359449035096
AC118240.2,0.9519715273482743,0.07451754440628554,0.3762023850221865,0.5224601505857823,0.2538981981801409,0.7627735370720214,AC118240.2,FALSE,FALSE,FALSE,FALSE,0.5273573701835339,FALSE,FALSE,0.14179214496079248
Gm42928,-0.39469928093729234,0.433202824240242,-0.6003951378762494,0.2635848790240753,-0.5865162388455043,0.39862297052912377,Gm42928,FALSE,FALSE,FALSE,FALSE,0.5272035525530153,FALSE,FALSE,0.14175055459647828
Il7,0.25874229800878634,0.6969264343391505,0.4349057321078742,0.49889380245392506,0.8875182009926905,0.24864421200758996,Il7,FALSE,FALSE,FALSE,FALSE,0.5270554103697837,FALSE,FALSE,0.14171049880215786
Rgs9bp,-0.5186109915682757,0.47940907441598724,-0.8832651202869575,0.2648061304468559,-0.1791095167103649,0.8722920238991596,Rgs9bp,FALSE,FALSE,FALSE,FALSE,0.5269952095218661,FALSE,FALSE,0.14169422124549239
Gm26910,0.799458444018504,0.03410103635618899,0.312006120319521,0.40058165076520125,0.46873020210186134,0.31366821982823645,Gm26910,FALSE,FALSE,FALSE,FALSE,0.5267315888132954,FALSE,FALSE,0.14162294150159527
4930526F13Rik,-1.2891059864780683,0.11350525988679015,-0.20646263893017136,0.7840310952058444,0.08391557807163119,0.9395305302721263,4930526F13Rik,FALSE,FALSE,FALSE,FALSE,0.5264947344932903,FALSE,FALSE,0.1415588990545416
Ptpn12,0.539814155246988,0.0380043780706344,0.5644780120389146,0.07424451517651934,0.4747112089816343,0.1396697986803263,Ptpn12,FALSE,FALSE,FALSE,FALSE,0.5263344587558456,FALSE,FALSE,0.14151556249885175
Crebzf,0.6267187323739369,0.029800884476252523,0.5156538395335435,0.09730745177491719,0.43660563633482496,0.2133104250217475,Crebzf,FALSE,FALSE,FALSE,FALSE,0.5263260694141018,FALSE,FALSE,0.14151329412572503
Gm49167,0.6327620810875747,0.2824557523757489,0.5798309819401832,0.3511951546359484,0.3658368115723991,0.6766338150667234,Gm49167,FALSE,FALSE,FALSE,FALSE,0.5261432915333857,FALSE,FALSE,0.14146387327180907
Gm10154,-0.28134132618238916,0.5365422133482529,-0.629139811633876,0.20251753899970637,-0.6664315576716697,0.2846468327168071,Gm10154,FALSE,FALSE,FALSE,FALSE,0.5256375651626449,FALSE,FALSE,0.14132713118358745
Gm17276,-0.8423787200411944,0.3988747896549236,-0.37330863682599424,0.7205562190540693,-0.36090453359668584,0.8034181599254954,Gm17276,FALSE,FALSE,FALSE,FALSE,0.5255306301546249,FALSE,FALSE,0.14129821729428554
Gm7240,0.7557930816959719,0.034951996629719685,0.5837294386467948,0.12032630107413,0.23701268296899203,0.6162317647096978,Gm7240,FALSE,FALSE,FALSE,FALSE,0.525511734437253,FALSE,FALSE,0.1412931081285363
Zfp958,0.7451177304820416,0.06007528198380005,0.6482454481039177,0.13466087662941184,0.18314017925294657,0.7536911530479463,Zfp958,FALSE,FALSE,FALSE,FALSE,0.5255011192796353,FALSE,FALSE,0.1412902379226237
Gm8378,-0.3891527491831044,0.3471138083948535,-0.4654595653382909,0.2850281444337467,-0.721237782984525,0.21384016939807757,Gm8378,FALSE,FALSE,FALSE,FALSE,0.5252833658353068,FALSE,FALSE,0.14123136011356008
Cnep1r1,0.715594997507508,0.028849885400396232,0.5458402097878636,0.1096990708396276,0.314332574706107,0.43208725836388395,Cnep1r1,FALSE,FALSE,FALSE,FALSE,0.5252559273338262,FALSE,FALSE,0.14122394108578695
Nabp2,-0.6061238619959366,0.03210613858923753,-0.5631673246776647,0.0805161588211371,-0.4055125901879384,0.21377701654815115,Nabp2,FALSE,FALSE,FALSE,FALSE,0.5249345922871799,FALSE,FALSE,0.1411370561064001
Exoc3l4,0.4579456063137839,0.41485409942038753,0.1866703903409913,0.7786365329560158,0.9301546279660782,0.1899937001378245,Exoc3l4,FALSE,FALSE,FALSE,FALSE,0.5249235415402844,FALSE,FALSE,0.1411340681225924
Rpsa-ps9,-0.3327433755157332,0.5455216364059913,-0.3156759584801419,0.5806603767889954,-0.9260122725653728,0.23290716842092996,Rpsa-ps9,FALSE,FALSE,FALSE,FALSE,0.524810535520416,FALSE,FALSE,0.1411035127075845
Gm42809,-0.7901112565641049,0.22725961246497361,-0.22464746572701078,0.7357075440648443,-0.5596440776314957,0.5139138552919001,Gm42809,FALSE,FALSE,FALSE,FALSE,0.5248009333075371,FALSE,FALSE,0.1411009163892658
Serpinb8,0.6344635380301678,0.029800884476252523,0.44611955059260433,0.13154255115293761,0.493448067881308,0.160376863363757,Serpinb8,FALSE,FALSE,FALSE,FALSE,0.5246770521680267,FALSE,FALSE,0.14106742047786394
Klhl28,0.7074184692682941,0.031068801781632394,0.5925706767615555,0.09606427474110421,0.2739529725903749,0.5034093626636033,Klhl28,FALSE,FALSE,FALSE,FALSE,0.5246473728734081,FALSE,FALSE,0.14105939556763997
Carnmt1,0.6178433483270473,0.046824631344677056,0.6011030420683237,0.09085111530551959,0.3549315266853905,0.3735363037301381,Carnmt1,FALSE,FALSE,FALSE,FALSE,0.5246259723602539,FALSE,FALSE,0.1410536091364253
Tmem47,0.7053502175128408,0.044090152498948126,0.5921488925960663,0.12032630107413,0.2762845963589511,0.5512759364024638,Tmem47,FALSE,FALSE,FALSE,FALSE,0.5245945688226193,FALSE,FALSE,0.14104511801244576
Gm5136,0.2878137055597567,0.8105383281143932,0.6654918517741716,0.5501827305736446,0.620303438973006,0.678296370864743,Gm5136,FALSE,FALSE,FALSE,FALSE,0.5245363321023114,FALSE,FALSE,0.14102937153133105
Scnn1g,-0.0995206065989298,0.7299551050227019,-0.6521214233539472,0.08169995353695957,-0.8211564812541254,0.06750873220157737,Scnn1g,FALSE,FALSE,FALSE,FALSE,0.5242661704023341,FALSE,FALSE,0.14095632318513093
Gsdme,0.5374284096109871,0.11805643913566526,0.5579769881904122,0.14319192341357487,0.47626101647488817,0.30311624776821755,Gsdme,FALSE,FALSE,FALSE,FALSE,0.5238888047587625,FALSE,FALSE,0.1408542882328118
Arl4d,-0.9691730831633494,0.31608022332207797,0.30656473330626266,0.7303317062303343,-0.2956643349913519,0.8259778369013523,Arl4d,FALSE,FALSE,FALSE,FALSE,0.5238007171536546,FALSE,FALSE,0.1408304704456332
D930020B18Rik,-0.7197022824177441,0.11086940787250146,-0.4521078665769314,0.3073787286386316,0.39929131771438664,0.43751848322446485,D930020B18Rik,FALSE,FALSE,FALSE,FALSE,0.5237004889030208,FALSE,FALSE,0.14080336997968285
Ids,0.6647882273306882,0.024915005691323322,0.5313114597956945,0.09180503249903499,0.37482196779064925,0.27933891819081974,Ids,FALSE,FALSE,FALSE,FALSE,0.5236405516390107,FALSE,FALSE,0.1407871636928107
Gng3,-0.6576056306444493,0.05166968927570533,-0.6374713484291177,0.09231187007039722,-0.27567178987279384,0.5013661036838792,Gng3,FALSE,FALSE,FALSE,FALSE,0.5235829229821203,FALSE,FALSE,0.14077158162444228
Gli2,-0.14404997226031035,0.7665095806860881,0.5873783778782613,0.1766653270357218,0.8389744909972432,0.1212875474085951,Gli2,FALSE,FALSE,FALSE,FALSE,0.5234676137119383,FALSE,FALSE,0.14074040343934408
Slc39a7,-0.37774853991362933,0.14974126184683947,-0.7280531680238194,0.0704576830990092,-0.46405584496261687,0.18946864222050291,Slc39a7,FALSE,FALSE,FALSE,FALSE,0.5232858509666886,FALSE,FALSE,0.1406912570653673
Gm20457,0.6168446178529501,0.14525930521496727,0.474112976794021,0.291521853931887,0.47867986255819195,0.4124058764772356,Gm20457,FALSE,FALSE,FALSE,FALSE,0.5232124857350543,FALSE,FALSE,0.1406714200239217
Chpt1,0.6175719330295335,0.03989274916517326,0.5273629750009334,0.10840153960935331,0.4245129025637375,0.2581186755427412,Chpt1,FALSE,FALSE,FALSE,FALSE,0.5231492701980681,FALSE,FALSE,0.14065432733302072
Flrt2,0.6603777207685884,0.020090537798091227,0.477304400907995,0.09085111530551959,0.4317073378478291,0.16365257450141046,Flrt2,FALSE,FALSE,FALSE,FALSE,0.5231298198414708,FALSE,FALSE,0.14064906819975884
Foxn2,0.7757820373544018,0.06685610684488208,0.5489270728028046,0.21334669874541962,0.24454481946357376,0.6866900828017634,Foxn2,FALSE,FALSE,FALSE,FALSE,0.5230846432069267,FALSE,FALSE,0.1406368530025617
Gm25107,-0.1572237584252827,0.8018287659293367,-0.34860348305486344,0.5768390964423238,-1.0622137860643572,0.2268304601358015,Gm25107,FALSE,FALSE,FALSE,FALSE,0.5226803425148344,FALSE,FALSE,0.1405275351498558
Fam199x,0.6899324719148678,0.02832991989104446,0.5638349111446779,0.09547027221721828,0.31415806546739233,0.4106055644947243,Fam199x,FALSE,FALSE,FALSE,FALSE,0.522641816175646,FALSE,FALSE,0.140517118109383
Kcnn4,-0.8553058542463425,0.31551659740895294,0.28745798300897013,0.721010484446685,-0.4251269233682097,0.7158090584704113,Kcnn4,FALSE,FALSE,FALSE,FALSE,0.5226302535411741,FALSE,FALSE,0.14051399171757412
Hfm1,0.2593251577350628,0.6129949690339465,0.7495956314269372,0.14423146361394176,0.5587235489425424,0.3784241570270433,Hfm1,FALSE,FALSE,FALSE,FALSE,0.5225481127015141,FALSE,FALSE,0.14049178186142813
Lck,-0.7447484288841851,0.10983141095668125,-0.5160549347003136,0.2591057418763741,-0.30681138704696154,0.6020366589869007,Lck,FALSE,FALSE,FALSE,FALSE,0.5225382502104867,FALSE,FALSE,0.14048911516715198
Rasgef1a,0.6073020619109555,0.3630468389924778,0.06729214731814892,0.9392114696671224,0.8923806093525319,0.3072405039904704,Rasgef1a,FALSE,FALSE,FALSE,FALSE,0.5223249395272122,FALSE,FALSE,0.14043143862513535
Mcm10,0.40435656494803823,0.4656939677777286,0.14305216828623474,0.8277868395420931,1.0195160882304504,0.13969684197102653,Mcm10,FALSE,FALSE,FALSE,FALSE,0.5223082738215744,FALSE,FALSE,0.14042693242668014
Gm49336,0.6560711041895866,0.08409221452631181,0.6227371620557864,0.1399396119008919,0.2880032696314325,0.5911764765603967,Gm49336,FALSE,FALSE,FALSE,FALSE,0.5222705119589351,FALSE,FALSE,0.14041672209110903
Csmd3,0.47991004091542555,0.22627488703013818,0.5681637936797017,0.18403549311500284,0.5171660142959835,0.33208358919457537,Csmd3,FALSE,FALSE,FALSE,FALSE,0.5217466162970369,FALSE,FALSE,0.140275067253705
1600023N17Rik,-0.6353003989892432,0.19731366318023677,-0.49347771401929164,0.32606536840398864,-0.43607533513727503,0.5075552616544378,1600023N17Rik,FALSE,FALSE,FALSE,FALSE,0.5216178160486032,FALSE,FALSE,0.1402402412767474
Gm14133,1.2214515307035059,0.06538512097456183,-0.08539250906653795,0.922723266923098,0.2576487065127837,0.8156459934397056,Gm14133,FALSE,FALSE,FALSE,FALSE,0.5214975820942759,FALSE,FALSE,0.1402077315186231
Naa30,0.730213402504333,0.026392833875682736,0.5693764502704761,0.09955301218514566,0.264758077132746,0.5074783352950712,Naa30,FALSE,FALSE,FALSE,FALSE,0.521449309969185,FALSE,FALSE,0.14019467933948093
Itm2a,0.6735022831549835,0.04910200366295511,0.612349165072883,0.10778900694384301,0.27812462053874976,0.5478661303139959,Itm2a,FALSE,FALSE,FALSE,FALSE,0.5213253562555388,FALSE,FALSE,0.14016116380494004
Zfp81,0.6875740052784503,0.02513618460981352,0.5742379188885076,0.08562379375326967,0.30178742911950973,0.4105879206882688,Zfp81,FALSE,FALSE,FALSE,FALSE,0.5211997844288225,FALSE,FALSE,0.14012721075285411
Gm37127,0.486309714291507,0.33139644388404155,0.6317160469352172,0.2244059886801741,0.44537343872163543,0.5217584775630049,Gm37127,FALSE,FALSE,FALSE,FALSE,0.5211330666494532,FALSE,FALSE,0.14010917109939666
Swt1,0.6199297538585267,0.04707681261833981,0.628109812534011,0.08792424217153642,0.3146875242916236,0.43953232720730584,Swt1,FALSE,FALSE,FALSE,FALSE,0.5209090302280538,FALSE,FALSE,0.14004859445188075
Cnot6,0.6890315348749869,0.026428813291045263,0.5915656675081555,0.08525470443769087,0.28177992776366434,0.45156191249985905,Cnot6,FALSE,FALSE,FALSE,FALSE,0.5207923767156023,FALSE,FALSE,0.1400170528004782
Lrrc4b,-0.8958507137370777,0.1169807194071159,-0.6549191715901772,0.2526116737561763,-0.011593121490768965,0.9897154948865492,Lrrc4b,FALSE,FALSE,FALSE,FALSE,0.5207876689393413,FALSE,FALSE,0.14001577987663227
Chst8,-0.7003604090951736,0.0632297792301775,-0.43378414547416533,0.2555861613981808,-0.4282113822832816,0.382862594328419,Chst8,FALSE,FALSE,FALSE,FALSE,0.5207853122842069,FALSE,FALSE,0.14001514266654608
Nhej1,-0.6352420128325734,0.08107810625547547,-0.3396539705583327,0.3263078115428245,-0.5871806880904538,0.20584913244367445,Nhej1,FALSE,FALSE,FALSE,FALSE,0.52069222382712,FALSE,FALSE,0.13998997271151142
Gm42727,-0.07861287236672154,0.9064896169586579,0.7500585250042583,0.17836062658746438,0.7332489079170212,0.2875320166322744,Gm42727,FALSE,FALSE,FALSE,FALSE,0.5206401017626671,FALSE,FALSE,0.13997587955689644
Gm13339,0.7606410246932156,0.10983141095668125,0.5105919155652345,0.3136894494544993,0.29043370082963094,0.6860266724794423,Gm13339,FALSE,FALSE,FALSE,FALSE,0.5205555470293604,FALSE,FALSE,0.1399530170140861
Vcp-rs,-0.758052228221561,0.09040739329995418,-0.7073147385249898,0.13849670483220658,-0.09457166811207562,0.8827789017679992,Vcp-rs,FALSE,FALSE,FALSE,FALSE,0.5199795449528755,FALSE,FALSE,0.1397972732535953
Gm44250,0.6925235187103507,0.02005871878534375,0.3975793115090207,0.13909585422918966,0.4695735451495775,0.14825283123670416,Gm44250,FALSE,FALSE,FALSE,FALSE,0.519892125122983,FALSE,FALSE,0.1397736360244867
Zim1,0.2066684043106477,0.5412491150183804,0.7224694561139078,0.08521930057579834,0.630448011546509,0.160376863363757,Zim1,FALSE,FALSE,FALSE,FALSE,0.5198619573236881,FALSE,FALSE,0.1397654790287054
Zfp709,0.6177320497541672,0.036620985270356114,0.5727746413426686,0.0888111548965093,0.36902683343309306,0.3136957038010719,Zfp709,FALSE,FALSE,FALSE,FALSE,0.519844508176643,FALSE,FALSE,0.13976076099748794
Gm7285,0.06929751830721853,0.9135115974008865,0.8944012620836352,0.11638379818963077,0.5954654098364847,0.3873118705893929,Gm7285,FALSE,FALSE,FALSE,FALSE,0.5197213967424461,FALSE,FALSE,0.13972747320478024
Bora,0.6175442042946788,0.0792999226750647,0.4566850324859357,0.2143217879561058,0.48451381810639504,0.2942863396999911,Bora,FALSE,FALSE,FALSE,FALSE,0.5195810182956698,FALSE,FALSE,0.13968951662773765
Gm26881,-0.5604240838595256,0.3059371984399757,-0.3456887968388976,0.5416225671053638,-0.6520383664239264,0.38738060474461117,Gm26881,FALSE,FALSE,FALSE,FALSE,0.5193837490407832,FALSE,FALSE,0.13963617748741242
Donson,0.7275346773738423,0.021023828568675487,0.39678743276737727,0.16282989056197775,0.43358073528083363,0.21405067707392883,Donson,FALSE,FALSE,FALSE,FALSE,0.5193009484740178,FALSE,FALSE,0.13961378924930481
Rgs17,0.6171137239504905,0.019351832112294208,0.5458057767042348,0.0704576830990092,0.3948815993897403,0.162978954396471,Rgs17,FALSE,FALSE,FALSE,FALSE,0.5192670333481552,FALSE,FALSE,0.13960461902326743
Cdc14a,0.6535660577706714,0.03350503936560974,0.43086731995986316,0.15770178933733603,0.4732515419959986,0.20615231993569727,Cdc14a,FALSE,FALSE,FALSE,FALSE,0.5192283065755111,FALSE,FALSE,0.139594147788094
B230209E15Rik,0.7041074355261524,0.29986430195691854,0.3032655642614828,0.7052901221948502,0.5500851618810992,0.5747231254821401,B230209E15Rik,FALSE,FALSE,FALSE,FALSE,0.5191527205562448,FALSE,FALSE,0.13957371027343626
Gm42697,0.5750052661020055,0.39864517679798656,0.3616150787389351,0.6373583392546202,0.6199813269923982,0.5033783582763196,Gm42697,FALSE,FALSE,FALSE,FALSE,0.5188672239444463,FALSE,FALSE,0.13949651555879178
Arhgap5,0.6983917828295931,0.02005871878534375,0.5425572096938902,0.08414847600606047,0.31534141282666095,0.33497893754269653,Arhgap5,FALSE,FALSE,FALSE,FALSE,0.5187634684500481,FALSE,FALSE,0.13946846137022395
Cck,-0.5913852297284059,0.4704037049633326,-0.31809304906661584,0.7089633707949918,0.6467907707721259,0.48134184127068935,Cck,FALSE,FALSE,FALSE,FALSE,0.5187563498557158,FALSE,FALSE,0.13946653659131086
Ecm1,0.43269389674375924,0.4375717696992503,0.7301788304448973,0.19531179014465683,0.3929533639822219,0.6131233655009791,Ecm1,FALSE,FALSE,FALSE,FALSE,0.5186086970569594,FALSE,FALSE,0.13942661312043444
Htr3a,-0.978835630470833,0.0377409776091838,-0.4167915074753994,0.29234075612226945,-0.15931537794075679,0.7733181677124853,Htr3a,FALSE,FALSE,FALSE,FALSE,0.5183141719623298,FALSE,FALSE,0.13934697721690356
Galr2,-0.3939827706998806,0.5743473854734306,-0.14465685565649256,0.8484386196515198,-1.0162179171103614,0.3080993538020377,Galr2,FALSE,FALSE,FALSE,FALSE,0.5182858478222448,FALSE,FALSE,0.13933931872352381
Gm37027,0.029470864049844336,0.9743934390038713,0.9318874100935777,0.20238756436863578,0.5934604116064008,0.5514386196060133,Gm37027,FALSE,FALSE,FALSE,FALSE,0.5182728952499409,FALSE,FALSE,0.13933581650990168
Esco1,0.7126053643079491,0.03484454506916334,0.5494705604798487,0.12065725538012773,0.2921300968456775,0.4918464553106545,Esco1,FALSE,FALSE,FALSE,FALSE,0.5180686738778251,FALSE,FALSE,0.13928059760399075
Dtl,1.0761620838363506,0.042680913280327644,-0.01233043023575131,0.9853747491583585,0.46567188120234987,0.5212893631595337,Dtl,TRUE,FALSE,FALSE,TRUE,0.5180547984248173,FALSE,FALSE,0.13927684585496386
Zfp800,0.6085019885196008,0.047304943841657954,0.5788485507026628,0.09730745177491719,0.3662051798519288,0.3528985693680156,Zfp800,FALSE,FALSE,FALSE,FALSE,0.5178519063580641,FALSE,FALSE,0.13922198637660446
A430110L20Rik,0.49804175307287735,0.6522178962308395,0.39508717617226163,0.7433400117362339,0.6603747263292865,0.6547585164169194,A430110L20Rik,FALSE,FALSE,FALSE,FALSE,0.5178345518581419,FALSE,FALSE,0.1392172939367858
Klhdc8b,-0.6197359240439182,0.040146893909211764,-0.5946940550370936,0.08803823262798008,-0.3389911275794404,0.3669246121980078,Klhdc8b,FALSE,FALSE,FALSE,FALSE,0.5178070355534841,FALSE,FALSE,0.13920985387200624
Gm16982,0.5607418213575445,0.40022187660802216,0.3226086877758003,0.6709717923754032,0.6698142682184236,0.4536368012641883,Gm16982,FALSE,FALSE,FALSE,FALSE,0.5177215924505895,FALSE,FALSE,0.13918675112516543
Unc93a,-1.0039418134290625,0.13071526387139806,0.24175072706888123,0.6918148790085059,-0.3074667142551792,0.7261025790197663,Unc93a,FALSE,FALSE,FALSE,FALSE,0.5177197515843743,FALSE,FALSE,0.13918625337795476
Adm,-0.6517090211552444,0.2824557523757489,-0.7868767338006084,0.22203378274188226,0.11379018317264422,0.8989480606634414,Adm,FALSE,FALSE,FALSE,FALSE,0.5174586460428323,FALSE,FALSE,0.13911565370377843
Adamts12,0.5977468979100863,0.1488071616504746,0.35650078677654184,0.4245840992906548,0.5978820317590348,0.2790648403294029,Adamts12,FALSE,FALSE,FALSE,FALSE,0.5173765721485543,FALSE,FALSE,0.13909346194882677
Zfp945,0.6398367684730388,0.06101940267505173,0.603027228221281,0.11660506728628543,0.30890518810288814,0.5033783582763196,Zfp945,FALSE,FALSE,FALSE,FALSE,0.5172563949324026,FALSE,FALSE,0.13906096753199587
Plppr3,-0.6025010580209074,0.06776240141775303,-0.33058249544562757,0.2913102204408477,-0.6181922379368883,0.1428727193465167,Plppr3,FALSE,FALSE,FALSE,FALSE,0.5170919304678078,FALSE,FALSE,0.1390164983968507
Rnu2-10,0.8579406032530621,0.0968769437870076,0.33001060627434176,0.5717216777415888,-0.3627836300839634,0.6709393691146478,Rnu2-10,FALSE,FALSE,FALSE,FALSE,0.5169116132037891,FALSE,FALSE,0.13896774286292787
Reep6,-0.5585634882094602,0.4256688953449586,-0.7394938595331049,0.3183938602773265,-0.25237925510996495,0.806828674163578,Reep6,FALSE,FALSE,FALSE,FALSE,0.5168122009508433,FALSE,FALSE,0.13894086303255102
Dbf4,0.5994885725177168,0.07644765487820476,0.41225714113153433,0.24185946255488433,0.5384700101318831,0.22166325430344627,Dbf4,FALSE,FALSE,FALSE,FALSE,0.5167385745937114,FALSE,FALSE,0.13892095538603533
Gm34294,0.618363760248402,0.17609749776136674,0.5867968823136174,0.22779082598084113,0.3448420927081105,0.6084622012042213,Gm34294,FALSE,FALSE,FALSE,FALSE,0.5166675784233766,FALSE,FALSE,0.13890175890914785
Gm43305,-1.0148536172618745,0.054390508186052185,-0.41338943347849444,0.3776039950059067,-0.12171639483674435,0.8645344729382035,Gm43305,FALSE,FALSE,FALSE,FALSE,0.5166531485257044,FALSE,FALSE,0.13889785724521517
D130040H23Rik,0.6762202749251425,0.044302984035712596,0.5608379406091997,0.12061995108359509,0.3128173827111258,0.47962639758511766,D130040H23Rik,FALSE,FALSE,FALSE,FALSE,0.51662519941515594,FALSE,FALSE,0.13889030015513357
Gm15344,0.37109320581579053,0.6232713718518228,0.8781400286179941,0.2211990976149194,0.3000223005520468,0.7856859702254747,Gm15344,FALSE,FALSE,FALSE,FALSE,0.5164185116619439,FALSE,FALSE,0.13883441437060812
Gm37499,0.6046124763034066,0.17649174132751855,0.5545479967588527,0.24550241795534222,0.3899667400105933,0.5421683506515712,Gm37499,FALSE,FALSE,FALSE,FALSE,0.5163757376909509,FALSE,FALSE,0.1388228488235979
Gm39469,0.7719733611024946,0.04077902925808366,0.6045315898821917,0.12933222359792737,0.17042735525258923,0.7530721566283366,Gm39469,FALSE,FALSE,FALSE,FALSE,0.5156441020790918,FALSE,FALSE,0.1386250237008218
Acan,0.8747359388266804,0.5307950666451253,-0.0029661466824562055,0.9985237918840649,0.6684781808607906,0.7499518999892152,Acan,FALSE,FALSE,FALSE,FALSE,0.5153934221233091,FALSE,FALSE,0.1385572429746975
AC160637.1,0.7725001989318498,0.09250819637498128,0.417230703321563,0.3964080190214261,0.3555578352980271,0.5925777853948314,AC160637.1,FALSE,FALSE,FALSE,FALSE,0.51509624585048,FALSE,FALSE,0.13847689022572565
Ppp1r3b,0.9094119698125196,0.05971085099554633,0.07086657925194695,0.9055150088444389,0.5639687487989455,0.3797471031546293,Ppp1r3b,FALSE,FALSE,FALSE,FALSE,0.514749099287804,FALSE,FALSE,0.13838302613509157
Wnt10a,0.7054630292322925,0.16268950652824368,-0.1189632785521273,0.85610752554392,0.7196238331778884,0.2875721650212734,Wnt10a,FALSE,FALSE,FALSE,FALSE,0.5146833803207694,FALSE,FALSE,0.13836525654800258
Map3k6,-1.0866250735497238,0.0634312748580216,0.09308906971781972,0.8607833554022071,0.36408597798997744,0.5488011871611125,Map3k6,FALSE,FALSE,FALSE,FALSE,0.5146000404191736,FALSE,FALSE,0.13834272248049942
St8sia4,0.6139127721211342,0.1204361010151795,0.5783057290204856,0.17582532679141047,0.35157420392385985,0.5293244089977212,St8sia4,FALSE,FALSE,FALSE,FALSE,0.5145975683551599,FALSE,FALSE,0.13834205406529507
Nfkbid,-0.4360920812619337,0.296327081827049,-0.6267948874177712,0.17776703939425775,-0.4802026704015936,0.39683724562334605,Nfkbid,FALSE,FALSE,FALSE,FALSE,0.5143632130270995,FALSE,FALSE,0.13827868731442167
Plp1,0.5107100863934684,0.49814035426450665,0.5832679166327401,0.45282030447178295,0.44847263530574244,0.6765392028715754,Plp1,FALSE,FALSE,FALSE,FALSE,0.514150212777317,FALSE,FALSE,0.13822109470974037
Zfp715,0.6666579351232267,0.04860264917722118,0.6067791032242384,0.10890761169862719,0.26847159696106804,0.5529180452896785,Zfp715,FALSE,FALSE,FALSE,FALSE,0.5139695451028444,FALSE,FALSE,0.13817224442921153
Tuba4a,-0.4989061155287935,0.041608986942326925,-0.4760386053209871,0.08967000640739733,-0.5663357348961968,0.0873081814626103,Tuba4a,FALSE,FALSE,FALSE,FALSE,0.5137601519153258,FALSE,FALSE,0.13811562712907205
1300002E11Rik,0.3205451083308799,0.21154136133304885,0.5444649008489777,0.08525470443769087,0.6760964693485274,0.06750873220157737,1300002E11Rik,FALSE,FALSE,FALSE,FALSE,0.5137021595094616,FALSE,FALSE,0.1380999467075286
Polr2j,-0.5335046900560743,0.09184433166273333,-0.5088271162329994,0.1361723802795055,-0.4985559455359265,0.22293691677346866,Polr2j,FALSE,FALSE,FALSE,FALSE,0.5136292506083334,FALSE,FALSE,0.1380802330521469
Zfp85,0.6681362609928216,0.06122622237369054,0.679430092034774,0.09749789641905506,0.19281976963468095,0.7129067097194506,Zfp85,FALSE,FALSE,FALSE,FALSE,0.5134620408874255,FALSE,FALSE,0.138035021634015
Tatdn1,0.6088034699232971,0.05293436015205483,0.5227094089338791,0.12523131247058483,0.4086213067317459,0.3167188430945154,Tatdn1,FALSE,FALSE,FALSE,FALSE,0.5133780618629741,FALSE,FALSE,0.1380123147556818
Calhm5,0.9134480292632737,0.11222458635341812,0.34854680382518544,0.5986762710070153,0.2781044418956332,0.7645198466863341,Calhm5,FALSE,FALSE,FALSE,FALSE,0.5133664249946974,FALSE,FALSE,0.13800916829198012
Rbfox3,-0.5579226280748695,0.3179376365835255,-0.8249799298188774,0.18710198161530228,-0.15665216791087655,0.8545348590359609,Rbfox3,FALSE,FALSE,FALSE,FALSE,0.5131849086015411,FALSE,FALSE,0.1379600885285296
Rpl10a-ps1,-0.4181986713205432,0.2011781650383584,-0.6986393106275142,0.09266349833969459,-0.42222208421987895,0.3332157601112203,Rpl10a-ps1,FALSE,FALSE,FALSE,FALSE,0.5130200220559787,FALSE,FALSE,0.13791550526796753
Gm23787,0.6867117267729387,0.25937710213257337,0.5624103633064236,0.3869541959426137,0.2888125119394852,0.7649356338997364,Gm23787,FALSE,FALSE,FALSE,FALSE,0.5126448673396158,FALSE,FALSE,0.13781406812272531
Fabp4,0.9697009468385367,0.04174889303147065,0.412883549129583,0.3965253386387812,0.15525251071537582,0.8407840880626022,Fabp4,FALSE,FALSE,FALSE,FALSE,0.5126123355611651,FALSE,FALSE,0.13780527193653397
Chic2,0.5668150124494735,0.0510552944958365,0.5723323464091052,0.09085111530551959,0.3985821018905966,0.284133330115507,Chic2,FALSE,FALSE,FALSE,FALSE,0.5125764869163918,FALSE,FALSE,0.13779557891115538
Mier1,0.6328403523435746,0.022606933826155737,0.5358180140433282,0.08044543189502745,0.3686111236586207,0.24090771868737607,Mier1,FALSE,FALSE,FALSE,FALSE,0.5124231633485078,FALSE,FALSE,0.13775412213520094
Rps10-ps2,-0.6263156610817213,0.19667487640970585,-0.6641184343948685,0.2010039085564476,-0.24607752478775013,0.713667864202501,Rps10-ps2,FALSE,FALSE,FALSE,FALSE,0.5121705400881134,FALSE,FALSE,0.13768581596380416
D430040D24Rik,-0.5518109512998822,0.33477776941930737,-0.42585322239917534,0.4657757852125461,-0.5586781785853859,0.47763770328727306,D430040D24Rik,FALSE,FALSE,FALSE,FALSE,0.5121141174281478,FALSE,FALSE,0.13767055998192723
Srxn1,-0.8753256834818712,0.13071526387139806,0.17798710996048328,0.7952074876949027,-0.48265752173378385,0.5599787778067897,Srxn1,FALSE,FALSE,FALSE,FALSE,0.5119901050587128,FALSE,FALSE,0.13763702858759433
Yes1,0.6543628984353882,0.04695098822639417,0.5009110463924342,0.14768108866812987,0.380682790540245,0.368662129199573,Yes1,FALSE,FALSE,FALSE,FALSE,0.5119855784560224,FALSE,FALSE,0.13763580465081698
BC002059,0.7535769531278289,0.057537668210784515,0.6822590492808756,0.12061995108359509,0.10004324209346738,0.8796884147096544,BC002059,FALSE,FALSE,FALSE,FALSE,0.5119597481673906,FALSE,FALSE,0.13762882046369282
2900052N01Rik,0.626711276350747,0.4906504523533015,0.2153795101104089,0.8442202279671426,0.6937304738037422,0.5759843700570408,2900052N01Rik,FALSE,FALSE,FALSE,FALSE,0.5119404200882993,FALSE,FALSE,0.13762359439273988
Taldo1,-0.5540826823939664,0.02672464206529116,-0.4925310601501698,0.08249277910154199,-0.489051692948423,0.11120272562056288,Taldo1,FALSE,FALSE,FALSE,FALSE,0.5118884784975197,FALSE,FALSE,0.13760955003594996
Pard6a,-0.5231854296460203,0.027022503434895078,-0.3672796753600682,0.11436875874037598,-0.6445512007761938,0.05475877694670262,Pard6a,FALSE,FALSE,FALSE,FALSE,0.5116721019274274,FALSE,FALSE,0.13755104451646655
4931440F15Rik,0.6574778077625884,0.2388119592420587,0.7519525033366581,0.20423494948495502,0.12549710394266567,0.9020969085596396,4931440F15Rik,FALSE,FALSE,FALSE,FALSE,0.5116424716806374,FALSE,FALSE,0.13754303286816225
Ppp4r3b,0.7047147200286563,0.022322491038525818,0.5304404861833802,0.09132508641051881,0.2996018337838038,0.38959998000748264,Ppp4r3b,FALSE,FALSE,FALSE,FALSE,0.5115856799986135,FALSE,FALSE,0.13752767710733413
Adgrd1,-0.8483913206261262,0.17977865669825258,-0.28235851175608495,0.6597638456442861,-0.40367507196214575,0.6323909429312146,Adgrd1,FALSE,FALSE,FALSE,FALSE,0.5114749681147857,FALSE,FALSE,0.13749774199803108
Rhbdl1,0.6115325616652095,0.24605992936432466,-0.8770862579577858,0.20237179998035418,0.0456758321929015,0.9669037809700132,Rhbdl1,FALSE,FALSE,FALSE,FALSE,0.511431550605299,FALSE,FALSE,0.13748600244625747
Zfp260,0.7259303677449811,0.02300251776828198,0.5612125824257896,0.09119197172410586,0.2471332712567964,0.5079950061752644,Zfp260,FALSE,FALSE,FALSE,FALSE,0.5114254071425224,FALSE,FALSE,0.13748434133072626
Gm8066,-0.3931765150190097,0.39487745404387636,-0.6458303571035775,0.20186931975126968,-0.49492686979778955,0.43632924887427343,Gm8066,FALSE,FALSE,FALSE,FALSE,0.5113112473067922,FALSE,FALSE,0.137453473938334
Itpk1,-0.6713094812662561,0.026392833875682736,-0.4076575058026748,0.14700426820062606,-0.45495031016565335,0.18523006230324368,Itpk1,FALSE,FALSE,FALSE,FALSE,0.5113057657448614,FALSE,FALSE,0.1374519917925166
Nptx2,-0.7461876764899011,0.18544804074590374,-0.7225603576134978,0.21653986559293556,0.06497000632235617,0.9408306343998061,Nptx2,FALSE,FALSE,FALSE,FALSE,0.5112393468085851,FALSE,FALSE,0.13743403294249543
Kcnab1,0.594852407482922,0.06313064173030508,0.5111062725872912,0.13849670483220658,0.4272359148987701,0.30665320355939396,Kcnab1,FALSE,FALSE,FALSE,FALSE,0.5110648649896611,FALSE,FALSE,0.13738685523997335
Pgm2l1,0.34454005824475864,0.313315255957214,0.5679590874976412,0.13901876157662718,0.6204849698619617,0.17991730657020547,Pgm2l1,FALSE,FALSE,FALSE,FALSE,0.5109947052014538,FALSE,FALSE,0.13736788491035698
Gm9752,0.365032590079636,0.6552840798502806,1.0569362432929112,0.17514913289422962,0.11094089013208502,0.9370498494730843,Gm9752,FALSE,FALSE,FALSE,FALSE,0.5109699078348774,FALSE,FALSE,0.13736118001244332
Sv2b,-0.7332171802103877,0.03818221632513015,-0.5253707843847417,0.14527648028414972,-0.273953935456797,0.5464351320001115,Sv2b,FALSE,FALSE,FALSE,FALSE,0.5108473000173088,FALSE,FALSE,0.13732802839137587
Degs2,-0.46046520565083404,0.28542497929135174,-0.501638341267626,0.2690637211557016,-0.5699138182751671,0.33027219820478476,Degs2,FALSE,FALSE,FALSE,FALSE,0.5106724550645424,FALSE,FALSE,0.13728075250200258
CT010445.2,0.3652211485205977,0.6437756297955918,0.5813748847369358,0.4499277653597782,-0.5852776375570264,0.6220455487202412,CT010445.2,FALSE,FALSE,FALSE,FALSE,0.5106245569381866,FALSE,FALSE,0.1372678014474428
Sfta3-ps,-0.7941408001742087,0.25111185894718707,-0.5431634266535086,0.4341743868565442,0.1945538821867268,0.837758187833633,Sfta3-ps,FALSE,FALSE,FALSE,FALSE,0.5106193696714814,FALSE,FALSE,0.13726639887537523
Tyw5,0.6657709036686748,0.03580424055823425,0.49189567876815543,0.1319072363857369,0.3737995678424193,0.33843377671961283,Tyw5,FALSE,FALSE,FALSE,FALSE,0.5104887167597498,FALSE,FALSE,0.13723107196142326
Cldn34c1,0.7716349786040921,0.023298544871650877,0.37910812327854604,0.22677488093531006,0.37959061592303334,0.3384084662095694,Cldn34c1,FALSE,FALSE,FALSE,FALSE,0.5101112392685572,FALSE,FALSE,0.13712900676690565
Rnd2,-0.6015250741789577,0.04255365801486025,-0.5488525705763148,0.09180503249903499,-0.3796971351115084,0.2790648403294029,Rnd2,FALSE,FALSE,FALSE,FALSE,0.5100249266222603,FALSE,FALSE,0.1371056689063996
Rsph4a,-0.3161262285809203,0.5966474984526148,0.45399714736574837,0.3965666529384725,0.7597201542456046,0.24974600456733995,Rsph4a,FALSE,FALSE,FALSE,FALSE,0.5099478433974244,FALSE,FALSE,0.1370848265660734
B3galt2,0.5700120925672199,0.06685610684488208,0.5796382209356441,0.10437280106209305,0.3794711583614312,0.3574572286911746,B3galt2,FALSE,FALSE,FALSE,FALSE,0.5097071572880983,FALSE,FALSE,0.13701974805109116
Gm14066,-0.9335017825176902,0.3195796468740498,0.35432634309605887,0.6955686639752524,0.24120478440162618,0.8563132512776508,Gm14066,FALSE,FALSE,FALSE,FALSE,0.5096776366717918,FALSE,FALSE,0.137011766045499
Cntnap5a,0.5495707366016747,0.13346033667075255,0.3711455094670806,0.3394627170842616,0.6082700871989617,0.21084708093978027,Cntnap5a,FALSE,FALSE,FALSE,FALSE,0.509662111089239,FALSE,FALSE,0.13700756812207252
Gm19445,-0.21753850451487666,0.7786660635537412,0.9082280572994001,0.17346254836982197,0.40314982347082584,0.6619731999674429,Gm19445,FALSE,FALSE,FALSE,FALSE,0.5096387950950342,FALSE,FALSE,0.13700126376872854
Cdh22,-0.9163512755972136,0.13891372916230355,-0.4872572599669267,0.4089705376228242,-0.12459237858718497,0.8897943050158532,Cdh22,FALSE,FALSE,FALSE,FALSE,0.5094003047171084,FALSE,FALSE,0.13693677895206657
Nmu,-0.28374304409678164,0.6010434081855894,-0.6642037208964968,0.24969698227171197,-0.5797025361915946,0.4245546263275381,Nmu,FALSE,FALSE,FALSE,FALSE,0.5092164337282911,FALSE,FALSE,0.1368870625353857
Carf,0.6719937976585206,0.018371466261579567,0.37833961388450943,0.13194198036716423,0.4770720951198695,0.12049300589085365,Carf,FALSE,FALSE,FALSE,FALSE,0.5091351688876332,FALSE,FALSE,0.13686508953841844
Rny1,-0.3032713654052679,0.6474877970966701,-0.467170279484902,0.4910922569308603,-0.7566810060462834,0.40574684960620855,Rny1,FALSE,FALSE,FALSE,FALSE,0.5090408836454844,FALSE,FALSE,0.13683959598766485
Hapln4,0.8567515230703475,0.09361624756623194,-0.6313685970521918,0.31490412213375274,-0.0383275731163466,0.9693175565461654,Hapln4,FALSE,FALSE,FALSE,FALSE,0.5088158977462953,FALSE,FALSE,0.13677876261322472
Alas2,0.607162558647782,0.29920612975988997,0.3219499467557947,0.6273163160144761,0.5972335282604035,0.46233682405295967,Alas2,FALSE,FALSE,FALSE,FALSE,0.5087820112213267,FALSE,FALSE,0.1367696001205115
Gm42507,0.6098207393635433,0.31318647959817014,0.7334120038145544,0.24728591502651884,0.18259408458051885,0.8613064216025911,Gm42507,FALSE,FALSE,FALSE,FALSE,0.5086089425862055,FALSE,FALSE,0.13672280452522256
Gm3739,0.3313569321168226,0.5566969175306689,0.9974295495073922,0.09774399690917167,0.19669907796537478,0.8179671664440612,Gm3739,FALSE,FALSE,FALSE,FALSE,0.5084951865298631,FALSE,FALSE,0.13669204630972884
Gm9794,-0.5180396723311242,0.12658108829462417,-0.39821519117890003,0.24645492680492104,-0.6085315887521274,0.17891057821632086,Gm9794,FALSE,FALSE,FALSE,FALSE,0.5082621507540506,FALSE,FALSE,0.13662903634928664
Plcxd3,0.4812302826483785,0.04549094757378588,0.6157215238882494,0.0704576830990092,0.42725866087719133,0.15460653208976793,Plcxd3,FALSE,FALSE,FALSE,FALSE,0.5080701558046065,FALSE,FALSE,0.1365771233152154
Tmem86a,-0.5359088801296545,0.09420300515925298,-0.5612170030764561,0.12061995108359509,-0.4270182071336257,0.3050370489296286,Tmem86a,FALSE,FALSE,FALSE,FALSE,0.5080480301132454,FALSE,FALSE,0.13657114080487956
Dach1,0.5646049353944829,0.035809259870575684,0.6004821457354304,0.07346255419668397,0.35810847069105733,0.28002525565831055,Dach1,FALSE,FALSE,FALSE,FALSE,0.5077318506069902,FALSE,FALSE,0.1364856498191616
Mmp8,0.5714917272588993,0.05680961022878276,0.563630578744835,0.09822738029190473,0.3874066037428028,0.319397150768135,Mmp8,FALSE,FALSE,FALSE,FALSE,0.5075096365821791,FALSE,FALSE,0.13642556592490016
Malat1,0.4993455600747616,0.2128337089379756,0.5493498775016405,0.2136427845489922,0.47288828256657034,0.40595917979501367,Malat1,FALSE,FALSE,FALSE,FALSE,0.5071945733809908,FALSE,FALSE,0.1363403767741166
Ccdc122,0.7098001671099292,0.054818324799936,0.36671614828370913,0.33302812183865577,0.4440212831181072,0.35720600745576003,Ccdc122,FALSE,FALSE,FALSE,FALSE,0.5068458661705818,FALSE,FALSE,0.1362460907038462
S100a8,0.4585980010690752,0.7170887433876822,0.21139417297733787,0.8836727456948127,0.8499677890640048,0.5865196598862706,S100a8,FALSE,FALSE,FALSE,FALSE,0.5066533210368059,FALSE,FALSE,0.13619402890680987
Wasf1,0.7244247976050886,0.021754013359877904,0.3560249476127213,0.20354548917939344,0.4391578387492112,0.2142264092705122,Wasf1,FALSE,FALSE,FALSE,FALSE,0.5065358613223404,FALSE,FALSE,0.13616226926846156
Gm45041,0.6967975350360839,0.26511976707671253,0.33126996453229296,0.6469423620595385,0.49105502911815024,0.5877431975833438,Gm45041,FALSE,FALSE,FALSE,FALSE,0.5063741762288424,FALSE,FALSE,0.13611855164051417
Gda,0.5862190426283473,0.2122627759230576,0.1617461495987209,0.777705712157993,0.7708603366251525,0.2160746753329498,Gda,FALSE,FALSE,FALSE,FALSE,0.5062751762840736,FALSE,FALSE,0.1360917832931138
Tnfrsf23,0.966932570861444,0.07295663023056072,0.22111499669580081,0.7276125991568253,0.33053374415288594,0.6809388085758732,Tnfrsf23,FALSE,FALSE,FALSE,FALSE,0.5061937705700436,FALSE,FALSE,0.13606977220574787
Cpne5,-0.8911080140887004,0.05428956408387389,-0.5585988860334834,0.19603015905731733,-0.0686527157078829,0.9162903148707165,Cpne5,FALSE,FALSE,FALSE,FALSE,0.5061198719433556,FALSE,FALSE,0.13604979094094807
Miat,0.5364717690569303,0.09520246138221126,0.5974173415718451,0.10425129658461646,0.3842827932351991,0.37161888294464596,Miat,FALSE,FALSE,FALSE,FALSE,0.5060573012879915,FALSE,FALSE,0.13603287261797561
Ppp3r1,0.6647376997958627,0.029633515864581787,0.5104496808115933,0.11072458956577719,0.34253093441386095,0.3556433376771532,Ppp3r1,FALSE,FALSE,FALSE,FALSE,0.5059061050071056,FALSE,FALSE,0.13599199103383083
Cop1,0.6199013557105939,0.02584660685929393,0.5473727043883239,0.083208807140714,0.3496422529528509,0.2857459809045453,Cop1,FALSE,FALSE,FALSE,FALSE,0.5056387710172562,FALSE,FALSE,0.13591970726509817
Clec14a,0.7069210703683866,0.022606933826155737,0.4607880626242187,0.12243118855820584,0.34907891888319353,0.3228816905189946,Clec14a,FALSE,FALSE,FALSE,FALSE,0.5055960172919329,FALSE,FALSE,0.13590814719226393
Cyp2s1,-0.6472551555616566,0.1577445771285332,-0.5369876088837993,0.252140562462968,-0.3324916902158388,0.5853460266172439,Cyp2s1,FALSE,FALSE,FALSE,FALSE,0.5055781515537648,FALSE,FALSE,0.13590331652001494
Gm37174,0.5002397066366835,0.21606764024337666,0.5455374216301903,0.20237179998035418,0.4709553104582618,0.39068104797992104,Gm37174,FALSE,FALSE,FALSE,FALSE,0.5055774795750452,FALSE,FALSE,0.13590313482537
Rapgef4os2,0.2508445838234461,0.8350241538975126,0.7717633669467228,0.4694796660260479,0.4937426645867124,0.7504677895464228,Rapgef4os2,FALSE,FALSE,FALSE,FALSE,0.5054502051189604,FALSE,FALSE,0.13586872140358858
Zeb2,0.6162245729706517,0.036495474402081306,0.47323959003374805,0.12324609710572704,0.4267718840117296,0.23732599087608175,Zeb2,FALSE,FALSE,FALSE,FALSE,0.5054120156720431,FALSE,FALSE,0.13585839545457418
Hdx,0.4801474283309273,0.09713748568580229,0.635356313789909,0.08120675934582743,0.39990056409057306,0.29707755412989917,Hdx,FALSE,FALSE,FALSE,FALSE,0.5051347687371365,FALSE,FALSE,0.1357834313494265
Fam171a2,-0.6680694680195653,0.12914314828867385,-0.6962211071620388,0.148729445107168,-0.15090941659449664,0.8114749612056956,Fam171a2,FALSE,FALSE,FALSE,FALSE,0.5050666639253669,FALSE,FALSE,0.13576501665974822
Sstr1,-0.9359334649817423,0.06710886742837954,-0.572484105373972,0.25208399240130686,0.006336907192094898,0.9934987404160901,Sstr1,FALSE,FALSE,FALSE,FALSE,0.5049181591826031,FALSE,FALSE,0.1357248628338629
Rexo5,0.46474890361153554,0.25530154596776083,0.4097658172445774,0.3416559809034852,0.6402273920914614,0.23284679803872185,Rexo5,FALSE,FALSE,FALSE,FALSE,0.5049140376491914,FALSE,FALSE,0.13572374842275445
Oas3,0.435651105685034,0.5019438430075062,-0.44500784619583633,0.5570216326503417,0.633721494713328,0.4517468054469823,Oas3,FALSE,FALSE,FALSE,FALSE,0.5047934821980661,FALSE,FALSE,0.13569115173591523
Ccnh,0.6815920681417182,0.027910305702979202,0.47327491128456867,0.12953643428384148,0.3591040057697281,0.3339268651245469,Ccnh,FALSE,FALSE,FALSE,FALSE,0.5046569950653383,FALSE,FALSE,0.1356542473215434
Gm45769,0.7280210103779436,0.035809259870575684,0.5382195090784403,0.1325649526920344,0.24748337126069342,0.5918200667130369,Gm45769,FALSE,FALSE,FALSE,FALSE,0.5045746302390258,FALSE,FALSE,0.1356319769022068
Mum1l1,0.5659044391386212,0.1515459253303197,0.7484437065071985,0.11278448655616846,0.19925698508905754,0.742319378467656,Mum1l1,FALSE,FALSE,FALSE,FALSE,0.5045350435782924,FALSE,FALSE,0.13562127316404404
Orc1,1.0097267208242924,0.25218963689232765,0.11615486977747147,0.9216847208908406,0.3876542478877898,0.7910311196374045,Orc1,FALSE,FALSE,FALSE,FALSE,0.5045119461631845,FALSE,FALSE,0.13561502791175525
Klf1,0.5587995603273558,0.3193442109134307,-0.41075415841761354,0.5473469389342582,0.5437632196846238,0.48204028795583886,Klf1,FALSE,FALSE,FALSE,FALSE,0.504438979476531,FALSE,FALSE,0.13559529863188996
Luzp2,0.6721055306565598,0.10839342776593351,0.41342018604274866,0.3542735225472013,0.42686814008465657,0.46199893899746625,Luzp2,FALSE,FALSE,FALSE,FALSE,0.504131285594655,FALSE,FALSE,0.13551210205291958
Gm37023,0.24134293608595564,0.8254613925749709,0.8349902302590332,0.3797274236438485,0.4350692141194714,0.7617236112997624,Gm37023,FALSE,FALSE,FALSE,FALSE,0.5038007934881534,FALSE,FALSE,0.1354227411190264
Tbc1d12,0.5551036394491344,0.06975513193685803,0.5749984473939724,0.10195650914669147,0.3808535738039778,0.3463524231545467,Tbc1d12,FALSE,FALSE,FALSE,FALSE,0.5036518868823615,FALSE,FALSE,0.13538247863440228
Lum,0.6081616647751846,0.15497234082833894,0.3404966085000303,0.463413186587636,0.5611799085536373,0.33407334575243197,Lum,FALSE,FALSE,FALSE,FALSE,0.5032793939429507,FALSE,FALSE,0.13528176120037125
Tnfrsf18,0.7819102680836724,0.116481354952402,0.24803378924163916,0.6707893189255734,0.47979942953804894,0.4951189755342477,Tnfrsf18,FALSE,FALSE,FALSE,FALSE,0.5032478289544535,FALSE,FALSE,0.13527322642209683
Jrkl,0.6270885563740931,0.03831333094046757,0.56269064007199,0.09349035688738448,0.3198393556184902,0.4039491867541203,Jrkl,FALSE,FALSE,FALSE,FALSE,0.5032061840215244,FALSE,FALSE,0.1352619661528642
Spef2,0.592978084123712,0.06762251131169458,0.3773440743261598,0.2590073236564109,0.5389678319049662,0.19789793039836415,Spef2,FALSE,FALSE,FALSE,FALSE,0.5030966634516126,FALSE,FALSE,0.13523235315995064
Yme1l1,0.7677644299063822,0.02300251776828198,0.5197119824191514,0.11660506728628543,0.221767784396933,0.582654613205264,Yme1l1,FALSE,FALSE,FALSE,FALSE,0.5030813989074888,FALSE,FALSE,0.1352282258180519
Gm572,-0.48544381230591405,0.24657281109116386,-0.6623060414304693,0.15593333411628635,-0.361450478839195,0.516426073040473,Gm572,FALSE,FALSE,FALSE,FALSE,0.5030667775251928,FALSE,FALSE,0.13522427237907084
Alox5,0.31150721697394956,0.6458579572851851,0.9403737227904745,0.15249798940944195,0.257109198175623,0.7961949624156983,Alox5,FALSE,FALSE,FALSE,FALSE,0.5029967126466823,FALSE,FALSE,0.13520532771184995
Zfp458,0.6957364590316866,0.02300251776828198,0.5366196027016752,0.091288359702255,0.27591917288152956,0.44330487179065253,Zfp458,FALSE,FALSE,FALSE,FALSE,0.5027584115382971,FALSE,FALSE,0.1351408940713056
Tubb3,-0.47744524304112623,0.26794125050348866,-0.8122259064383832,0.1184387877991451,-0.2183502683479821,0.7305843520392913,Tubb3,FALSE,FALSE,FALSE,FALSE,0.5026738059424972,FALSE,FALSE,0.13511801777591295
Hook3,0.6310817277856469,0.024092770868887965,0.4845164695787014,0.09633863344342596,0.3919994552130328,0.22904472089267144,Hook3,FALSE,FALSE,FALSE,FALSE,0.5025325508591271,FALSE,FALSE,0.1350798241672948
Cnot6l,0.6088252530957616,0.019582371416048017,0.5251403599851274,0.0704576830990092,0.3731078284154714,0.18650588684365324,Cnot6l,FALSE,FALSE,FALSE,FALSE,0.5023578138321202,FALSE,FALSE,0.13503257745969766
Gm10385,0.42234316278806133,0.5377176786355589,0.7878468920622603,0.24147384966338256,0.29671449760596064,0.7709138763021548,Gm10385,FALSE,FALSE,FALSE,FALSE,0.5023015174854274,FALSE,FALSE,0.13501735563135056
Rps6ka3,0.5075081855893444,0.056830799187960954,0.6334495369018036,0.07242608411847597,0.3659358225522933,0.29249308056220935,Rps6ka3,FALSE,FALSE,FALSE,FALSE,0.5022978483478138,FALSE,FALSE,0.1350163635424102
Rbm25,0.5922818636211638,0.0408077391264366,0.4759157083617369,0.12352350119647071,0.43691193026809216,0.23008422447598412,Rbm25,FALSE,FALSE,FALSE,FALSE,0.5017031674169976,FALSE,FALSE,0.1348555692532252
Nab2,-0.6743391531018395,0.04432998544382119,-0.43733719951027883,0.18147780754439508,-0.3933030707510783,0.3331731602676822,Nab2,FALSE,FALSE,FALSE,FALSE,0.5016598077877322,FALSE,FALSE,0.13484384535153984
Col22a1,0.6527664265780344,0.28669486356279067,0.43866222963261753,0.5152573519114146,-0.4135252654361845,0.6849317259436086,Col22a1,FALSE,FALSE,FALSE,FALSE,0.5016513072156121,FALSE,FALSE,0.13484154690310995
Rtn2,-0.6804147490643055,0.04081158377141479,-0.5168888546589763,0.1286074324636389,-0.3075891341763226,0.44456374448688046,Rtn2,FALSE,FALSE,FALSE,FALSE,0.5016309126332015,FALSE,FALSE,0.13483603246299256
Slc23a1,0.5859707152899568,0.16636341770794225,0.480566420050041,0.28694998650145215,0.4383434674898439,0.4570186161614942,Slc23a1,FALSE,FALSE,FALSE,FALSE,0.5016268676099472,FALSE,FALSE,0.13483493873927416
9930111J21Rik2,0.5906860628841968,0.1780468774851776,0.5318064604405719,0.2562613269801166,0.3810284280998537,0.5463078115212798,9930111J21Rik2,FALSE,FALSE,FALSE,FALSE,0.5011736504748742,FALSE,FALSE,0.1347123944919237
Pde8b,0.6702717868346197,0.022748352391810396,0.41282043578213923,0.13820967438382178,0.41968509637036266,0.21104871359585534,Pde8b,FALSE,FALSE,FALSE,FALSE,0.5009257729957072,FALSE,FALSE,0.13464537152044065
Iqch,0.46909818042900203,0.1750970250705473,0.7264961182756567,0.08525470443769087,0.3067610968178608,0.5318753991475034,Iqch,FALSE,FALSE,FALSE,FALSE,0.5007851318408398,FALSE,FALSE,0.1346073439104145
A730011C13Rik,0.4035742927143595,0.521553429811033,0.6676075021952081,0.28483043194451224,0.4301780167209971,0.6211965642955591,A730011C13Rik,FALSE,FALSE,FALSE,FALSE,0.5004532705435216,FALSE,FALSE,0.13451761276444174
4930533K18Rik,0.4488739615177927,0.7081523246617254,-0.11974797471838605,0.93429209982123,0.9326138675130857,0.52681363362745115,4930533K18Rik,FALSE,FALSE,FALSE,FALSE,0.5004119345830882,FALSE,FALSE,0.13450643603750928
AC129328.1,0.7008901363151692,0.07956415857273086,0.6654597519261349,0.13371534873841176,0.1344703912245544,0.8356426531394597,AC129328.1,FALSE,FALSE,FALSE,FALSE,0.5002734264886195,FALSE,FALSE,0.1344689851803481
Plp2,-0.5545551595077396,0.05854036548285223,-0.5665618289735677,0.09180503249903499,-0.37943720917066814,0.29335035496936523,Plp2,FALSE,FALSE,FALSE,FALSE,0.5001847325506584,FALSE,FALSE,0.13444500344834623
Gm26664,-0.05575051294881617,0.9131371310943561,-0.4479430497666454,0.346590188072085,-0.9966765921712453,0.14094624298374747,Gm26664,FALSE,FALSE,FALSE,FALSE,0.5001233849622356,FALSE,FALSE,0.1344284158273843
Cblc,-0.6528549008473773,0.4230263747270447,-0.2085198865631944,0.8137108074299843,-0.6383259184796547,0.5714318454441255,Cblc,FALSE,FALSE,FALSE,FALSE,0.4999002352967421,FALSE,FALSE,0.13436807894757943
C530044C16Rik,0.10943258937749278,0.9018933851018555,0.7246304494245281,0.31874080692676404,0.6652711517570093,0.4872459834987005,C530044C16Rik,FALSE,FALSE,FALSE,FALSE,0.49977806351967674,FALSE,FALSE,0.13433504522641282
Col4a3bp,0.6775046322561389,0.014455723425594891,0.4397506662422037,0.08391551919875744,0.3819879806176827,0.15226253824437358,Col4a3bp,FALSE,FALSE,FALSE,FALSE,0.49974775970534174,FALSE,FALSE,0.13432685145386508
Ptprz1,0.4344753874474696,0.1074971446676294,0.4880498022713544,0.11762126721525083,0.5766660718076082,0.12239462088968274,Ptprz1,FALSE,FALSE,FALSE,FALSE,0.4997304205088107,FALSE,FALSE,0.13432216315189208
Gm4221,0.7184014573130486,0.2614998351485056,0.3840373238944529,0.5983987389551018,0.3966530333570253,0.6818589317860393,Gm4221,FALSE,FALSE,FALSE,FALSE,0.49969727152150895,FALSE,FALSE,0.13431320008014355
Dzip3,0.697679963607607,0.0172420378801695,0.46064860996555,0.09180503249903499,0.340663340320412,0.25916219418382946,Dzip3,FALSE,FALSE,FALSE,FALSE,0.49966397129785634,FALSE,FALSE,0.13430419611597644
Plk-ps1,-0.5494618222767493,0.24118676502863534,-0.33675582957170636,0.4806280517218007,-0.6118234973795571,0.331095311050935,Plk-ps1,FALSE,FALSE,FALSE,FALSE,0.4993470497426709,FALSE,FALSE,0.1342185044895046
4931422A03Rik,0.08008605824281934,0.913401972546403,0.7866329920434041,0.19788527409391948,0.6312593257811061,0.4256105441935098,4931422A03Rik,FALSE,FALSE,FALSE,FALSE,0.49932612535577653,FALSE,FALSE,0.13421284679687823
Anapc10,0.5112532018652982,0.07490765705057759,0.5814121033116195,0.08967000640739733,0.4050545167337236,0.281942899765409,Anapc10,FALSE,FALSE,FALSE,FALSE,0.49923994063688043,FALSE,FALSE,0.13418954352634205
Epha3,0.43481130936213486,0.3553000482510673,0.7287224390505225,0.14942689218103428,0.333942181586508,0.6222152408820283,Epha3,FALSE,FALSE,FALSE,FALSE,0.4991586433330551,FALSE,FALSE,0.13416756175174016
Caap1,0.6334649854666838,0.0891918464712477,0.6122581865773422,0.13719591813254925,0.25171599015198254,0.640954211863209,Caap1,FALSE,FALSE,FALSE,FALSE,0.4991463873986695,FALSE,FALSE,0.13416424790030199
Gm23833,0.7905121942586939,0.14610970687351443,0.5452729580905282,0.3487433566576103,0.16113118472813426,0.8665501586577458,Gm23833,FALSE,FALSE,FALSE,FALSE,0.4989721123591188,FALSE,FALSE,0.1341171261083374
Nudcd1,0.689962506137987,0.0408077391264366,0.4980466121705609,0.15160112387851207,0.30884438576724804,0.47763770328727306,Nudcd1,FALSE,FALSE,FALSE,FALSE,0.49895116802526535,FALSE,FALSE,0.13411146302230267
D630024D03Rik,0.45546098974834526,0.09763070562946354,0.48720474134275005,0.11601268445501388,0.5535255836107882,0.12836717786876617,D630024D03Rik,FALSE,FALSE,FALSE,FALSE,0.4987304382339612,FALSE,FALSE,0.13405178044622612
Zfp729b,0.6826591876806543,0.06449118912306251,0.6242551304495958,0.12671815328056532,0.18924848739527533,0.7287765284429172,Zfp729b,FALSE,FALSE,FALSE,FALSE,0.49872093517517513,FALSE,FALSE,0.13404921093793454
Hist3h2bb-ps,-0.3355385032162233,0.6690773265446214,-0.5372112013600054,0.5037500142236757,-0.6233195655086727,0.55939969366364,Hist3h2bb-ps,FALSE,FALSE,FALSE,FALSE,0.4986897566949672,FALSE,FALSE,0.13404078066666952
Hhex,0.8865932719064781,0.04780614900569855,-0.10548486943279001,0.8469026157707673,0.50356826397991306,0.39068104797992104,Hhex,FALSE,FALSE,FALSE,FALSE,0.4985488017730604,FALSE,FALSE,0.13400266821795853
Rnf144a,0.6650369046088067,0.019351832112294208,0.5201438986187865,0.07841165907201418,0.3099634068900934,0.31109217526227284,Rnf144a,FALSE,FALSE,FALSE,FALSE,0.4983814033725622,FALSE,FALSE,0.1339574057832242
Slitrk3,0.5880312449304687,0.49814035426450665,0.3154716372480799,0.7515816557226704,0.5916360827564785,0.6267890777147247,Slitrk3,FALSE,FALSE,FALSE,FALSE,0.49837965497834236,FALSE,FALSE,0.13395693303928502
Nktr,0.4333716691712519,0.13671355385396725,0.5517676314443065,0.11278448655616846,0.5098478276147258,0.20622795484724427,Nktr,FALSE,FALSE,FALSE,FALSE,0.4983290427434281,FALSE,FALSE,0.13394324812370192
Rps4l,-0.6456229720650946,0.018371466261579567,-0.41196924842416394,0.09380429810957776,-0.4372963412691604,0.12049300589085365,Rps4l,FALSE,FALSE,FALSE,FALSE,0.4982961872528063,FALSE,FALSE,0.13393436440978645
Ogn,0.5309509766135863,0.2682351523806465,0.6466082206518298,0.21131351596952883,0.3172618728120735,0.6559364401879924,Ogn,FALSE,FALSE,FALSE,FALSE,0.49827369002582983,FALSE,FALSE,0.13392828144086505
Pla2g4a,0.4958817506837314,0.38387880025773924,0.44801287684083135,0.4576804066688038,0.5498423097389695,0.4766230928896961,Pla2g4a,FALSE,FALSE,FALSE,FALSE,0.49791231242117745,FALSE,FALSE,0.13383056945439237
Chsy3,0.4341669772435567,0.21879777861425528,0.7171913921134657,0.08967000640739733,0.3421980097669052,0.4861613974027295,Chsy3,FALSE,FALSE,FALSE,FALSE,0.49785212637464255,FALSE,FALSE,0.13381429589983573
Eml2,-0.6596970376197442,0.026392833875682736,-0.48218021045607884,0.10837292482091772,-0.35161720457780454,0.3037569258176577,Eml2,FALSE,FALSE,FALSE,FALSE,0.4978314842178759,FALSE,FALSE,0.13380871451870757
Gm15991,0.43027839933302414,0.2690979458604049,0.6224161969624937,0.14319812976133764,0.4406906284591636,0.40595917979501367,Gm15991,FALSE,FALSE,FALSE,FALSE,0.49779507491822717,FALSE,FALSE,0.13379886989925976
Kptn,-0.5985758609340657,0.0454642236997814,-0.4789388253229685,0.12021579321628337,-0.415724233992548,0.24035844195856987,Kptn,FALSE,FALSE,FALSE,FALSE,0.4977463067498607,FALSE,FALSE,0.1337856835962173
Siglece,-0.22932367100456008,0.7867644415849234,0.4650314480580584,0.5377306469440382,0.7985489231129576,0.38738060474461117,Siglece,FALSE,FALSE,FALSE,FALSE,0.497634680725192,FALSE,FALSE,0.13375550131465913
Amn1,0.48373254002521593,0.05854036548285223,0.5108386025741818,0.09037196323640993,0.49806507659781163,0.13764680466853033,Amn1,FALSE,FALSE,FALSE,FALSE,0.4975454063990698,FALSE,FALSE,0.1337313626529543
Mgst2,0.4774551702941555,0.4682085126714719,0.7089500797474804,0.28425785952107724,0.30572366404275286,0.7560552565973211,Mgst2,FALSE,FALSE,FALSE,FALSE,0.49737630469479627,FALSE,FALSE,0.13368563966617328
Mxi1,-0.5132631639769745,0.04397390902510133,-0.4858348327955415,0.09132508641051881,-0.4927625621910261,0.12751977623026692,Mxi1,FALSE,FALSE,FALSE,FALSE,0.49728685298784736,FALSE,FALSE,0.13366145304291047
DXBay18,-0.5817596160209351,0.25895828254069814,-0.44244208974442,0.3991882509368793,-0.4674524916818602,0.4978780913287985,DXBay18,FALSE,FALSE,FALSE,FALSE,0.4972180658157384,FALSE,FALSE,0.13364285385152705
Gm19710,-0.17840963289321798,0.7581527499253256,0.7709609846454357,0.14175301147002217,0.5418426335767684,0.409082037651014,Gm19710,FALSE,FALSE,FALSE,FALSE,0.4970710837051407,FALSE,FALSE,0.133603111726344
Ccdc82,0.5352253157026396,0.027408705534731504,0.5025526713236292,0.07684192185984365,0.45303977607253465,0.12595684420104247,Ccdc82,FALSE,FALSE,FALSE,FALSE,0.49693925436626785,FALSE,FALSE,0.13356746672120035
Rps15a-ps6,-0.22867190698798062,0.6937060858654734,-0.743438686805777,0.22911105722509834,-0.5185711550740255,0.5074702906868367,Rps15a-ps6,FALSE,FALSE,FALSE,FALSE,0.49689391628926105,FALSE,FALSE,0.1335552078719796
Gm25219,-0.3996152032638163,0.7540182464765895,0.7182052064593172,0.5114436850824142,0.37259875316993785,0.823618339460721,Gm25219,FALSE,FALSE,FALSE,FALSE,0.49680638763102375,FALSE,FALSE,0.13353154121704708
mt-Nd4,0.4744068807791919,0.03626390076452538,0.502800882687362,0.07385531872751548,0.5129453863528219,0.0899475958867595,mt-Nd4,FALSE,FALSE,FALSE,FALSE,0.49671771660645864,FALSE,FALSE,0.13350756568054098
5530601H04Rik,0.6676493400606791,0.022606933826155737,0.4540234889623127,0.11236890046937538,0.3683418078923548,0.26316911693416595,5530601H04Rik,FALSE,FALSE,FALSE,FALSE,0.4966715456384489,FALSE,FALSE,0.13349508162800558
Jakmip1,-0.4388065683598674,0.1091365070125378,-0.5313374322050857,0.10043144237350932,-0.519403156085211,0.15523981309587007,Jakmip1,FALSE,FALSE,FALSE,FALSE,0.496515718883388,FALSE,FALSE,0.13345294802153257
Kansl1l,0.5612262605849274,0.041641040420391386,0.590553931905311,0.07958165887361307,0.33761755495033974,0.3314219876822452,Kansl1l,FALSE,FALSE,FALSE,FALSE,0.49646591581352606,FALSE,FALSE,0.13343948189406368
Naa16,0.6286999859907292,0.040457000377134976,0.5444086524340594,0.10430132864445578,0.3156478876966977,0.4211248845401624,Naa16,FALSE,FALSE,FALSE,FALSE,0.49625217537382876,FALSE,FALSE,0.13338168915128304
Hykk,0.6613143459412374,0.013242504668656787,0.35134812348717714,0.09624658895189561,0.4756284453511199,0.06750873220157737,Hykk,FALSE,FALSE,FALSE,FALSE,0.49609697159317817,FALSE,FALSE,0.13333972398930233
Prr5l,0.3972036421882753,0.5011769759571744,0.6171704570395125,0.2933201536431578,0.47348714814722903,0.5510282534209763,Prr5l,FALSE,FALSE,FALSE,FALSE,0.4959537491250056,FALSE,FALSE,0.13330099842442922
Gm38910,0.466457392444854,0.3714816200013319,0.3114692394916795,0.5882689488213462,0.709920738327886,0.2958443312333465,Gm38910,FALSE,FALSE,FALSE,FALSE,0.4959491234214732,FALSE,FALSE,0.1332997476920231
Ubn2,0.5725652163125741,0.023266677224490016,0.5295523943047069,0.07242313242785868,0.38569940387531787,0.18460530891431012,Ubn2,FALSE,FALSE,FALSE,FALSE,0.4959390048308663,FALSE,FALSE,0.1332970117516223
Gm26772,0.6184205076513803,0.38359798189241234,0.5738980886685305,0.445696426275844,0.29531089589363124,0.7936895045475404,Gm26772,FALSE,FALSE,FALSE,FALSE,0.49587649740451406,FALSE,FALSE,0.1332801105249842
Cbln1,-0.430947156980217,0.23546316373797277,-0.44369380524818114,0.24556291810838246,-0.612366454703946,0.22166325430344627,Cbln1,FALSE,FALSE,FALSE,FALSE,0.4956691389774481,FALSE,FALSE,0.13322404339863322
Htr5b,-0.45299359397526395,0.5327262257585816,-0.8715050921022014,0.26430670539566814,0.16206643328085954,0.8797388443604395,Htr5b,FALSE,FALSE,FALSE,FALSE,0.49552170645277493,FALSE,FALSE,0.13318417948711508
Hbp1,0.5746623367579691,0.021527426362789856,0.48370419362672745,0.07684192185984365,0.42806708419191875,0.13121788904031198,Hbp1,FALSE,FALSE,FALSE,FALSE,0.4954778715255384,FALSE,FALSE,0.13317232707080034
Usp43,-0.3310044451245393,0.49054957493043355,-0.6340316288962143,0.22061046713397056,-0.5212896562217867,0.422832318958479,Usp43,FALSE,FALSE,FALSE,FALSE,0.49544191008084676,FALSE,FALSE,0.13316260354573403
Jph2,0.5411857558171786,0.3817028352348129,0.6006213250777714,0.3479122193715782,0.3441077458521512,0.7119328459445448,Jph2,FALSE,FALSE,FALSE,FALSE,0.49530494224903376,FALSE,FALSE,0.1331255691563391
Trac,-0.9978868904530671,0.25855048787884805,-0.04813385642366941,0.9593131050005839,-0.43880602770682614,0.7121289391207427,Trac,FALSE,FALSE,FALSE,FALSE,0.49494225819452087,FALSE,FALSE,0.13302750392215698
Krt19,-0.5791064861272085,0.34664942047452657,-0.39669450463971867,0.5287597309359323,-0.5087761485102632,0.5432299667654307,Krt19,FALSE,FALSE,FALSE,FALSE,0.49485904642573014,FALSE,FALSE,0.13300500450016245
Zcwpw2,0.3348324735380177,0.5574852063031313,0.7070340579182118,0.20528873606231668,0.4425638383936845,0.5603327662620621,Zcwpw2,FALSE,FALSE,FALSE,FALSE,0.4948101232833047,FALSE,FALSE,0.13299177629407183
AI593442,0.6514243517419667,0.06851418577240335,0.5595351274705473,0.15027891097725224,0.2732942971994303,0.582654613205264,AI593442,FALSE,FALSE,FALSE,FALSE,0.49475125880398146,FALSE,FALSE,0.13297586007476742
Zfp953,0.5950446754815455,0.08110758335255355,0.6571106145894574,0.09706509358175638,0.23203041078670417,0.6359287743437843,Zfp953,FALSE,FALSE,FALSE,FALSE,0.494728566952569,FALSE,FALSE,0.13296972448183164
Dpy19l4,0.6132634969770265,0.027839720029878327,0.5000751595849371,0.09504062435080558,0.37002731844513814,0.2648420332288353,Dpy19l4,FALSE,FALSE,FALSE,FALSE,0.4944553250023673,FALSE,FALSE,0.13289584327447912
3300002I08Rik,0.4993455549469199,0.09938091618229451,0.6046054759257045,0.09180503249903499,0.37921667803748393,0.34934931468959735,3300002I08Rik,FALSE,FALSE,FALSE,FALSE,0.49438923630336945,FALSE,FALSE,0.13287797371648954
Rbm26,0.6017699947575679,0.033681414853246903,0.5203630234942311,0.0946708884477238,0.3598235256370579,0.29853653479732883,Rbm26,FALSE,FALSE,FALSE,FALSE,0.493985514629619,FALSE,FALSE,0.13276881242310457
Spsb1,-0.7534744845031902,0.023478178854300733,-0.2913271800285564,0.3021954266897771,-0.4368331221862656,0.23301635924700775,Spsb1,FALSE,FALSE,FALSE,FALSE,0.4938782622393374,FALSE,FALSE,0.13273981271760693
Gm25117,-0.15369725730339523,0.7865275814214658,-0.17274909243334013,0.7696503673685845,-1.1551253844186138,0.15348120805390955,Gm25117,FALSE,FALSE,FALSE,FALSE,0.4938572447184497,FALSE,FALSE,0.13273412984271313
D930016D06Rik,0.5771558225013056,0.07277877959182759,0.48688267420800013,0.15770178933733603,0.4173185256764542,0.3272541289575376,D930016D06Rik,FALSE,FALSE,FALSE,FALSE,0.49378567412858665,FALSE,FALSE,0.1327147780499664
Gm15651,0.9043128399992845,0.06277711176920278,0.44031680663636497,0.3908933901431827,0.1366541868542367,0.8701122910798004,Gm15651,FALSE,FALSE,FALSE,FALSE,0.49376127782996204,FALSE,FALSE,0.1327081815958129
Il16,-0.8563112008353477,0.06872333677518429,-0.562357401239924,0.20759309558593936,0.06246644298351889,0.9260668732862938,Il16,FALSE,FALSE,FALSE,FALSE,0.4937116816862635,FALSE,FALSE,0.13269477141859168
Dcx,0.6496411096619314,0.026414250229909987,0.5552820570626174,0.08521930057579834,0.2761715272909133,0.43770678720139555,Dcx,FALSE,FALSE,FALSE,FALSE,0.4936982313384874,FALSE,FALSE,0.1326911346127049
Pcyox1l,-0.6167141006288377,0.05103953858233119,-0.565253971622647,0.10195650914669147,-0.29893949892874794,0.43988384520625096,Pcyox1l,FALSE,FALSE,FALSE,FALSE,0.49363585706007757,FALSE,FALSE,0.13267426938760585
Cldn3,-0.7247048819772317,0.0403330919229201,-0.4730883960249397,0.16883624532857525,-0.28288328629236226,0.5116871337939618,Cldn3,FALSE,FALSE,FALSE,FALSE,0.49355885476484457,FALSE,FALSE,0.13265344892963252
Ppp3cb,0.7438162727331932,0.026704941912584202,0.45204668888676736,0.1614697989523934,0.2845562669514816,0.4851693103793015,Ppp3cb,FALSE,FALSE,FALSE,FALSE,0.4934730761904807,FALSE,FALSE,0.13263025547550036
Snhg4,-0.512513062627479,0.019850968814593157,-0.40858328669120914,0.07463881663039902,-0.5586416034776791,0.05475877694670262,Snhg4,FALSE,FALSE,FALSE,FALSE,0.49324598426545574,FALSE,FALSE,0.13256885265800306
Fam241a,0.7696367626080736,0.03845760621921136,0.478255548585657,0.19665710528955893,0.23076526031585165,0.650562486798973,Fam241a,FALSE,FALSE,FALSE,FALSE,0.4928858571698607,FALSE,FALSE,0.13247147879354604
Gm45001,0.7320987949145463,0.19557902193644192,0.13257320913199483,0.853239939204169,0.6136267827598577,0.43245528704756403,Gm45001,FALSE,FALSE,FALSE,FALSE,0.4927662622687996,FALSE,FALSE,0.1324391418274357
Gm43566,0.07064685768993118,0.8974286944936062,0.8397097140784643,0.10069442807404672,0.5679272454705955,0.3389467351815909,Gm43566,FALSE,FALSE,FALSE,FALSE,0.492761272412997,FALSE,FALSE,0.13243779263280822
Tmed5,0.6531611133939661,0.09663577873088855,0.5481188634669589,0.19439030902508816,0.2769343058003084,0.6239177038817828,Tmed5,FALSE,FALSE,FALSE,FALSE,0.49273809422041115,FALSE,FALSE,0.13243152553929924
Galnt9,-0.5260912776242352,0.17097673714706052,-0.6437589604593166,0.13719591813254925,-0.30789360432993984,0.548330345303774,Galnt9,FALSE,FALSE,FALSE,FALSE,0.4925812808044972,FALSE,FALSE,0.13238912515206647
5930420M18Rik,0.6447618906191885,0.0754471884074345,0.3697916116579736,0.32816981463070727,0.46309504500304577,0.333330206115141,5930420M18Rik,FALSE,FALSE,FALSE,FALSE,0.4925495157600693,FALSE,FALSE,0.13238053628116941
Gdnf,-0.8406308218164942,0.30213317935553535,0.3438041803111509,0.6394804252645879,-0.2928694782635639,0.7952346599402963,Gdnf,FALSE,FALSE,FALSE,FALSE,0.4924348267970697,FALSE,FALSE,0.13234952581937848
Gm48086,0.6646202961134029,0.2298509380068161,0.6965837527330547,0.23587566038033053,-0.11595784693761657,0.9114466250413109,Gm48086,FALSE,FALSE,FALSE,FALSE,0.4923872985946914,FALSE,FALSE,0.1323366747876375
Cd96,-0.5998351611682916,0.37766403482295524,0.5083315533185363,0.4040941447758048,0.36879236232503176,0.6621080034450036,Cd96,FALSE,FALSE,FALSE,FALSE,0.4923196922706199,FALSE,FALSE,0.13231839488280087
Atcayos,0.602100954842445,0.23234745074698213,0.7014867529964408,0.19055296012393969,0.17286080487362782,0.8392716934107318,Atcayos,FALSE,FALSE,FALSE,FALSE,0.49214950423750453,FALSE,FALSE,0.13227237816628196
Grik2,0.536633450489032,0.05680961022878276,0.5940247513533654,0.08525470443769087,0.3456902335947891,0.34984006942986096,Grik2,FALSE,FALSE,FALSE,FALSE,0.4921161451457288,FALSE,FALSE,0.13226335828491032
5930430L01Rik,0.3449846769432816,0.21628846749836436,0.4983693254946533,0.11680933385301219,0.6329727933051781,0.1002620105675008,5930430L01Rik,FALSE,FALSE,FALSE,FALSE,0.492108931914371,FALSE,FALSE,0.13226140791732863
Calm3,-0.5764039525284224,0.022606933826155737,-0.5102698930856064,0.07424451517651934,-0.3894240042349111,0.17481101901413826,Calm3,FALSE,FALSE,FALSE,FALSE,0.4920326166163133,FALSE,FALSE,0.13224077321480288
Gm48557,0.6865456134753886,0.167777340200221,0.474523796407199,0.37513952045920457,-0.3150272261691257,0.7026883174554889,Gm48557,FALSE,FALSE,FALSE,FALSE,0.49203221201723774,FALSE,FALSE,0.132240663816271
Gm10406,0.08328706674281566,0.9137280155000618,1.0035369086437274,0.1288049914175184,0.3883274717145228,0.6631535184359354,Gm10406,FALSE,FALSE,FALSE,FALSE,0.4917171490336886,FALSE,FALSE,0.13215547472433434
Slc43a3,-0.807804074830097,0.057128893355409494,-0.6546647811108157,0.13194198036716423,0.012595718607081308,0.9830524834077203,Slc43a3,FALSE,FALSE,FALSE,FALSE,0.491688191515998,FALSE,FALSE,0.1321476449735683
Samd3,-0.7117927658930325,0.090841266631725745,-0.5745155029447391,0.1773042269211828,-0.1887321224881524,0.7303752574601557,Samd3,FALSE,FALSE,FALSE,FALSE,0.49168013044197467,FALSE,FALSE,0.1321454653599293
Tmsb10,-0.5541065067324489,0.049092108667933766,-0.49306809355357206,0.11036521115468788,-0.42762225759031125,0.228561218982122,Tmsb10,FALSE,FALSE,FALSE,FALSE,0.49159895262544406,FALSE,FALSE,0.1321235158931981
Vcan,0.5325823999344079,0.15524749073083738,0.45281737907221853,0.2591057418763741,0.4892272354271352,0.33909713459261426,Vcan,FALSE,FALSE,FALSE,FALSE,0.4915423381445872,FALSE,FALSE,0.13210820804535023
Gm12059,-0.48039898422820404,0.36547083979825457,-0.4204006767928681,0.44628480534200515,-0.573409755538505,0.43208725836388395,Gm12059,FALSE,FALSE,FALSE,FALSE,0.49140313885319237,FALSE,FALSE,0.13207057029718136
Snhg8,-0.6302166830346287,0.01986542432863018,-0.4288347106838639,0.09210289238487569,-0.4150628515739321,0.14372232676936614,Snhg8,FALSE,FALSE,FALSE,FALSE,0.4913714150974749,FALSE,FALSE,0.13206199259023543
Fam126b,0.6392277210085275,0.0353064094223174,0.5708143151906802,0.09180503249903499,0.26397795960890047,0.49116834666750675,Fam126b,FALSE,FALSE,FALSE,FALSE,0.4913399986027027,FALSE,FALSE,0.13205349796280785
Hist1h4d,-0.6259856760666302,0.026213437932539482,-0.45730639036089116,0.11199485735103275,-0.38990541708188164,0.2384019621494323,Hist1h4d,FALSE,FALSE,FALSE,FALSE,0.4910658278364677,FALSE,FALSE,0.1319793656152117
Arhgap36,0.48806215090861205,0.037557325328102555,0.610415950259763,0.0704576830990092,0.37396613842132087,0.19757833023075963,Arhgap36,FALSE,FALSE,FALSE,FALSE,0.49081474652989865,FALSE,FALSE,0.1319114763688523
Sgcz,0.4977358519811732,0.10198086804892816,0.5050464701637467,0.1329531594988664,0.46955002931821443,0.2406867946102748,Sgcz,FALSE,FALSE,FALSE,FALSE,0.49077745048771143,FALSE,FALSE,0.1319013919853079
Rims3,-0.6714272762958755,0.03894725910006948,-0.4889779359045505,0.13629153853223303,-0.3116998485440705,0.4317322371304297,Rims3,FALSE,FALSE,FALSE,FALSE,0.4907016869148322,FALSE,FALSE,0.1318809064623729
Col9a1,-0.6080990757016631,0.5495624770401788,-0.5051531269062953,0.6301093502766502,0.3580572969057506,0.7833214666219112,Col9a1,FALSE,FALSE,FALSE,FALSE,0.490436499837903,FALSE,FALSE,0.1318092031920539
Apbb1ip,0.2393326101527664,0.3780402149202367,0.5172284120631565,0.09952388076120047,0.7141330176763667,0.06750873220157737,Apbb1ip,FALSE,FALSE,FALSE,FALSE,0.49023134663076323,FALSE,FALSE,0.131753732329602
Igsf8,-0.8271709007435764,0.023495574798305448,-0.4949018903597384,0.13771717364741717,-0.14825856858073028,0.7311798445061137,Igsf8,FALSE,FALSE,FALSE,FALSE,0.490110453228015,FALSE,FALSE,0.13172104426486891
Glp1r,-0.9908387504535217,0.06637702392931645,-0.3852376821937107,0.4191780139105019,-0.09418922305568911,0.8990601256166342,Glp1r,FALSE,FALSE,FALSE,FALSE,0.49008855190097383,FALSE,FALSE,0.13171512241984024
Pabpc4l,0.6702590736614562,0.05947258509512984,0.455512743247783,0.21439660730837032,0.34403394034805546,0.47216897420637666,Pabpc4l,FALSE,FALSE,FALSE,FALSE,0.48993525241909824,FALSE,FALSE,0.13167367215644138
Borcs6,-0.6225281300631522,0.03874897748349254,-0.5828987308823121,0.08508717706951348,-0.26430931342237374,0.44456374448688046,Borcs6,FALSE,FALSE,FALSE,FALSE,0.4899120581226127,FALSE,FALSE,0.13166740070863925
Zfp62,0.6692706229580114,0.02454000316854638,0.5172289060142772,0.0960072945197005,0.28242365013419946,0.422832318958479,Zfp62,FALSE,FALSE,FALSE,FALSE,0.4896410597021627,FALSE,FALSE,0.13159412612368374
Cdca7l,-0.47098309245908354,0.2541915631274384,-0.6133517981073805,0.1773042269211828,-0.38283456105790536,0.48819248635367124,Cdca7l,FALSE,FALSE,FALSE,FALSE,0.4890564838747898,FALSE,FALSE,0.13143606412813907
Lactb2,0.6511255296342178,0.037851277199815,0.51306531033509994,0.12061995108359509,0.3020341018896353,0.44699856125512905,Lactb2,FALSE,FALSE,FALSE,FALSE,0.4887416472863177,FALSE,FALSE,0.1313509362506009
Ppp1r1c,-0.4660692193589414,0.6246920001655875,0.19520659052093697,0.8397838035309745,-0.8044293390470553,0.5431630027363721,Ppp1r1c,FALSE,FALSE,FALSE,FALSE,0.48856838297564453,FALSE,FALSE,0.131304087747089
Il1r2,0.6635548389273191,0.25092760092678845,0.27676370241194526,0.6838982816057431,0.5251633384464979,0.5205920852632457,Il1r2,FALSE,FALSE,FALSE,FALSE,0.4884939599285874,FALSE,FALSE,0.1312839646855775
E2f5,0.5037509102933027,0.05614965365676467,0.5177193180097714,0.09085111530551959,0.44333663500893206,0.1882291666739341,E2f5,FALSE,FALSE,FALSE,FALSE,0.48826895443733537,FALSE,FALSE,0.13122312601368843
Zbtb12,-0.736753369690935,0.02987828978350806,-0.4904932480919748,0.12526830437714695,-0.23710615995579865,0.5283100267719507,Zbtb12,FALSE,FALSE,FALSE,FALSE,0.4881175925795695,FALSE,FALSE,0.1311821996596253
Pcdha5,-0.15140831469829097,0.8027874446258897,0.4210569873331865,0.42393424092094406,0.8914226007345109,0.162978954396471,Pcdha5,FALSE,FALSE,FALSE,FALSE,0.48796263425532943,FALSE,FALSE,0.13114030086598938
St6gal2,0.8471586651912784,0.11544425106362763,0.27847618353857184,0.6556752945027333,0.3376404173242413,0.6765392028715754,St6gal2,FALSE,FALSE,FALSE,FALSE,0.4877584220180305,FALSE,FALSE,0.13108508443001876
Pot1b,0.5727159359484113,0.09418246371908347,0.4915113280870367,0.17888389565523757,0.3987887336343223,0.38678266224664687,Pot1b,FALSE,FALSE,FALSE,FALSE,0.48767199922325677,FALSE,FALSE,0.13106171678674164
Cabp7,0.1655418183840977,0.8080140572412583,0.2764775728940061,0.6813197981987249,1.020828847632886,0.16718887426545054,Cabp7,FALSE,FALSE,FALSE,FALSE,0.4876160796369966,FALSE,FALSE,0.13104659682970538
Hist1h2ab,0.4032524517362176,0.5318810275219135,0.06939210094584353,0.9294050761188649,0.9898711474787385,0.20537944218215956,Hist1h2ab,FALSE,FALSE,FALSE,FALSE,0.4875052333869332,FALSE,FALSE,0.13101662538945202
Asb2,-0.7803669148275849,0.19255203774744684,8.343007835684424e-4,0.9987761116764836,-0.6811011656407875,0.40048469660473834,Asb2,FALSE,FALSE,FALSE,FALSE,0.48743412708398026,FALSE,FALSE,0.13099739913408143
Eif5,0.7224798558183867,0.016531461885642206,0.43728062154081293,0.10430132864445578,0.30237227048554693,0.3255326098071777,Eif5,FALSE,FALSE,FALSE,FALSE,0.48737758261491554,FALSE,FALSE,0.1309821102165469
Cbr2,-0.7264953492062682,0.021166538341988103,-0.22411729665890068,0.34785560955803657,-0.510372340560374,0.1212875474085951,Cbr2,FALSE,FALSE,FALSE,FALSE,0.48699499547518094,FALSE,FALSE,0.13087866343694274
Ksr1,-0.5282943021125468,0.09935163658612821,-0.5384108905522984,0.1283937541172583,-0.39407546967237606,0.33603587949649616,Ksr1,FALSE,FALSE,FALSE,FALSE,0.4869268874457404,FALSE,FALSE,0.13086024787724646
Awat2,0.6039299139902937,0.19490713897859338,0.29138268662427547,0.5794145731752076,0.5653163021851418,0.37229530808583233,Awat2,FALSE,FALSE,FALSE,FALSE,0.486876300933237,FALSE,FALSE,0.13084656991668167
Rtl9,0.577700866084979,0.42216437409888596,-0.47798373223189183,0.5875648021449731,0.4049125711747248,0.7032237232515542,Rtl9,FALSE,FALSE,FALSE,FALSE,0.48686572316386517,FALSE,FALSE,0.13084370982008336
Timm8a1,0.7424080405566875,0.13798761300448392,0.6112641417623053,0.25291949040099354,0.10640747899476177,0.9074154383109064,Timm8a1,FALSE,FALSE,FALSE,FALSE,0.4866932204379182,FALSE,FALSE,0.1307970672395603
Mir703,0.8002671112648212,0.023298544871650877,0.3638320604625611,0.2618500546305093,0.2958954269101923,0.4866211846644283,Mir703,FALSE,FALSE,FALSE,FALSE,0.48666486621252486,FALSE,FALSE,0.13078940061148925
Ap3s1,0.6702189174418249,0.03263757233444241,0.44826667995021197,0.15202031156578022,0.3412523584209106,0.3758240347301949,Ap3s1,FALSE,FALSE,FALSE,FALSE,0.48657931860431586,FALSE,FALSE,0.13076626960771795
A430103D13Rik,0.6429835834483936,0.1226780930287243,0.18441064533966317,0.705860334460487,0.6321787835485441,0.2522575208173455,A430103D13Rik,FALSE,FALSE,FALSE,FALSE,0.4865243374455336,FALSE,FALSE,0.13075140338973978
6430590A07Rik,0.3417777711875003,0.4721247841177715,0.7073269653270473,0.15042119114497143,0.40983139602703544,0.5212893631595337,6430590A07Rik,FALSE,FALSE,FALSE,FALSE,0.4863120441805277,FALSE,FALSE,0.13069400194490358
Edil3,0.713988467312598,0.0347559481312044,0.5634188775212419,0.1156090072283418,0.18051840403433328,0.6863447424479212,Edil3,FALSE,FALSE,FALSE,FALSE,0.48597524962272437,FALSE,FALSE,0.13060293690696964
9930024M15Rik,0.6306141084008969,0.2874429406294586,0.3850941279041361,0.5620005207133564,0.44130392133149743,0.6113984544653795,9930024M15Rik,FALSE,FALSE,FALSE,FALSE,0.4856707192121768,FALSE,FALSE,0.1305205956910978
AC165953.2,0.6610692670966916,0.023670425705780866,0.45222095831257225,0.11867636417051615,0.34327948536366804,0.3168404957395442,AC165953.2,FALSE,FALSE,FALSE,FALSE,0.4855232369243106,FALSE,FALSE,0.1304807183242344
Ltbp2,-0.9193240890959917,0.1599423419962179,-0.4400314706715424,0.4910922569308603,-0.09709508241149156,0.9241747407953338,Ltbp2,FALSE,FALSE,FALSE,FALSE,0.4854835473930086,FALSE,FALSE,0.13046998677115595
Kirrel3,-0.6390949833167676,0.10918974862871592,-0.51255783646371,0.2057064968485248,-0.3037397717785453,0.5572624935729553,Kirrel3,FALSE,FALSE,FALSE,FALSE,0.48513086385300763,FALSE,FALSE,0.13037462555107468
Cops2,0.6689766354423128,0.029424331256908604,0.5205667195309376,0.10721879367745556,0.265795557283222,0.4818397663255097,Cops2,FALSE,FALSE,FALSE,FALSE,0.4851129707521575,FALSE,FALSE,0.13036978748029854
Brcc3,0.5891272073454816,0.04178226443439048,0.5011073403953876,0.11096917194516923,0.36506701821207876,0.3181263298645706,Brcc3,FALSE,FALSE,FALSE,FALSE,0.485100521984316,FALSE,FALSE,0.13036642148910466
Gm15573,0.643542511524138,0.31978727937447177,0.5503917622382499,0.427675052557551,0.26019179963001404,0.80660148337424,Gm15573,FALSE,FALSE,FALSE,FALSE,0.4847086911308007,FALSE,FALSE,0.13026047532485607
Adamts16,0.48317632056060034,0.4778352098920009,-0.16545944792435308,0.8453583419013098,-0.8052634235267628,0.46199893899746625,Adamts16,FALSE,FALSE,FALSE,FALSE,0.48463306400390543,FALSE,FALSE,0.13024002669520934
Gm5525,-0.3974219830939828,0.5562647431870017,-0.23794331020329293,0.7375753377592498,-0.8179707221250591,0.3812054617184053,Gm5525,FALSE,FALSE,FALSE,FALSE,0.4844453384741116,FALSE,FALSE,0.13018926805883665
Ppm1e,0.48204233349449765,0.02959778845780778,0.5754088415626555,0.0704576830990092,0.3946211976401006,0.1399595155019271,Ppm1e,FALSE,FALSE,FALSE,FALSE,0.4840241242324179,FALSE,FALSE,0.1300753769937662
Gm16001,-0.6058843110257621,0.19012871029833042,-0.6585486156055999,0.1846518904164374,-0.18733552257670216,0.7700562878232969,Gm16001,FALSE,FALSE,FALSE,FALSE,0.483922816402688,FALSE,FALSE,0.1300479846231248
Usp51,0.7039198592120428,0.01927510354437871,0.4902162053536472,0.09180503249903499,0.2574068853128946,0.4361920338505633,Usp51,FALSE,FALSE,FALSE,FALSE,0.48384764995952817,FALSE,FALSE,0.1300276605566008
Ctsk,0.5928254641487447,0.21435235424961252,0.2740057589099929,0.6154246139769485,0.5843941651398912,0.36456401969128355,Ctsk,FALSE,FALSE,FALSE,FALSE,0.4837417960662096,FALSE,FALSE,0.12999903898719845
Kitl,0.5390551367136505,0.07284564693419057,0.522929450256723,0.12170321781334313,0.38923610078183213,0.32856826596063826,Kitl,FALSE,FALSE,FALSE,FALSE,0.4837402292507352,FALSE,FALSE,0.12999861533988197
Gm48239,0.5549158201846065,0.3553000482510673,0.454287733400902,0.47987400779883255,0.4419439591849469,0.6058900302146935,Gm48239,FALSE,FALSE,FALSE,FALSE,0.4837158375901518,FALSE,FALSE,0.12999202013979685
Gm26541,0.30313516947462515,0.6006841156665659,0.6805776596524056,0.2246894271545665,0.46711873769015383,0.5366259856518361,Gm26541,FALSE,FALSE,FALSE,FALSE,0.48361052227239487,FALSE,FALSE,0.12996354419449324
Gm26658,0.5658264272589568,0.38989346689502824,0.5448803064969112,0.43316647499901273,0.34000251378751256,0.7348545265372894,Gm26658,FALSE,FALSE,FALSE,FALSE,0.4835697491811269,FALSE,FALSE,0.12995251966034632
Zfx,0.6141191390980989,0.04209061459922475,0.5498726972231616,0.10211259847939146,0.28648316543353847,0.4617634245246221,Zfx,FALSE,FALSE,FALSE,FALSE,0.48349166725159964,FALSE,FALSE,0.12993140728275704
Naip6,-0.6303649220067448,0.18156696353840152,-0.3996184812285981,0.3969749775915452,-0.4200194477954885,0.4963136411832465,Naip6,FALSE,FALSE,FALSE,FALSE,0.4833342836769438,FALSE,FALSE,0.1298888527317284
Hook1,0.641672131629651,0.022606933826155737,0.569413638386667,0.0748960705989321,0.23857088234168256,0.46228469575330067,Hook1,FALSE,FALSE,FALSE,FALSE,0.4832188841193335,FALSE,FALSE,0.12985765013403833
Thoc2,0.7035004562716312,0.022329000690730006,0.47131393084270634,0.1136876774354766,0.27440701316342686,0.43341998497669637,Thoc2,FALSE,FALSE,FALSE,FALSE,0.4830738000925881,FALSE,FALSE,0.12981842122699971
Adamts19,-0.09217594664367179,0.903306710403295,-0.0556016920958482,0.943531705287565,-1.3009394399379697,0.2142264092705122,Adamts19,FALSE,FALSE,FALSE,FALSE,0.4829056928924966,FALSE,FALSE,0.12977296714171654
Radil,-0.4393608823583828,0.3578174148023578,-0.7557784103361274,0.1649101459655804,-0.2524542022660632,0.7071222817241728,Radil,FALSE,FALSE,FALSE,FALSE,0.4825311649868578,FALSE,FALSE,0.12967169947825796
Inava,-0.7332767949769546,0.2574192308543561,-0.3816393184485133,0.5596168206625742,-0.3323061649031984,0.7103748911104654,Inava,FALSE,FALSE,FALSE,FALSE,0.48240742610955545,FALSE,FALSE,0.12963824203277863
Gca,0.5792468296878774,0.023478178854300733,0.4433121767392705,0.09231187007039722,0.42413882261368974,0.14967797474512107,Gca,FALSE,FALSE,FALSE,FALSE,0.4822326096802792,FALSE,FALSE,0.1295909738558005
Gm25313,0.4665846470379382,0.6161510447066899,0.6421379988784219,0.48886837032017866,-0.33726665017002544,0.824839150523796,Gm25313,FALSE,FALSE,FALSE,FALSE,0.4819964320287952,FALSE,FALSE,0.12952711437145548
St8sia3os,-0.28087760110046944,0.5837038409905433,-0.1929741641613667,0.720500620662324,-0.9717503951619391,0.1794608857951141,St8sia3os,FALSE,FALSE,FALSE,FALSE,0.48186738680792507,FALSE,FALSE,0.1294922221570136
Zc3h6,0.5776759344507907,0.043875974864449344,0.4298369455143254,0.14859310527522157,0.43749364931489954,0.22613175626772028,Zc3h6,FALSE,FALSE,FALSE,FALSE,0.4816688430933385,FALSE,FALSE,0.12943853841871836
Gpr4,0.5415393593695957,0.39251072916050617,0.4471974951831518,0.5111467256490784,0.4560901414655072,0.6147897797537527,Gpr4,FALSE,FALSE,FALSE,FALSE,0.4816089986727516,FALSE,FALSE,0.12942235723554715
Tiaf2,0.4644425054472262,0.5420874642181396,0.41649790268977605,0.6095710457131049,0.5638292070253026,0.5853460266172439,Tiaf2,FALSE,FALSE,FALSE,FALSE,0.4815898717207683,FALSE,FALSE,0.1294171855468498
Myadml2,0.4584132938939055,0.33909111003727704,-0.6674727008908665,0.2591057418763741,0.3188833853909694,0.648719018660817,Myadml2,FALSE,FALSE,FALSE,FALSE,0.4815897933919138,FALSE,FALSE,0.12941716436770678
Kcnh1,-0.8388100942552885,0.03931643433684292,-0.49349471010801693,0.19479204225633592,-0.11235481847416562,0.8403967525496364,Kcnh1,FALSE,FALSE,FALSE,FALSE,0.4815532076124904,FALSE,FALSE,0.12940727203033422
1700001G11Rik,0.01655616302128149,0.9790006550486416,-0.8922187521366514,0.18059590629938554,-0.5339810507867107,0.5044716856398636,1700001G11Rik,FALSE,FALSE,FALSE,FALSE,0.48091865531488115,FALSE,FALSE,0.12923569702202725
Rtp1,1.0247259549161305,0.03462740519499846,0.10505214417742997,0.8517689281326057,0.3129770659019122,0.639150578270086,Rtp1,TRUE,FALSE,FALSE,TRUE,0.4809183883318242,FALSE,FALSE,0.12923562483314638
Gm11855,-0.8708443807789491,0.11441037544914245,-0.4666000433149291,0.3785410142184688,-0.1052328099437373,0.8975930914450666,Gm11855,FALSE,FALSE,FALSE,FALSE,0.48089241134587185,FALSE,FALSE,0.1292286009809007
Rgs6,-0.5175376422020295,0.16862650226119297,-0.2825298749822165,0.4537754850821633,-0.641922588993922,0.21104871359585534,Rgs6,FALSE,FALSE,FALSE,FALSE,0.480663368726056,FALSE,FALSE,0.12916667071991889
P2ry1,0.33817386200900934,0.3351672131109847,0.7210011171776849,0.08595320746617705,0.38250154597822816,0.4173718251426266,P2ry1,FALSE,FALSE,FALSE,FALSE,0.4805588417216408,FALSE,FALSE,0.12913840792468764
Gm45768,0.6917102888001363,0.05680961022878276,0.3200691211819797,0.3931529463455193,0.4294427035685042,0.36731526383037594,Gm45768,FALSE,FALSE,FALSE,FALSE,0.4804073711835401,FALSE,FALSE,0.12909745218482063
Cxcr6,0.4630400412722511,0.3715408521376974,0.587201655233768,0.27492033031546126,0.3908268594962565,0.5985008766847209,Cxcr6,FALSE,FALSE,FALSE,FALSE,0.48035618533409186,FALSE,FALSE,0.1290836121710387
Rasa1,0.5356134285313372,0.029887603850818716,0.4925207053432006,0.08451455445915308,0.4126543159537839,0.16735442230976913,Rasa1,FALSE,FALSE,FALSE,FALSE,0.48026281660944053,FALSE,FALSE,0.12905836643515842
Bcl11b,0.4169954954187323,0.5228917282545504,-0.43241162410233097,0.5720851601421096,0.5912146155135503,0.48819248635367124,Bcl11b,FALSE,FALSE,FALSE,FALSE,0.48020724501153783,FALSE,FALSE,0.12904334056982358
Nkx2-4,-0.4753795383004942,0.4204567036029415,-0.20893977702637428,0.7395668363240214,0.7552517887202617,0.2521490560962136,Nkx2-4,FALSE,FALSE,FALSE,FALSE,0.4798570346823767,FALSE,FALSE,0.12894864807503412
Vamp8,-0.543138659212226,0.0292369082336753,-0.41750628360661857,0.10430132864445578,-0.47872709257981416,0.11775803554683371,Vamp8,FALSE,FALSE,FALSE,FALSE,0.4797906784662196,FALSE,FALSE,0.12893070618374908
Ormdl1,0.7615163676889045,0.030260663104226305,0.4524941318246922,0.18598641846202824,0.22485235844180895,0.623850596411069,Ormdl1,FALSE,FALSE,FALSE,FALSE,0.4796209526518019,FALSE,FALSE,0.1288848144453875
Tekt5,-0.74949832624094,0.1955492077558948,-0.6298238020345764,0.28483043194451224,-0.05895998341799835,0.9493256254672628,Tekt5,FALSE,FALSE,FALSE,FALSE,0.47942737056450496,FALSE,FALSE,0.12883247226908273
Gm32815,0.9694898909398992,0.02958623670115368,0.3815723052674525,0.38106442914919497,0.08720950755437457,0.9054114982218228,Gm32815,FALSE,FALSE,FALSE,FALSE,0.47942390125390877,FALSE,FALSE,0.1288315342108697
mt-Atp6,0.49501118381641174,0.1864913972155841,0.7275250610308155,0.09787518423965169,-0.21553874775255433,0.7244553840900645,mt-Atp6,FALSE,FALSE,FALSE,FALSE,0.47935833086659385,FALSE,FALSE,0.12881380479787943
Erf,-0.6681975717969677,0.022332274438932445,-0.4957627505912381,0.08803823262798008,-0.2737433932860407,0.37502430495615785,Erf,FALSE,FALSE,FALSE,FALSE,0.4792345718914155,FALSE,FALSE,0.1287803419181857
Polr2e,-0.5324549678605583,0.037764919584000446,-0.43065094705847695,0.10956679750621234,-0.4742696588852766,0.13458663734282533,Polr2e,FALSE,FALSE,FALSE,FALSE,0.479125191268104,FALSE,FALSE,0.12875076676508326
Mfsd14b,0.6430708939201804,0.022606933826155737,0.5374810974251245,0.08120675934582743,0.2567089625564831,0.4249032687988532,Mfsd14b,FALSE,FALSE,FALSE,FALSE,0.47908698463392935,FALSE,FALSE,0.12874043616884936
Cep290,0.5517020575015179,0.014466638834183743,0.4694607777270914,0.0704576830990092,0.41578221873132115,0.08010653915669237,Cep290,FALSE,FALSE,FALSE,FALSE,0.47898168465331015,FALSE,FALSE,0.12871196437051605
Ppp1r1b,-0.17307060184794443,0.7818015406837895,-0.8361582856195034,0.20942697156235174,0.427702601210862,0.5535451329543798,Ppp1r1b,FALSE,FALSE,FALSE,FALSE,0.47897716289277,FALSE,FALSE,0.12871074174299557
1700001G17Rik,-0.13922733821969568,0.7836566643405924,-0.7713977574237781,0.16111279969247416,-0.5261397047969435,0.42398275819315795,1700001G17Rik,FALSE,FALSE,FALSE,FALSE,0.4789216001468058,FALSE,FALSE,0.12869571827111426
Gm43511,0.7226645394432248,0.21389336467091977,0.26979653080929855,0.6966172729327719,0.44370546508482334,0.6018484711841398,Gm43511,FALSE,FALSE,FALSE,FALSE,0.47872217844578224,FALSE,FALSE,0.12864179713626275
Atp2b3,0.6568117389530062,0.32301556936301545,-0.12012353775221542,0.890696339920087,0.6591444105706352,0.47085514496700387,Atp2b3,FALSE,FALSE,FALSE,FALSE,0.4786932290919523,FALSE,FALSE,0.12863396959290255
Gm42589,0.5690246646327198,0.3996556468889322,0.735941027023948,0.2908778103398009,0.1305155370912091,0.9146389177016673,Gm42589,FALSE,FALSE,FALSE,FALSE,0.478493742915959,FALSE,FALSE,0.1285800310248253
Tmtc2,0.3599707914104915,0.10486825932519359,0.679658638750102,0.0704576830990092,0.395655148198502,0.17772869661514587,Tmtc2,FALSE,FALSE,FALSE,FALSE,0.47842819278636517,FALSE,FALSE,0.12856230708926955
Gm37422,0.6119022602914355,0.2924865704596583,0.3991685055865643,0.5354018628662173,0.4241493230959157,0.6169587465077288,Gm37422,FALSE,FALSE,FALSE,FALSE,0.4784066963246385,FALSE,FALSE,0.1285564947147604
Gm32592,0.8781452218835016,0.0405960032877212,0.043959461071750305,0.9333577455316956,0.5130047396534544,0.34785514625716263,Gm32592,FALSE,FALSE,FALSE,FALSE,0.4783698075362354,FALSE,FALSE,0.12854652044754789
Fsd1,-0.6348129719784656,0.04075000225377727,-0.4312802171694785,0.14700426820062606,-0.368529246168551,0.30005642867112964,Fsd1,FALSE,FALSE,FALSE,FALSE,0.4782074784388317,FALSE,FALSE,0.12850262868899553
Hist1h2ae,0.8565596977587455,0.05680961022878276,0.142966190901179,0.7894357012569598,0.4348386391902255,0.47763770328727306,Hist1h2ae,FALSE,FALSE,FALSE,FALSE,0.4781215092833833,FALSE,FALSE,0.1284793837041207
Cfap100,0.4200022205848307,0.5864020107390225,0.44592345185251825,0.5779323338992404,0.5681878211296255,0.5811431081036605,Cfap100,FALSE,FALSE,FALSE,FALSE,0.4780378311889915,FALSE,FALSE,0.12845675819351351
Alg3,-0.5391036298786211,0.03831333094046757,-0.3868054036618629,0.1315294306256746,-0.5081615609498638,0.11553438602955379,Alg3,FALSE,FALSE,FALSE,FALSE,0.4780235314967826,FALSE,FALSE,0.12845289173551033
Gm13050,-0.45809885550917295,0.33728013747939073,-0.5166746446662186,0.3022121079672588,-0.459009948281932,0.4802323611650335,Gm13050,FALSE,FALSE,FALSE,FALSE,0.4779278161524412,FALSE,FALSE,0.1284270115030025
Tnfrsf12a,-0.601952250305021,0.019169328863609184,-0.26128115811990593,0.19573543900633247,-0.5699201039069717,0.06225814027541153,Tnfrsf12a,FALSE,FALSE,FALSE,FALSE,0.4777178374439662,FALSE,FALSE,0.12837023588531643
Man1a,0.5730027724426847,0.17190711611398068,0.5484637204143699,0.22706342722971493,0.3112723653712699,0.6122757221804402,Man1a,FALSE,FALSE,FALSE,FALSE,0.4775796194094415,FALSE,FALSE,0.12833286345673792
Ifi209,0.9116312186438156,0.1439767166325735,0.48370066774138454,0.48594535131232514,0.03722658087590333,0.9765259158911566,Ifi209,FALSE,FALSE,FALSE,FALSE,0.47751948908703445,FALSE,FALSE,0.1283166049692888
Tlr3,0.6201768603305604,0.029310593749131475,0.4142881502601852,0.14175301147002217,0.3979571055467588,0.2416015763958049,Tlr3,FALSE,FALSE,FALSE,FALSE,0.47747403871250144,FALSE,FALSE,0.12830431575622087
Slc29a1,-0.6022957519649728,0.06064179474929365,-0.4344436421936093,0.18694027203838565,-0.39557393131981655,0.3356363749792366,Slc29a1,FALSE,FALSE,FALSE,FALSE,0.4774377751594662,FALSE,FALSE,0.1282945105448353
Gm37397,0.6248332252216073,0.12396343097643611,0.5696370465533076,0.19057826362117994,0.2371133075580536,0.698115092698876,Gm37397,FALSE,FALSE,FALSE,FALSE,0.47719452644432286,FALSE,FALSE,0.1282287391332769
Fam89a,0.384535170309216,0.5442386280655743,0.2032569195976801,0.7787256619328254,0.8434655976418762,0.2819557242717475,Fam89a,FALSE,FALSE,FALSE,FALSE,0.47708589584959077,FALSE,FALSE,0.12819936677852573
Gm49435,-0.0368668741572864,0.9758444915187687,1.0722053416879984,0.2569980406129594,0.3210354933637152,0.8369176274335286,Gm49435,FALSE,FALSE,FALSE,FALSE,0.47670256973633335,FALSE,FALSE,0.1280957201897194
Cd7,-0.7863685087059504,0.2464282316990887,-0.3536759558280104,0.6089448205627352,-0.28999215326226135,0.7602095032104558,Cd7,FALSE,FALSE,FALSE,FALSE,0.47667887259874075,FALSE,FALSE,0.12808931277996827
Gdpd2,-0.5061410551173487,0.3536614615477315,-0.3391426717356365,0.5509406252596274,-0.5846329272369973,0.4359568228809329,Gdpd2,FALSE,FALSE,FALSE,FALSE,0.4766388846966609,FALSE,FALSE,0.12807850055116163
Platr21,0.5369030210738758,0.3087469822576552,0.8256721653555311,0.14656943276270237,0.06711007845537353,0.9474093284805494,Platr21,FALSE,FALSE,FALSE,FALSE,0.4765617549615935,FALSE,FALSE,0.1280576456350503
Rasd2,-0.8678896372423561,0.13725730967197278,-0.3502483605575155,0.5334826033064121,0.21147802222350354,0.7772761832863695,Rasd2,FALSE,FALSE,FALSE,FALSE,0.47653867334112504,FALSE,FALSE,0.12805140465343454
Rcan1,-0.5902576492917619,0.026285779611079727,-0.4904898365569341,0.08525470443769087,-0.3487405068070757,0.24418727363987092,Rcan1,FALSE,FALSE,FALSE,FALSE,0.4764959975519239,FALSE,FALSE,0.12803986565355338
Gm6598,0.912569643688966,0.15891535710633836,0.29977583722417317,0.7004637405336697,0.21671728624801495,0.8491848091589685,Gm6598,FALSE,FALSE,FALSE,FALSE,0.4763542557203847,FALSE,FALSE,0.1280015404343155
Pter,0.6762087767097356,0.10496689176726556,0.38059153528140577,0.39456378075114285,0.37203833038460044,0.5293244089977212,Pter,FALSE,FALSE,FALSE,FALSE,0.4762795474585806,FALSE,FALSE,0.12798134025430205
Grhl1,0.41594549694505645,0.20903138111428268,0.4845058675094718,0.17619113081826418,0.5281983994731916,0.2293506928884567,Grhl1,FALSE,FALSE,FALSE,FALSE,0.4762165879759066,FALSE,FALSE,0.127964316797286
Ppef1,0.2738284532594385,0.8110365137931854,0.4438503034810174,0.6935933098077102,0.7108164737101079,0.6054603356050613,Ppef1,FALSE,FALSE,FALSE,FALSE,0.4761650768168546,FALSE,FALSE,0.12795038882385412
Tank,0.49647805481601903,0.04836352941272761,0.5726070218869328,0.07346255419668397,0.3593325827531322,0.2596272457328866,Tank,FALSE,FALSE,FALSE,FALSE,0.47613921981869467,FALSE,FALSE,0.12794339741480745
Igip,0.7100366116248233,0.019435742666429615,0.4728429786500943,0.10095931193905984,0.24510844134279441,0.4625483302083705,Igip,FALSE,FALSE,FALSE,FALSE,0.47599601053923735,FALSE,FALSE,0.12790467541599806
Ifi30,-0.5967036034102109,0.05680961022878276,-0.5431467314122251,0.11036521115468788,-0.28755187405823346,0.45330803705574424,Ifi30,FALSE,FALSE,FALSE,FALSE,0.4758007362935565,FALSE,FALSE,0.1278518757012211
Tmub1,-0.6645009890310263,0.019351832112294208,-0.3530062845126456,0.13466087662941184,-0.40979249831167186,0.1522471634549143,Tmub1,FALSE,FALSE,FALSE,FALSE,0.4757665906184479,FALSE,FALSE,0.12784264313754987
Mob4,0.6657300107975299,0.0353064094223174,0.48326464427769267,0.13687665003209518,0.27810067692678864,0.48603355437783735,Mob4,FALSE,FALSE,FALSE,FALSE,0.4756984440006704,FALSE,FALSE,0.1278242171440497
Fam49b,0.6049351675402415,0.03864412666210684,0.4878437950568282,0.11762126721525083,0.3341490611721083,0.3624544439926134,Fam49b,FALSE,FALSE,FALSE,FALSE,0.475642674589726,FALSE,FALSE,0.12780913779254136
Rnf122,-0.4426764607097877,0.1258771459242615,-0.6784937427549036,0.07969646956903641,-0.30539293873405216,0.4170037388591037,Rnf122,FALSE,FALSE,FALSE,FALSE,0.4755210473995812,FALSE,FALSE,0.1277762513208698
Shox2,0.6851002806569828,0.08798171035897023,0.4584756249467581,0.2744155965981643,0.28282390103098665,0.6260910130825218,Shox2,FALSE,FALSE,FALSE,FALSE,0.47546660221157583,FALSE,FALSE,0.1277615300226892
Atad2,0.564772411613121,0.022196427619339296,0.4416657353931379,0.08525470443769087,0.419752610195248,0.13394247274527482,Atad2,FALSE,FALSE,FALSE,FALSE,0.47539691906716897,FALSE,FALSE,0.12774268857159762
Extl1,-0.46851552897136295,0.41644193682960057,-0.7750776927210483,0.22017404462723336,0.18258976827591944,0.8210777185923199,Extl1,FALSE,FALSE,FALSE,FALSE,0.4753943299894436,FALSE,FALSE,0.12774198851734847
AC154912.5,-0.2370582579372267,0.8472056182508706,0.5828593683661194,0.5834551056244671,-0.6058431321513909,0.7169337932983537,AC154912.5,FALSE,FALSE,FALSE,FALSE,0.475253586151579,FALSE,FALSE,0.1277039331431236
Washc4,0.6558446650698802,0.02300251776828198,0.5531308890756366,0.08120675934582743,0.21672649502941788,0.522520516299896,Washc4,FALSE,FALSE,FALSE,FALSE,0.47523401639164486,FALSE,FALSE,0.1276986417246922
Mir3070b,0.5323434523279623,0.45773031710674483,0.2517053698648104,0.7630723921507346,0.6409091230719338,0.5033783582763196,Mir3070b,FALSE,FALSE,FALSE,FALSE,0.4749859817549022,FALSE,FALSE,0.12763157625976537
Prpf40a,0.6641421103618583,0.026392833875682736,0.4670224688781266,0.12170321781334313,0.29331171872442496,0.4129097120597232,Prpf40a,FALSE,FALSE,FALSE,FALSE,0.4748254326548033,FALSE,FALSE,0.1275881657902313
Styxl1,0.6825593058792295,0.27701693088393403,-0.2294548152499868,0.779019038507743,0.5124419913477192,0.5722922989233111,Styxl1,FALSE,FALSE,FALSE,FALSE,0.4748187041589785,FALSE,FALSE,0.12758634648907774
Cdc37,-0.5687547575155447,0.025819491602517338,-0.44185337611852926,0.09664598815650823,-0.41266445828973275,0.1665813896285624,Cdc37,FALSE,FALSE,FALSE,FALSE,0.47442419730793556,FALSE,FALSE,0.12747967676855215
Relch,0.5466163816955101,0.045659442931202145,0.44192104630188833,0.13144440679314048,0.4346050256464764,0.2142264092705122,Relch,FALSE,FALSE,FALSE,FALSE,0.4743808178812916,FALSE,FALSE,0.1274679475139031
Slc3a2,-0.4860795829864655,0.04849389014100938,-0.46573274278341525,0.09685804697865139,-0.4703047736233552,0.1396697986803263,Slc3a2,FALSE,FALSE,FALSE,FALSE,0.47403903313107865,FALSE,FALSE,0.12737553319032738
Znhit1,-0.5020046122037027,0.04898136785788937,-0.511203526139135,0.08525470443769087,-0.4081851888254473,0.19269526737486312,Znhit1,FALSE,FALSE,FALSE,FALSE,0.47379777572276166,FALSE,FALSE,0.12731030020324016
Gja4,-0.9592515198563828,0.2126040711364037,0.025895225166168018,0.974903071791718,-0.4361222036705459,0.665178814887794,Gja4,FALSE,FALSE,FALSE,FALSE,0.4737563162310322,FALSE,FALSE,0.1272990900749896
Gm16574,0.9170089570309296,0.13570443289316128,0.4120477426580934,0.5540398345052084,0.09137950713390042,0.938907882023053,Gm16574,FALSE,FALSE,FALSE,FALSE,0.47347873560764114,FALSE,FALSE,0.12722403574464738
4930579G18Rik,0.7489324967936777,0.1281994062582351,0.15431359339222842,0.8006407626514287,0.5169984849513529,0.45047607147183677,4930579G18Rik,FALSE,FALSE,FALSE,FALSE,0.47341485837908637,FALSE,FALSE,0.12720676414061854
Gm10734,0.5455122610267356,0.3511603645621388,-0.7044402194485645,0.3312949907923857,0.17017365244002564,0.8667737005107842,Gm10734,FALSE,FALSE,FALSE,FALSE,0.4733753776384419,FALSE,FALSE,0.12719608904192364
Tceal3,-0.5830565770102734,0.03025790454037314,-0.3744017127299317,0.1540655150528646,-0.4625944096337946,0.1537328596831151,Tceal3,FALSE,FALSE,FALSE,FALSE,0.4733508997913332,FALSE,FALSE,0.12718947053807955
Fut1,-0.5217576264727946,0.4593812396154772,-0.734293269391479,0.31880725521200803,-0.16391526133734863,0.8795013884906151,Fut1,FALSE,FALSE,FALSE,FALSE,0.4733220524005407,FALSE,FALSE,0.12718167056424998
Gpr156,-0.3285469980647557,0.6229515724014734,-0.6273522981432496,0.3629288966200695,0.46375030909461223,0.5561186750210293,Gpr156,FALSE,FALSE,FALSE,FALSE,0.47321653510087247,FALSE,FALSE,0.12715314000556266
Tmem151b,-0.6123611936092519,0.16515739838780052,-0.5754609300821509,0.21356670178730303,-0.23178187258161387,0.7011342508281666,Tmem151b,FALSE,FALSE,FALSE,FALSE,0.47320133209100557,FALSE,FALSE,0.12714902930175773
Pitx1,-0.5316721342774775,0.05775442637382814,-0.49683301890947984,0.11432686890313623,-0.3908486858881792,0.2825099803570412,Pitx1,FALSE,FALSE,FALSE,FALSE,0.47311794635837884,FALSE,FALSE,0.12712648284211678
Shcbp1,0.48813409118466367,0.48158388344215686,-0.5266281167673148,0.5248357391192737,0.40395769556149425,0.6848537637232601,Shcbp1,FALSE,FALSE,FALSE,FALSE,0.4729066345044909,FALSE,FALSE,0.1270693467585776
2900060B14Rik,0.03877415805450496,0.96024826284109,-0.3213669046061942,0.6747639714375684,-1.0584730005593583,0.30680584388598314,2900060B14Rik,FALSE,FALSE,FALSE,FALSE,0.4728713544066858,FALSE,FALSE,0.12705980746119142
Ccdc62,0.41352325760008113,0.26014781556081495,0.43051601849268084,0.265724484379953,0.5742795662220537,0.23557459917130452,Ccdc62,FALSE,FALSE,FALSE,FALSE,0.47277294743827186,FALSE,FALSE,0.12703319944718422
Cwf19l2,0.6594724350976042,0.020306731936211065,0.4737858773517889,0.09180503249903499,0.2850001353405842,0.3607613988997235,Cwf19l2,FALSE,FALSE,FALSE,FALSE,0.47275281592999246,FALSE,FALSE,0.12702775613902303
Prelid2,-0.7049441264176406,0.1262218907349303,0.011268037083548621,0.982132536518476,-0.7019801062108963,0.24426672483243592,Prelid2,FALSE,FALSE,FALSE,FALSE,0.4727307565706952,FALSE,FALSE,0.127021791564048
Gm42608,0.41136789171824395,0.5214021532733033,0.7023674388098611,0.26875838717869366,0.3041719897772306,0.7468602607424492,Gm42608,FALSE,FALSE,FALSE,FALSE,0.47263577343511187,FALSE,FALSE,0.12699610931163455
Gm46136,0.5752522025345495,0.37020895947806565,0.4947229955796299,0.46966203163378933,0.34792985160409495,0.7192625320922958,Gm46136,FALSE,FALSE,FALSE,FALSE,0.4726350165727581,FALSE,FALSE,0.12699590466551613
Gm13563,0.2885879789254443,0.6295992814807424,0.49785953593391497,0.38856897548359487,0.6314081234049631,0.3906282225321177,Gm13563,FALSE,FALSE,FALSE,FALSE,0.47261854608810744,FALSE,FALSE,0.12699145125237526
Marcks,0.6824089219530496,0.02504287528015629,0.3617593306408846,0.1995812088419037,0.3736357686508658,0.2942863396999911,Marcks,FALSE,FALSE,FALSE,FALSE,0.47260134041493335,FALSE,FALSE,0.1269867990534487
Zkscan8,0.5893320285103316,0.016597869846991686,0.4914135626744134,0.0704576830990092,0.336852425944957,0.18062361102062527,Zkscan8,FALSE,FALSE,FALSE,FALSE,0.4725326723765673,FALSE,FALSE,0.12696823207434005
Cggbp1,0.6907884780681259,0.04085849199694175,0.5335957688981372,0.13385386958283618,0.19254135033318054,0.6723793412076077,Cggbp1,FALSE,FALSE,FALSE,FALSE,0.4723085324331479,FALSE,FALSE,0.12690762743576414
Srsf10,0.5927946353795317,0.04858390745722355,0.49069758556304066,0.13078105459057643,0.33318024884287034,0.39325095244628777,Srsf10,FALSE,FALSE,FALSE,FALSE,0.47222415659514755,FALSE,FALSE,0.12688481326400813
2610008E11Rik,0.6101919044563688,0.018137352696163945,0.47887555856644504,0.07463881663039902,0.3271332028722531,0.22455190325108323,2610008E11Rik,FALSE,FALSE,FALSE,FALSE,0.472066888631689,FALSE,FALSE,0.12684228997280192
Trhr,0.48586575576940527,0.1555756624937205,0.6959671589045668,0.09132508641051881,0.23415172126262807,0.6406490021383661,Trhr,FALSE,FALSE,FALSE,FALSE,0.4719948786455334,FALSE,FALSE,0.12682281937279088
Dr1,0.6482496367337065,0.04529800063681137,0.48310898824886994,0.15202031156578022,0.2846085212984546,0.5012870367711901,Dr1,FALSE,FALSE,FALSE,FALSE,0.4719890487603437,FALSE,FALSE,0.12682124304471892
Abhd17b,0.5428952477905442,0.03738216909283667,0.5406158052160785,0.08120675934582743,0.33197413266753806,0.30259054287710496,Abhd17b,FALSE,FALSE,FALSE,FALSE,0.47182839522472025,FALSE,FALSE,0.12677780433712463
Phip,0.5460711620609384,0.04909649914282852,0.588260200916146,0.08453473759992562,0.28100343425533225,0.4392757096142808,Phip,FALSE,FALSE,FALSE,FALSE,0.4717782657441389,FALSE,FALSE,0.1267642499522779
Yipf5,0.7525145606661914,0.03738216909283667,0.5056500420975327,0.16297588299523863,0.1571332608634508,0.7520055843307022,Yipf5,FALSE,FALSE,FALSE,FALSE,0.4717659545423916,FALSE,FALSE,0.12676092115723606
Ythdc2,0.5201509285231687,0.05530472778855567,0.5540945127811998,0.08748601745554811,0.34068887305533924,0.3332157601112203,Ythdc2,FALSE,FALSE,FALSE,FALSE,0.4716447714532359,FALSE,FALSE,0.12672815476491994
Gm43336,0.9153726815017275,0.1112329253028643,0.3822973631427358,0.5565253621846682,0.11726251217680128,0.9117584032268705,Gm43336,FALSE,FALSE,FALSE,FALSE,0.4716441856070882,FALSE,FALSE,0.12672799635944568
Gm2897,0.07324061048719177,0.9478992768557705,0.9883434874293077,0.2662028265548138,0.35326336513752976,0.8006477495509188,Gm2897,FALSE,FALSE,FALSE,FALSE,0.47161582101800975,FALSE,FALSE,0.12672032692916374
Rap2c,0.5998948968563118,0.029714093513150335,0.5417640803737394,0.08453473759992562,0.2725376425305619,0.4223776035002393,Rap2c,FALSE,FALSE,FALSE,FALSE,0.4713988732535377,FALSE,FALSE,0.12666166696586093
Bmp3,0.5654616717115948,0.031830233221311975,0.4518446611251776,0.10425129658461646,0.3952466961079524,0.21454559754482708,Bmp3,FALSE,FALSE,FALSE,FALSE,0.4708510096482416,FALSE,FALSE,0.12651353149620156
Abca4,-0.656357416954922,0.025648093148095498,-0.5297824659835699,0.09037196323640993,-0.22636903529108832,0.5156202907674658,Abca4,FALSE,FALSE,FALSE,FALSE,0.47083630607652677,FALSE,FALSE,0.12650955583422915
AW549877,0.6618272263708018,0.014466638834183743,0.43660346429057384,0.0829933206574231,0.31398046130369206,0.22968347065461375,AW549877,FALSE,FALSE,FALSE,FALSE,0.47080371732168924,FALSE,FALSE,0.1265007442423351
Zdhhc21,0.6071626827415963,0.022606933826155737,0.4893641245255367,0.08521930057579834,0.3157808340391677,0.29527998929727833,Zdhhc21,FALSE,FALSE,FALSE,FALSE,0.4707692137687669,FALSE,FALSE,0.1264914149129771
Neat1,0.3711944743050122,0.38571092284721176,0.7365600231661054,0.12621809720382296,0.3039777077196124,0.6233849736559339,Neat1,FALSE,FALSE,FALSE,FALSE,0.4705774017302433,FALSE,FALSE,0.1264395513357321
Fam45a,0.639916049667069,0.02899786831531294,0.5012994377336835,0.10381114606151486,0.2702445041558468,0.45109784384612645,Fam45a,FALSE,FALSE,FALSE,FALSE,0.4704866638521998,FALSE,FALSE,0.12641501694788457
Nsun3,0.5896001522282037,0.037764919584000446,0.4507708590311754,0.12652931320825933,0.3710321340680367,0.2882499161853674,Nsun3,FALSE,FALSE,FALSE,FALSE,0.4704677151091386,FALSE,FALSE,0.12640989344465187
Dcun1d5,0.57278583453588094,0.077297852888297,0.5021876727729548,0.1544812483096782,0.3362024296337047,0.44505439627464977,Dcun1d5,FALSE,FALSE,FALSE,FALSE,0.47039197898084684,FALSE,FALSE,0.12638941534239023
Pcdhgb8,0.6235306621212502,0.08867053994040525,0.29937889303005494,0.44273934512470553,0.48822350099883693,0.31679381803870843,Pcdhgb8,FALSE,FALSE,FALSE,FALSE,0.4703776853833807,FALSE,FALSE,0.12638555053232928
Rnf43,-0.7079461643701679,0.08300563455718007,-0.3976693081459479,0.31066011463794163,-0.3053389871982213,0.5572624935729553,Rnf43,FALSE,FALSE,FALSE,FALSE,0.4703181532381124,FALSE,FALSE,0.12636945378450026
Gm28530,-0.5400618667596431,0.31012360920057247,-0.3062479461064761,0.584034365417331,-0.5643167112241675,0.4400482218882752,Gm28530,FALSE,FALSE,FALSE,FALSE,0.4702088413634289,FALSE,FALSE,0.12633989722016736
Gm26035,-0.1939296506651349,0.6533222450024092,-0.09655856045280764,0.8432872944989874,-1.1199022714215676,0.07945684796201677,Gm26035,FALSE,FALSE,FALSE,FALSE,0.4701301608465034,FALSE,FALSE,0.12631862299202895
Ano5,0.723554041277819,0.040457000377134976,0.4548148281673563,0.19897986510657015,0.23202132495080896,0.6324109599885949,Ano5,FALSE,FALSE,FALSE,FALSE,0.47013006479866143,FALSE,FALSE,0.12631859702189327
Tsga10,0.5892211817573187,0.026428813291045263,0.4418093694110028,0.10602903474232159,0.3791375364914016,0.22635126578315798,Tsga10,FALSE,FALSE,FALSE,FALSE,0.4700560292199077,FALSE,FALSE,0.12629857872696698
C2,-0.815544939479858,0.10817478499766511,-0.4023380523411798,0.40652172550426496,-0.19213320719606541,0.7765708127675152,C2,FALSE,FALSE,FALSE,FALSE,0.4700053996723677,FALSE,FALSE,0.1262848891302663
Gm49359,0.5153462880509732,0.06611080807957942,0.44193454500115403,0.1412681408730407,0.45238524210086317,0.2115258159712169,Gm49359,FALSE,FALSE,FALSE,FALSE,0.46988869171766345,FALSE,FALSE,0.1262533327583592
Spata2l,-0.5732464011535385,0.03285043405876371,-0.35538259466394173,0.15449864637759222,-0.48084990679861317,0.12967027202439269,Spata2l,FALSE,FALSE,FALSE,FALSE,0.46982630087203114,FALSE,FALSE,0.1262364630536903
Lrrc32,0.5760392069351203,0.2824557523757489,0.2291916490973533,0.7163836545880186,0.6035226659198927,0.40633492597030013,Lrrc32,FALSE,FALSE,FALSE,FALSE,0.46958450731745544,FALSE,FALSE,0.12617108509935746
Avp,0.5460073377911288,0.3093463057686609,-0.04998725573664209,0.94408756456645615,0.8125684150487653,0.24264329160683118,Avp,FALSE,FALSE,FALSE,FALSE,0.4695210028588454,FALSE,FALSE,0.1261539142876614
Ftx,0.41812890768516775,0.1882988426469048,0.5375082737530201,0.13194198036716423,0.45285475496686756,0.2873591841964026,Ftx,FALSE,FALSE,FALSE,FALSE,0.4694973121350185,FALSE,FALSE,0.12614750861211232
Scrn2,-0.6287803888419141,0.051599030668579356,-0.4697068197795007,0.14527329077908904,-0.30996121749428873,0.422832318958479,Scrn2,FALSE,FALSE,FALSE,FALSE,0.4694828087052345,FALSE,FALSE,0.12614358706601592
Rnf208,-0.6532359073049703,0.05047746485637241,-0.47559835301580655,0.15027891097725224,-0.279588784410278,0.48603355437783735,Rnf208,FALSE,FALSE,FALSE,FALSE,0.46947434824368495,FALSE,FALSE,0.12614129946298286
Rc3h2,0.6507123286693854,0.023240227542512155,0.50142780166785,0.09180503249903499,0.25587812051747605,0.44330487179065253,Rc3h2,FALSE,FALSE,FALSE,FALSE,0.4693394169515705,FALSE,FALSE,0.12610481572846224
Frk,0.7163639674881068,0.014455723425594891,0.49262891721326163,0.0704576830990092,0.19828089734010135,0.4637563166349325,Frk,FALSE,FALSE,FALSE,FALSE,0.46909126068048995,FALSE,FALSE,0.12603771737513111
Dctd,-0.3470245452848306,0.3463891258720916,-0.6224349089705076,0.14508183879024866,-0.43680198291532446,0.3862317769364187,Dctd,FALSE,FALSE,FALSE,FALSE,0.4687538123902209,FALSE,FALSE,0.1259464755761112
Zfp326,0.4777840624463936,0.04642846824499404,0.5815662066050606,0.0704576830990092,0.3466812924949547,0.2537017119732656,Zfp326,FALSE,FALSE,FALSE,FALSE,0.4686771871821363,FALSE,FALSE,0.12592575707778858
Gm48838,0.6907574338903536,0.2971716408346572,0.386265691236865,0.61000362694947,0.3289831450116304,0.7504677895464228,Gm48838,FALSE,FALSE,FALSE,FALSE,0.46866875671294966,FALSE,FALSE,0.1259234775843155
Cdh10,-0.6450049387743269,0.16754846641184357,-0.5901684805262652,0.22534929449217553,-0.17068055521559788,0.8007407999651911,Cdh10,FALSE,FALSE,FALSE,FALSE,0.4686179915053967,FALSE,FALSE,0.1259097513068433
Gm43660,0.5026826991831262,0.29556685560147455,0.5625210630715219,0.2652140139262616,0.3394609936165146,0.628385690449761,Gm43660,FALSE,FALSE,FALSE,FALSE,0.4682215852903876,FALSE,FALSE,0.12580256802204648
R3hcc1,-0.5029478188504601,0.05747746759504314,-0.6077188443854911,0.07385531872751548,-0.29384041430903896,0.36452411371933907,R3hcc1,FALSE,FALSE,FALSE,FALSE,0.46816902584833003,FALSE,FALSE,0.12578835660599516
Gm23736,0.8534264913705778,0.19240795861173465,0.5115997021361101,0.48048956490312167,-0.03934201868452614,0.9765259158911566,Gm23736,FALSE,FALSE,FALSE,FALSE,0.46812273739707133,FALSE,FALSE,0.125775840787458
Nuak1,-0.44300882731514335,0.04672461485829881,-0.5427302057428482,0.0704576830990092,-0.4171060259394972,0.13764680466853033,Nuak1,FALSE,FALSE,FALSE,FALSE,0.4676150196658296,FALSE,FALSE,0.12563856026025227
D330041H03Rik,0.622355788506202,0.21686602892556364,0.5814760813060297,0.27663937689617657,0.1989174949210008,0.8101276906792846,D330041H03Rik,FALSE,FALSE,FALSE,FALSE,0.4675831215777442,FALSE,FALSE,0.1256299354160135
Gm15283,0.5160206220426022,0.44655692214791753,0.46251206776504455,0.5207708585933933,0.42399202393473323,0.6603434456025081,Gm15283,FALSE,FALSE,FALSE,FALSE,0.46750823791412666,FALSE,FALSE,0.12560968780954254
Them7,1.1898797105342607,0.10056768793876396,0.19617034810033895,0.8339170381328016,-0.01566786939488185,0.9907500529601377,Them7,FALSE,FALSE,FALSE,FALSE,0.4672393093431605,FALSE,FALSE,0.12553697288601087
Cacna1f,-0.6755342724083604,0.3887124713609995,-0.2263083533115016,0.7878344251993196,-0.49978912347360566,0.6444470647848715,Cacna1f,FALSE,FALSE,FALSE,FALSE,0.4672105830644892,FALSE,FALSE,0.12552920565938475
Pcdha7,0.48888554418531527,0.2523535153001057,0.48409507065386714,0.28063390696879814,0.42817320856361496,0.4666448581849822,Pcdha7,FALSE,FALSE,FALSE,FALSE,0.46705127446759914,FALSE,FALSE,0.12548613060640998
Pof1b,0.6193915353119255,0.09273416170085805,0.3230022753469257,0.41005047450727,0.45850242105762073,0.35367265313392504,Pof1b,FALSE,FALSE,FALSE,FALSE,0.4669654105721573,FALSE,FALSE,0.12546291408252502
Kif7,-0.36415287358254916,0.4702163268396073,-0.7419580554329949,0.18598641846202824,-0.2943176184454501,0.6697532047625661,Kif7,FALSE,FALSE,FALSE,FALSE,0.46680951582033137,FALSE,FALSE,0.1254207620905768
Arglu1,0.5152733703985923,0.07756949711382077,0.47051745158819447,0.14319812976133764,0.4144447291652682,0.28655887239452893,Arglu1,FALSE,FALSE,FALSE,FALSE,0.4667451837173517,FALSE,FALSE,0.12540336749419012
Camk2d,0.5311877821349169,0.015571191153496351,0.46297338114330877,0.0704576830990092,0.40606826712417554,0.0873081814626103,Camk2d,FALSE,FALSE,FALSE,FALSE,0.4667431434674671,FALSE,FALSE,0.1254028158361279
Memo1,0.6654981540458262,0.05708888082380522,0.4291837121997695,0.23101770730557414,0.3053215063092285,0.5179191309160698,Memo1,FALSE,FALSE,FALSE,FALSE,0.4666677908516081,FALSE,FALSE,0.12538244143083352
Hcar1,0.5324451944246361,0.39253107921690633,0.5029523991075849,0.4424526168429689,0.3645393725231779,0.6895030120233478,Hcar1,FALSE,FALSE,FALSE,FALSE,0.46664565535179964,FALSE,FALSE,0.12537645626841612
Zfp703,0.48488376605556205,0.04849389014100938,0.38653942950212983,0.13466087662941184,0.5283263771076894,0.1002620105675008,Zfp703,FALSE,FALSE,FALSE,FALSE,0.4665831908884604,FALSE,FALSE,0.12535956665843961
Dnah7c,0.6193086603232489,0.24288872372851666,0.41711055574999056,0.46935026650160827,0.36317654017510226,0.6421880953585402,Dnah7c,FALSE,FALSE,FALSE,FALSE,0.46653191874944727,FALSE,FALSE,0.1253457033130381
Snx13,0.593406087704154,0.014455723425594891,0.44189030841058585,0.0704576830990092,0.3642988113610901,0.12492667083421351,Snx13,FALSE,FALSE,FALSE,FALSE,0.4665317358252767,FALSE,FALSE,0.12534565385262922
Zbtb32,-0.47925716153020786,0.4001306433748921,-0.5859437088025294,0.3295687678992879,-0.3341285147698932,0.6744914477940083,Zbtb32,FALSE,FALSE,FALSE,FALSE,0.4664431283675435,FALSE,FALSE,0.1253216955037998
A330069E16Rik,0.7218537521110244,0.17628565847754765,0.41710472354742023,0.4779284050607685,0.2601485030243105,0.7596004647802775,A330069E16Rik,FALSE,FALSE,FALSE,FALSE,0.4663689928942517,FALSE,FALSE,0.12530165019863929
Ribc1,-0.4615960709048089,0.35050631195540427,-0.7951149773989823,0.16053281703070382,-0.14228470595276338,0.8515673023102216,Ribc1,FALSE,FALSE,FALSE,FALSE,0.4663319180855182,FALSE,FALSE,0.12529162563385496
Psmb2,-0.556629555207695,0.02238658138102193,-0.45495784369158976,0.08120675934582743,-0.3869132205495971,0.15283861783391695,Psmb2,FALSE,FALSE,FALSE,FALSE,0.4661668731496273,FALSE,FALSE,0.12524699954652818
Snord49a,0.32710417282763204,0.6499400682461691,0.2948944114234533,0.700396783604246,-0.7762440398339034,0.4712538993220941,Snord49a,FALSE,FALSE,FALSE,FALSE,0.46608087469499626,FALSE,FALSE,0.12522374663952068
Zfp982,0.6724782499221269,0.03382253278528895,0.5637707025828278,0.09952388076120047,0.16165889180005744,0.7103361929076054,Zfp982,FALSE,FALSE,FALSE,FALSE,0.46596928143500405,FALSE,FALSE,0.12519357321712146
Ints6,0.6075921274235485,0.023495574798305448,0.436175934400314,0.10727133316288569,0.3532581209792873,0.2537017119732656,Ints6,FALSE,FALSE,FALSE,FALSE,0.4656753942677166,FALSE,FALSE,0.12511410980116877
Ppp2r5e,0.5558811182148098,0.021527426362789856,0.4575887424769869,0.07978550165448961,0.38355091823924337,0.15547972137647564,Ppp2r5e,FALSE,FALSE,FALSE,FALSE,0.46567359297701333,FALSE,FALSE,0.12511362275468177
Ccnl2,0.48789614679990034,0.04849389014100938,0.461533120225468,0.09955301218514566,0.4475191431170451,0.15778780386396823,Ccnl2,FALSE,FALSE,FALSE,FALSE,0.46564947004747115,FALSE,FALSE,0.12510710021611057
Fgf11,-0.434495211056247,0.2215195370852204,-0.28598318727999206,0.42865141973942245,-0.6764373335774924,0.17228754296501114,Fgf11,FALSE,FALSE,FALSE,FALSE,0.46563857730457714,FALSE,FALSE,0.12510415495460955
Zfp811,0.7592614409682146,0.026213437932539482,0.38915747861491323,0.22706342722971493,0.24802046314858717,0.5676802013102258,Zfp811,FALSE,FALSE,FALSE,FALSE,0.465479794243905,FALSE,FALSE,0.12506122200005804
Il2rb,-0.28899713929338366,0.5264483483715482,-0.5570774596864001,0.24918558108032418,-0.5503259102810247,0.3732082106500253,Il2rb,FALSE,FALSE,FALSE,FALSE,0.4654668364202695,FALSE,FALSE,0.12505771836654148
Gm42528,0.36707893325033186,0.6071535982717093,0.32538907813035367,0.6689822483045742,0.7031349903250756,0.4288803284742357,Gm42528,FALSE,FALSE,FALSE,FALSE,0.46520100056858704,FALSE,FALSE,0.12498583967563996
Gm16299,0.3108529039958669,0.6496433532367052,0.34455439995330067,0.6242292361161936,0.7395450465727045,0.36965351671433244,Gm16299,FALSE,FALSE,FALSE,FALSE,0.464984116840624,FALSE,FALSE,0.12492719702700864
Ier3ip1,0.7712348534194593,0.01661440266828112,0.382196284617196,0.15531856130438151,0.24123497326379173,0.4739405573515179,Ier3ip1,FALSE,FALSE,FALSE,FALSE,0.4648887037668157,FALSE,FALSE,0.12490139852467409
Vamp7,0.7789655726203941,0.03199299932373977,0.49813263028697996,0.16451339453214114,0.11751558749220958,0.8193287143044387,Vamp7,FALSE,FALSE,FALSE,FALSE,0.4648712634665279,FALSE,FALSE,0.12489668288550924
Btbd17,-0.4766183770915944,0.44210430301591214,-0.6129869998292489,0.34475961252827575,0.3048851517117499,0.6978021416030433,Btbd17,FALSE,FALSE,FALSE,FALSE,0.46483017621086437,FALSE,FALSE,0.12488557340523734
Rap1a,0.6921746177577113,0.039365595251663506,0.5048379901034421,0.14489530846434467,0.1973614964483552,0.6603949556742876,Rap1a,FALSE,FALSE,FALSE,FALSE,0.4647913681031695,FALSE,FALSE,0.12487508017808299
Tatdn3,0.3652944610223703,0.22151205746329353,0.582193055358976,0.09718455312173828,0.4467918437391989,0.26028414765658076,Tatdn3,FALSE,FALSE,FALSE,FALSE,0.4647597867068484,FALSE,FALSE,0.12486654096333813
Gpr137c,0.4553020678953539,0.0891918464712477,0.3590912211270503,0.20175210863693624,0.5793914903436845,0.10808847679501327,Gpr137c,FALSE,FALSE,FALSE,FALSE,0.4645949264553629,FALSE,FALSE,0.12482196481236571
Eri2,0.41764859381678,0.08481679349929952,0.609490540143991,0.0704576830990092,0.3665140517962846,0.24502025202735642,Eri2,FALSE,FALSE,FALSE,FALSE,0.4645510619190185,FALSE,FALSE,0.12481010439011837
Ptgfr,0.7811921341136889,0.12808874608982304,0.5406487680239167,0.32497575535050577,0.07180294928345005,0.9423815786646674,Ptgfr,FALSE,FALSE,FALSE,FALSE,0.46454795047368524,FALSE,FALSE,0.12480926309419853
Gm48249,-0.5924253182219095,0.36280928740053775,-0.7218583063419683,0.2969353341735995,-0.07935129226025955,0.941501265286027,Gm48249,FALSE,FALSE,FALSE,FALSE,0.4645449722747125,FALSE,FALSE,0.12480845782642877
Acy3,-0.6074968588644106,0.42452591286839153,-0.3862478649713571,0.6252996241229699,0.39977519860694616,0.6680168596767546,Acy3,FALSE,FALSE,FALSE,FALSE,0.464506640814238,FALSE,FALSE,0.12479809347872392
Zfp873,0.6436770072574922,0.02300251776828198,0.488881607670407,0.09180503249903499,0.260894970220817,0.43208725836388395,Zfp873,FALSE,FALSE,FALSE,FALSE,0.4644845283829054,FALSE,FALSE,0.12479211455373403
Asb16,-0.43947201774720573,0.463521426417032,-0.709049454675704,0.2664023993342201,0.24384038212653264,0.759950057974078,Asb16,FALSE,FALSE,FALSE,FALSE,0.4641206181831475,FALSE,FALSE,0.12469371778520652
Rbl1,0.7057205984807218,0.012478226943271664,0.35327183959581676,0.10558417467957514,0.33325777574538673,0.18146519226208896,Rbl1,FALSE,FALSE,FALSE,FALSE,0.4640834046073084,FALSE,FALSE,0.12468365569953166
Zfp36l1,0.5378755555274255,0.057866366417955666,0.5521322312984944,0.09180503249903499,0.3020785119659126,0.41986925531412006,Zfp36l1,FALSE,FALSE,FALSE,FALSE,0.4640287662639442,FALSE,FALSE,0.12466888217455678
Hist1h2bk,-0.3146839303838117,0.4492759502111123,-0.7225341188517698,0.13793073677514825,-0.3544388626637167,0.5342782394325515,Hist1h2bk,FALSE,FALSE,FALSE,FALSE,0.46388563729976606,FALSE,FALSE,0.1246301818919948
Gm11766,0.5334055261933192,0.4308042171329405,0.4033540673913191,0.586652948745576,0.4539677762249641,0.6408282459841037,Gm11766,FALSE,FALSE,FALSE,FALSE,0.46357578993653414,FALSE,FALSE,0.12454640303858791
Slc28a3,-0.98133371328752,0.18284461689781703,0.2700482690454464,0.6984218147231934,-0.13922477959916046,0.9008246368373474,Slc28a3,FALSE,FALSE,FALSE,FALSE,0.46353558731070893,FALSE,FALSE,0.12453553275116494
Cep126,0.5073417445628063,0.04878812128005831,0.46326983880845063,0.10467710085695396,0.4198489640617318,0.19999072086906083,Cep126,FALSE,FALSE,FALSE,FALSE,0.4634868491443296,FALSE,FALSE,0.12452235456028467
Gm15711,0.4587062085768106,0.39434030778313933,0.5787970224666614,0.2955309398454739,0.35282444369891036,0.6488667618708029,Gm15711,FALSE,FALSE,FALSE,FALSE,0.4634425582474608,FALSE,FALSE,0.12451037885548175
AV039307,0.34186187267535584,0.7268961859458222,0.4393421283831994,0.6542423597567837,0.6091201723416567,0.6243239778867075,AV039307,FALSE,FALSE,FALSE,FALSE,0.463441391133404,FALSE,FALSE,0.12451006328243167
Cldn4,-0.5587057834718587,0.16002000771361313,-0.3481023329874451,0.379470071919371,-0.48169194761645073,0.3574572286911746,Cldn4,FALSE,FALSE,FALSE,FALSE,0.46283335469191816,FALSE,FALSE,0.12434565783012785
Gm2415,-0.86024050935859675,0.05610535921633608,-0.49982409330956934,0.22842575469431523,-0.02766720574171644,0.9679138684030071,Gm2415,FALSE,FALSE,FALSE,FALSE,0.46257726946996086,FALSE,FALSE,0.1242764155876048
Epx,-0.5126279497611395,0.42358150462687977,-0.47048743404175064,0.4806280517218007,-0.4045706444862624,0.6499662637708897,Epx,FALSE,FALSE,FALSE,FALSE,0.4625620094297175,FALSE,FALSE,0.12427228946349905
4930432B10Rik,0.6818250766635824,0.13682189784979978,0.24217843479829976,0.647715934720818,-0.4629412059061976,0.5295898931958759,4930432B10Rik,FALSE,FALSE,FALSE,FALSE,0.4623149057893599,FALSE,FALSE,0.12420547572835576
Anxa6,-0.4850609128938137,0.0276268578995836,-0.47374616846638506,0.07346255419668397,-0.427906157554931,0.11821773105021578,Anxa6,FALSE,FALSE,FALSE,FALSE,0.4622377463050433,FALSE,FALSE,0.12418461276841933
Galr1,0.904113944815276,0.18808457287817867,0.32022087075758854,0.6989128057096087,-0.16229489795548058,0.9031244502444933,Galr1,FALSE,FALSE,FALSE,FALSE,0.4622099045094484,FALSE,FALSE,0.12417708469495956
Slc13a4,0.30288273810758626,0.7041341343629468,0.602312442651179,0.42178235348429494,0.4814196131333819,0.640954211863209,Slc13a4,FALSE,FALSE,FALSE,FALSE,0.4622049312973824,FALSE,FALSE,0.12417574000059038
Prex2,0.36357785389248054,0.20573327022663224,0.5406486310256318,0.11432686890313623,0.4816415722342908,0.22625471874574954,Prex2,FALSE,FALSE,FALSE,FALSE,0.461956019050801,FALSE,FALSE,0.12410843724093479
Oip5,0.26751989765072404,0.5937550614000596,0.5542859616075125,0.25662207365407713,0.564008273152758,0.3671311878498358,Oip5,FALSE,FALSE,FALSE,FALSE,0.4619380441369982,FALSE,FALSE,0.12410357704895902
Slc25a36,0.5772250390045857,0.03743810450986503,0.47227247864097244,0.11259354305197018,0.33612970719076696,0.32856826596063826,Slc25a36,FALSE,FALSE,FALSE,FALSE,0.46187574161210837,FALSE,FALSE,0.12408673122511474
Ccdc88b,-0.3853136358194736,0.3584945028730593,-0.6639805248391966,0.16211390478255117,-0.3362967163869006,0.5590636066347314,Ccdc88b,FALSE,FALSE,FALSE,FALSE,0.4618636256818569,FALSE,FALSE,0.12408345522904417
Gm49493,0.526557998521425,0.35991000339009965,0.30392759521507534,0.642804172215781,0.5550743670991709,0.4831030718126321,Gm49493,FALSE,FALSE,FALSE,FALSE,0.4618533202785571,FALSE,FALSE,0.12408066877682669
Gm43422,-0.5363014412413416,0.5966474984526148,0.5945601322012618,0.5008457837946478,0.25462676350354485,0.8562065291092719,Gm43422,FALSE,FALSE,FALSE,FALSE,0.4618294456487161,FALSE,FALSE,0.12407421337539055
Kcns2,0.46540810304392366,0.5240284556725556,-0.5628616867039493,0.522829519524485,-0.3566407858353573,0.7681687711327203,Kcns2,FALSE,FALSE,FALSE,FALSE,0.46163685852774344,FALSE,FALSE,0.12402214022554113
9330159M07Rik,0.6647625854984938,0.09399615261192887,0.37179429193552416,0.37708436455554445,0.34753132627284433,0.5350274188384898,9330159M07Rik,FALSE,FALSE,FALSE,FALSE,0.4613627345689541,FALSE,FALSE,0.12394802053409312
Lekr1,0.4668255750143371,0.08587491193383696,0.5557205480965757,0.08831372198457063,0.3614185340916385,0.31366821982823645,Lekr1,FALSE,FALSE,FALSE,FALSE,0.46132155240085043,FALSE,FALSE,0.12393688539068397
Cdhr3,0.5448593664746502,0.2634576151010893,0.5481548098535802,0.28390550632286427,0.2907322155133188,0.6922054343297113,Cdhr3,FALSE,FALSE,FALSE,FALSE,0.4612487972805164,FALSE,FALSE,0.1239172133157065
Gas6,-0.5502613347629,0.02300251776828198,-0.4481177664538363,0.08521930057579834,-0.38527377674239016,0.16365257450141046,Gas6,FALSE,FALSE,FALSE,FALSE,0.46121762598637545,FALSE,FALSE,0.12390878498746419
Gm10762,0.533469165279421,0.05333433753160921,0.5539489046555368,0.08656291510596674,0.29616623485411697,0.4118234644521751,Gm10762,FALSE,FALSE,FALSE,FALSE,0.4611947682630249,FALSE,FALSE,0.12390260454483003
Pik3cd,-0.7139701377136669,0.035296402703282465,-0.4008497000090765,0.18714316511102974,-0.26815898219218015,0.48108303260623336,Pik3cd,FALSE,FALSE,FALSE,FALSE,0.4609929399716412,FALSE,FALSE,0.12384803269803157
AC165960.1,-0.27239844799861473,0.7311324843150211,-0.08530560111598723,0.9202035382951598,-1.0248616041844505,0.34934931468959735,AC165960.1,FALSE,FALSE,FALSE,FALSE,0.4608552177663508,FALSE,FALSE,0.12381079433547929
Mea1,-0.5170189191636414,0.02402884468577471,-0.45517433710955846,0.07591367106951656,-0.4103358119362426,0.12212492892611604,Mea1,FALSE,FALSE,FALSE,FALSE,0.4608430227364808,FALSE,FALSE,0.12380749695186075
Ethe1,-0.6209640039519733,0.08612097298146142,-0.47833075851706575,0.1887247555678563,-0.28298240557103727,0.5376152000016569,Ethe1,FALSE,FALSE,FALSE,FALSE,0.46075905601335876,FALSE,FALSE,0.12378479339965322
Psme4,0.5540663466310809,0.045439971312514225,0.5258185641600877,0.0960072945197005,0.30213285393138367,0.3979923456886011,Psme4,FALSE,FALSE,FALSE,FALSE,0.4606725882408507,FALSE,FALSE,0.12376141359495903
Kcns1,0.09273416114225719,0.9268396401215602,0.5885562083161825,0.4906596159781484,0.7005218390904102,0.5243802984022411,Kcns1,FALSE,FALSE,FALSE,FALSE,0.4606040695162833,FALSE,FALSE,0.12374288698843483
Kcnc2,0.3611269378920958,0.42412401037986197,0.4091535522358558,0.3807128863077853,0.6114048897905677,0.29432073730571645,Kcnc2,FALSE,FALSE,FALSE,FALSE,0.46056179330617314,FALSE,FALSE,0.12373145602974447
Vbp1,0.6740118885058806,0.05275902261457179,0.48508456056920224,0.1809728750750657,0.22256639959570634,0.6430879831106097,Vbp1,FALSE,FALSE,FALSE,FALSE,0.46055428289026307,FALSE,FALSE,0.12372942530717516
Nkap,0.5773365586287413,0.019861619528007517,0.5171412623951239,0.0704576830990092,0.2871448642447465,0.284133330115507,Nkap,FALSE,FALSE,FALSE,FALSE,0.46054089508953727,FALSE,FALSE,0.12372580541322885
Gm4211,0.6243068289049525,0.21727616344940756,0.650488092580197,0.22433217909014203,0.10649092456272086,0.9077475648512404,Gm4211,FALSE,FALSE,FALSE,FALSE,0.46042861534929014,FALSE,FALSE,0.12369544637515084
AC122413.2,-0.8285023507916371,0.20581408685927485,-0.5520126805387393,0.4058096382653025,5.636919889750458e-4,0.9994027379114626,AC122413.2,FALSE,FALSE,FALSE,FALSE,0.4603595744397838,FALSE,FALSE,0.12367677857634733
Bex3,-0.5916255392345757,0.015571191153496351,-0.3647916191490701,0.09547408271329529,-0.4246489387968184,0.1002620105675008,Bex3,FALSE,FALSE,FALSE,FALSE,0.4603553657268214,FALSE,FALSE,0.12367564059297827
CT010433.2,0.4579247752183588,0.3716200623885825,0.47644224118096656,0.3724591219085757,0.44667262799510643,0.5295898931958759,CT010433.2,FALSE,FALSE,FALSE,FALSE,0.46034654813147724,FALSE,FALSE,0.12367325642543191
Dhx36,0.6262662836740809,0.02504287528015629,0.46168335081104495,0.10653767815664678,0.29292312853941826,0.3732082106500253,Dhx36,FALSE,FALSE,FALSE,FALSE,0.46029092100818136,FALSE,FALSE,0.12365821554672492
D830025C05Rik,0.5436747327526271,0.519714725564427,0.06791367662618497,0.9499688776845197,0.7692472865545801,0.4842045811979321,D830025C05Rik,FALSE,FALSE,FALSE,FALSE,0.4602785653111307,FALSE,FALSE,0.12365487472070934
Banf1,-0.39573301010531736,0.0591282313227758,-0.5860932130848213,0.0704576830990092,-0.3985362283104501,0.13969684197102653,Banf1,FALSE,FALSE,FALSE,FALSE,0.46012081716686293,FALSE,FALSE,0.12361222159461535
4933425D22Rik,-0.18456785554272548,0.6722921355469221,-0.6176791886607241,0.1881554651624182,-0.5779294409244827,0.3219967355785621,4933425D22Rik,FALSE,FALSE,FALSE,FALSE,0.46005882837597745,FALSE,FALSE,0.12359546060052364
Gm45819,0.18457854014931313,0.8043474931410642,0.30043105751899285,0.6839337853763796,0.894688265319491,0.2748462807794289,Gm45819,FALSE,FALSE,FALSE,FALSE,0.45989928766259897,FALSE,FALSE,0.12355232278615223
2810403D21Rik,0.6251272174219897,0.054102802804800405,0.3800657597459782,0.25072760760925006,0.3742226769639512,0.3761041991540492,2810403D21Rik,FALSE,FALSE,FALSE,FALSE,0.45980521804397306,FALSE,FALSE,0.12352688753730358
Acot12,0.5128142722690302,0.19033655129247626,0.4344032121729374,0.2954783693021104,0.4319928986078132,0.42319479030660206,Acot12,FALSE,FALSE,FALSE,FALSE,0.4597367943499269,FALSE,FALSE,0.12350838662584429
Tmem69,0.5729633949040678,0.05274178539993674,0.5254140165571823,0.10890761169862719,0.280721032192627,0.47383187519113884,Tmem69,FALSE,FALSE,FALSE,FALSE,0.45969948121795906,FALSE,FALSE,0.12349829762143683
Rif1,0.5585436998507944,0.04386002452607625,0.4823543159891326,0.11278448655616846,0.3377879271488222,0.33603587949649616,Rif1,FALSE,FALSE,FALSE,FALSE,0.45956198099624973,FALSE,FALSE,0.1234611192804697
Slc6a9,-0.8496208696381693,0.10493790854221484,-0.3020819444577091,0.5443862595372613,0.22684794033230182,0.7192625320922958,Slc6a9,FALSE,FALSE,FALSE,FALSE,0.4595169181427267,FALSE,FALSE,0.12344893484823823
Spaca1,0.6243497939442941,0.15563422825353826,0.2045063971035892,0.6935933098077102,0.5495342414931472,0.35534684243619125,Spaca1,FALSE,FALSE,FALSE,FALSE,0.45946347751367683,FALSE,FALSE,0.1234344851702405
Hyal3,-0.3682556904364269,0.18784114568428384,-0.46686349439233976,0.13849670483220658,-0.5427442241857026,0.1575788442217654,Hyal3,FALSE,FALSE,FALSE,FALSE,0.4592878030048231,FALSE,FALSE,0.12338698497927206
Slc29a4,-0.6593804918060635,0.16754846641184357,-0.4810575766358691,0.3149914137919383,-0.2374195592898607,0.716232446307076,Slc29a4,FALSE,FALSE,FALSE,FALSE,0.4592858759105978,FALSE,FALSE,0.12338646391708544
Slc24a5,0.5578934113707061,0.32110862980041527,0.47536111448384777,0.4277996573131044,0.3443858313780319,0.6774700259925407,Slc24a5,FALSE,FALSE,FALSE,FALSE,0.4592134524108619,FALSE,FALSE,0.12336688150817192
Cldn2,-0.695029423862189,0.13179666517028418,-0.6164201447137989,0.19290157127934185,-0.06612918507786203,0.9260668732862938,Cldn2,FALSE,FALSE,FALSE,FALSE,0.45919291788461664,FALSE,FALSE,0.12336132922899117
Tlr4,0.5607145910490612,0.018371466261579567,0.5293220248297423,0.0704576830990092,0.2870469463549199,0.24525330833269812,Tlr4,FALSE,FALSE,FALSE,FALSE,0.4590278540779078,FALSE,FALSE,0.12331669803923116
Pcnx2,0.46555427011105727,0.38378167837905824,-0.30499063999462067,0.642436546814885,0.606471901315542,0.39648884399324824,Pcnx2,FALSE,FALSE,FALSE,FALSE,0.4590056038070733,FALSE,FALSE,0.12331068184416315
Lgalsl,0.6322076278934237,0.04326133976766126,0.4375397832551631,0.1715453371617219,0.30717240813012836,0.44653217569857523,Lgalsl,FALSE,FALSE,FALSE,FALSE,0.45897327309290503,FALSE,FALSE,0.12330194002324014
Gpc6,0.501654079279839,0.03864412666210684,0.27336630931730976,0.24758116511653444,0.601824316087403,0.06750873220157737,Gpc6,FALSE,FALSE,FALSE,FALSE,0.4589482348948506,FALSE,FALSE,0.12329517000750563
Gtpbp8,0.5798795254157296,0.014989859019986373,0.3650237072721163,0.09068417197777828,0.4317110315665005,0.08768766769161325,Gtpbp8,FALSE,FALSE,FALSE,FALSE,0.4588714214181155,FALSE,FALSE,0.12327440060369357
Itgb8,0.40207341238747585,0.045249810674074326,0.5849808150539779,0.0704576830990092,0.3892509473938919,0.13458663734282533,Itgb8,FALSE,FALSE,FALSE,FALSE,0.4587683916117819,FALSE,FALSE,0.12324654263210612
Kit,-0.5689716713037765,0.15550991151027052,-0.5572789667535414,0.19357019101902626,-0.2499794289138162,0.656222858170358,Kit,FALSE,FALSE,FALSE,FALSE,0.45874335565704466,FALSE,FALSE,0.12323977322293654
Slc35a3,0.6300116931689024,0.0297170459751871,0.4318360867628863,0.13811054460570651,0.31426823641284773,0.3729885663587031,Slc35a3,FALSE,FALSE,FALSE,FALSE,0.45870533878154546,FALSE,FALSE,0.12322949393507618
Gm20036,0.23179984191297998,0.7134920078431929,0.8717017399240204,0.14678116243623182,0.2725353740526884,0.7521739080758146,Gm20036,FALSE,FALSE,FALSE,FALSE,0.4586789852965629,FALSE,FALSE,0.12322236828219961
Ms4a6b,0.33830872268188117,0.551324644379942,0.5959215051569141,0.2821114689339067,0.44031312728247285,0.5570229928595926,Ms4a6b,FALSE,FALSE,FALSE,FALSE,0.458181118373756,FALSE,FALSE,0.12308775129044305
Nt5dc1,0.6264661245262433,0.030567462287847402,0.5094608132069611,0.09955301218514566,0.23794182426062216,0.5146808573359559,Nt5dc1,FALSE,FALSE,FALSE,FALSE,0.4579562539979422,FALSE,FALSE,0.12302695077440434
Psmc5,-0.5147152697885184,0.024629542147386174,-0.4650729137996965,0.07556490478840473,-0.3934501156616985,0.13969684197102653,Psmc5,FALSE,FALSE,FALSE,FALSE,0.45774609974997116,FALSE,FALSE,0.12297012769303306
Smdt1,-0.5244058095536763,0.017823060973944406,-0.4438721879363978,0.0704576830990092,-0.40495867156385223,0.09426829161983405,Smdt1,FALSE,FALSE,FALSE,FALSE,0.4577455563513088,FALSE,FALSE,0.12296998076482815
Osgepl1,0.45409078286957616,0.13071526387139806,0.46897894331899304,0.15289262433005546,0.4490234391690193,0.2596272457328866,Osgepl1,FALSE,FALSE,FALSE,FALSE,0.4573643884525295,FALSE,FALSE,0.1228669177302354
Arhgap24,-0.5350172380716254,0.0896905953924341,-0.48261943529845386,0.1544812483096782,-0.354351695104242,0.3943289063905762,Arhgap24,FALSE,FALSE,FALSE,FALSE,0.4573294561581071,FALSE,FALSE,0.12285747247453578
Fmnl2,0.5112345728370258,0.02095553687999382,0.4607846912345863,0.0704576830990092,0.39939694992565133,0.11485340167852212,Fmnl2,FALSE,FALSE,FALSE,FALSE,0.45713873799908783,FALSE,FALSE,0.12280590466863339
Rnf5,-0.5542581662465871,0.11282187765907992,-0.5817490306825199,0.13287841853167795,-0.23496957560542064,0.6104877744639696,Rnf5,FALSE,FALSE,FALSE,FALSE,0.45699225751150924,FALSE,FALSE,0.12276629817604359
Car7,-0.6489967033571902,0.4110139825068261,-0.6549644279616267,0.4245840992906548,0.06634449637770672,0.9601931890559626,Car7,FALSE,FALSE,FALSE,FALSE,0.45676854256550786,FALSE,FALSE,0.12270580845145636
Slc25a46,0.5929450603297752,0.03374280261543281,0.5220588242641346,0.09180503249903499,0.2547317500192037,0.4637710952718513,Slc25a46,FALSE,FALSE,FALSE,FALSE,0.45657854487103783,FALSE,FALSE,0.12265443545016108
Chtf18,-0.6119387010947697,0.22006140354037834,-0.2857021848860284,0.5705745184834751,-0.4719838618617234,0.474215497387226,Chtf18,FALSE,FALSE,FALSE,FALSE,0.4565415826141738,FALSE,FALSE,0.12264444131799516
Gm10440,0.23548148533740515,0.7673895351749026,0.6998833196820149,0.3271625765282064,0.43420919288880594,0.6648017871750572,Gm10440,FALSE,FALSE,FALSE,FALSE,0.45652466596940866,FALSE,FALSE,0.12263986726873706
Cd2ap,0.6695517402139108,0.01600573855620976,0.41543927350526477,0.0960072945197005,0.28458049712384703,0.3080993538020377,Cd2ap,FALSE,FALSE,FALSE,FALSE,0.45652383694767423,FALSE,FALSE,0.12263964311162423
Ccl25,0.3784629424877133,0.2966229860047382,0.6001631130901803,0.13385386958283618,0.3907057251624375,0.43143168179947894,Ccl25,FALSE,FALSE,FALSE,FALSE,0.4564439269134437,FALSE,FALSE,0.12261803643737758
Sos2,0.615152611611693,0.02095553687999382,0.4277150069669764,0.09955301218514566,0.32635296234846844,0.26266551981992325,Sos2,FALSE,FALSE,FALSE,FALSE,0.4564068603090459,FALSE,FALSE,0.12260801409094305
Pdyn,-0.9384665080698511,0.014466638834183743,-0.26153578724375937,0.2913687912323456,-0.16882265512503336,0.6102388064231631,Pdyn,FALSE,FALSE,FALSE,FALSE,0.4562749834795479,FALSE,FALSE,0.12257235624492804
F830016B08Rik,0.5681047028375383,0.3464862770316684,0.33171386075535264,0.6265406428326629,0.4688844742021831,0.5870196306058533,F830016B08Rik,FALSE,FALSE,FALSE,FALSE,0.4562343459316914,FALSE,FALSE,0.12256136836002506
Tsc22d2,0.5508539970409183,0.03709196898568159,0.47204489886398804,0.10095931193905984,0.34574794389467467,0.2890231497452525,Tsc22d2,FALSE,FALSE,FALSE,FALSE,0.456215613266527,FALSE,FALSE,0.1225563032815543
Eef1a1,-0.49053426425319024,0.017823060973944406,-0.40124539214233756,0.07139324434162915,-0.47663303167662363,0.05923429165287355,Eef1a1,FALSE,FALSE,FALSE,FALSE,0.45613756269071715,FALSE,FALSE,0.12253519938161823
9330159F19Rik,0.5303784339832402,0.021715978915191857,0.4157541168750445,0.08508717706951348,0.42186236001143396,0.11289515180952109,9330159F19Rik,FALSE,FALSE,FALSE,FALSE,0.45599830362323956,FALSE,FALSE,0.1224975454707439
Mxd3,0.09711202944369535,0.9276073044980941,-0.060628206410991314,0.9579388687573442,1.2100654090966554,0.263028780668114,Mxd3,FALSE,FALSE,FALSE,FALSE,0.4559352149837807,FALSE,FALSE,0.12248048709134789
8430426J06Rik,-0.2768392445598671,0.7671353800423183,0.7689704467992942,0.3135800031211433,0.3214593430241057,0.7845045557111937,8430426J06Rik,FALSE,FALSE,FALSE,FALSE,0.45575634479442234,FALSE,FALSE,0.12243212282832235
Ankrd37,0.6334152862319109,0.09852016257814526,0.36605629664685013,0.36501148845679404,0.3676761295434612,0.4872459834987005,Ankrd37,FALSE,FALSE,FALSE,FALSE,0.45571590414074076,FALSE,FALSE,0.12242118818114275
Mcts1,0.6428168396184635,0.023495574798305448,0.4909608389421187,0.09488953217474604,0.2328358708215328,0.49125522185044984,Mcts1,FALSE,FALSE,FALSE,FALSE,0.45553784979403833,FALSE,FALSE,0.12237304451177199
Traf4,-0.45110293357009246,0.12978851975973227,-0.47783810058396536,0.14340070881620068,-0.43734510578578956,0.26392013675055404,Traf4,FALSE,FALSE,FALSE,FALSE,0.45542871331328244,FALSE,FALSE,0.1223435353717644
AW822252,0.3779277534698226,0.44311983788854037,0.3447354387499333,0.5071067841133883,0.6435472305723027,0.30995639629376925,AW822252,FALSE,FALSE,FALSE,FALSE,0.4554034742640195,FALSE,FALSE,0.1223367110483741
CT025659.2,0.877234268342425,0.05428956408387389,0.26534928334107516,0.5972813314803838,0.2236017403195903,0.7479185016252407,CT025659.2,FALSE,FALSE,FALSE,FALSE,0.4553950973343635,FALSE,FALSE,0.12233444603132076
Gm16861,-0.23374445686166762,0.675598271652843,0.2204922377349822,0.6883761527332307,0.9112914896868829,0.1396697986803263,Gm16861,FALSE,FALSE,FALSE,FALSE,0.4551760614278442,FALSE,FALSE,0.12227522146051366
Tmem132c,-0.7493631762520692,0.02672464206529116,-0.4182953111607315,0.15814307958668486,-0.1977048503614034,0.5932787828900294,Tmem132c,FALSE,FALSE,FALSE,FALSE,0.45512111259140137,FALSE,FALSE,0.122260363982092
Lzts2,-0.6196058010875527,0.03989274916517326,-0.48264613176634974,0.1240018193448803,-0.26205357619337377,0.4856421306484975,Lzts2,FALSE,FALSE,FALSE,FALSE,0.4547685030157587,FALSE,FALSE,0.12216502276104853
Ccng2,0.5793267008781813,0.022311335005513255,0.4181619205848053,0.09749789641905506,0.36612978967507814,0.1978072537436872,Ccng2,FALSE,FALSE,FALSE,FALSE,0.4545394703793549,FALSE,FALSE,0.1221030951994565
Klk1b21,-1.0226426699915305,0.21542987014936524,-0.039944164465861576,0.96664496961763835,0.30087820612659866,0.7884932858524245,Klk1b21,FALSE,FALSE,FALSE,FALSE,0.4544883468613303,FALSE,FALSE,0.12208927203931226
Gm37238,0.31690572789556826,0.5429558170613067,0.4056045217815909,0.4395010255988981,0.6405445402555492,0.3246581107463232,Gm37238,FALSE,FALSE,FALSE,FALSE,0.45435159664423613,FALSE,FALSE,0.12205229649021676
Polr2l,-0.5017126504376401,0.05353179381210053,-0.4418349548538658,0.11278448655616846,-0.4194162125992782,0.1921321104058133,Polr2l,FALSE,FALSE,FALSE,FALSE,0.4543212726302614,FALSE,FALSE,0.12204409725593895
Gm42636,0.5109023419519638,0.26464145376248155,0.39275516887097495,0.4229967230259528,0.4592868448455187,0.4663281569668116,Gm42636,FALSE,FALSE,FALSE,FALSE,0.45431478522281915,FALSE,FALSE,0.12204234314207003
Ccdc9,-0.5631813138147379,0.021527426362789856,-0.6277741390864495,0.0704576830990092,-0.17160346379557856,0.503181504385544,Ccdc9,FALSE,FALSE,FALSE,FALSE,0.45418630556558864,FALSE,FALSE,0.12200760384896582
Tle6,-0.735210931510574,0.13313962729881826,-0.5499751198338411,0.2591057418763741,-0.0771231324517474,0.9179629973134946,Tle6,FALSE,FALSE,FALSE,FALSE,0.4541030612653875,FALSE,FALSE,0.12198509563088462
Zfp763,0.5935433657555951,0.0211573327684876,0.4542489799342846,0.08525470443769087,0.31417594053305287,0.26510229486192677,Zfp763,FALSE,FALSE,FALSE,FALSE,0.45398942874097753,FALSE,FALSE,0.12195437081688104
Noct,0.35881568479280723,0.3207266942717905,0.6548551408600805,0.11713048511995162,0.34794140587098354,0.4918152224753389,Noct,FALSE,FALSE,FALSE,FALSE,0.4538707438412904,FALSE,FALSE,0.12192227990376568
Slc22a6,0.7217054695143226,0.340925412644379,0.02658777389797448,0.9797933083382235,0.612614250665102,0.5701369426055226,Slc22a6,FALSE,FALSE,FALSE,FALSE,0.453635831359133,FALSE,FALSE,0.12185876250538981
Ak8,-0.5296215724272049,0.25580249969185426,-0.5895436637263888,0.23297726659049384,-0.24172223727558295,0.7097392647113677,Ak8,FALSE,FALSE,FALSE,FALSE,0.4536291578097255,FALSE,FALSE,0.12185695806106057
Selenov,-0.18311861445406175,0.7723505487978404,0.5560970960928072,0.31051071071636394,0.6214237251166351,0.37551935445985263,Selenov,FALSE,FALSE,FALSE,FALSE,0.45354647855450136,FALSE,FALSE,0.12183460262407714
9630028B13Rik,-0.42024275742163364,0.6842847212188552,0.22876664866157245,0.8254896364846287,-0.7112214802222725,0.6147300814706247,9630028B13Rik,FALSE,FALSE,FALSE,FALSE,0.45341029543515954,FALSE,FALSE,0.1217977804111242
Sos1,0.537813636668238,0.02734049331395135,0.47870145459709157,0.08451455445915308,0.3426767308826415,0.23732599087608175,Sos1,FALSE,FALSE,FALSE,FALSE,0.4530639407159904,FALSE,FALSE,0.12170413042507497
Catspere2,0.547694219943943,0.05234162465570344,0.3942300381741384,0.17711735348508661,0.4172547989280617,0.2447201135662734,Catspere2,FALSE,FALSE,FALSE,FALSE,0.4530596856820477,FALSE,FALSE,0.12170297991709192
6030443J06Rik,0.3166005372474394,0.4549549520364796,0.5944136855052304,0.1744673279203778,0.4477705101211302,0.4203354653610545,6030443J06Rik,FALSE,FALSE,FALSE,FALSE,0.4529282442912667,FALSE,FALSE,0.12166743980826229
Cep57,0.4541997321366198,0.03864412666210684,0.4869657584396565,0.07346255419668397,0.41721147820678084,0.1306330155548047,Cep57,FALSE,FALSE,FALSE,FALSE,0.45279232292768573,FALSE,FALSE,0.1216306883707947
Trpm7,0.5687727954994637,0.023607871238459647,0.44409535031689096,0.09180503249903499,0.3452050558467894,0.23556047760483703,Trpm7,FALSE,FALSE,FALSE,FALSE,0.452691067221048,FALSE,FALSE,0.1216033100935858
Ttc30a1,0.6577825989221782,0.03432188691898051,0.5758786696504665,0.09180503249903499,0.124263471679122,0.7778034294198124,Ttc30a1,FALSE,FALSE,FALSE,FALSE,0.45264158008392225,FALSE,FALSE,0.12158992939037909
Snord104,-0.47818675031552216,0.07299394562283804,-0.2805224217177056,0.2751346941568714,-0.5991235943778965,0.1002620105675008,Snord104,FALSE,FALSE,FALSE,FALSE,0.4526109221370414,FALSE,FALSE,0.1215816398648182
Syp,-0.5562326801831237,0.014840024695314973,-0.4031994709092501,0.07346255419668397,-0.3983770533145625,0.09610154956615466,Syp,FALSE,FALSE,FALSE,FALSE,0.45260306813564544,FALSE,FALSE,0.12157951624102889
Hcn1,0.46543715447735723,0.2885138113028277,0.43242695428744193,0.35187862730586,0.45994215517483283,0.44505439627464977,Hcn1,FALSE,FALSE,FALSE,FALSE,0.45260208797987733,FALSE,FALSE,0.12157925121916278
Fam122b,0.7278244853664555,0.012478226943271664,0.3360449677944084,0.12344328495802823,0.2937266273690051,0.2525883294604192,Fam122b,FALSE,FALSE,FALSE,FALSE,0.4525320268432897,FALSE,FALSE,0.12156030756371104
Selenot,0.6242372570393897,0.032324771731435685,0.4685257308237629,0.1219508113246877,0.2647841080594553,0.4637710952718513,Selenot,FALSE,FALSE,FALSE,FALSE,0.4525156986408693,FALSE,FALSE,0.12155589262190646
Sgcd,0.6254032810487467,0.12077574790704788,0.4358093994250576,0.30731543404137646,0.2960803301227699,0.6131233655009791,Sgcd,FALSE,FALSE,FALSE,FALSE,0.4524310035321914,FALSE,FALSE,0.12153299212335067
Cstf3,0.5873764369560277,0.02641424869437996,0.4385310593158209,0.108209672565569,0.3313770805168623,0.289054293552995,Cstf3,FALSE,FALSE,FALSE,FALSE,0.45242819226290365,FALSE,FALSE,0.12153223199128084
Chd3,-0.6219267165761524,0.0372238640149502,-0.49240260939092195,0.1185524866650668,-0.24261584853047502,0.5230312937341304,Chd3,FALSE,FALSE,FALSE,FALSE,0.45231505816584977,FALSE,FALSE,0.12150164194580318
Lyve1,0.5594540627181376,0.44735348902264505,0.595092691365808,0.4367033286374905,0.20229034653383188,0.8722920238991596,Lyve1,FALSE,FALSE,FALSE,FALSE,0.45227903353925913,FALSE,FALSE,0.12149190133714123
Rps3a3,-0.3365813596007099,0.4028448956576923,-0.3713213055950745,0.3737276008922709,-0.6482059942628597,0.24767959591140917,Rps3a3,FALSE,FALSE,FALSE,FALSE,0.45203621981954806,FALSE,FALSE,0.12142624754290957
Tmpo,0.5402470388364131,0.057866366417955666,0.5128522091037526,0.11259354305197018,0.302525780261945,0.42382405512237675,Tmpo,FALSE,FALSE,FALSE,FALSE,0.4518750094007036,FALSE,FALSE,0.12138265826105427
Sox18,0.4332369207709387,0.4549549520364796,0.0539920181671546,0.9414937342746121,0.8680927908611247,0.232585299717708,Sox18,FALSE,FALSE,FALSE,FALSE,0.45177390993307265,FALSE,FALSE,0.12135532222891955
Slc25a43,1.1472869348169754,0.0611025727756371,0.2068387570460879,0.7826803392706425,0.001043583717074914,0.9991669576530677,Slc25a43,FALSE,FALSE,FALSE,FALSE,0.45172309186004606,FALSE,FALSE,0.12134158165728419
Prmt2,-0.6004087405791347,0.02095553687999382,-0.4505844348848642,0.08453473759992562,-0.30327360694816097,0.263937480222375,Prmt2,FALSE,FALSE,FALSE,FALSE,0.4514222608040533,FALSE,FALSE,0.12126024070063582
Gm47439,0.8207577155643283,0.18539942910671733,-0.2644091445664691,0.7414931109454224,0.26866621485415476,0.790781522904457,Gm47439,FALSE,FALSE,FALSE,FALSE,0.4512776916616507,FALSE,FALSE,0.12122115101188659
Dgkh,0.4282830826702222,0.0489720586052495,0.5962473571742075,0.0704576830990092,0.32846692553022283,0.23959927157020675,Dgkh,FALSE,FALSE,FALSE,FALSE,0.45099912179155083,FALSE,FALSE,0.12114582920160155
Socs4,0.6442215214936731,0.024629542147386174,0.4980527605867948,0.0960072945197005,0.20983471822670552,0.5472420690691683,Socs4,FALSE,FALSE,FALSE,FALSE,0.4507030001023911,FALSE,FALSE,0.12106576159886986
4931440P22Rik,-0.7058350367580977,0.12116319454980866,0.019432672990337574,0.9687228752364762,-0.6260375144938459,0.28716629245434133,4931440P22Rik,FALSE,FALSE,FALSE,FALSE,0.45043507474742706,FALSE,FALSE,0.12099331793240328
Kcne4,-0.2513765231423121,0.732791443540147,-0.5161082935339247,0.48675784093141394,-0.5834931133255833,0.5571252776561392,Kcne4,FALSE,FALSE,FALSE,FALSE,0.45032597666727336,FALSE,FALSE,0.12096381917543846
Ptgs2,0.27451279555770436,0.7827385375373999,0.5287091669959706,0.5756589022212344,0.5477105729630442,0.6602929220310698,Ptgs2,FALSE,FALSE,FALSE,FALSE,0.4503108451722397,FALSE,FALSE,0.12095972780835039
Satb2,0.6985461642930566,0.04507719703981169,0.08180889082609744,0.8395327111525042,0.5701944628542037,0.1935793337310282,Satb2,FALSE,FALSE,FALSE,FALSE,0.4501831726577859,FALSE,FALSE,0.12092520675656236
Zscan30,0.5233322192778105,0.07471476086738574,0.40511733653103565,0.18821656976613457,0.422092223409253,0.2664184956186209,Zscan30,FALSE,FALSE,FALSE,FALSE,0.4501805930726997,FALSE,FALSE,0.12092450926900418
Capns1,-0.5463414564050497,0.030793365723213884,-0.38912867223686476,0.13078105459057643,-0.4144690504830866,0.17827482305413056,Capns1,FALSE,FALSE,FALSE,FALSE,0.44997972637500033,FALSE,FALSE,0.12087019742511644
Phf11d,0.5633556128638344,0.21069933885368078,0.24211364295385218,0.6399909084957797,0.543124014291982,0.3730024733180667,Phf11d,FALSE,FALSE,FALSE,FALSE,0.44953109003655617,FALSE,FALSE,0.12074889176790682
Rhbdl3,-0.5112516018177549,0.061226697021892824,-0.2576127027394457,0.3222730357666606,-0.5795714461013666,0.1120519743544354,Rhbdl3,FALSE,FALSE,FALSE,FALSE,0.4494785835528557,FALSE,FALSE,0.1207346946711332
Bcap29,0.6118126806463993,0.0949414752849742,0.5390431127357838,0.1751640242634439,0.1975152671674678,0.718321577615838,Bcap29,FALSE,FALSE,FALSE,FALSE,0.4494570201832169,FALSE,FALSE,0.12072886420556111
1700001C02Rik,-0.20751482478314504,0.82579455485218,-0.43084243901720704,0.6504670190535871,-0.7099941121549123,0.5765246950619544,1700001C02Rik,FALSE,FALSE,FALSE,FALSE,0.44945045865175476,FALSE,FALSE,0.12072709004948387
Tmem30a,0.6781080499596666,0.051798044467034995,0.4988089400080966,0.1715187073175723,0.1713771535120152,0.7303752574601557,Tmem30a,FALSE,FALSE,FALSE,FALSE,0.44943138115992615,FALSE,FALSE,0.12072193173419402
Cox6b1,-0.4613389112136028,0.024386792225678543,-0.4310532605606756,0.07319949539497417,-0.45529863401361936,0.07945684796201677,Cox6b1,FALSE,FALSE,FALSE,FALSE,0.44923026859596593,FALSE,FALSE,0.12066755341114307
1810019N24Rik,0.21155961564771153,0.8417754188989924,0.9348374051515355,0.30663226306488,0.20111379963125464,0.9012294033598016,1810019N24Rik,FALSE,FALSE,FALSE,FALSE,0.44917027347683386,FALSE,FALSE,0.12065133148096925
Gm49484,0.6575256058139269,0.3411092401133198,0.17082017089535384,0.842762687462754,0.5183672443345284,0.6039733906475363,Gm49484,FALSE,FALSE,FALSE,FALSE,0.4489043403479364,FALSE,FALSE,0.12057942648752491
1700113H08Rik,-0.5854562808112582,0.22160812106738226,-0.3165947809976938,0.5186626288819266,-0.44398395034446203,0.4918152224753389,1700113H08Rik,FALSE,FALSE,FALSE,FALSE,0.4486783373844713,FALSE,FALSE,0.12051831811161955
Gm9922,-1.2056165929294738,0.13322773029430005,-0.056223130242083086,0.9469783047149088,-0.0841267977677696,0.9465656818331815,Gm9922,FALSE,FALSE,FALSE,FALSE,0.44865550697977546,FALSE,FALSE,0.12051214505560807
Pfdn2,-0.5354298694407507,0.042115166113742594,-0.46645362690240244,0.09985446790987595,-0.3437822543637967,0.27094845677333723,Pfdn2,FALSE,FALSE,FALSE,FALSE,0.44855525023564996,FALSE,FALSE,0.12048503688537376
Alkbh8,0.5194765078993342,0.04069504135546845,0.4608360546299366,0.10069442807404672,0.36524837671922494,0.25091809259518183,Alkbh8,FALSE,FALSE,FALSE,FALSE,0.4485203130828319,FALSE,FALSE,0.1204755903160247
Pstk,0.43495870576599716,0.12590755572454204,0.5706754502075495,0.09180503249903499,0.33955052167990596,0.37520142472917006,Pstk,FALSE,FALSE,FALSE,FALSE,0.4483948925511509,FALSE,FALSE,0.12044167817222487
Cfl1,-0.5169320339177492,0.028969556093530142,-0.434568134604711,0.09180503249903499,-0.3934804190702028,0.1672010276360444,Cfl1,FALSE,FALSE,FALSE,FALSE,0.44832686253088766,FALSE,FALSE,0.12042328370523489
Abca8a,-0.6599033230754996,0.12505613258698503,-0.44834888592600475,0.3167458363461255,0.23611484285317985,0.7020164200252905,Abca8a,FALSE,FALSE,FALSE,FALSE,0.4481223506182281,FALSE,FALSE,0.1203679862407932
2310033P09Rik,-0.7760158118431675,0.023240227542512155,-0.36544610332060445,0.19025808232305622,-0.20242246751829107,0.5701369426055226,2310033P09Rik,FALSE,FALSE,FALSE,FALSE,0.447961460894021,FALSE,FALSE,0.12032448367075864
Rsg1,0.48216835470239683,0.19814096119107566,0.1809089668565821,0.678026352761941,0.6805688205691897,0.16718887426545054,Rsg1,FALSE,FALSE,FALSE,FALSE,0.4478820473760562,FALSE,FALSE,0.12030301124830295
Slc4a7,0.39674878678074244,0.09601265391712109,0.6099232780785249,0.0704576830990092,0.33694476162703246,0.2942863396999911,Slc4a7,FALSE,FALSE,FALSE,FALSE,0.44787227549543324,FALSE,FALSE,0.12030036905394736
Trim30d,0.5662996913484164,0.17064557857725032,0.3079011992567153,0.49689111997366076,0.4686132844301421,0.409082037651014,Trim30d,FALSE,FALSE,FALSE,FALSE,0.4476047250117579,FALSE,FALSE,0.12022802674799074
Elfn1,-0.8123124756788763,0.1277511918733802,-0.2906852902720116,0.5756589022212344,-0.23977740589985186,0.7344920347434263,Elfn1,FALSE,FALSE,FALSE,FALSE,0.4475917239502466,FALSE,FALSE,0.12022451142349314
Zdhhc4,-0.5940894647213812,0.02300251776828198,-0.34205300693192253,0.13849670483220658,-0.40643922080122463,0.14970007595460086,Zdhhc4,FALSE,FALSE,FALSE,FALSE,0.44752723081817614,FALSE,FALSE,0.12020707328685346
2700012I20Rik,-0.41091900433293915,0.35717366178503723,-0.39129592955169246,0.40003195933596997,-0.5402600371635207,0.37502430495615785,2700012I20Rik,FALSE,FALSE,FALSE,FALSE,0.44749165701605076,FALSE,FALSE,0.12019745457549086
Gm26711,0.6374298433360561,0.3896365834837699,0.3847193695063311,0.6470860114501704,0.32024582982012306,0.7857274676140475,Gm26711,FALSE,FALSE,FALSE,FALSE,0.4474650142208368,FALSE,FALSE,0.12019025069674456
Gm43667,0.5630757532406943,0.08277606029842234,0.44334300038449315,0.1939224151181437,0.3358487237441934,0.44486998371893066,Gm43667,FALSE,FALSE,FALSE,FALSE,0.44742249245646026,FALSE,FALSE,0.12017875334325043
Polk,0.5441905140989407,0.02526940340353262,0.5186070471846591,0.07169446715868752,0.27938406926431103,0.32856826596063826,Polk,FALSE,FALSE,FALSE,FALSE,0.4473938768493036,FALSE,FALSE,0.12017101604081828
Gm14597,-0.6133806313168,0.06340258994738669,-0.41049204991617483,0.1986112567201893,-0.31818678426488756,0.43139546174649335,Gm14597,FALSE,FALSE,FALSE,FALSE,0.44735315516595414,FALSE,FALSE,0.12016000540672984
Zfp937,0.5828117357385953,0.05428956408387389,0.5582872684055551,0.10211259847939146,0.2008009888124045,0.6344491853975686,Zfp937,FALSE,FALSE,FALSE,FALSE,0.447299997652185,FALSE,FALSE,0.12014563227956462
Celf2,0.599467506305194,0.01691588039912244,0.3480242315134081,0.11713048511995162,0.3941659787940033,0.1368467972435788,Celf2,FALSE,FALSE,FALSE,FALSE,0.44721923887086845,FALSE,FALSE,0.12012379611471666
Cdkn3,0.5804520262742274,0.2711244380973106,0.4421391452506689,0.43487699701268934,0.3189261155582117,0.686813506456624,Cdkn3,FALSE,FALSE,FALSE,FALSE,0.44717242902770266,FALSE,FALSE,0.12011113931832608
Zfand6,0.5879618548812324,0.02005871878534375,0.4903140023253618,0.07460733580624092,0.26324020923417013,0.3386720962795179,Zfand6,FALSE,FALSE,FALSE,FALSE,0.4471720221469215,FALSE,FALSE,0.12011102930284953
4930413G21Rik,-0.6130366131572687,0.10085090955068203,-0.3318817529357605,0.3548156566775525,-0.39594565271656856,0.40216948071616193,4930413G21Rik,FALSE,FALSE,FALSE,FALSE,0.44695467293653257,FALSE,FALSE,0.12005226079358956
Kctd14,-0.46177174748584726,0.4977316242579382,-0.5615302413091349,0.4240820219470195,0.31728831080104003,0.7141913734832422,Kctd14,FALSE,FALSE,FALSE,FALSE,0.44686343319867405,FALSE,FALSE,0.12002759070912215
B230334C09Rik,0.5234382643194,0.3411129733152982,0.28533603670166285,0.6497801118399483,0.5316345433777714,0.48481238182758035,B230334C09Rik,FALSE,FALSE,FALSE,FALSE,0.44680294813294474,FALSE,FALSE,0.12001123630351358
Fgl2,0.47234109314814665,0.3559259562768859,0.4071841696414249,0.45730079095743215,0.4605874902272631,0.5212893631595337,Fgl2,FALSE,FALSE,FALSE,FALSE,0.44670425100561156,FALSE,FALSE,0.1199845498341621
Trim23,0.6413318736318461,0.0403330919229201,0.47816621478648624,0.1408255148231592,0.22015688073347572,0.5940623400487021,Trim23,FALSE,FALSE,FALSE,FALSE,0.446551656383936,FALSE,FALSE,0.11994329015614939
Flvcr2,0.7367893495273752,0.24429300858594108,0.22490922961218518,0.7702943096080379,0.3778864892650545,0.6933502956664442,Flvcr2,FALSE,FALSE,FALSE,FALSE,0.44652835613487163,FALSE,FALSE,0.11993699006009452
Gm28455,0.6923502355040421,0.029696377318425157,0.44153645513843087,0.15814307958668486,0.20473126935570107,0.6242900544963055,Gm28455,FALSE,FALSE,FALSE,FALSE,0.446205986666058,FALSE,FALSE,0.11984982538588562
Lrrcc1,0.6400534580816357,0.021715978915191857,0.44526094268745364,0.10228127377363995,0.2531381544155522,0.42319479030660206,Lrrcc1,FALSE,FALSE,FALSE,FALSE,0.44615085172821384,FALSE,FALSE,0.11983491758797164
Cbarp,-0.8193657048407994,0.023794292225643953,-0.08064609609037898,0.8254896364846287,-0.43832453249403436,0.29737310093175856,Cbarp,FALSE,FALSE,FALSE,FALSE,0.4461121111417376,FALSE,FALSE,0.11982444261771068
Prss12,-0.4478656384635151,0.21364768799161518,-0.6135026962597403,0.13719591813254925,-0.27619787218337377,0.5700633804749404,Prss12,FALSE,FALSE,FALSE,FALSE,0.4458554023022097,FALSE,FALSE,0.1197550317567928
Gsdma,0.6346419854986385,0.26929806925392064,-0.5618207948400652,0.4329704019182371,0.1408666481302434,0.8924698440735269,Gsdma,FALSE,FALSE,FALSE,FALSE,0.4457764761563157,FALSE,FALSE,0.11973369111365209
4833422M21Rik,0.7402267782475176,0.38952356059339854,0.13780138549123833,0.8988135904205636,0.45921711498951345,0.7261025790197663,4833422M21Rik,FALSE,FALSE,FALSE,FALSE,0.44574842624275646,FALSE,FALSE,0.11972610676769657
Mest,-0.4903793691069769,0.057153782688960535,-0.39087540121731124,0.15536279914095444,-0.4554855850129744,0.17891057821632086,Mest,FALSE,FALSE,FALSE,FALSE,0.4455801184457542,FALSE,FALSE,0.11968059844351653
Tmem232,0.5912539072979439,0.2922605298653445,0.22535683439987508,0.7352352150045579,0.5200850036394773,0.5078170045556883,Tmem232,FALSE,FALSE,FALSE,FALSE,0.44556524844576545,FALSE,FALSE,0.11967657778141948
Plscr4,0.6318109467230473,0.02513618460981352,0.5236828920685177,0.08619756464540504,0.18109415806433393,0.608843822656067,Plscr4,FALSE,FALSE,FALSE,FALSE,0.4455293322852996,FALSE,FALSE,0.11966686650064168
AF357428,0.39476411534627875,0.4211051380119923,0.1404617459033466,0.8109287237640898,-0.8013076555995593,0.2942863396999911,AF357428,FALSE,FALSE,FALSE,FALSE,0.44551117228306153,FALSE,FALSE,0.11966195626306694
C3,-0.6770205453186269,0.1347274504868778,-0.22744570392613372,0.6250533734515618,-0.4319020438543655,0.46750574491071817,C3,FALSE,FALSE,FALSE,FALSE,0.4454560976997087,FALSE,FALSE,0.11964706478425288
AI661453,-0.8098923465785619,0.11453478013692535,-0.42017450623401564,0.39166310194609416,0.10628561911264867,0.8818326984690418,AI661453,FALSE,FALSE,FALSE,FALSE,0.4454508239750754,FALSE,FALSE,0.11964563883504244
Mdm1,0.20024262673572846,0.6960704416776021,0.7262100880671758,0.17026313196676432,0.40975849152236865,0.549748580608299,Mdm1,FALSE,FALSE,FALSE,FALSE,0.44540373544175765,FALSE,FALSE,0.11963290668431885
Rassf4,0.8155421444235813,0.012339119127892623,0.20295304781810675,0.34855214802446216,0.3177102886366745,0.2521490560962136,Rassf4,FALSE,FALSE,FALSE,FALSE,0.4454018269594542,FALSE,FALSE,0.11963239065456321
AI987944,0.6098292187869152,0.030260663104226305,0.5342444709736718,0.08884944622614066,0.19206298537684852,0.5951210779388261,AI987944,FALSE,FALSE,FALSE,FALSE,0.4453788917124785,FALSE,FALSE,0.11962618925051
Zbtb6,0.6113033142062081,0.049628608202857895,0.5009427007612777,0.13466087662941184,0.22355286530022678,0.5967550128930436,Zbtb6,FALSE,FALSE,FALSE,FALSE,0.44526629342257085,FALSE,FALSE,0.11959574408058618
Fbxo30,0.5520944170314719,0.03831333094046757,0.4903598706903578,0.0960072945197005,0.29315176971333745,0.3784396276043878,Fbxo30,FALSE,FALSE,FALSE,FALSE,0.4452020191450557,FALSE,FALSE,0.11957836511948221
Nr2f2,0.46694997107429437,0.044090152498948126,0.4491404594239823,0.09128107615097127,0.41909498941001466,0.15398926310186406,Nr2f2,FALSE,FALSE,FALSE,FALSE,0.4450618066360971,FALSE,FALSE,0.11954045340995102
Gjb2,0.4419906699307463,0.3751817734896901,0.5074340477168373,0.32578609896149663,0.3856684934535497,0.584110244496168,Gjb2,FALSE,FALSE,FALSE,FALSE,0.4450310703670444,FALSE,FALSE,0.11953214270705402
Gm2065,0.4860812356768024,0.44746768110687934,0.6117016898221742,0.34969746103454347,0.23692682387782843,0.8160706567923424,Gm2065,FALSE,FALSE,FALSE,FALSE,0.44490324979226836,FALSE,FALSE,0.11949758162160586
Zfp322a,0.5431302732266001,0.055344330222809344,0.534177448255039,0.10069442807404672,0.2572337033020311,0.49608855028328164,Zfp322a,FALSE,FALSE,FALSE,FALSE,0.44484714159455674,FALSE,FALSE,0.11948241066639108
Atn1,0.28825242778418647,0.40062538926817554,0.3368776524538495,0.33964977556731973,0.7087537711325342,0.11553438602955379,Atn1,FALSE,FALSE,FALSE,FALSE,0.4446279504568567,FALSE,FALSE,0.11942314412301334
Ddias,0.737182650339468,0.2051147269933494,-0.05879556832878213,0.9406317769106901,0.5376797678546816,0.5140234993850354,Ddias,FALSE,FALSE,FALSE,FALSE,0.44455266217431055,FALSE,FALSE,0.1194027871126425
2900011O08Rik,0.07826942024871053,0.9079752144443256,-0.7250128466717443,0.2859432361235127,0.5303488462523291,0.47168998918942256,2900011O08Rik,FALSE,FALSE,FALSE,FALSE,0.444543704390928,FALSE,FALSE,0.11940036504000316
Mat2b,0.6016620319137127,0.02964455549246617,0.45460340332277926,0.11441012993149036,0.2772847934422744,0.4124058764772356,Mat2b,FALSE,FALSE,FALSE,FALSE,0.44451674289292215,FALSE,FALSE,0.11939307498800626
Ap4e1,0.4826868550194159,0.05393032046324236,0.46872120962071717,0.09952388076120047,0.3818887473936132,0.23275281910636358,Ap4e1,FALSE,FALSE,FALSE,FALSE,0.4444322706779154,FALSE,FALSE,0.11937023475711261
Chrna4,-0.5867773009311701,0.17464517509343913,-0.2921523479613217,0.49832709654500795,-0.4543228111159894,0.4252328865954071,Chrna4,FALSE,FALSE,FALSE,FALSE,0.4444174866694937,FALSE,FALSE,0.11936623734606025
Gm23217,0.17286267570680658,0.7272126302533304,0.15555836335231166,0.7651121636253747,-1.004791619300743,0.17626366205884558,Gm23217,FALSE,FALSE,FALSE,FALSE,0.44440421945328706,FALSE,FALSE,0.1193626500566604
Rnft1,0.6279207321949691,0.02701151743662195,0.49097221450101447,0.09968431829754035,0.21416228658467062,0.5441106587100206,Rnft1,FALSE,FALSE,FALSE,FALSE,0.44435174442688474,FALSE,FALSE,0.11934846146554694
Vwa7,-0.8648622835541143,0.2147578464106987,-0.20978522064132077,0.7657765098525056,-0.2583763291778595,0.786939508443944,Vwa7,FALSE,FALSE,FALSE,FALSE,0.4443412777910982,FALSE,FALSE,0.11934563141808074
Med14,0.5342317241426162,0.027839720029878327,0.4665688600509599,0.08525470443769087,0.3320782323700433,0.2523247967904376,Med14,FALSE,FALSE,FALSE,FALSE,0.4442929388545398,FALSE,FALSE,0.11933256117395301
Fam208b,0.5285755050207452,0.03994617398770833,0.4707139128326734,0.09990702626618189,0.3330507474677358,0.30119179107985683,Fam208b,FALSE,FALSE,FALSE,FALSE,0.4441133884403848,FALSE,FALSE,0.11928401298664641
Pgr15l,-0.19706206426729728,0.7784865207472623,0.39333374256049786,0.5272126190678116,0.7407929096371113,0.3246581107463232,Pgr15l,FALSE,FALSE,FALSE,FALSE,0.44372957215496883,FALSE,FALSE,0.11918023386141638
Vax1,-0.850469595399783,0.1440877931415008,-0.3916766949183297,0.48095716530092836,0.08903400288122354,0.9162903148707165,Vax1,FALSE,FALSE,FALSE,FALSE,0.4437267643997787,FALSE,FALSE,0.11917947467951462
Gm37529,0.8625756255761572,0.2833920426486717,0.41831479508906144,0.6577906926225174,0.050208282827825856,0.9755716489156836,Gm37529,FALSE,FALSE,FALSE,FALSE,0.44369956783101483,FALSE,FALSE,0.11917212106732353
Psd3,0.5753939288342771,0.016531461885642206,0.4117408238499518,0.08120675934582743,0.34388064857916056,0.16081527448461813,Psd3,FALSE,FALSE,FALSE,FALSE,0.4436718004211298,FALSE,FALSE,0.11916461310682974
Gm32031,-0.5848256101425526,0.10414163118830207,-0.37860796543377506,0.28617551529780716,-0.3675001965384934,0.42382405512237675,Gm32031,FALSE,FALSE,FALSE,FALSE,0.4436445907049404,FALSE,FALSE,0.11915725593973915
Uri1,0.5801088977884259,0.023298544871650877,0.4227012153170042,0.10211259847939146,0.32749137056812483,0.2631753915152552,Uri1,FALSE,FALSE,FALSE,FALSE,0.44343382789118496,FALSE,FALSE,0.11910026830978787
Mapk8,0.5029188801720297,0.04496076382878858,0.46422423052653894,0.09955301218514566,0.3628881554038328,0.2526761907444464,Mapk8,FALSE,FALSE,FALSE,FALSE,0.4433437553674671,FALSE,FALSE,0.11907591382543198
Sv2a,-0.6143660942582736,0.02504287528015629,-0.408474325103672,0.12953643428384148,-0.3068296094375258,0.3361391392451044,Sv2a,FALSE,FALSE,FALSE,FALSE,0.4432233429331571,FALSE,FALSE,0.11904335580855167
Immp1l,0.7273195804817396,0.05140634976532702,0.413677785335719,0.2714871745683854,0.18864994490997056,0.7249454083011654,Immp1l,FALSE,FALSE,FALSE,FALSE,0.4432157702424764,FALSE,FALSE,0.11904130824766292
Dusp8,-0.40607885287519974,0.22572539936571975,-0.4938115350940997,0.18184581122353816,-0.4293059311035927,0.3511403350421105,Dusp8,FALSE,FALSE,FALSE,FALSE,0.44306543969096407,FALSE,FALSE,0.11900066074591768
Zpbp,0.44081344781379417,0.24341885961996748,0.612305944936596,0.13849670483220658,0.27572835164038834,0.6123277573915354,Zpbp,FALSE,FALSE,FALSE,FALSE,0.4429492481302595,FALSE,FALSE,0.11896924400049229
Pcdhgb5,0.5065328364037263,0.03712548624838376,0.3873372777805111,0.12426441805216319,0.43453349727588053,0.14466968311673542,Pcdhgb5,FALSE,FALSE,FALSE,FALSE,0.4428012038200393,FALSE,FALSE,0.11892921466981059
Gm45289,0.8718918219222492,0.1579206050302703,0.28035652445964376,0.7052393609898631,0.17606837089343957,0.8741731036079976,Gm45289,FALSE,FALSE,FALSE,FALSE,0.44277223909177754,FALSE,FALSE,0.11892138296939624
Krtcap2,-0.3667740114161706,0.08419999619866261,-0.5357061792866249,0.0704576830990092,-0.42481064664029233,0.13824671090470514,Krtcap2,FALSE,FALSE,FALSE,FALSE,0.4424302791143626,FALSE,FALSE,0.11882892126657572
Gorab,0.6604964159689768,0.028862531926961057,0.5214710916256946,0.10148704571398474,0.14495044927132916,0.7190211638628814,Gorab,FALSE,FALSE,FALSE,FALSE,0.4423059856220002,FALSE,FALSE,0.11879531386011775
Ppp1r2,0.6263422506582543,0.0408077391264366,0.45771104905632143,0.1488453954620767,0.24284657470019688,0.5441106587100206,Ppp1r2,FALSE,FALSE,FALSE,FALSE,0.44229995813825757,FALSE,FALSE,0.1187936841038674
2900060N12Rik,-0.062203879664200254,0.9330497999208982,0.8747794260984452,0.1497476064857061,0.38988246717689984,0.6388746135393064,2900060N12Rik,FALSE,FALSE,FALSE,FALSE,0.4422885909798484,FALSE,FALSE,0.11879061056634208
Gm11733,0.7502923701462362,0.36224987140351866,-0.511454433494296,0.6283349045810556,0.06458803784685652,0.9688448947437457,Gm11733,FALSE,FALSE,FALSE,FALSE,0.44211161382912956,FALSE,FALSE,0.11874275815729851
Pggt1b,0.6371792194690347,0.019735888394988226,0.42993474130920983,0.09993305936367947,0.2590640738368579,0.38378294206860947,Pggt1b,FALSE,FALSE,FALSE,FALSE,0.4420593448717008,FALSE,FALSE,0.11872862528465929
Tuba1a,-0.36881626401307166,0.05761239721941456,-0.43628990769981524,0.0794588707975626,-0.5210323301581843,0.06750873220157737,Tuba1a,FALSE,FALSE,FALSE,FALSE,0.44204616729035706,FALSE,FALSE,0.11872506223140579
Commd8,0.6302250756561802,0.01931179868581599,0.4010367744115424,0.10933877662258047,0.29346356222518466,0.30845832617640495,Commd8,FALSE,FALSE,FALSE,FALSE,0.4415751374309691,FALSE,FALSE,0.11859770164608947
mt-Nd3,0.73163382985032,0.09065710327820137,0.5767048936366708,0.2067981223441573,0.016335681486806974,0.9835144308273872,mt-Nd3,FALSE,FALSE,FALSE,FALSE,0.4415581349912659,FALSE,FALSE,0.11859310439895271
Gm15918,-0.14668199801457726,0.8628159753448631,0.7326394827918079,0.3002044607800979,-0.4453372343207389,0.6933502956664442,Gm15918,FALSE,FALSE,FALSE,FALSE,0.4415529050423747,FALSE,FALSE,0.11859169028615565
Best1,-0.8026902346552839,0.07567694749397921,-0.3980025120908509,0.34245886126594494,-0.12358399329240366,0.8409898031171615,Best1,FALSE,FALSE,FALSE,FALSE,0.44142558001284615,FALSE,FALSE,0.11855726318994726
Cdhr1,-0.9191186897775279,0.023298544871650877,-0.251228321938584,0.4201869814119176,-0.15379708501212708,0.7228636498567831,Cdhr1,FALSE,FALSE,FALSE,FALSE,0.44138136557607965,FALSE,FALSE,0.11854530815900012
Lamtor4,-0.4519580136575758,0.0408077391264366,-0.4678557509913306,0.07860560439896262,-0.40428602805061153,0.1386818822809811,Lamtor4,FALSE,FALSE,FALSE,FALSE,0.441366597566506,FALSE,FALSE,0.11854131507383625
Gm46430,0.744080187721158,0.022606933826155737,0.3921160129165875,0.18598641846202824,0.18711967809965557,0.6375992078699716,Gm46430,FALSE,FALSE,FALSE,FALSE,0.44110529291246703,FALSE,FALSE,0.11847066156212996
Matr3,0.5722627610018627,0.08107810625547547,0.5202761759201788,0.14976787544998119,0.22975190318213912,0.6211846313480557,Matr3,FALSE,FALSE,FALSE,FALSE,0.4407636133680602,FALSE,FALSE,0.11837827568488896
Firre,0.38682644472286043,0.25871637524934893,0.45011257992073617,0.22168627661597193,0.48527828547236584,0.2984246277716934,Firre,FALSE,FALSE,FALSE,FALSE,0.44073910337198746,FALSE,FALSE,0.1183716484883669
Scn1a,0.5880467478839476,0.1759807667410724,-0.3457328595774101,0.5151919689157541,0.3884006402182777,0.5313080892136965,Scn1a,FALSE,FALSE,FALSE,FALSE,0.44072674922654514,FALSE,FALSE,0.11836830808188681
Cav1,0.26359945548490993,0.6287488602347076,0.5730464380791016,0.27210327658761074,0.4855304136576395,0.4802323611650335,Cav1,FALSE,FALSE,FALSE,FALSE,0.44072543574055034,FALSE,FALSE,0.11836795293169458
Spaca6,0.4894095745265914,0.12665011178830712,0.5162711085942941,0.14468065675039016,0.31593863726729277,0.4785181517326089,Spaca6,FALSE,FALSE,FALSE,FALSE,0.4405397734627261,FALSE,FALSE,0.11831775217286036
Tpp2,0.511820446290181,0.05333433753160921,0.46958173354672983,0.1136876774354766,0.33985901066813007,0.3239191718548767,Tpp2,FALSE,FALSE,FALSE,FALSE,0.4404203968350136,FALSE,FALSE,0.11828547422513469
Ppig,0.5546079651391222,0.03894994048142692,0.511303213291523,0.09180503249903499,0.2547339725510227,0.45494671291493827,Ppig,FALSE,FALSE,FALSE,FALSE,0.44021505032722263,FALSE,FALSE,0.11822995109660331
AC164424.1,0.8651678011674939,0.06873232572712132,0.3768086581097499,0.460936799547073,0.07804482118940487,0.9298578883715009,AC164424.1,FALSE,FALSE,FALSE,FALSE,0.4400070934888829,FALSE,FALSE,0.11817372216732504
Klhl15,0.5912198969903573,0.02724807363047442,0.4408109857180609,0.11072458956577719,0.28731869474126803,0.3705506793037914,Klhl15,FALSE,FALSE,FALSE,FALSE,0.4397831924832287,FALSE,FALSE,0.11811318213453374
Abcd2,0.840397876053053,0.015532072290935523,0.2749845176238508,0.3202592810373997,0.20396655026401156,0.5873785725508125,Abcd2,FALSE,FALSE,FALSE,FALSE,0.43978298131363847,FALSE,FALSE,0.11811312503691651
Gm44510,0.12180789480246412,0.886300981778948,0.7763438868916681,0.27807153049949884,0.4210667589843413,0.6813412246544414,Gm44510,FALSE,FALSE,FALSE,FALSE,0.4397395135594912,FALSE,FALSE,0.11810137189961482
Cenpp,0.3033759782340431,0.5423316245599886,0.42341973190984844,0.3945406849230599,0.5924124415048697,0.33970326308949406,Cenpp,FALSE,FALSE,FALSE,FALSE,0.4397360505495871,FALSE,FALSE,0.11810043554503018
Phf14,0.5145340797356859,0.02217134170835429,0.44872285599196626,0.07385531872751548,0.3558167516813029,0.1575788442217654,Phf14,FALSE,FALSE,FALSE,FALSE,0.43969122913631836,FALSE,FALSE,0.11808831639522506
Lrrc26,-0.6960912613295005,0.18144052313150402,-0.16070866319415783,0.7680737164255487,-0.4621693509775574,0.5018010375401377,Lrrc26,FALSE,FALSE,FALSE,FALSE,0.43965642516707193,FALSE,FALSE,0.11807890583704873
Hspa8,-0.5740841448949237,0.02177459653601375,-0.21304441629748005,0.327557151106892,-0.5317640495523523,0.08120671169169796,Hspa8,FALSE,FALSE,FALSE,FALSE,0.43963087024825204,FALSE,FALSE,0.11807199610647912
Trappc2l,-0.5084745613904662,0.04178226443439048,-0.4875834180585983,0.08710359946053707,-0.3227328382801886,0.2838825702220948,Trappc2l,FALSE,FALSE,FALSE,FALSE,0.43959693924308435,FALSE,FALSE,0.11806282158687617
Vwa3b,-0.8889614873483543,0.0297170459751871,-0.1705554247037644,0.615975993722988,-0.25922370813684736,0.5572624935729553,Vwa3b,FALSE,FALSE,FALSE,FALSE,0.43958020672965537,FALSE,FALSE,0.11805829732442942
mt-Nd1,0.5336771223301788,0.04571502526579462,0.45117121399589344,0.12120082706286454,0.33388416024125966,0.32856826596063826,mt-Nd1,FALSE,FALSE,FALSE,FALSE,0.4395774988557773,FALSE,FALSE,0.11805756514918575
Oxtr,-0.8287977275853207,0.21807634578460255,0.3017466463640608,0.6194421209178991,-0.18808140979889787,0.8439428898523196,Oxtr,FALSE,FALSE,FALSE,FALSE,0.4395419279160931,FALSE,FALSE,0.11804794721179147
Col25a1,-0.6705551451192528,0.10637878808448462,-0.4801823059444299,0.2708176564916809,0.16769413556580837,0.7922027402856598,Col25a1,FALSE,FALSE,FALSE,FALSE,0.4394771955431637,FALSE,FALSE,0.11803044438741445
Gria2,0.4735901063214607,0.07040274126396279,0.47336867716104525,0.11432686890313623,0.3710541178162927,0.2849881505914223,Gria2,FALSE,FALSE,FALSE,FALSE,0.4393376337662662,FALSE,FALSE,0.11799270862769734
Aip,-0.43978411365766057,0.04535458321584738,-0.5334826284989473,0.0704576830990092,-0.34469150746590316,0.20774352750616212,Aip,FALSE,FALSE,FALSE,FALSE,0.439319416540837,FALSE,FALSE,0.1179877829176871
Zfp867,0.5498525106371916,0.04428211588670852,0.5650523880024005,0.08414847600606047,0.20290911604631834,0.5799459136414272,Zfp867,FALSE,FALSE,FALSE,FALSE,0.43927133822863684,FALSE,FALSE,0.11797478314312762
Fam118b,0.43770992345520776,0.08693878373630143,0.4993623906457896,0.09671845221822988,0.3804589334591797,0.2596272457328866,Fam118b,FALSE,FALSE,FALSE,FALSE,0.439177082520059,FALSE,FALSE,0.1179492975778824
Gm26546,0.16426323657640607,0.8481675916275203,0.7066399719374078,0.34597423888760764,0.44603183788226564,0.6761895812752102,Gm26546,FALSE,FALSE,FALSE,FALSE,0.4389783487986932,FALSE,FALSE,0.11789556246412947
Fgd4,0.663275281724828,0.023139525206138545,0.4662940064366783,0.10967450883135316,0.1872699703248779,0.5944368572799373,Fgd4,FALSE,FALSE,FALSE,FALSE,0.43894641949546137,FALSE,FALSE,0.11788692917970536
Herc4,0.5360023547134283,0.02095553687999382,0.46542353260787817,0.07169446715868752,0.3152087794767091,0.21478708420408812,Herc4,FALSE,FALSE,FALSE,FALSE,0.4388782222660052,FALSE,FALSE,0.11786848950144001
Tmem41a,-0.4483040426510019,0.18955400562739438,-0.19536171386367096,0.5795362913013611,-0.6725306842189904,0.15972445073481728,Tmem41a,FALSE,FALSE,FALSE,FALSE,0.4387321469112211,FALSE,FALSE,0.11782899255169299
2810408A11Rik,-0.7628227696960588,0.26134620004678616,-0.44553014190503454,0.5168448117903952,-0.10772584660528811,0.9212914777248532,2810408A11Rik,FALSE,FALSE,FALSE,FALSE,0.4386929194021271,FALSE,FALSE,0.11781838592364355
Rps6kb1,0.5236436156370798,0.0632297792301775,0.4352479971929979,0.15160112387851207,0.3571101560924106,0.3356363749792366,Rps6kb1,FALSE,FALSE,FALSE,FALSE,0.4386672563074961,FALSE,FALSE,0.11781144694368698
H2-Ab1,-0.3694381235335138,0.07241098093098175,-0.48488235196500007,0.07424451517651934,-0.4609648640616717,0.10331495777946066,H2-Ab1,FALSE,FALSE,FALSE,FALSE,0.43842844652006185,FALSE,FALSE,0.1177468757626871
Arpp21,0.2138398156429897,0.7507528951810539,0.612331279855157,0.31857103434674744,0.48900121766213855,0.5558256851021292,Arpp21,FALSE,FALSE,FALSE,FALSE,0.43839077105342844,FALSE,FALSE,0.11773668878751586
Diras1,-0.5647705470745499,0.14350847190458643,-0.3458246907995579,0.36972390158245344,-0.40421565454330066,0.42885598839675093,Diras1,FALSE,FALSE,FALSE,FALSE,0.4382702974724695,FALSE,FALSE,0.11770411423734611
Gm48898,0.161160094343406,0.8091679672302927,0.3632909948786327,0.5656675978904805,0.7903214822125136,0.29249308056220935,Gm48898,FALSE,FALSE,FALSE,FALSE,0.43825752381151745,FALSE,FALSE,0.11770066039911684
Gm45133,-0.5915271593792419,0.03922583536852753,-0.31004542844618,0.22819577532399984,-0.4130319242319478,0.21386874429407313,Gm45133,FALSE,FALSE,FALSE,FALSE,0.4382015040191232,FALSE,FALSE,0.11768551334759467
Os9,-0.5244374912206364,0.05915858926465049,-0.4487379355972969,0.13849670483220658,-0.3412486250527449,0.3518759267843116,Os9,FALSE,FALSE,FALSE,FALSE,0.4381413506235594,FALSE,FALSE,0.11766924862145242
Prrg2,-0.452824231542416,0.05220973816635411,-0.42423077909640883,0.1006225792865134,-0.4372843796378958,0.1396697986803263,Prrg2,FALSE,FALSE,FALSE,FALSE,0.43811313009224023,FALSE,FALSE,0.11766161814258762
Gm26577,-0.07034343332848592,0.9157919982946158,-0.3572231904913358,0.5711090568674395,-0.886487886682076,0.30311624776821755,Gm26577,FALSE,FALSE,FALSE,FALSE,0.4380181701672992,FALSE,FALSE,0.11763594216604169
Zfand5,0.5162449551008574,0.04849389014100938,0.4742712062259553,0.10638366584973132,0.32323460039517027,0.3356363749792366,Zfand5,FALSE,FALSE,FALSE,FALSE,0.43791692057399434,FALSE,FALSE,0.11760856554180155
Bmi1,0.7090900967206819,0.05235898071857471,0.45302179473137016,0.2232068123246163,0.1514811420739104,0.777596168840177,Bmi1,FALSE,FALSE,FALSE,FALSE,0.43786434450865414,FALSE,FALSE,0.11759434963102244
Cilp2,0.7098131645114576,0.4046916393817827,0.22873279614050884,0.8287349659384533,0.3749865323690777,0.782317203752327,Cilp2,FALSE,FALSE,FALSE,FALSE,0.43784416434034806,FALSE,FALSE,0.11758889316579837
Tgfbi,-0.6135927658933547,0.18380988029419437,-0.6280817976150335,0.20347091595920547,0.0718559728866559,0.9260668732862938,Tgfbi,FALSE,FALSE,FALSE,FALSE,0.4378435121316813,FALSE,FALSE,0.1175887168167286
Ercc1,-0.69495579325348,0.02174633841005067,-0.374888793153084,0.1405697931585668,-0.24360237909222082,0.42382405512237675,Ercc1,FALSE,FALSE,FALSE,FALSE,0.4378156551662616,FALSE,FALSE,0.11758118464153783
Rpl36a-ps2,-0.5527124809029307,0.3084183178784638,-0.5744065835194251,0.31417540610645195,0.18609885230753265,0.80660148337424,Rpl36a-ps2,FALSE,FALSE,FALSE,FALSE,0.4377393055766295,FALSE,FALSE,0.11756054066699906
Ift74,0.585736230029271,0.03894994048142692,0.4751229560168575,0.11669467519550306,0.25207642341158554,0.4870096011519635,Ift74,FALSE,FALSE,FALSE,FALSE,0.4376452031525713,FALSE,FALSE,0.11753509654797165
Gm3699,-0.29900085666794807,0.3686735369728895,-0.24276793500109872,0.48160413690977955,-0.7710114404497976,0.12049300589085365,Gm3699,FALSE,FALSE,FALSE,FALSE,0.4375934107062815,FALSE,FALSE,0.1175210925179872
Ccng1,0.7237954164071132,0.014840024695314973,0.40444827737012634,0.10998499673721276,0.18428976403723052,0.541217482229437,Ccng1,FALSE,FALSE,FALSE,FALSE,0.4375111526048234,FALSE,FALSE,0.11749885095571698
Atox1,-0.48265892700845825,0.06190013852045921,-0.5050823288563295,0.09180503249903499,-0.32460123655920325,0.31504231908507296,Atox1,FALSE,FALSE,FALSE,FALSE,0.43744749747466366,FALSE,FALSE,0.11748163940431754
Tmx3,0.5619282351874109,0.05166968927570533,0.47395736415452383,0.13144440679314048,0.2764398938578134,0.4666448581849822,Tmx3,FALSE,FALSE,FALSE,FALSE,0.4374418310665827,FALSE,FALSE,0.11748010727841203
Ttc25,-0.5085683834899051,0.3157681811731635,-0.642523739928073,0.23611666862118097,-0.16103697933498662,0.8318627856958678,Ttc25,FALSE,FALSE,FALSE,FALSE,0.4373763675843216,FALSE,FALSE,0.11746240677121181
Gm38140,0.5385116534414779,0.3957453873168948,0.11299149888738935,0.8862981427933603,0.6605732506654458,0.43929873680886483,Gm38140,FALSE,FALSE,FALSE,FALSE,0.43735880099810437,FALSE,FALSE,0.11745765698591043
Gm16536,0.6200769470779237,0.019435742666429615,0.25472888510857494,0.26150636856942655,0.4370732395528618,0.1306330155548047,Gm16536,FALSE,FALSE,FALSE,FALSE,0.43729302391312014,FALSE,FALSE,0.11743987168445442
Idi1,0.725169966876908,0.015571191153496351,0.315002077208864,0.19455196814333497,0.2714700583757681,0.3758240347301949,Idi1,FALSE,FALSE,FALSE,FALSE,0.4372140341538467,FALSE,FALSE,0.11741851384105118
Phf11c,0.443035852408565,0.5345001636993364,0.35485268272418635,0.6464530752578788,0.5134767039614543,0.5979196130013197,Phf11c,FALSE,FALSE,FALSE,FALSE,0.4371217463647352,FALSE,FALSE,0.11739356037662738
Gm43921,0.5467733821172029,0.17977865669825258,0.6446636889466866,0.1497476064857061,-0.11982897285312588,0.8703158383076474,Gm43921,FALSE,FALSE,FALSE,FALSE,0.4370886813056718,FALSE,FALSE,0.11738461999802526
Eif3j2,0.5704621049171594,0.34875836216228345,0.610179996949042,0.3354337346585009,0.13055460623653725,0.9046866159210569,Eif3j2,FALSE,FALSE,FALSE,FALSE,0.43706556936757956,FALSE,FALSE,0.11737837081890305
Cdh4,-0.7974378529055248,0.02005871878534375,-0.2680964484721322,0.2940906381589807,-0.24553641375200996,0.4613373327423594,Cdh4,FALSE,FALSE,FALSE,FALSE,0.437023571709889,FALSE,FALSE,0.11736701517730458
0610005C13Rik,-0.5998051927515081,0.4064625656930391,-0.08761372305849209,0.9122659930934655,-0.6235066430147393,0.5340572342099397,0610005C13Rik,FALSE,FALSE,FALSE,FALSE,0.43697518627491316,FALSE,FALSE,0.1173539323605861
Nipa2,0.5246550005107569,0.06637702392931645,0.5071939110160839,0.1156090072283418,0.2789595467028052,0.46701118842040223,Nipa2,FALSE,FALSE,FALSE,FALSE,0.43693615274321534,FALSE,FALSE,0.11734337818159954
Pnck,-0.7609493551868773,0.02095553687999382,-0.24503234924910222,0.3262538096908302,-0.30435386549560395,0.34934931468959735,Pnck,FALSE,FALSE,FALSE,FALSE,0.43677852331052786,FALSE,FALSE,0.11730075715363276
Hist1h3b,0.29513349523315935,0.5342777680527575,0.3471950272441805,0.47031553021779965,0.6677394215617032,0.25445387841808387,Hist1h3b,FALSE,FALSE,FALSE,FALSE,0.43668931467968103,FALSE,FALSE,0.11727663625510909
B3galt1,0.44241820562455914,0.09148453684572642,0.5844245733679458,0.07977570619975831,0.2828496215160503,0.4245546263275381,B3galt1,FALSE,FALSE,FALSE,FALSE,0.4365641335028518,FALSE,FALSE,0.11724278882986884
Zfp457,0.6341183055495266,0.20827745846358547,0.49808632460734814,0.3553256693653276,0.1774277793036252,0.8358743441459907,Zfp457,FALSE,FALSE,FALSE,FALSE,0.4365441364868333,FALSE,FALSE,0.11723738188673365
B230307C23Rik,0.601950401072318,0.07609276074433094,0.5072113988617333,0.16110675861815826,0.20019909200040864,0.6866900828017634,B230307C23Rik,FALSE,FALSE,FALSE,FALSE,0.43645363064481996,FALSE,FALSE,0.11721291023852785
Msantd2,0.38901626627817576,0.15324569766575388,0.4739473707364348,0.12352350119647071,0.44627238414652526,0.21706523208732784,Msantd2,FALSE,FALSE,FALSE,FALSE,0.4364120070537119,FALSE,FALSE,0.11720165573985684
Nyap2,0.25565576117915967,0.47455310451472105,0.614456687937345,0.12534527790384312,0.4388189467373831,0.3588235537097898,Nyap2,FALSE,FALSE,FALSE,FALSE,0.43631046528462925,FALSE,FALSE,0.11717420011493908
Gtf2a2,0.5836390304449308,0.02005871878534375,0.44634186579476864,0.08451455445915308,0.27887375348500143,0.30720676904729094,Gtf2a2,FALSE,FALSE,FALSE,FALSE,0.43628488324156695,FALSE,FALSE,0.11716728305031342
Zfp367,0.7023590261054116,0.01071828627468486,0.3347789233356355,0.10005216606778224,0.2714645569888985,0.23732599087608175,Zfp367,FALSE,FALSE,FALSE,FALSE,0.4362008354766485,FALSE,FALSE,0.11714455758541731
Leng1,-0.5602755597435913,0.04852052675961581,-0.3514548651034173,0.1924286224662629,-0.39675675360162366,0.24200848289713714,Leng1,FALSE,FALSE,FALSE,FALSE,0.4361623928162108,FALSE,FALSE,0.11713416317063259
Gm37844,0.6971500263041165,0.14478170025205028,0.10457854021788798,0.8623053157827079,-0.5049001032651836,0.5101704399037281,Gm37844,FALSE,FALSE,FALSE,FALSE,0.4355428899290627,FALSE,FALSE,0.11696665733477149
Adamts5,0.345364407845429,0.5123337986972751,0.2695430659186049,0.6336786502065647,0.6914997119727735,0.29249497491395665,Adamts5,FALSE,FALSE,FALSE,FALSE,0.43546906191226914,FALSE,FALSE,0.11694669516200437
Actr6,0.5939836291285374,0.11651271067653067,0.5363661949595864,0.19025808232305622,0.17601637792104707,0.7645876832800083,Actr6,FALSE,FALSE,FALSE,FALSE,0.4354554006697236,FALSE,FALSE,0.11694300133280848
Insm2,0.32014299067744,0.6611767686287496,0.26595255447130867,0.7335806707616292,0.719982823843626,0.4203354653610545,Insm2,FALSE,FALSE,FALSE,FALSE,0.43535945633079154,FALSE,FALSE,0.11691705918302618
Id3,-0.6551146497562663,0.037672247241829535,-0.2551210301911082,0.3655943298572375,-0.3955451218255295,0.2819557242717475,Id3,FALSE,FALSE,FALSE,FALSE,0.43526026725763467,FALSE,FALSE,0.11689023969767412
Gm47260,0.36152406700904915,0.5518389151454377,0.6183707130874823,0.29828776400111556,0.3251363352848209,0.7053058991999381,Gm47260,FALSE,FALSE,FALSE,FALSE,0.4350103717937841,FALSE,FALSE,0.11682267108836078
Plk3,-0.5076854211243891,0.23032196285758985,-0.21307310705843197,0.6265406428326629,-0.5839074324138833,0.30994114027169833,Plk3,FALSE,FALSE,FALSE,FALSE,0.43488865353223477,FALSE,FALSE,0.11678975999211999
Zfp972,0.83047211427091,0.05333433753160921,0.2943567032500945,0.5198880429570593,0.1795614383283143,0.786939508443944,Zfp972,FALSE,FALSE,FALSE,FALSE,0.4347967519497729,FALSE,FALSE,0.116764910953146
CT010496.1,-0.5195800463770759,0.38053423589465646,-0.47238329804714146,0.4398161267611218,-0.312326003780801,0.7078308198370907,CT010496.1,FALSE,FALSE,FALSE,FALSE,0.43476311606833945,FALSE,FALSE,0.11675581623131126
Pparg,-0.1422927419809245,0.8351390465864074,-0.9661165568971608,0.18694027203838565,-0.1954595892984884,0.8408866963245692,Pparg,FALSE,FALSE,FALSE,FALSE,0.4346229627255246,FALSE,FALSE,0.11671792051956566
Zfp87,0.5330339507976563,0.04427260539033141,0.5354875764309064,0.08525470443769087,0.23463605586970893,0.4964152992747804,Zfp87,FALSE,FALSE,FALSE,FALSE,0.43438586103275717,FALSE,FALSE,0.11665381118600963
C2cd4b,-0.8353910439118029,0.20092581513748625,0.14156765342651878,0.8288309647612446,-0.3254912898945197,0.7086847097238209,C2cd4b,FALSE,FALSE,FALSE,FALSE,0.4341499957442804,FALSE,FALSE,0.1165900361607167
Camk2b,-0.5025595742186875,0.04081562555118449,-0.4787830570572389,0.09037196323640993,-0.3208626286037495,0.2964139345930775,Camk2b,FALSE,FALSE,FALSE,FALSE,0.4340684199598919,FALSE,FALSE,0.11656797908845198
Gm10125,0.6457112475352561,0.10428640090884693,0.14550920647770094,0.7583976953534625,0.5101602898574568,0.3356363749792366,Gm10125,FALSE,FALSE,FALSE,FALSE,0.43379358129013795,FALSE,FALSE,0.11649366614809423
Trim45,-0.6320086158655744,0.051599030668579356,-0.4458233947597643,0.1589055123784225,-0.2233152947696797,0.5706572906913124,Trim45,FALSE,FALSE,FALSE,FALSE,0.43371576846500615,FALSE,FALSE,0.11647262653296923
Col8a1,0.5622186810462639,0.1427241655072689,0.3385905689835984,0.41122669190323874,0.40024103003626754,0.45325102162399283,Col8a1,FALSE,FALSE,FALSE,FALSE,0.43368342668870996,FALSE,FALSE,0.11646388172098512
Txnrd3,-0.6506096548482014,0.044553810879056216,-0.32759276947379257,0.26484544008772254,-0.3227925999332617,0.39585115013181715,Txnrd3,FALSE,FALSE,FALSE,FALSE,0.43366500808508524,FALSE,FALSE,0.11645890156082839
Anapc11,-0.48652677710996706,0.033222936948471886,-0.3996700773881843,0.09660780210323533,-0.41466878532779194,0.1317359707588654,Anapc11,FALSE,FALSE,FALSE,FALSE,0.4336218799419811,FALSE,FALSE,0.11644724025010705
Arhgef26,0.43560027046684047,0.08916609143030806,0.4673879871714446,0.1096715972995593,0.3976196531696998,0.2358346620789648,Arhgef26,FALSE,FALSE,FALSE,FALSE,0.4335359702693283,FALSE,FALSE,0.11642401134863653
Gm13680,-0.20166399772615562,0.6338735515833729,-0.3149418555821223,0.46259770871596834,-0.7838702106384309,0.18187677139784494,Gm13680,FALSE,FALSE,FALSE,FALSE,0.4334920213155696,FALSE,FALSE,0.11641212810097572
Tlr8,0.7068285200929693,0.29331260800669695,0.5812583042457559,0.4194921733619948,-0.012285856179030663,0.9918215601205835,Tlr8,FALSE,FALSE,FALSE,FALSE,0.43345756017258524,FALSE,FALSE,0.11640281023873476
Gm13573,-0.10695235651766766,0.898870563990437,-0.15673513728913446,0.8534011436065863,-1.0366337562044445,0.3500493094116149,Gm13573,FALSE,FALSE,FALSE,FALSE,0.43344041667041555,FALSE,FALSE,0.11639817485007058
Mbnl2,0.596777597226068,0.02586986496810823,0.45762207502891794,0.10101097159620549,0.2456591145812359,0.44456374448688046,Mbnl2,FALSE,FALSE,FALSE,FALSE,0.4333529289454073,FALSE,FALSE,0.11637451926297143
Nup35,0.5676202626690268,0.045249810674074326,0.4643178551738405,0.12486603803841076,0.26803409058630123,0.4655915062126565,Nup35,FALSE,FALSE,FALSE,FALSE,0.4333240694763895,FALSE,FALSE,0.11636671602334073
Ano3,0.7409349408796464,0.4001306433748921,-0.06443400588507675,0.9582190936493975,0.4940965713868106,0.7121289391207427,Ano3,FALSE,FALSE,FALSE,FALSE,0.4331551727171779,FALSE,FALSE,0.1163210484511423
Gm17241,-0.3572182354740781,0.6065096945271643,-0.07274871908083519,0.9232066000396986,-0.8692206510731579,0.36452411371933907,Gm17241,FALSE,FALSE,FALSE,FALSE,0.43306253520935706,FALSE,FALSE,0.11629600042715155
Gm13373,0.45738314036656513,0.2508584872697013,0.6401673594531294,0.14076780587307383,0.2010846072721879,0.7426820569193272,Gm13373,FALSE,FALSE,FALSE,FALSE,0.4328783690306275,FALSE,FALSE,0.11624620419480877
4932438H23Rik,0.2617766019015758,0.5073016259727491,0.61276954894958,0.13460721094597888,0.42402857176338926,0.4040363974731382,4932438H23Rik,FALSE,FALSE,FALSE,FALSE,0.43285824087151503,FALSE,FALSE,0.11624076179222047
Ppp1ca,-0.4927003042052558,0.019127678927429646,-0.41745493263408484,0.0704576830990092,-0.388097634078842,0.1002620105675008,Ppp1ca,FALSE,FALSE,FALSE,FALSE,0.43275095697272753,FALSE,FALSE,0.11621175356721676
Npas4,-0.4535958327101503,0.7756801378523429,0.7007865400915873,0.5931014765480117,0.14352272584183934,0.9509054881051143,Npas4,FALSE,FALSE,FALSE,FALSE,0.4326350328811923,FALSE,FALSE,0.11618040914211095
Zfp810,0.6569013575736751,0.014455723425594891,0.35147171952761536,0.11222058727331632,0.2895178451395033,0.25542651348417017,Zfp810,FALSE,FALSE,FALSE,FALSE,0.4326303074135979,FALSE,FALSE,0.11617913143474969
Gm26582,0.5028172445259296,0.4852716214193977,0.5720871147990609,0.4373969412631256,0.22294596963192365,0.8491848091589685,Gm26582,FALSE,FALSE,FALSE,FALSE,0.4326167763189714,FALSE,FALSE,0.11617547279592402
Gm23442,-0.28484728351937133,0.6584429187006433,-0.5653160389586815,0.3954892631840488,-0.4476276265635198,0.6114611109343349,Gm23442,FALSE,FALSE,FALSE,FALSE,0.43259698301385757,FALSE,FALSE,0.11617012093367071
Cdc42ep5,-0.5228346814397304,0.11384948884466008,-0.21334844203394132,0.5142536910044518,-0.5615191048950052,0.19999072086906083,Cdc42ep5,FALSE,FALSE,FALSE,FALSE,0.4325674094562257,FALSE,FALSE,0.11616212461340605
St6galnac6,-0.4948354805262172,0.1229929656058024,-0.5714637929435993,0.12142951925965269,-0.23130598474695674,0.601048309980871,St6galnac6,FALSE,FALSE,FALSE,FALSE,0.4325350860722577,FALSE,FALSE,0.11615338477447755
Pcdh15,-0.8341702653694059,0.04909649914282852,-0.3117779703448518,0.42178235348429494,-0.15149719020651986,0.7866591805406393,Pcdh15,FALSE,FALSE,FALSE,FALSE,0.43248180864025915,FALSE,FALSE,0.11613897922292228
Megf6,-0.5126305042595336,0.43123272993893785,-0.4596612472437901,0.4952271401911788,-0.3250328534373899,0.7271806963033248,Megf6,FALSE,FALSE,FALSE,FALSE,0.43244153498023785,FALSE,FALSE,0.11612808972874072
Slc25a28,-0.5420937786373048,0.050110670506300845,-0.40939039757531503,0.14374366628244586,-0.34577071394973835,0.30355895948253264,Slc25a28,FALSE,FALSE,FALSE,FALSE,0.4324182967207861,FALSE,FALSE,0.11612180639390213
Abhd14a,-0.4358069872806025,0.03421299746923567,-0.515505462993973,0.0704576830990092,-0.3458194254163405,0.15243957447663298,Abhd14a,FALSE,FALSE,FALSE,FALSE,0.432377291896972,FALSE,FALSE,0.11611071920217178
Nos1,0.31717625612507205,0.6951096836264371,-0.12765785417242193,0.8935400241415515,0.8522629845599833,0.3729885663587031,Nos1,FALSE,FALSE,FALSE,FALSE,0.4323656982858258,FALSE,FALSE,0.11610758443465741
Pappa2,0.6414712196236696,0.028947261148743356,0.24605702739106494,0.36729443364414877,0.40899697381336253,0.24458068268653627,Pappa2,FALSE,FALSE,FALSE,FALSE,0.4321750736093657,FALSE,FALSE,0.11605604190527034
P2ry2,-0.6715259933779965,0.41153361829368557,-0.09405262766306785,0.9153946180281364,-0.5305573310636579,0.6391627060554258,P2ry2,FALSE,FALSE,FALSE,FALSE,0.4320453173682407,FALSE,FALSE,0.11602095743984049
Ago3,0.43456612027645036,0.07419591162983291,0.4493209205396482,0.11036521115468788,0.41160634405611685,0.20584913244367445,Ago3,FALSE,FALSE,FALSE,FALSE,0.4318311282907385,FALSE,FALSE,0.11596304339100612
Ccl28,0.3570630698264077,0.5105090746075227,0.11480193195495347,0.8571971156461833,0.8231687195335147,0.21666895771141415,Ccl28,FALSE,FALSE,FALSE,FALSE,0.4316779071049586,FALSE,FALSE,0.1159216142978927
Ephb2,-0.5861870391726365,0.12335833958393845,-0.35309805109120607,0.3648744411453955,-0.3555880883219711,0.4890803787720318,Ephb2,FALSE,FALSE,FALSE,FALSE,0.4316243928619379,FALSE,FALSE,0.11590714471559757
Gm34885,0.5900037221904335,0.47638867551255937,0.5707999635980866,0.5116530620216543,0.1336959976644202,0.930485909110014,Gm34885,FALSE,FALSE,FALSE,FALSE,0.4314998944843134,FALSE,FALSE,0.11587348191072616
Cnga3,-0.4383847149340807,0.37026907574671525,-0.6843341916150336,0.20314639324411238,-0.17160460844045766,0.8136274937766078,Cnga3,FALSE,FALSE,FALSE,FALSE,0.4314411716631907,FALSE,FALSE,0.1158576039940282
Csmd2,-0.7053728599119817,0.07126196205254975,-0.45127529950818746,0.2310690533935334,-0.13753275682077337,0.7927797519038418,Csmd2,FALSE,FALSE,FALSE,FALSE,0.43139363874698083,FALSE,FALSE,0.11584475168772612
Lin9,0.334597372418012,0.203506060472091,0.2912036450763935,0.2950610007860362,0.6683254940067955,0.07371174381634897,Lin9,FALSE,FALSE,FALSE,FALSE,0.4313755038337337,FALSE,FALSE,0.11583984823390088
Gm26709,0.5321455368548145,0.26964923695038856,0.2831529991806905,0.6035827006580353,0.47857727239684555,0.473163377575771,Gm26709,FALSE,FALSE,FALSE,FALSE,0.4312919361441168,FALSE,FALSE,0.11581725257536457
Timp4,0.22178870041604976,0.6435270964820903,0.6402413625040659,0.17026313196676432,0.431334713849655,0.473163377575771,Timp4,FALSE,FALSE,FALSE,FALSE,0.43112159225659025,FALSE,FALSE,0.1157711937177613
BC035947,-0.6809527027578325,0.21682892851169872,-0.10872099222538562,0.853239939204169,-0.5035218127439246,0.4938955728009532,BC035947,FALSE,FALSE,FALSE,FALSE,0.4310651692423809,FALSE,FALSE,0.11575593764010128
Nkain2,0.9962660836003212,0.01600573855620976,0.2571358216688946,0.4574330781676811,0.03957149175423624,0.9482743260079144,Nkain2,FALSE,FALSE,FALSE,FALSE,0.43099113234115066,FALSE,FALSE,0.11573591898759389
Junb,-0.6837277477658432,0.20054758250435528,-0.376099339523317,0.5181426196751328,0.23313222592472993,0.7807532470752956,Junb,FALSE,FALSE,FALSE,FALSE,0.43098643773796336,FALSE,FALSE,0.11573464962558244
Fgf2,0.17026725073640758,0.6572933915047979,0.5198996688498045,0.1697174345397909,0.6026703881461506,0.19335238356999096,Fgf2,FALSE,FALSE,FALSE,FALSE,0.4309457692441209,FALSE,FALSE,0.11572365337327174
Ascc3,0.6271105375315802,0.018647158665054384,0.44595621103194816,0.08748601745554811,0.21892543659399788,0.44330487179065253,Ascc3,FALSE,FALSE,FALSE,FALSE,0.43066406171917543,FALSE,FALSE,0.11564748318034239
Hhip,0.6036225897670406,0.2744776408755106,0.4051944891664814,0.5025162065933422,0.2829341732845325,0.7414079735240208,Hhip,FALSE,FALSE,FALSE,FALSE,0.4305837507393515,FALSE,FALSE,0.11562576809541977
Olfr1372-ps1,0.6051787847568119,0.15229621361155157,0.34809830482976906,0.4486384325930762,0.33806916059121783,0.582654613205264,Olfr1372-ps1,FALSE,FALSE,FALSE,FALSE,0.43044875005926625,FALSE,FALSE,0.11558926559925933
Adam12,-0.4643675122122324,0.40502766862697137,-0.4617286246305716,0.42652442374515,-0.36427391362169237,0.6372343955628968,Adam12,FALSE,FALSE,FALSE,FALSE,0.4301233501548321,FALSE,FALSE,0.11550128153314418
3110070M22Rik,0.634277935084251,0.645110350977528,0.14738008058402374,0.929348685155057,0.5080387242381762,0.8034181599254954,3110070M22Rik,FALSE,FALSE,FALSE,FALSE,0.4298989133021503,FALSE,FALSE,0.1154405966140156
Chrnb3,0.600176017883328,0.13842786856935763,0.18092608825483847,0.6984218147231934,0.5085145107655924,0.36452411371933907,Chrnb3,FALSE,FALSE,FALSE,FALSE,0.4298722056345863,FALSE,FALSE,0.11543337519459687
Cul4b,0.6290233453571261,0.019282464252651503,0.44506158694659703,0.09037196323640993,0.21527957638075712,0.46163282083593965,Cul4b,FALSE,FALSE,FALSE,FALSE,0.4297881695614934,FALSE,FALSE,0.11541065289102422
Gm23849,0.629702780803559,0.22844333864612038,0.6253533543429804,0.2591057418763741,0.034147881578076245,0.9733860430442329,Gm23849,FALSE,FALSE,FALSE,FALSE,0.42973467224153855,FALSE,FALSE,0.11539618788451453
Ranbp2,0.5504302081906314,0.06926239065159302,0.5315939417333162,0.12191955935354891,0.2068407183149148,0.6282296160853685,Ranbp2,FALSE,FALSE,FALSE,FALSE,0.42962162274628746,FALSE,FALSE,0.11536562071430669
Mfap2,-0.416625231036968,0.22518313922008967,-0.5883865135473583,0.13566209777593033,-0.2837895700268551,0.5434975380249459,Mfap2,FALSE,FALSE,FALSE,FALSE,0.4296004382037271,FALSE,FALSE,0.11535989267884063
Tnfsf12,-0.6781673465866878,0.1260106869888631,-0.28327902025676677,0.5107581776991501,-0.32680949573192075,0.5709440666044705,Tnfsf12,FALSE,FALSE,FALSE,FALSE,0.42941862085845844,FALSE,FALSE,0.11531073154170134
Pikfyve,0.5522782841664586,0.027408705534731504,0.45189455638262377,0.09266666101677296,0.28407355343555984,0.34219325627685565,Pikfyve,FALSE,FALSE,FALSE,FALSE,0.4294154646615474,FALSE,FALSE,0.11530987814551433
Agbl3,0.5789509215590076,0.05274178539993674,0.40702032370170116,0.18714316511102974,0.3022455838164273,0.4432951895198064,Agbl3,FALSE,FALSE,FALSE,FALSE,0.4294056096923787,FALSE,FALSE,0.11530721348505474
5730480H06Rik,0.4469321154084196,0.09280811956423278,0.5267732412119539,0.09266349833969459,0.3141888084765325,0.376084780912994,5730480H06Rik,FALSE,FALSE,FALSE,FALSE,0.429298055032302,FALSE,FALSE,0.1152781320495834
Gm6627,0.8815528339232351,0.12698918626437802,0.2554946489590575,0.7120586751420218,-0.15064978522957484,0.8901443658277652,Gm6627,FALSE,FALSE,FALSE,FALSE,0.42923242270395584,FALSE,FALSE,0.11526038588851263
Srek1,0.45507414527269496,0.04914271751078432,0.5092327735839222,0.07958165887361307,0.32306683183968055,0.27725271245900934,Srek1,FALSE,FALSE,FALSE,FALSE,0.42912458356543254,FALSE,FALSE,0.11523122753362579
D630023O14Rik,0.5752943838181017,0.40504621037338734,0.17833140858984675,0.8326495557420036,-0.5328206432883635,0.641475132306685,D630023O14Rik,FALSE,FALSE,FALSE,FALSE,0.42881547856543734,FALSE,FALSE,0.11514764940595733
Cgref1,0.7509762562504916,0.01600573855620976,-0.28904889654907384,0.265724484379953,-0.24633500005316167,0.4637710952718513,Cgref1,FALSE,FALSE,FALSE,FALSE,0.4287867176175757,FALSE,FALSE,0.11513987280521555
Wnt2b,0.49870628140256,0.1747591225439906,0.4141562246634931,0.28652154808363495,0.37305919475531546,0.4618066899606207,Wnt2b,FALSE,FALSE,FALSE,FALSE,0.4286405669404562,FALSE,FALSE,0.11510035548925071
Gm32219,-0.14907157997172682,0.9054523173367793,0.9708696551539184,0.32578609896149663,0.16591886285623314,0.9273792890499064,Gm32219,FALSE,FALSE,FALSE,FALSE,0.42862003266062615,FALSE,FALSE,0.11509480327669755
Dnph1,-0.1946342174097615,0.5507300061312776,-0.8306558641483174,0.07556490478840473,-0.26053447001573526,0.5519030155883194,Dnph1,FALSE,FALSE,FALSE,FALSE,0.42860818385793803,FALSE,FALSE,0.11509159950858056
Atad2b,0.4563788960696824,0.029424331256908604,0.4809180380830558,0.0704576830990092,0.3485151888535549,0.16644114484498482,Atad2b,FALSE,FALSE,FALSE,FALSE,0.4286040410020977,FALSE,FALSE,0.11509047933215398
Tex30,0.5684899890953661,0.18319473883213622,0.4196142081364922,0.35878001822012523,0.2973727035235427,0.6371238384128436,Tex30,FALSE,FALSE,FALSE,FALSE,0.42849230025180035,FALSE,FALSE,0.11506026603022011
Asic4,-0.6998787376002804,0.025664562526706087,-0.31746166489244576,0.257663050567592,-0.26801953900414066,0.46199893899746625,Asic4,FALSE,FALSE,FALSE,FALSE,0.42845331383228896,FALSE,FALSE,0.11504972458977977
Gm11827,-0.7778961386930965,0.15685987802358983,0.2762536710230228,0.5775430200672497,-0.23113441442123683,0.7566120040861165,Gm11827,FALSE,FALSE,FALSE,FALSE,0.42842807471245203,FALSE,FALSE,0.11504290024730714
Ryr1,0.41982899354170133,0.6782826506837439,0.6356474526316498,0.517942205331936,0.22935172520386415,0.8872434035113,Ryr1,FALSE,FALSE,FALSE,FALSE,0.4282760571257384,FALSE,FALSE,0.11500179659233423
Ptpn4,0.643225704556496,0.03759066010011082,0.4587249996576208,0.14656943276270237,0.18276206031872988,0.6553420686848732,Ptpn4,FALSE,FALSE,FALSE,FALSE,0.42823758817761554,FALSE,FALSE,0.1149913950696881
Jmjd8,-0.5384150774856344,0.033222936948471886,-0.351465457329164,0.1497476064857061,-0.39473395784361553,0.18650588684365324,Jmjd8,FALSE,FALSE,FALSE,FALSE,0.428204830886138,FALSE,FALSE,0.11498253790759357
Zfp748,0.6057452630206681,0.053301982329349316,0.5328625218947378,0.12295839239857244,0.14594264825984027,0.7474990934071348,Zfp748,FALSE,FALSE,FALSE,FALSE,0.4281834777250821,FALSE,FALSE,0.11497676427979434
B9d2,-0.45504184005467696,0.058154938440980776,-0.6620616393767085,0.0704576830990092,-0.16732658598982564,0.582857512744995,B9d2,FALSE,FALSE,FALSE,FALSE,0.4281433551404037,FALSE,FALSE,0.11496591563449682
Nkain1,-0.6542806782823795,0.19216333787494969,-0.3484082999230922,0.48880766061343567,-0.2817071124101287,0.6765392028715754,Nkain1,FALSE,FALSE,FALSE,FALSE,0.42813203020520013,FALSE,FALSE,0.11496285351359843
Zmat1,0.448448266973017,0.034951996629719685,0.39585493078062406,0.09132508641051881,0.44000277874632054,0.10101098238561386,Zmat1,FALSE,FALSE,FALSE,FALSE,0.42810199216665384,FALSE,FALSE,0.11495473160350131
Fam83f,-0.5577852277435476,0.08566949986189709,-0.3111611984368845,0.3205602298689786,-0.4153460785212757,0.31050477581869357,Fam83f,FALSE,FALSE,FALSE,FALSE,0.4280975015672359,FALSE,FALSE,0.11495351740155871
Rfc4,0.518254999734101,0.08557498194712233,0.39842974318647384,0.20607888853707595,0.3673567667194968,0.358510174855588,Rfc4,FALSE,FALSE,FALSE,FALSE,0.42801383654669056,FALSE,FALSE,0.11493089542595614
Pou3f4,-0.6436529855118491,0.31302205398150773,-0.42105306346326626,0.5175058865563431,0.21927722057294896,0.7992157107143911,Pou3f4,FALSE,FALSE,FALSE,FALSE,0.4279944231826881,FALSE,FALSE,0.11492564629502944
Ppp1r15a,-0.5454483227614499,0.043964004609822735,-0.3997095176404697,0.14403030867861133,-0.3384956080833552,0.3043326952167018,Ppp1r15a,FALSE,FALSE,FALSE,FALSE,0.42788448282842495,FALSE,FALSE,0.11489591979767526
AC165271.1,0.14802037812175017,0.6587782636732905,0.44255935140365743,0.17776703939425775,0.692780216511939,0.10022784058966161,AC165271.1,FALSE,FALSE,FALSE,FALSE,0.42778664867911553,FALSE,FALSE,0.11486946666679272
Fyb2,-0.449372010299798,0.39843833669739614,0.43933888810948374,0.3630297905254818,0.3944439437926144,0.541217482229437,Fyb2,FALSE,FALSE,FALSE,FALSE,0.4277182807339654,FALSE,FALSE,0.11485098082913796
Rem2,-0.6847206706346047,0.016464514009781613,-0.156565992390318,0.4520139247169145,-0.44183200785857046,0.11940502573778203,Rem2,FALSE,FALSE,FALSE,FALSE,0.42770622362783106,FALSE,FALSE,0.11484772073837325
4833422C13Rik,0.30800973452407043,0.3450172349031964,0.4637546779679067,0.17996766021774446,0.5111627486814212,0.2293506928884567,4833422C13Rik,FALSE,FALSE,FALSE,FALSE,0.42764238705779944,FALSE,FALSE,0.11483046012790075
Nanos1,0.27006058463367966,0.2956897290399258,0.5429006210444038,0.08541396801191332,0.4694172201399338,0.16718887426545054,Nanos1,FALSE,FALSE,FALSE,FALSE,0.4274594752726724,FALSE,FALSE,0.11478100306790609
Kcnk9,0.6614736055434118,0.014466638834183743,0.2991528420244478,0.1612746590693582,0.3213369178705614,0.2227596651051691,Kcnk9,FALSE,FALSE,FALSE,FALSE,0.427321121812807,FALSE,FALSE,0.11474359402200847
Tubb2b,-0.36663058958667705,0.13222676467006844,-0.5034530232728822,0.09180503249903499,-0.4112619574850611,0.2077190284490418,Tubb2b,FALSE,FALSE,FALSE,FALSE,0.4271151901148735,FALSE,FALSE,0.1146879126653784
Lca5l,0.239183397213662,0.5688743058805391,0.37015427759455954,0.36688149863218456,0.6720041867463445,0.18744052178052834,Lca5l,FALSE,FALSE,FALSE,FALSE,0.427113953851522,FALSE,FALSE,0.11468757839522352
P2ry12,0.6700567108317397,0.1439767166325735,0.23581576472503984,0.6592298262613572,0.3751775685144543,0.5728286428397761,P2ry12,FALSE,FALSE,FALSE,FALSE,0.42701668135707793,FALSE,FALSE,0.11466127712879494
Ino80dos,0.33297710330152963,0.23323322932452262,0.4771050293917838,0.1280307217279948,0.4706736242983818,0.20509802491028345,Ino80dos,FALSE,FALSE,FALSE,FALSE,0.4269185856638984,FALSE,FALSE,0.11463475327971967
Fam76b,0.5633659617856006,0.03795851862097817,0.4647132435116932,0.11025421348490946,0.25227247488567084,0.4625483302083705,Fam76b,FALSE,FALSE,FALSE,FALSE,0.42678389339432155,FALSE,FALSE,0.11459833417390505
Tfpt,-0.568753303509911,0.04270558426698573,-0.36308641647226425,0.1720586158492892,-0.34835934472617236,0.2859632830912384,Tfpt,FALSE,FALSE,FALSE,FALSE,0.4267330215694492,FALSE,FALSE,0.11458457906844259
Dcaf15,-0.6208865057270541,0.04535458321584738,-0.4709954323933343,0.13078105459057643,-0.18821955809028967,0.6144527600719055,Dcaf15,FALSE,FALSE,FALSE,FALSE,0.4267004987368927,FALSE,FALSE,0.11457578530110919
Ephb6,-0.589022452822733,0.08110136452577156,-0.4239207849924056,0.20660506944315912,-0.26714923732277596,0.5372004012064351,Ephb6,FALSE,FALSE,FALSE,FALSE,0.4266974917126382,FALSE,FALSE,0.11457497223934363
Gm47888,-0.21670388653212758,0.8232114658458629,0.49325112490423706,0.572027307876489,-0.5699381881494525,0.6593689455770281,Gm47888,FALSE,FALSE,FALSE,FALSE,0.4266310665286057,FALSE,FALSE,0.1145570117000073
Sppl2a,0.6098581558167036,0.02196115835517482,0.4415665746626134,0.0960072945197005,0.22824502405350167,0.44859912429102855,Sppl2a,FALSE,FALSE,FALSE,FALSE,0.4265565848442729,FALSE,FALSE,0.11453687278370951
1810062O18Rik,0.4266125925096433,0.46435216251103173,0.2904594349628354,0.6513349074974034,0.5625931539832274,0.4642198353352169,1810062O18Rik,FALSE,FALSE,FALSE,FALSE,0.42655506048523534,FALSE,FALSE,0.11453646061608279
Gmppa,-0.3769615921021172,0.10022260529599285,-0.469487234246718,0.09278943644870202,-0.4330540507300933,0.16394374751429708,Gmppa,FALSE,FALSE,FALSE,FALSE,0.4265009590263095,FALSE,FALSE,0.11452183225794811
Rnf103,0.5485441848139949,0.01691434231227352,0.43272812477306744,0.07242313242785868,0.2980951852545326,0.2097049595423849,Rnf103,FALSE,FALSE,FALSE,FALSE,0.42645583161386497,FALSE,FALSE,0.11450963036979134
Edf1,-0.4588453373118675,0.023495574798305448,-0.4157930781774457,0.07385531872751548,-0.40429072208059935,0.1002620105675008,Edf1,FALSE,FALSE,FALSE,FALSE,0.4263097125233042,FALSE,FALSE,0.11447012159443708
Lrrc75b,-0.6119280518127823,0.08969167529019491,-0.3550765818350503,0.3075496053283272,-0.3114715073008285,0.4929476213722995,Lrrc75b,FALSE,FALSE,FALSE,FALSE,0.4261587136495537,FALSE,FALSE,0.11442929338671379
Cryz,-0.43682559737092497,0.07631659061161664,-0.46179732583758604,0.10381114606151486,-0.3796588805095187,0.23557459917130452,Cryz,FALSE,FALSE,FALSE,FALSE,0.4260939345726766,FALSE,FALSE,0.11441177793417318
Nr1d2,0.3041776865921477,0.38970193752964644,0.4804473383440113,0.2136427845489922,0.49333017820321157,0.3171196489047632,Nr1d2,FALSE,FALSE,FALSE,FALSE,0.42598506771312356,FALSE,FALSE,0.11438234169636813
Zkscan7.1,0.36193990610808013,0.15931187647912623,0.5053743009213059,0.09660780210323533,0.41059740242286935,0.23008422447598412,Zkscan7.1,FALSE,FALSE,FALSE,FALSE,0.4259705364840851,FALSE,FALSE,0.11437841263370084
Naaladl2,0.4035916576225902,0.11145426975081632,0.5239961642176363,0.08967000640739733,0.35029958632744185,0.301023712120915,Naaladl2,FALSE,FALSE,FALSE,FALSE,0.4259624693892228,FALSE,FALSE,0.11437623139210226
Grip2,0.59570416669519,0.1601852135171742,-0.598353768901015,0.2555016591680978,0.08313829268287332,0.9153580308761217,Grip2,FALSE,FALSE,FALSE,FALSE,0.4257320760930261,FALSE,FALSE,0.11431393592511278
Snord43,-0.4067379268906658,0.6512082442857864,-0.16664566845201823,0.8643750241598225,-0.7034982877410708,0.5709440666044705,Snord43,FALSE,FALSE,FALSE,FALSE,0.42562729436125163,FALSE,FALSE,0.11428560425478812
Hist1h2bl,0.18433849606835856,0.8208240677406344,-0.4532415812976025,0.5960882901408339,-0.6389146710949398,0.5765246950619544,Hist1h2bl,FALSE,FALSE,FALSE,FALSE,0.42549824948696696,FALSE,FALSE,0.11425071213405862
Etaa1,0.45265798328766405,0.07939399877305475,0.48155323227743274,0.1060927084274755,0.3422461771807752,0.3190476864790385,Etaa1,FALSE,FALSE,FALSE,FALSE,0.4254857975819573,FALSE,FALSE,0.11424734529461367
Rapgef4os1,0.7758937020277267,0.50022422381445375,-0.1542415828220105,0.9186606174539488,0.34618349897928447,0.8579400381587162,Rapgef4os1,FALSE,FALSE,FALSE,FALSE,0.4254395946096739,FALSE,FALSE,0.11423485258852278
Gm10433,-0.07279286985257316,0.9331775700180175,-0.7754212845032697,0.3600623018576337,-0.4280284090810732,0.7016563995690153,Gm10433,FALSE,FALSE,FALSE,FALSE,0.4254141878123054,FALSE,FALSE,0.11422798290814186
Krt14,-0.6363009622679385,0.4449640823734066,-0.5574698730251881,0.5138953421764748,0.08222554923703956,0.9511129618091145,Krt14,FALSE,FALSE,FALSE,FALSE,0.42533212817672206,FALSE,FALSE,0.11420579500856301
Rnaseh2a,-0.4676212742706638,0.06296467206284513,-0.505294730345748,0.08967000640739733,-0.302760659292415,0.3367524659557179,Rnaseh2a,FALSE,FALSE,FALSE,FALSE,0.4252255546362756,FALSE,FALSE,0.11417697885557405
Lst1,-0.3467449984226613,0.5901989718262668,-0.4184020187359058,0.5248920094589428,-0.5091497909000555,0.5592229269389999,Lst1,FALSE,FALSE,FALSE,FALSE,0.42476560268620756,FALSE,FALSE,0.11405261359844543
Man2c1os,0.455054114480608,0.4382922776336239,0.2576670641599134,0.6991317112895579,0.5611406172833853,0.47343766194723075,Man2c1os,FALSE,FALSE,FALSE,FALSE,0.42462059864130225,FALSE,FALSE,0.11401340631749647
Gatm,0.4433074037432232,0.27831610024018505,0.5841037065158017,0.18126852649776473,0.24632413242638052,0.6855483435707503,Gatm,FALSE,FALSE,FALSE,FALSE,0.4245784142284685,FALSE,FALSE,0.11400200017964203
Eed,0.6051508224808728,0.02504287528015629,0.4515549151110694,0.10264966532261897,0.2169540318777088,0.5065687454313865,Eed,FALSE,FALSE,FALSE,FALSE,0.4245532564898837,FALSE,FALSE,0.11399519784164257
Gm34220,0.6479870001652293,0.04178226443439048,0.4007429602173893,0.20636785363981122,0.22488134290627793,0.6004853062189887,Gm34220,FALSE,FALSE,FALSE,FALSE,0.42453710109629883,FALSE,FALSE,0.11399082962518671
Folr1,-0.5206858588903032,0.051609680506440665,-0.2889585049802532,0.2648061304468559,-0.4639352864320214,0.1678925825124592,Folr1,FALSE,FALSE,FALSE,FALSE,0.42452655010085927,FALSE,FALSE,0.11398797676792496
Gm14618,0.3321920348769609,0.47940907441598724,0.8027528744377577,0.128740417194296,0.1381656860741094,0.8582202256466166,Gm14618,FALSE,FALSE,FALSE,FALSE,0.42437019846294266,FALSE,FALSE,0.11394570123968967
E330011M16Rik,0.5082202474301238,0.4555422228938907,0.38339699914673386,0.6083386715535339,0.3814651052895043,0.7037178753758783,E330011M16Rik,FALSE,FALSE,FALSE,FALSE,0.424360783955454,FALSE,FALSE,0.11394315567456186
Fcgr3,-0.5741344263795443,0.08179041580263124,-0.27683984632122094,0.3765456014875449,-0.4216622052663581,0.3028716769936846,Fcgr3,FALSE,FALSE,FALSE,FALSE,0.42421215932237444,FALSE,FALSE,0.11390296943183399
Dok7,-0.4159700507408678,0.42216437409888596,-0.5249872779013538,0.3343208573142701,-0.3316138367737238,0.6435879311670343,Dok7,FALSE,FALSE,FALSE,FALSE,0.4241903884719818,FALSE,FALSE,0.11389708286605991
Sypl,0.5149762351111749,0.05610535921633608,0.4943445186395863,0.10602903474232159,0.26299008872971097,0.46186011699147894,Sypl,FALSE,FALSE,FALSE,FALSE,0.42410361416015735,FALSE,FALSE,0.11387362017696682
Calr,-0.45401089851483967,0.10011712334958678,-0.41543868621339364,0.17117242512459538,-0.4026966625107704,0.2835620165232145,Calr,FALSE,FALSE,FALSE,FALSE,0.4240487490796679,FALSE,FALSE,0.11385878534510788
Cpsf4l,-0.11583636016865806,0.9183683689112219,1.0683850363558984,0.2351170156984671,0.08785130092828819,0.9609078036510375,Cpsf4l,FALSE,FALSE,FALSE,FALSE,0.42402423248428156,FALSE,FALSE,0.11385215636421392
Bmp2,0.4218260777923588,0.3521399764660377,0.5477939198628763,0.24694385429658822,0.3024173640244108,0.6446799508930072,Bmp2,FALSE,FALSE,FALSE,FALSE,0.4240124538932153,FALSE,FALSE,0.11384897158044172
Efemp1,0.6102036784084035,0.03467575135039376,0.35470170834090275,0.20501978941464774,0.3071285910695378,0.39097142509313887,Efemp1,FALSE,FALSE,FALSE,FALSE,0.4240113259396147,FALSE,FALSE,0.11384866659588944
Eef1g,-0.4443910258159285,0.023478178854300733,-0.4282566042253215,0.0704576830990092,-0.39910784501426555,0.10016562231638436,Eef1g,FALSE,FALSE,FALSE,FALSE,0.42391849168517187,FALSE,FALSE,0.11382356537407176
Zfp606,0.5160938636836079,0.05428956408387389,0.4989001076091162,0.10211259847939146,0.2566507025309539,0.4694738869735112,Zfp606,FALSE,FALSE,FALSE,FALSE,0.423881557941226,FALSE,FALSE,0.11381357895144247
Ttc26,0.6459809073606273,0.015532072290935523,0.40824956444585325,0.09118802308685355,0.21733029561639494,0.42258351823610246,Ttc26,FALSE,FALSE,FALSE,FALSE,0.4238535891409585,FALSE,FALSE,0.11380601653750698
Clspn,0.7455832317823148,0.19012871029833042,0.03285649976741345,0.96646171554254,0.4931148881564965,0.5510282534209763,Clspn,FALSE,FALSE,FALSE,FALSE,0.4238515399020749,FALSE,FALSE,0.11380546244893178
Acer3,0.5448686094976045,0.04858390745722355,0.3383398494666334,0.22378379593898068,0.38812351586134497,0.26749523365920275,Acer3,FALSE,FALSE,FALSE,FALSE,0.423777324941861,FALSE,FALSE,0.11378539565150124
Amot,0.34075382951586075,0.18100688120426672,0.6230026115695741,0.07556490478840473,0.3071674112623626,0.3896594828547996,Amot,FALSE,FALSE,FALSE,FALSE,0.4236412841159325,FALSE,FALSE,0.11374861191290836
Hpcal1,-0.5790195750369431,0.14578946468119067,-0.5398681324518337,0.20318063033642203,-0.1517065931755166,0.8019330345809189,Hpcal1,FALSE,FALSE,FALSE,FALSE,0.42353143355476447,FALSE,FALSE,0.11371890969448453
Meis3,-0.5688614988725229,0.018137352696163945,-0.4124959346189785,0.07810208927709161,-0.2891203182581097,0.2160746753329498,Meis3,FALSE,FALSE,FALSE,FALSE,0.42349258391653705,FALSE,FALSE,0.11370840523799339
Cldn5,0.6427808847142025,0.3208651686292763,0.0649809107297894,0.9392114696671224,0.5625190868536631,0.5374640967791049,Cldn5,FALSE,FALSE,FALSE,FALSE,0.423426960765885,FALSE,FALSE,0.11369066155845636
Zc3h7a,0.552681846615827,0.018647158665054384,0.34905467923938094,0.10589165044582284,0.3680401965083444,0.1396697986803263,Zc3h7a,FALSE,FALSE,FALSE,FALSE,0.42325890745451744,FALSE,FALSE,0.11364522204401045
Arhgap9,-0.2805484057844907,0.718828954443716,-0.5321515326020133,0.4965066317905774,-0.456999716944807,0.6606726582629691,Arhgap9,FALSE,FALSE,FALSE,FALSE,0.4232332184437703,FALSE,FALSE,0.1136382760566601
Socs3,-0.5542641853905996,0.08672990748542025,-0.5730580183810083,0.11648197128551506,-0.14198915017983627,0.7556432408764484,Socs3,FALSE,FALSE,FALSE,FALSE,0.42310378465048143,FALSE,FALSE,0.11360327877709399
Gm16701.1,-0.4738938076278796,0.09955357091415273,-0.56775407293882,0.0960072945197005,-0.2275814636712905,0.5407232520786466,Gm16701.1,FALSE,FALSE,FALSE,FALSE,0.42307644807933004,FALSE,FALSE,0.11359588731000758
Tbx3,-0.3949456790698056,0.36432517797066954,-0.4458115815481962,0.32672412494339437,0.42836977685178157,0.4223776035002393,Tbx3,FALSE,FALSE,FALSE,FALSE,0.4230423458232611,FALSE,FALSE,0.11358666648630186
0610043K17Rik,-0.6802213730894017,0.13530067870062565,-0.3618535833621136,0.41955941237361744,-0.2269743976966873,0.7099305494489714,0610043K17Rik,FALSE,FALSE,FALSE,FALSE,0.4230164513827342,FALSE,FALSE,0.11357966495330726
Gm24616,0.11205703603096129,0.9152413181556867,0.1371206712442573,0.8960738400302994,-1.0198098339467414,0.47273442977821856,Gm24616,FALSE,FALSE,FALSE,FALSE,0.4229958470739867,FALSE,FALSE,0.11357409380581031
Kctd12,0.5321946448694055,0.13755351493561474,0.5229248817754444,0.18366947912533657,0.2138468457996252,0.6886734423751706,Kctd12,FALSE,FALSE,FALSE,FALSE,0.42298879081482504,FALSE,FALSE,0.11357218588154806
Paxbp1,0.4511001548550615,0.09086644353083294,0.46942921053775777,0.12061995108359509,0.34828881938021183,0.32856826596063826,Paxbp1,FALSE,FALSE,FALSE,FALSE,0.4229393949243437,FALSE,FALSE,0.11355882985029327
Csf2rb,-0.38992195531650314,0.4056001028021875,-0.2942505997630913,0.5497947961050699,-0.5845774140123345,0.36646957904280664,Csf2rb,FALSE,FALSE,FALSE,FALSE,0.42291665636397635,FALSE,FALSE,0.11355268162784003
Gpbp1,0.5485420426410386,0.03636194355613853,0.47155911881518797,0.10005216606778224,0.24855529389332887,0.44977822489590724,Gpbp1,FALSE,FALSE,FALSE,FALSE,0.42288548511651847,FALSE,FALSE,0.11354425331222022
Tnfrsf11b,0.6127661765101515,0.2147578464106987,0.5537527838582152,0.2904222247820427,0.1021204941742877,0.9096517207354082,Tnfrsf11b,FALSE,FALSE,FALSE,FALSE,0.4228798181808848,FALSE,FALSE,0.11354272104367108
Cldn1,0.1643300409497237,0.836932720814963,0.37203210677016796,0.6167366404093115,0.7320926302942239,0.40574684960620855,Cldn1,FALSE,FALSE,FALSE,FALSE,0.4228182593380385,FALSE,FALSE,0.11352607630215408
Mafa,-0.3164087806529553,0.6982638945141618,-0.7307905553693861,0.38491606387837085,0.22107353629584386,0.8449741231927799,Mafa,FALSE,FALSE,FALSE,FALSE,0.42275762410606177,FALSE,FALSE,0.11350968129346953
Mtf2,0.5697365203782567,0.051798044467034995,0.4472060794364445,0.1497476064857061,0.2511421142834944,0.5212893631595337,Mtf2,FALSE,FALSE,FALSE,FALSE,0.4226949046993986,FALSE,FALSE,0.11349272275000544
Tmem56,0.7187713687425514,0.01600573855620976,0.36974442036851496,0.1383581407961631,0.17946729184015808,0.5680202451149191,Tmem56,FALSE,FALSE,FALSE,FALSE,0.4226610269837415,FALSE,FALSE,0.11348356263921994
Trove2,0.5630665133051851,0.03829026207806311,0.4660995953244127,0.11222058727331632,0.2379952835721859,0.49125522185044984,Trove2,FALSE,FALSE,FALSE,FALSE,0.4223871307339279,FALSE,FALSE,0.11340950451743224
Fam234a,-0.6219816546611971,0.017823060973944406,-0.3678224963819172,0.10558417467957514,-0.27721723299425083,0.2812910891250446,Fam234a,FALSE,FALSE,FALSE,FALSE,0.4223404613457884,FALSE,FALSE,0.11339688569832483
B930036N10Rik,0.5560290545754087,0.3622574627488726,0.5625112254087561,0.3807128863077853,-0.1484252980017627,0.8948036714144489,B930036N10Rik,FALSE,FALSE,FALSE,FALSE,0.4223218593286425,FALSE,FALSE,0.11339185594544496
Zfp868,0.6260648650676579,0.03298181707236668,0.4393128412827467,0.13849670483220658,0.20155569824840835,0.5950207078559016,Zfp868,FALSE,FALSE,FALSE,FALSE,0.422311134866271,FALSE,FALSE,0.11338895618489345
Cdkl4,-0.41893980916787577,0.16651591371867683,-0.3318617891560276,0.2940906381589807,-0.5159162637641135,0.2142264092705122,Cdkl4,FALSE,FALSE,FALSE,FALSE,0.4222392873626723,FALSE,FALSE,0.11336952951813449
Gm26824,0.05662879783860708,0.9726832840184402,0.22037534291814964,0.8887168154220202,0.9892143629402528,0.5641191843209133,Gm26824,FALSE,FALSE,FALSE,FALSE,0.42207283456566985,FALSE,FALSE,0.1133245227627638
3110083C13Rik,-0.6318768452158491,0.2761724223804207,-0.26421301983821976,0.6625788664276011,-0.3694463977430898,0.6424326940104498,3110083C13Rik,FALSE,FALSE,FALSE,FALSE,0.4218454209323862,FALSE,FALSE,0.11326303295937522
Kras,0.4832732275297795,0.16515300429281204,0.5640055644535291,0.15249798940944195,0.21811491080096346,0.6733110755641742,Kras,FALSE,FALSE,FALSE,FALSE,0.4217979009280907,FALSE,FALSE,0.11325018414429337
Ccl9,0.34779307109982216,0.7390264069076042,0.3118312122522795,0.7759002773028179,0.6055759858283682,0.6450794897336568,Ccl9,FALSE,FALSE,FALSE,FALSE,0.42173342306015665,FALSE,FALSE,0.11323275013488535
Trnt1,0.5970003465705638,0.07179659437007348,0.5375007836527548,0.14063530962488444,0.1306302708721363,0.7972027662037148,Trnt1,FALSE,FALSE,FALSE,FALSE,0.4217104670318183,FALSE,FALSE,0.11322654311181146
Ppp1r13l,-0.0821102662613849,0.8819226446177186,0.4188333381378843,0.3662223528404213,0.7639911039284715,0.18062361102062527,Ppp1r13l,FALSE,FALSE,FALSE,FALSE,0.42164490277591354,FALSE,FALSE,0.11320881535667783
Abhd15,0.20227362303645613,0.6713248828370114,0.4616527587164716,0.3033116815553314,0.6007628988667422,0.289054293552995,Abhd15,FALSE,FALSE,FALSE,FALSE,0.42156309353988997,FALSE,FALSE,0.11318669516200953
2310074N15Rik,0.23862533350376824,0.7368159365256417,-0.9358782192339505,0.24728591502651884,0.09014817710986,0.938907882023053,2310074N15Rik,FALSE,FALSE,FALSE,FALSE,0.4215505766158596,FALSE,FALSE,0.11318331074223423
G730003C15Rik,-0.3401408527003217,0.32036068754109587,-0.4706103810283286,0.20318063033642203,-0.45303885520756654,0.32923753826935626,G730003C15Rik,FALSE,FALSE,FALSE,FALSE,0.42126336297873895,FALSE,FALSE,0.11310565176540835
Adamts6,0.5246182540602233,0.04926685976749378,0.2842864155268834,0.2885207134548664,0.4546345477107083,0.17983991492950538,Adamts6,FALSE,FALSE,FALSE,FALSE,0.4211797390992717,FALSE,FALSE,0.11308304091383896
F730043M19Rik,0.6990655678639864,0.17761745208748433,0.2846034127127379,0.635761398228668,0.279758511232064,0.7306377235054289,F730043M19Rik,FALSE,FALSE,FALSE,FALSE,0.42114249726959613,FALSE,FALSE,0.11307297118867993
4930519K11Rik,-0.7172715461572466,0.2805488142845776,0.3319855911524451,0.5990842191512896,0.21410650784376112,0.816326635188023,4930519K11Rik,FALSE,FALSE,FALSE,FALSE,0.42112121505115097,FALSE,FALSE,0.11306721674287573
Tspan12,0.5481024104142813,0.049930929844678826,0.45200306226232545,0.13363791594408103,0.26316164455444646,0.47474464216167483,Tspan12,FALSE,FALSE,FALSE,FALSE,0.4210890390770177,FALSE,FALSE,0.11305851676172368
Mastl,0.3738640709344221,0.3714524359358984,0.2774025229029422,0.543343609950323,0.6117895943786644,0.262971095562246,Mastl,FALSE,FALSE,FALSE,FALSE,0.4210187294053429,FALSE,FALSE,0.11303950590549147
Hnrnpll,0.4858405688017031,0.04668662800905815,0.4786004033066753,0.091288359702255,0.29853853832242727,0.3384084662095694,Hnrnpll,FALSE,FALSE,FALSE,FALSE,0.4209931701436019,FALSE,FALSE,0.11303259500065027
4930415O20Rik,0.34505320347744733,0.5127518109671864,-0.19210484362259994,0.7582687531958763,-0.7255023815389265,0.36456401969128355,4930415O20Rik,FALSE,FALSE,FALSE,FALSE,0.4208868095463246,FALSE,FALSE,0.11300383642483212
Pcdh7,0.5555533011722282,0.06881684961481466,0.505837552433241,0.13385386958283618,0.20075573674406755,0.6423207840863889,Pcdh7,FALSE,FALSE,FALSE,FALSE,0.42071553011651225,FALSE,FALSE,0.11295752460829062
Ckmt1,-0.5021734767245345,0.07164125748642097,-0.4058024723744076,0.1686789790371396,-0.3538722528016871,0.331095311050935,Ckmt1,FALSE,FALSE,FALSE,FALSE,0.42061606730020973,FALSE,FALSE,0.11293063110621421
Gm15421,0.5107289767514442,0.2001900025581747,-0.16350303265359273,0.7403079414682672,-0.5867814283174757,0.3509791722748352,Gm15421,FALSE,FALSE,FALSE,FALSE,0.4203378125741709,FALSE,FALSE,0.11285539450694346
Tmbim6,-0.5413012268260049,0.02734049331395135,-0.42678508763561585,0.10005216606778224,-0.29266259595383026,0.3190476864790385,Tmbim6,FALSE,FALSE,FALSE,FALSE,0.4202496368051503,FALSE,FALSE,0.11283155288134508
Ahrr,0.4872772573140403,0.5020668961799329,0.31170146110810576,0.700015344179782,0.4616449572468222,0.649894386994797,Ahrr,FALSE,FALSE,FALSE,FALSE,0.42020789188965607,FALSE,FALSE,0.11282026557807681
Phldb3,-0.6148411943275204,0.11525585601714035,-0.5926455452447843,0.15770178933733603,-0.05291359294365089,0.9330114878920552,Phldb3,FALSE,FALSE,FALSE,FALSE,0.42013344417198517,FALSE,FALSE,0.11280013584593976
Gm26679,0.16162115575286207,0.8488731316952847,0.5337341135454551,0.4845802561257755,0.5641000506001578,0.5747579581649425,Gm26679,FALSE,FALSE,FALSE,FALSE,0.4198184399661583,FALSE,FALSE,0.11271496264676437
4930566N20Rik,0.7733566590872002,0.2660792905558396,0.08906597568745,0.9220661357248053,0.3968646083455872,0.709631696598601,4930566N20Rik,FALSE,FALSE,FALSE,FALSE,0.41976241437341244,FALSE,FALSE,0.11269981402689963
1810022K09Rik,0.7020154174720741,0.08342275459196279,0.4936464901236537,0.2461248894090577,0.06362517542926849,0.9307249095541381,1810022K09Rik,FALSE,FALSE,FALSE,FALSE,0.4197623610083321,FALSE,FALSE,0.11269979959764906
Gm7435,0.30142676611041486,0.2670996433457333,0.5772943440083629,0.08508717706951348,0.3805455959329682,0.2923511572608271,Gm7435,FALSE,FALSE,FALSE,FALSE,0.41975556868391534,FALSE,FALSE,0.1126979630380422
Txnl4a,-0.44010121688942805,0.050533411103183566,-0.3955747554300757,0.10589165044582284,-0.4232629759907054,0.13783160087057952,Txnl4a,FALSE,FALSE,FALSE,FALSE,0.419646316103403,FALSE,FALSE,0.11266842250611192
Zfp459,0.756711410971046,0.029633515864581787,0.4808060521489017,0.16061040088311931,-0.02140620920635694,0.97138086550869,Zfp459,FALSE,FALSE,FALSE,FALSE,0.4196412241087682,FALSE,FALSE,0.11266704569442113
Tmed7,0.6381310652405876,0.09338807069461773,0.47681376134760534,0.23684285718404707,0.14366881677376497,0.808308318796559,Tmed7,FALSE,FALSE,FALSE,FALSE,0.41953788112065266,FALSE,FALSE,0.11263910304239513
Rab30,0.4351663195456883,0.08107810625547547,0.4784296640607577,0.10195650914669147,0.3449973785106417,0.29923735452950573,Rab30,FALSE,FALSE,FALSE,FALSE,0.4195311207056959,FALSE,FALSE,0.11263727511070734
Fign,0.41012130422481086,0.12044508830897813,0.3325861284017071,0.2315979882466294,0.5155722564599468,0.13969684197102653,Fign,FALSE,FALSE,FALSE,FALSE,0.4194265630288216,FALSE,FALSE,0.11260900402202662
Ap5m1,0.49508283021087607,0.02095553687999382,0.3943156896332072,0.08120675934582743,0.3682526788084264,0.12594452603834114,Ap5m1,FALSE,FALSE,FALSE,FALSE,0.4192170662175032,FALSE,FALSE,0.11255235870330717
Uba3,0.5449240202903924,0.03831333094046757,0.5127453358064606,0.08932363389894,0.19988443645972165,0.5572624935729553,Uba3,FALSE,FALSE,FALSE,FALSE,0.4191845975188582,FALSE,FALSE,0.11254357957310668
Zfp26,0.5251541563506761,0.029887603850818716,0.4555866863576634,0.09017964244818083,0.2765265883065924,0.3475782955568665,Zfp26,FALSE,FALSE,FALSE,FALSE,0.41908914367164396,FALSE,FALSE,0.1125177700461529
Nsfl1c,-0.5151586297625048,0.0211573327684876,-0.35989118055629987,0.09564193831237527,-0.38214614824844784,0.12398760476110553,Nsfl1c,FALSE,FALSE,FALSE,FALSE,0.4190653195224175,FALSE,FALSE,0.11251132829404384
Ubxn1,-0.5186708257272592,0.029542493382359095,-0.4115225493458432,0.09993305936367947,-0.32696790726960057,0.24315470576168083,Ubxn1,FALSE,FALSE,FALSE,FALSE,0.419053760780901,FALSE,FALSE,0.11250820295484142
F8,0.505006038884364,0.037764919584000446,0.4498489914235737,0.09488953217474604,0.30223367404319923,0.3173150782532759,F8,FALSE,FALSE,FALSE,FALSE,0.41902956811704567,FALSE,FALSE,0.11250166156098375
Ergic3,-0.4914378718711445,0.029424331256908604,-0.4053840366755441,0.09547243216749418,-0.3602155891489609,0.18547706079840864,Ergic3,FALSE,FALSE,FALSE,FALSE,0.41901249923188316,FALSE,FALSE,0.11249704634782547
Tekt1,-0.6382435400185082,0.04707681261833981,-0.38679651180061514,0.19862348791688939,-0.231718948329251,0.5474007109618781,Tekt1,FALSE,FALSE,FALSE,FALSE,0.4189196667161248,FALSE,FALSE,0.11247194559612633
Fam13c,-0.505913696457954,0.07619685571132737,-0.24828711711872398,0.3708064112605815,-0.5024324646223643,0.1748775832390268,Fam13c,FALSE,FALSE,FALSE,FALSE,0.4188777593996808,FALSE,FALSE,0.11246061438167153
5330411J11Rik,-0.4691403131941666,0.5047646070518574,-0.7307282611067851,0.3247285709845821,0.056565974767628424,0.9630623165232519,5330411J11Rik,FALSE,FALSE,FALSE,FALSE,0.4188115163561934,FALSE,FALSE,0.11244270309086153
AC163032.1,0.7011151891498737,0.02097691801756085,0.2950243448902734,0.2652850310033814,0.260250287070666,0.4500968488654266,AC163032.1,FALSE,FALSE,FALSE,FALSE,0.4187966070369377,FALSE,FALSE,0.11243867179732626
Ddah2,-0.5174453856197649,0.05095075140742984,-0.38747158075728594,0.14600483083553098,-0.3512991591515706,0.2710996303161293,Ddah2,FALSE,FALSE,FALSE,FALSE,0.4187387085095405,FALSE,FALSE,0.11242301675934661
Tmf1,0.563881802191526,0.02526940340353262,0.3747537251993309,0.13186027488844035,0.31738231158052965,0.28315990045604944,Tmf1,FALSE,FALSE,FALSE,FALSE,0.41867261299046216,FALSE,FALSE,0.11240514535729253
Zc3h12a,0.11279630858494534,0.8322287078387414,-0.3708967673755779,0.4885476871125652,0.7719641679683448,0.1869631545858462,Zc3h12a,FALSE,FALSE,FALSE,FALSE,0.418552414642956,FALSE,FALSE,0.11237264522680754
Sstr2,1.1501046016220788,0.047705456792804406,0.038398098483094084,0.9594125152473906,-0.06684296132219023,0.9527816940550564,Sstr2,TRUE,FALSE,FALSE,TRUE,0.41844855380912105,FALSE,FALSE,0.11234456255577295
Tmem132d,-0.3309132641465058,0.4831920670354922,-0.5165891129538447,0.2949021993373063,-0.40768950631252343,0.5293244089977212,Tmem132d,FALSE,FALSE,FALSE,FALSE,0.41839729447095797,FALSE,FALSE,0.11233070267156124
Gabra1,0.7972672049566691,0.06692797214775605,0.23881871346264916,0.6211312282162286,0.21821814368514536,0.739869707198146,Gabra1,FALSE,FALSE,FALSE,FALSE,0.41810135403482124,FALSE,FALSE,0.11225068407738101
Atp13a3,0.5446967784492012,0.040445401951539985,0.41016473164339473,0.13849670483220658,0.29939509704730494,0.37297994931941036,Atp13a3,FALSE,FALSE,FALSE,FALSE,0.41808553571330026,FALSE,FALSE,0.11224640700099725
Nfil3,-0.6026048643072994,0.08121726635481614,-0.12860469670555918,0.714016611582768,-0.5229227172442124,0.2343813756677859,Nfil3,FALSE,FALSE,FALSE,FALSE,0.418044092752357,FALSE,FALSE,0.1122352013424646
Dusp26,-0.5169611744907847,0.18299017119042071,-0.48002811405435253,0.2507635479085268,-0.2567420691271858,0.6499662637708897,Dusp26,FALSE,FALSE,FALSE,FALSE,0.417910452557441,FALSE,FALSE,0.11219906670448561
Lrp2,-0.8107971931792468,0.08164123699045404,-0.4102804218495848,0.3567080160931663,-0.032417256022665875,0.9672576142655462,Lrp2,FALSE,FALSE,FALSE,FALSE,0.4178316236838325,FALSE,FALSE,0.11217775236255481
Papolg,0.46971933105501407,0.024232732268701283,0.46409702850187884,0.0704576830990092,0.31897708613122777,0.18752226253179916,Papolg,FALSE,FALSE,FALSE,FALSE,0.41759781522937356,FALSE,FALSE,0.11211453347946643
Zfp719,0.6331242378140924,0.042860462479316144,0.5084341293866297,0.1286611338631953,0.1110696517279548,0.8083932338655838,Zfp719,FALSE,FALSE,FALSE,FALSE,0.41754267297622566,FALSE,FALSE,0.11209962370358575
Asna1,-0.4685855234014795,0.022606933826155737,-0.38891120856271666,0.0794588707975626,-0.39426233076664463,0.1002620105675008,Asna1,FALSE,FALSE,FALSE,FALSE,0.41725302091028027,FALSE,FALSE,0.1120213054060901
Bin3,-0.4767090712400357,0.044090152498948126,-0.46575092033764687,0.08525470443769087,-0.30920354976315867,0.2708201822985332,Bin3,FALSE,FALSE,FALSE,FALSE,0.41722118044694706,FALSE,FALSE,0.11201269614286392
Cep44,0.411875557870101,0.0716366644843426,0.35763920475591693,0.14627988282995627,0.48143936507555196,0.11553438602955379,Cep44,FALSE,FALSE,FALSE,FALSE,0.4169847092338566,FALSE,FALSE,0.1119487572831305
A430035B10Rik,0.6918081980579314,0.03864412666210684,0.2773991209712334,0.40215747964601284,0.2817256930307859,0.5169980005589633,A430035B10Rik,FALSE,FALSE,FALSE,FALSE,0.4169776706866502,FALSE,FALSE,0.11194685414795952
Rsad2,0.5688934786716868,0.17540856694611864,0.19200920734683846,0.6966057929916216,0.48967471108790317,0.3955401918455307,Rsad2,FALSE,FALSE,FALSE,FALSE,0.4168591323688095,FALSE,FALSE,0.11191480286874292
Gdap1l1,-0.4747502334788978,0.029800884476252523,-0.46561873193051984,0.07385531872751548,-0.3101294540454518,0.22817123235556058,Gdap1l1,FALSE,FALSE,FALSE,FALSE,0.41683280648495646,FALSE,FALSE,0.11190768467886669
Ino80b,-0.5051082202648325,0.1272748550368734,-0.5858124324080296,0.1212335433577694,-0.15949839637013685,0.7279037458134423,Ino80b,FALSE,FALSE,FALSE,FALSE,0.41680634968099967,FALSE,FALSE,0.11190053108983114
Rack1,-0.3610059421530032,0.03894994048142692,-0.38569970595121816,0.07556490478840473,-0.5034713437479823,0.05475877694670262,Rack1,FALSE,FALSE,FALSE,FALSE,0.41672566395073457,FALSE,FALSE,0.11187871467707423
Cenpa,0.8240357971104841,0.12873353186978867,0.1772576290423065,0.792472303438919,0.24877355795922146,0.777596168840177,Cenpa,FALSE,FALSE,FALSE,FALSE,0.416688994704004,FALSE,FALSE,0.11186879977118529
A330015K06Rik,0.03429042668376625,0.9735428783984378,0.7887917684515482,0.32914265277261606,0.4268844254153381,0.718921139533702,A330015K06Rik,FALSE,FALSE,FALSE,FALSE,0.41665554018355083,FALSE,FALSE,0.1118597540870923
Gfod1,-0.4049112475461172,0.10983141095668125,-0.374958425648269,0.1696384291254824,-0.4699719288386177,0.16735442230976913,Gfod1,FALSE,FALSE,FALSE,FALSE,0.41661386734433464,FALSE,FALSE,0.11184848627234853
Ubb,-0.3460602594029476,0.18880396008749376,-0.444013884333998,0.1424795979716327,-0.45975616819189025,0.21267852619244249,Ubb,FALSE,FALSE,FALSE,FALSE,0.4166101039762786,FALSE,FALSE,0.11184746870467459
Atp11b,0.4963392875680359,0.03062724511004937,0.4550112170649765,0.08453473759992562,0.2982799932591238,0.2840499416057544,Atp11b,FALSE,FALSE,FALSE,FALSE,0.4165434992973787,FALSE,FALSE,0.1118294596321701
Wsb1,0.4915409269687947,0.05789806379064433,0.4388487772074523,0.12351233695174244,0.3184198278518009,0.3475782955568665,Wsb1,FALSE,FALSE,FALSE,FALSE,0.4162698440093493,FALSE,FALSE,0.1117554666634364
Vps54,0.6054998563496179,0.019582371416048017,0.46056466618971825,0.08451455445915308,0.18251341540507493,0.5283218456723442,Vps54,FALSE,FALSE,FALSE,FALSE,0.4161926459814704,FALSE,FALSE,0.11173459328180259
Gm4070,0.4461440997838381,0.4760981926860946,0.40774553997000124,0.5375570790221962,-0.394633254238396,0.6873533990866824,Gm4070,FALSE,FALSE,FALSE,FALSE,0.4161742979974118,FALSE,FALSE,0.11172963221629369
Mtmr1,0.41318350575509655,0.11297593866203307,0.5087858172836608,0.10069442807404672,0.32648285777527164,0.35760465086047083,Mtmr1,FALSE,FALSE,FALSE,FALSE,0.41615072693800964,FALSE,FALSE,0.11172325889650907
A730091E23Rik,0.6473602960565816,0.310731470390935,0.5519014844187501,0.41835651584843037,-0.04911848369974861,0.9692527582689531,A730091E23Rik,FALSE,FALSE,FALSE,FALSE,0.4161267547250268,FALSE,FALSE,0.11171677710981132
Npy1r,0.8003361904195156,0.11415392699173342,0.29832550436476946,0.6087478764210521,0.14964459192799562,0.8668290961147813,Npy1r,FALSE,FALSE,FALSE,FALSE,0.4161020955707602,FALSE,FALSE,0.11171010958277837
Pcdh8,-0.6421700957438587,0.18257386012335353,0.12304960819897404,0.8013057241527684,0.48303843330853846,0.3730024733180667,Pcdh8,FALSE,FALSE,FALSE,FALSE,0.4160860457504571,FALSE,FALSE,0.11170576991201804
Ifit1,0.589296012753878,0.15718253617917335,0.18843830773111758,0.6994065930080751,0.46995394470169227,0.41184080162664705,Ifit1,FALSE,FALSE,FALSE,FALSE,0.41589608839556264,FALSE,FALSE,0.11165440781803969
Ugp2,0.68812803822512425,0.012478226943271664,0.292686186641844,0.13849670483220658,0.26634086093673304,0.2622348475625722,Ugp2,FALSE,FALSE,FALSE,FALSE,0.41571836193456707,FALSE,FALSE,0.11160635280486493
Cuedc1,-0.5371129039335374,0.0377409776091838,-0.4338702746248799,0.1096715972995593,-0.2758787928282116,0.37278552636188855,Cuedc1,FALSE,FALSE,FALSE,FALSE,0.4156206571288763,FALSE,FALSE,0.11157993464687986
Vat1,-0.5434277559531315,0.03442086341500753,-0.39229930507408994,0.13538779083376862,-0.31066328737706606,0.3248219619173585,Vat1,FALSE,FALSE,FALSE,FALSE,0.4154634494680958,FALSE,FALSE,0.1115374276607639
E130102H24Rik,0.4213123706799977,0.37314383005102336,0.28869400906005205,0.5767563203099935,0.5362324750856435,0.39068104797992104,E130102H24Rik,FALSE,FALSE,FALSE,FALSE,0.41541295160856445,FALSE,FALSE,0.11152377367085445
Gm3696,0.32835436803320006,0.6733668757472103,0.5552160140660233,0.45961208648504254,-0.3623231136374506,0.7643604753588661,Gm3696,FALSE,FALSE,FALSE,FALSE,0.41529783191222464,FALSE,FALSE,0.11149264674415318
Angptl4,-0.27820974200911097,0.5676350040012188,-0.618386010458106,0.23060236218130764,-0.3492151513806334,0.5970542480958874,Angptl4,FALSE,FALSE,FALSE,FALSE,0.4152703012826168,FALSE,FALSE,0.11148520280608622
Oasl1,-0.25536445411197284,0.7325501755743057,-0.4864269317241794,0.5142536910044518,0.503995883830106,0.5588410950481663,Oasl1,FALSE,FALSE,FALSE,FALSE,0.41526242322208606,FALSE,FALSE,0.11148307267700765
Rell2,-0.5519827568920368,0.1613346053555143,-0.35358959412979507,0.36790954743245263,-0.33949738111974415,0.5123467424997246,Rell2,FALSE,FALSE,FALSE,FALSE,0.415023244047192,FALSE,FALSE,0.11141840161825659
Gm45592,0.4153154692112293,0.4814564131910181,-0.4126842403377021,0.5502814773575972,-0.41689172773651106,0.649894386994797,Gm45592,FALSE,FALSE,FALSE,FALSE,0.41496381242848085,FALSE,FALSE,0.11140233205155187
Vamp4,0.6494289848463906,0.02005871878534375,0.3437423225535632,0.16293680087112003,0.2510431903135162,0.41504127410235697,Vamp4,FALSE,FALSE,FALSE,FALSE,0.41473816590449,FALSE,FALSE,0.11134132005242424
Brinp3,-0.5113398297740563,0.30177368993205816,-0.4217850619472319,0.40714394377143304,0.31009986418926067,0.6150505511268062,Brinp3,FALSE,FALSE,FALSE,FALSE,0.414408251970183,FALSE,FALSE,0.1112521154490644
March11,-0.22685674868165617,0.6911208442029793,-0.46921678241245335,0.4152198248266785,-0.5467895534070222,0.4681791423427732,March11,FALSE,FALSE,FALSE,FALSE,0.4142876948337106,FALSE,FALSE,0.11121951830652839
Sgsh,-0.5197173112797824,0.11246154786462573,-0.4568781886369804,0.1835384475427264,-0.26609156579830984,0.5403423527783343,Sgsh,FALSE,FALSE,FALSE,FALSE,0.4142290219050242,FALSE,FALSE,0.11120365388012148
Pygm,-0.6365786890182217,0.04564953375797689,-0.13354515194287142,0.6568661449073393,-0.47227769900538963,0.21615380298575965,Pygm,FALSE,FALSE,FALSE,FALSE,0.41413384665549424,FALSE,FALSE,0.11117791968249861
Loxl4,0.17347892813501833,0.7558465353989141,0.36295081143318303,0.48946639605282133,-0.7051859627961324,0.36039708807854065,Loxl4,FALSE,FALSE,FALSE,FALSE,0.41387190078811126,FALSE,FALSE,0.11110709279472034
Isg15,0.6490912814939016,0.21758021408867192,-0.24994102057358092,0.7084074417436858,0.3421689527320888,0.6632756351020446,Isg15,FALSE,FALSE,FALSE,FALSE,0.4137337515998571,FALSE,FALSE,0.11106973898131266
Gm17767,-0.26896798114350456,0.657700757456528,-0.16385263080636428,0.8020756894068517,-0.8080916466333068,0.3351862354367106,Gm17767,FALSE,FALSE,FALSE,FALSE,0.4136374195277252,FALSE,FALSE,0.11104369199332045
Calcoco1,-0.5921125870733404,0.04852052675961581,-0.4524996199399469,0.14950553527659238,-0.19575074937286274,0.628385690449761,Calcoco1,FALSE,FALSE,FALSE,FALSE,0.41345431879538336,FALSE,FALSE,0.11099418384436105
Saxo2,0.413643149876608,0.15963149067671434,0.43415446979121164,0.1730309294115567,0.39217133949675853,0.32024573688721225,Saxo2,FALSE,FALSE,FALSE,FALSE,0.4133229863881927,FALSE,FALSE,0.11095867320333176
Rbm48,0.40242734236229794,0.1285500490408541,0.5667952565977159,0.08525470443769087,0.2706420502057947,0.4575149322687417,Rbm48,FALSE,FALSE,FALSE,FALSE,0.41328821638860286,FALSE,FALSE,0.1109492718301259
Ccdc38,0.3916084549690438,0.49600672794363865,0.38604083228141367,0.5190856823527518,0.4618953957360392,0.5510503626574075,Ccdc38,FALSE,FALSE,FALSE,FALSE,0.4131815609954989,FALSE,FALSE,0.11092043354520166
Gk5,0.597082979522106,0.017823060973944406,0.34461720646012894,0.12170321781334313,0.29751635445047997,0.25445387841808387,Gk5,FALSE,FALSE,FALSE,FALSE,0.4130721801442383,FALSE,FALSE,0.11089085833046464
Synpr,0.5610574005428166,0.11308838214134784,0.5108088015773928,0.18598641846202824,0.16729841067595874,0.7581556020969512,Synpr,FALSE,FALSE,FALSE,FALSE,0.41305487093205606,FALSE,FALSE,0.11088617813588471
Sept4,-0.5782569844023686,0.024270611013764994,-0.48438297828528576,0.08047062246520442,-0.17650808122618944,0.5315619044545236,Sept4,FALSE,FALSE,FALSE,FALSE,0.4130493479712813,FALSE,FALSE,0.11088468479633747
Gm5532,0.8634525712064184,0.20178708355780656,-0.23826853064930942,0.7942387677079837,-0.137174495877896,0.9199110480395545,Gm5532,FALSE,FALSE,FALSE,FALSE,0.4129651992445413,FALSE,FALSE,0.110861932032627
4930512B01Rik,0.029350415747989023,0.969828492479467,0.6194115356387768,0.31520262729888093,0.5892554389430382,0.4653466312395885,4930512B01Rik,FALSE,FALSE,FALSE,FALSE,0.412672463443268,FALSE,FALSE,0.11078277993165055
Enpp6,0.43903694416135514,0.42748244513817835,0.7950757251258309,0.16656781828054618,0.0038002580454076784,0.9962326378381484,Enpp6,FALSE,FALSE,FALSE,FALSE,0.4126376424441979,FALSE,FALSE,0.1107733647688228
Aldh3a1,-0.45345764175772674,0.05497083575495276,-0.2537289345544904,0.2577332507500716,-0.5306813221951239,0.09615456402213042,Aldh3a1,FALSE,FALSE,FALSE,FALSE,0.4126226328357803,FALSE,FALSE,0.11076930635835193
2810414N06Rik,0.6328153493589399,0.02133636204430572,0.3912914940336001,0.12871934164900037,0.21369797487528075,0.5023491191058883,2810414N06Rik,FALSE,FALSE,FALSE,FALSE,0.4126016060892736,FALSE,FALSE,0.11076362098896606
Fyttd1,0.48725598491525535,0.05103953858233119,0.4731598385857563,0.09952388076120047,0.2772137462539961,0.39585115013181715,Fyttd1,FALSE,FALSE,FALSE,FALSE,0.4125431899183359,FALSE,FALSE,0.11074782598664448
Micall2,-0.5305295317530077,0.3676021633461915,-0.5819301853315391,0.34284647420974934,-0.12515326632495594,0.8910329044496753,Micall2,FALSE,FALSE,FALSE,FALSE,0.41253766113650087,FALSE,FALSE,0.11074633107315532
Gm9958,0.4570035022910317,0.14042434526718878,0.5576496680112424,0.1156090072283418,0.22286306038745307,0.6204295554241585,Gm9958,FALSE,FALSE,FALSE,FALSE,0.41250541022990905,FALSE,FALSE,0.11073761083120325
Slc38a9,0.34886444783208415,0.11393795995486249,0.5403836295754694,0.07169446715868752,0.348266891714605,0.23882483813981867,Slc38a9,FALSE,FALSE,FALSE,FALSE,0.4125049897073862,FALSE,FALSE,0.1107374971271703
B230217O12Rik,-0.136784649260282,0.7620320671815575,-0.601824580236553,0.2011709830200725,-0.49881265403871056,0.39862297052912377,B230217O12Rik,FALSE,FALSE,FALSE,FALSE,0.4124739611785152,FALSE,FALSE,0.11072910740087216
Fam92a,0.6787986574607743,0.0380043780706344,0.38686287966680943,0.22534929449217553,0.17167139869310155,0.6972486408522308,Fam92a,FALSE,FALSE,FALSE,FALSE,0.4124443119402284,FALSE,FALSE,0.11072109061750456
Ddhd1,0.3687995416204055,0.12524338646128447,0.45852562349491777,0.10849905442664975,0.40972821785372826,0.2134191841633013,Ddhd1,FALSE,FALSE,FALSE,FALSE,0.4123511276563505,FALSE,FALSE,0.1106958947521036
Gm42829,0.5306784084427054,0.31009831760965795,0.6302448147199728,0.2508671114262236,0.07589406610193833,0.9387990047842294,Gm42829,FALSE,FALSE,FALSE,FALSE,0.4122724297548722,FALSE,FALSE,0.11067461582339945
Cmpk1,0.6497935029314377,0.051609680506440665,0.3972116278344231,0.24013226432838075,0.18945795020569367,0.6839548616543273,Cmpk1,FALSE,FALSE,FALSE,FALSE,0.4121543603238515,FALSE,FALSE,0.11064269132531711
Zfp397,0.5267952606666997,0.023670425705780866,0.45571875233697856,0.08120675934582743,0.2536680980073216,0.3503597242989102,Zfp397,FALSE,FALSE,FALSE,FALSE,0.41206070367033326,FALSE,FALSE,0.11061736773707082
Zfp879,0.47440469159670995,0.08228637466232842,0.38596377700451256,0.1805877448834008,0.3757585511730914,0.2938618654252344,Zfp879,FALSE,FALSE,FALSE,FALSE,0.4120423399247713,FALSE,FALSE,0.11061240240984843
Mipol1,0.3971852311502073,0.13862423575711835,0.43106271127127505,0.14741010874715055,0.4076030916114184,0.25716025112894175,Mipol1,FALSE,FALSE,FALSE,FALSE,0.4119503446776336,FALSE,FALSE,0.11058752804511707
Igf1,0.7141206691321429,0.04830268245726906,0.40761019463137993,0.2629327123188013,0.11363861287503285,0.8430992339702057,Igf1,FALSE,FALSE,FALSE,FALSE,0.4117898255461852,FALSE,FALSE,0.11054412567873144
A230103J11Rik,0.4299300684479332,0.33811759098568905,-0.436463342192209,0.40908526894345243,-0.3687279305699252,0.5986825630709257,A230103J11Rik,FALSE,FALSE,FALSE,FALSE,0.4117071137366891,FALSE,FALSE,0.11052176143947985
Zfp872,0.23892343636261126,0.7459552664180225,0.5223278799912585,0.44775255468443753,0.4737000203301037,0.609651771495217,Zfp872,FALSE,FALSE,FALSE,FALSE,0.4116504455613245,FALSE,FALSE,0.11050643907330837
Spryd3,-0.4395685233636666,0.045797279400594686,-0.4579367569611277,0.08453473759992562,-0.33736400637994546,0.22883549576023568,Spryd3,FALSE,FALSE,FALSE,FALSE,0.41162309556824656,FALSE,FALSE,0.11049904397710081
3830408C21Rik,0.5727041920528619,0.12197941185662174,0.21772539713199468,0.6006317329610033,0.4439840099642093,0.3758240347301949,3830408C21Rik,FALSE,FALSE,FALSE,FALSE,0.4114711997163553,FALSE,FALSE,0.11045797323770198
Atp6v1f,-0.4318628921462162,0.025664562526706087,-0.40233652959872046,0.0752762752042176,-0.3993753356692782,0.10016562231638436,Atp6v1f,FALSE,FALSE,FALSE,FALSE,0.4111915858047383,FALSE,FALSE,0.11038236913164298
Gm37254,0.28143601517598693,0.4504762785926505,0.5759756369344808,0.14408568227220026,0.3761584209897917,0.44653217569857523,Gm37254,FALSE,FALSE,FALSE,FALSE,0.41119002436675317,FALSE,FALSE,0.11038194693833239
Lin7a,0.30644357213541795,0.2760319234065985,0.47707352249508395,0.13277230751198113,0.45002833217581584,0.23290716842092996,Lin7a,FALSE,FALSE,FALSE,FALSE,0.41118180893543926,FALSE,FALSE,0.11037972558841176
Egr2,-0.6902419566906252,0.23230649572421055,-0.4402979980351051,0.44720352966529653,-0.10170085232097326,0.9084785564055964,Egr2,FALSE,FALSE,FALSE,FALSE,0.4107469356822345,FALSE,FALSE,0.11026214129738926
Rnaset2a,-0.37868469994748344,0.5154997629838747,-0.33532512495345823,0.5813396195053208,-0.5179235610417214,0.5166781432444143,Rnaset2a,FALSE,FALSE,FALSE,FALSE,0.4106444619808877,FALSE,FALSE,0.11023443368963799
Gm44702,0.2651229075469847,0.5982220308419418,-0.46399282289734584,0.4059876847346415,-0.502766232112011,0.4942738148037237,Gm44702,FALSE,FALSE,FALSE,FALSE,0.41062732085211384,FALSE,FALSE,0.11022979894271036
Prrg1,0.7238424736461466,0.046955916837819585,0.39283660643826535,0.2850281444337467,0.11514461976973456,0.8423323488805619,Prrg1,FALSE,FALSE,FALSE,FALSE,0.4106078999513822,FALSE,FALSE,0.1102245477739463
Mms22l,0.4675021672957038,0.11639684440338176,0.19042370249192464,0.5597761111316154,0.5738532676658299,0.14327877740113493,Mms22l,FALSE,FALSE,FALSE,FALSE,0.41059304581781947,FALSE,FALSE,0.1102205314019325
Ankrd13c,0.5218229467244386,0.05095075140742984,0.4230844972499481,0.13849670483220658,0.28681433560370717,0.4118234644521751,Ankrd13c,FALSE,FALSE,FALSE,FALSE,0.4105739265260313,FALSE,FALSE,0.11021536178445615
Gm36858,-0.01210327958092361,0.9856158200239189,0.7930026094985813,0.1696384291254824,0.4266084591037399,0.5853460266172439,Gm36858,FALSE,FALSE,FALSE,FALSE,0.4105714493944149,FALSE,FALSE,0.11021469199903537
Elavl3,-0.49045161401711557,0.11881551627982423,-0.6720341746373513,0.08932363389894,-0.06920873140245698,0.8855111438723956,Elavl3,FALSE,FALSE,FALSE,FALSE,0.4105648400189746,FALSE,FALSE,0.11021290490654456
Atp5b,-0.4487528240292207,0.030260663104226305,-0.4056513354961151,0.08525470443769087,-0.376905590705201,0.1396697986803263,Atp5b,FALSE,FALSE,FALSE,FALSE,0.4104365834101789,FALSE,FALSE,0.11017822592294865
Tshr,-0.43686208933624404,0.35912307961529255,-0.6795417923976862,0.1958063180562044,-0.11379040095164494,0.8796018371366592,Tshr,FALSE,FALSE,FALSE,FALSE,0.4100647608951917,FALSE,FALSE,0.11007768976330033
Gimap4,-0.29978992369330837,0.4140195955950043,-0.652178606109707,0.13329311116485434,-0.2781549443527809,0.5835671446005056,Gimap4,FALSE,FALSE,FALSE,FALSE,0.4100411580519321,FALSE,FALSE,0.110071307849558
Sorbs2,0.6663773603059635,0.012478226943271664,0.3298588699398026,0.10211259847939146,0.23374267159657514,0.30845832617640495,Sorbs2,FALSE,FALSE,FALSE,FALSE,0.40999296728078044,FALSE,FALSE,0.11005827766750395
Gpr45,0.2426555843465844,0.47507115680471496,0.4377719571603266,0.20175210863693624,0.5495251458917471,0.19985759147537788,Gpr45,FALSE,FALSE,FALSE,FALSE,0.409984229132886,FALSE,FALSE,0.11005591498155479
Baiap3,-0.6843491629934926,0.037521699896351915,-0.35113947257864453,0.2674563291729629,-0.19400093968931031,0.655013758459252,Baiap3,FALSE,FALSE,FALSE,FALSE,0.4098298584204825,FALSE,FALSE,0.11001417507081333
B930025P03Rik,0.3252454513130502,0.5659475437646017,0.7118378784696292,0.20007118957973036,-0.19215959446245856,0.8356426531394597,B930025P03Rik,FALSE,FALSE,FALSE,FALSE,0.409747641415046,FALSE,FALSE,0.10999194462039359
Rbm12,0.4769570255457225,0.15863058503460276,0.5098903488716857,0.17346254836982197,0.2417706763135099,0.6266708418912065,Rbm12,FALSE,FALSE,FALSE,FALSE,0.40953935024363936,FALSE,FALSE,0.10993562529163375
Zcchc10,0.5735911905409954,0.0632297792301775,0.46487463298006393,0.15531856130438151,0.1899355266968734,0.6662241788522757,Zcchc10,FALSE,FALSE,FALSE,FALSE,0.4094671167393109,FALSE,FALSE,0.10991609425510314
Kmt2e,0.3830279095120117,0.027432391525268662,0.4824599632958222,0.0704576830990092,0.36265823290286914,0.1002620105675008,Kmt2e,FALSE,FALSE,FALSE,FALSE,0.40938203523690103,FALSE,FALSE,0.10989308928051279
Mmp28,-0.4546550569563406,0.20842300092552066,-0.5618535334745455,0.16071959483123474,0.21151969920140312,0.6487905668716706,Mmp28,FALSE,FALSE,FALSE,FALSE,0.40934276321076307,FALSE,FALSE,0.1098824706156112
Nrm,0.3513578650244269,0.4266911422281139,-0.5889252506167149,0.2591057418763741,0.2872455934928396,0.6498321150608817,Nrm,FALSE,FALSE,FALSE,FALSE,0.4091762363779938,FALSE,FALSE,0.10983744384189471
Gpr17,-0.26976396321506646,0.7704283392644234,-0.42001536122935834,0.6572715380896992,-0.5373502440804457,0.6646887837926196,Gpr17,FALSE,FALSE,FALSE,FALSE,0.40904318950829016,FALSE,FALSE,0.10980146963163558
Mtdh,0.523075165388577,0.04954687212954825,0.4488681783077757,0.12351233695174244,0.25498902388760936,0.4653466312395885,Mtdh,FALSE,FALSE,FALSE,FALSE,0.40897745586132067,FALSE,FALSE,0.10978369607527572
6430562O15Rik,-0.29986815877235296,0.6670208723284757,0.3053559652583697,0.6498355715121581,0.6214789408837476,0.4396746481875857,6430562O15Rik,FALSE,FALSE,FALSE,FALSE,0.4089010216381567,FALSE,FALSE,0.10976302921688799
Tmc7,-0.810312630123297,0.03930477391516717,-0.1339233281827652,0.6995647412819719,-0.28220997174551954,0.5195940360349798,Tmc7,FALSE,FALSE,FALSE,FALSE,0.4088153100171939,FALSE,FALSE,0.10973985386611847
Gm48751,0.6151693799565262,0.4664934794543004,0.28278200603452985,0.7752766817391893,0.3280010112359295,0.8034181599254954,Gm48751,FALSE,FALSE,FALSE,FALSE,0.4086507990756619,FALSE,FALSE,0.10969537216419052
Tppp3,-0.4146525621172401,0.09643678713230466,-0.454109364131015,0.11259354305197018,-0.35716218903679886,0.2710996303161293,Tppp3,FALSE,FALSE,FALSE,FALSE,0.40864137176168464,FALSE,FALSE,0.1096928231363483
Tex9,0.553933275910075,0.07619685571132737,0.27522330551765517,0.3998335609677483,0.3962692672806467,0.335984643671204,Tex9,FALSE,FALSE,FALSE,FALSE,0.4084752829027923,FALSE,FALSE,0.10964791478529273
Birc2,0.4963727447308903,0.023275588384994533,0.44290929590025474,0.07556490478840473,0.2860641011552332,0.2540452920410983,Birc2,FALSE,FALSE,FALSE,FALSE,0.40844871392879273,FALSE,FALSE,0.10964073086687993
Lhx3,-0.48101269731226637,0.036620985270356114,-0.3687161765996567,0.12399227181825058,-0.37547730020422954,0.18611637517946236,Lhx3,FALSE,FALSE,FALSE,FALSE,0.40840205803871754,FALSE,FALSE,0.10962811569748036
Gm22573,0.5520416438980549,0.20399459806825182,0.5452219713194719,0.23670848286351603,0.12747315617734736,0.8657881285052637,Gm22573,FALSE,FALSE,FALSE,FALSE,0.40824559046495806,FALSE,FALSE,0.10958580882164255
Gk,0.5954568059237402,0.019108275622710627,0.4074530389888289,0.091943241723137,0.22144419307101115,0.4223776035002393,Gk,FALSE,FALSE,FALSE,FALSE,0.4081180126611934,FALSE,FALSE,0.10955131337844083
Zfp618,-0.5987307807726627,0.06751437494255605,-0.33023654981476636,0.28571533007865735,-0.295252518720551,0.46186011699147894,Zfp618,FALSE,FALSE,FALSE,FALSE,0.40807328310266006,FALSE,FALSE,0.10953921906500781
Mbtd1,0.4951894766153062,0.04571502526579462,0.41172495497994,0.12351233695174244,0.3168507302502439,0.3175036548832349,Mbtd1,FALSE,FALSE,FALSE,FALSE,0.40792172061516335,FALSE,FALSE,0.10949823846317365
Gm11361,-0.3108404742179427,0.5895343400133741,-0.23672959797107915,0.6964510396885921,-0.6761540226268222,0.3884793690575198,Gm11361,FALSE,FALSE,FALSE,FALSE,0.40790803160528133,FALSE,FALSE,0.1094945371260371
Lamc2,-0.5970624338883095,0.02300251776828198,-0.24567156422963787,0.28384607865750944,-0.3809637708767548,0.19973327550083986,Lamc2,FALSE,FALSE,FALSE,FALSE,0.4078992563315674,FALSE,FALSE,0.10949216440173047
Zfp638,0.5631368958962275,0.030002108595931252,0.48701740767710877,0.09085111530551959,0.17338756337978278,0.5999389162503753,Zfp638,FALSE,FALSE,FALSE,FALSE,0.407847288984373,FALSE,FALSE,0.109478113080728
Kcnk5,-0.28278828910547515,0.37598748887410305,-0.3943363306695282,0.24728591502651884,-0.5463450907197296,0.21679145410412637,Kcnk5,FALSE,FALSE,FALSE,FALSE,0.4078232368315777,FALSE,FALSE,0.10947160967930433
Nup62cl,0.6364544423910885,0.06293495602418972,0.4672846758641238,0.19025808232305622,0.11965289736627494,0.8254456052124225,Nup62cl,FALSE,FALSE,FALSE,FALSE,0.40779733854049577,FALSE,FALSE,0.10946460710516781
Nkapl,-0.43117644517682274,0.20786860704253213,-0.3767949786933398,0.2865881799157268,-0.4144393074900595,0.36456401969128355,Nkapl,FALSE,FALSE,FALSE,FALSE,0.4074702437867407,FALSE,FALSE,0.10937616477298472
Tmem11,-0.48350747895752466,0.02062668752671357,-0.3063643473769049,0.10618285363891411,-0.43248857473200353,0.07293789400268508,Tmem11,FALSE,FALSE,FALSE,FALSE,0.40745346702214436,FALSE,FALSE,0.10937162854557553
Gm34759,0.39018870852134624,0.19661523942445697,0.36476411843484513,0.2535455157730661,0.4673928420712947,0.24238771312177138,Gm34759,FALSE,FALSE,FALSE,FALSE,0.4074485563424954,FALSE,FALSE,0.10937030075919017
Plppr5,-0.3268312504606372,0.6471708926917467,-0.895100631185957,0.2526116737561763,2.864191354476908e-4,0.999766216280771,Plppr5,FALSE,FALSE,FALSE,FALSE,0.40740610026068064,FALSE,FALSE,0.1093588211654396
Naxe,-0.4708577280492756,0.026392833875682736,-0.37782756174736143,0.09132508641051881,-0.3734029512628956,0.1368467972435788,Naxe,FALSE,FALSE,FALSE,FALSE,0.4073627470198442,FALSE,FALSE,0.10934709899110555
Cxcl14,-0.6044394555800432,0.014455723425594891,-0.36345265998933307,0.08120675934582743,-0.25395290204873255,0.23379416040204887,Cxcl14,FALSE,FALSE,FALSE,FALSE,0.4072816725393696,FALSE,FALSE,0.10932517746515202
Rgs12,-0.36330629836389017,0.22512085174282628,-0.5668788678512833,0.11432686890313623,-0.2915177105102664,0.48004620270188303,Rgs12,FALSE,FALSE,FALSE,FALSE,0.4072342922418133,FALSE,FALSE,0.10931236642502587
Csmd1,0.4685191272587145,0.47572598596353466,0.3877963141957207,0.5828950579577854,0.3652015655158648,0.7012294955917784,Csmd1,FALSE,FALSE,FALSE,FALSE,0.40717233565676664,FALSE,FALSE,0.10929561413899035
Capn7,0.6071201338611383,0.02194202595939795,0.42332836565463516,0.10275489062063316,0.19089170028240332,0.5325996690785343,Capn7,FALSE,FALSE,FALSE,FALSE,0.4071133999327256,FALSE,FALSE,0.10927967865600492
Tmem26,-0.1777526672639025,0.7025717029374553,-0.3982389189886222,0.39028881032423013,-0.6450039821000062,0.29707755412989917,Tmem26,FALSE,FALSE,FALSE,FALSE,0.406998522784177,FALSE,FALSE,0.10924861731119413
Stx19,0.4263662616229399,0.5598958572074512,0.6534383679130193,0.3630959320911972,0.14114536130511257,0.9090664567285602,Stx19,FALSE,FALSE,FALSE,FALSE,0.40698333028035727,FALSE,FALSE,0.10924450944809304
Rab25,-0.44251400666849605,0.06416751596950533,-0.3516575788822589,0.15770178933733603,-0.4262192082029843,0.1672010276360444,Rab25,FALSE,FALSE,FALSE,FALSE,0.40679693125124644,FALSE,FALSE,0.10919410948092154
AA386476,0.6878502458161747,0.14466413271253378,0.14341189341209726,0.806789905360234,0.38908927234662,0.5700228149435639,AA386476,FALSE,FALSE,FALSE,FALSE,0.4067838038582973,FALSE,FALSE,0.1091905599979825
2610037D02Rik,0.19328464006669965,0.6907552258328322,0.5563287760976634,0.22385665216483439,0.4705528358139086,0.4272317515821529,2610037D02Rik,FALSE,FALSE,FALSE,FALSE,0.4067220839927572,FALSE,FALSE,0.10917387171794216
Galnt5,1.0394210110072646,0.014455723425594891,0.10245226430675669,0.7838476387739421,-0.07823145740108028,0.8872434035113,Galnt5,TRUE,FALSE,FALSE,TRUE,0.4067015775717005,FALSE,FALSE,0.10916832703805303
Gm19863,0.12725329715810174,0.8714666894582183,0.355450500470035,0.6279345649253136,0.7371282669148178,0.3973799064315954,Gm19863,FALSE,FALSE,FALSE,FALSE,0.40661068818098484,FALSE,FALSE,0.10914375168307312
Rock2,0.5221447938225632,0.0275907751029245,0.3808404622200836,0.11660506728628543,0.31663464654238727,0.2618111509687869,Rock2,FALSE,FALSE,FALSE,FALSE,0.4065399675283447,FALSE,FALSE,0.10912462970272585
Atp9a,-0.5154911351962834,0.034827847886037294,-0.40661076809494645,0.115927933735433,-0.29747864897743703,0.3228816905189946,Atp9a,FALSE,FALSE,FALSE,FALSE,0.4065268507562223,FALSE,FALSE,0.10912108309152557
Carlr,0.6464552189792813,0.14352177058266086,-0.1156874002010504,0.8385585553666047,-0.4574201633898561,0.5179191309160698,Carlr,FALSE,FALSE,FALSE,FALSE,0.4065209275233959,FALSE,FALSE,0.10911948152341965
Zfp451,0.5189253734591448,0.034025200692420224,0.4812189297981062,0.08551658867812084,0.2193502158189773,0.473163377575771,Zfp451,FALSE,FALSE,FALSE,FALSE,0.4064981730254094,FALSE,FALSE,0.10911332899163344
Psip1,0.5757198878250804,0.02095553687999382,0.40038687126008554,0.09955301218514566,0.24331577537142124,0.3757876326004789,Psip1,FALSE,FALSE,FALSE,FALSE,0.4064741781521957,FALSE,FALSE,0.10910684107789256
Pgam5,-0.5162105303343933,0.02504287528015629,-0.4337904958173131,0.08120675934582743,-0.26935235632805865,0.2827722383936687,Pgam5,FALSE,FALSE,FALSE,FALSE,0.406451127493255,FALSE,FALSE,0.10910060846788684
Gm47113,0.6871558099948205,0.23219351218026854,-0.06976516909727026,0.9270316604620542,0.46235609196989796,0.5819837462150098,Gm47113,FALSE,FALSE,FALSE,FALSE,0.4064256903539962,FALSE,FALSE,0.1090937305834381
Pnisr,0.3886229850438383,0.09410370637366683,0.3794811367386961,0.14187966660060422,0.45081200297526447,0.15230764982403305,Pnisr,FALSE,FALSE,FALSE,FALSE,0.40630537491926627,FALSE,FALSE,0.10906119879403159
Srsf11,0.5168283691608107,0.07326571414543197,0.46718279209638336,0.14175301147002217,0.23477838417923635,0.5572624935729553,Srsf11,FALSE,FALSE,FALSE,FALSE,0.40626318181214344,FALSE,FALSE,0.10904979030535007
Gm9905,0.6805128451945868,0.08921627248202822,0.4656096714061555,0.2678399651777587,0.07247223846772788,0.9217800069562034,Gm9905,FALSE,FALSE,FALSE,FALSE,0.40619825168949003,FALSE,FALSE,0.10903223401191989
Rbbp6,0.4518729051013217,0.02939232684025071,0.4261664232486604,0.07978550165448961,0.34020685967346953,0.1748775832390268,Rbbp6,FALSE,FALSE,FALSE,FALSE,0.4060820626744839,FALSE,FALSE,0.10900081795481951
Rabep2,-0.44978200871425367,0.1347274504868778,-0.47573429518495347,0.1493264158888866,-0.2925665270814899,0.46199893899746625,Rabep2,FALSE,FALSE,FALSE,FALSE,0.406027610326899,FALSE,FALSE,0.10898609472077812
Ckap2,0.5848779132884364,0.5023707741874207,-0.04064199893230651,0.9716612846935505,0.5920386217958475,0.6266708418912065,Ckap2,FALSE,FALSE,FALSE,FALSE,0.40585284467219684,FALSE,FALSE,0.10893884027261007
Noxred1,0.13683315243110605,0.884599038704339,-0.2565124657254577,0.7962672342616983,-0.8242092559759041,0.516902854465686,Noxred1,FALSE,FALSE,FALSE,FALSE,0.40585162471082264,FALSE,FALSE,0.10893851041030604
Rab39,0.5218607229397079,0.14245928902830313,0.19893003303533918,0.6201868542278399,0.49671130008415476,0.2938040139804861,Rab39,FALSE,FALSE,FALSE,FALSE,0.4058340186864006,FALSE,FALSE,0.10893374996140712
Gm37859,0.23759397607347943,0.7194222505341195,0.6747511001593786,0.2663454410028797,0.3051446451160702,0.7342904374456407,Gm37859,FALSE,FALSE,FALSE,FALSE,0.4058299071163094,FALSE,FALSE,0.10893263824425596
2310001H17Rik,0.3611749957205078,0.5658092453644087,0.5774708878910807,0.34868279533970153,0.2787114139499976,0.7611811657218196,2310001H17Rik,FALSE,FALSE,FALSE,FALSE,0.40578576585386206,FALSE,FALSE,0.10892070299872993
Gpr183,0.3405865828725719,0.4876924865185652,0.33204221950972473,0.5152573519114146,0.5446460794379157,0.3889473934382578,Gpr183,FALSE,FALSE,FALSE,FALSE,0.40575829394007074,FALSE,FALSE,0.10891327493668568
Impad1,0.6110115735535739,0.04094724456923867,0.4097165213688818,0.1765249869596674,0.19619186627241803,0.6223306271216116,Impad1,FALSE,FALSE,FALSE,FALSE,0.4056399870649579,FALSE,FALSE,0.10888128623668927
Zfp882,0.5523120108854727,0.034230705945774174,0.5615715921891917,0.07556490478840473,0.1029257845264091,0.7786998228737898,Zfp882,FALSE,FALSE,FALSE,FALSE,0.40560312920035785,FALSE,FALSE,0.10887132033088646
Fam183b,-0.4544359729614502,0.03770248926414168,-0.41108086404537136,0.09089366063531756,-0.35105514410112804,0.18766193920058674,Fam183b,FALSE,FALSE,FALSE,FALSE,0.40552399370264985,FALSE,FALSE,0.1088499230816325
Pfkfb4,-0.3548440082143429,0.20217449500214754,-0.6005397483303403,0.09085111530551959,-0.26115456920774616,0.4969505699180235,Pfkfb4,FALSE,FALSE,FALSE,FALSE,0.4055127752508098,FALSE,FALSE,0.10884688975250438
D1Ertd622e,0.5321516524661289,0.046894688508430045,0.4188910861489896,0.13793073677514825,0.2652939989835552,0.4458451794914231,D1Ertd622e,FALSE,FALSE,FALSE,FALSE,0.4054455791995579,FALSE,FALSE,0.10882872078030906
Ccr9,0.5395148296183945,0.29427328385721974,0.5510878508121384,0.30782582288740784,0.125716188436044,0.8900223311651693,Ccr9,FALSE,FALSE,FALSE,FALSE,0.4054396229555256,FALSE,FALSE,0.10882711028638574
4732419C18Rik,-0.6269449551543161,0.4633407126376836,0.2915386325707677,0.7280140698619837,0.2972467583656088,0.7970617314862697,4732419C18Rik,FALSE,FALSE,FALSE,FALSE,0.40524344869689755,FALSE,FALSE,0.10877406721935953
Smim17,0.5563555409425355,0.2695366986410146,-0.15890650282767294,0.807591072899108,0.5003772507328749,0.4733479587284075,Smim17,FALSE,FALSE,FALSE,FALSE,0.4052130981676944,FALSE,FALSE,0.10876586081569546
Slc17a6,0.5122016737124602,0.17253930844306756,0.5259425899302066,0.1995812088419037,-0.17746603115045279,0.7656749554956809,Slc17a6,FALSE,FALSE,FALSE,FALSE,0.4052034315977065,FALSE,FALSE,0.10876324709601905
Atp13a5,-0.08847354835350496,0.9518711580987951,0.6857541216620091,0.5666609803940204,0.4412352691675159,0.8028028246720895,Atp13a5,FALSE,FALSE,FALSE,FALSE,0.40515431306100996,FALSE,FALSE,0.10874996605776027
Cbln4,-0.6147475630477928,0.15863058503460276,-0.5044254777354822,0.25574650392371623,-0.0961992491763386,0.8839872372253401,Cbln4,FALSE,FALSE,FALSE,FALSE,0.40512409665320454,FALSE,FALSE,0.1087417959188454
Gm38342,0.051665659663793106,0.9571920876726648,0.6637133849572199,0.4017806596084946,0.4999069972523112,0.6493196626106921,Gm38342,FALSE,FALSE,FALSE,FALSE,0.4050953472911081,FALSE,FALSE,0.1087340224507497
Tmem94,-0.45867683645877744,0.18983473644815455,-0.5061320916377872,0.19025808232305622,-0.25029331771778907,0.6266708418912065,Tmem94,FALSE,FALSE,FALSE,FALSE,0.4050340819381179,FALSE,FALSE,0.10871745706522068
Gm16740,-0.31224457919170895,0.5377176786355589,-0.8392114365273651,0.15060038816056354,0.063318583451004,0.9382070614611496,Gm16740,FALSE,FALSE,FALSE,FALSE,0.404924866390026,FALSE,FALSE,0.10868792654639392
Chic1,0.5349416036790524,0.03366176734314027,0.44185086893930237,0.10280530712393987,0.23795530031137435,0.44654042587227366,Chic1,FALSE,FALSE,FALSE,FALSE,0.4049159243099097,FALSE,FALSE,0.10868550871972145
Gal,-0.008281518900397078,0.9885205236558865,-0.607049681626334,0.297524307086126,-0.599347523822932,0.4294622850383972,Gal,FALSE,FALSE,FALSE,FALSE,0.4048929081165544,FALSE,FALSE,0.10867928542877914
Gm24270,-0.4603256136739988,0.12144443913407021,-0.5153109564171219,0.13194198036716423,-0.23897531899934865,0.5759828282477644,Gm24270,FALSE,FALSE,FALSE,FALSE,0.40487062969682314,FALSE,FALSE,0.10867326162260137
8430432A02Rik,0.6193879895409546,0.10848221323241852,0.35020004768688895,0.3965666529384725,0.24444487748400867,0.66822570591719,8430432A02Rik,FALSE,FALSE,FALSE,FALSE,0.4046776382372841,FALSE,FALSE,0.1086210791446585
Apex1,-0.43217282984615624,0.10031343436224324,-0.33111135486147925,0.2135273273726601,-0.4505890950404443,0.18902896085835194,Apex1,FALSE,FALSE,FALSE,FALSE,0.40462442658269326,FALSE,FALSE,0.10860669137849195
Cited4,-0.6902283255655803,0.05422062006045754,-0.16552627924089824,0.6186452727846006,-0.35783636334812785,0.40109132288967164,Cited4,FALSE,FALSE,FALSE,FALSE,0.40453032271820216,FALSE,FALSE,0.10858124686998949
Gm21284,-0.22587133060674686,0.6527684294923203,-0.9536506467007284,0.12032630107413,-0.033994111463562016,0.9685911939333444,Gm21284,FALSE,FALSE,FALSE,FALSE,0.4045053629236791,FALSE,FALSE,0.1085744980535897
Tmem229a,0.7163527664182694,0.023298544871650877,0.23565104759379674,0.4141235294605114,0.26140313938935567,0.4879352523965951,Tmem229a,FALSE,FALSE,FALSE,FALSE,0.4044689844671406,FALSE,FALSE,0.1085646617737333
Kpna3,0.566664195916541,0.02300251776828198,0.4059840526990435,0.10430132864445578,0.24062804633338253,0.40601358767050566,Kpna3,FALSE,FALSE,FALSE,FALSE,0.40442543164965566,FALSE,FALSE,0.10855288563636856
Unc5c,0.5833102998911999,0.014466638834183743,0.32602945066884104,0.10602903474232159,0.30386879149110246,0.18844246856997743,Unc5c,FALSE,FALSE,FALSE,FALSE,0.4044028473503811,FALSE,FALSE,0.1085467791241863
G430095P16Rik,0.041249004908268716,0.9530693534092131,-0.8610063413546185,0.21945378615278152,-0.3108486814226549,0.7305987438421933,G430095P16Rik,FALSE,FALSE,FALSE,FALSE,0.40436800922851407,FALSE,FALSE,0.10853735933156831
Kpna4,0.5365883483400777,0.05095075140742984,0.40219498073026294,0.16152730085094416,0.27431030513224375,0.44654042587227366,Kpna4,FALSE,FALSE,FALSE,FALSE,0.4043645447341948,FALSE,FALSE,0.10853642257561637
Hist1h4b,-0.4486579888098934,0.21772680211941747,-0.4721893448104826,0.2192681135109599,-0.29220457043061,0.5537397335454647,Hist1h4b,FALSE,FALSE,FALSE,FALSE,0.404350634683662,FALSE,FALSE,0.10853266147185123
F2rl1,-0.26329197521547076,0.39958366679303475,-0.455511636811627,0.18472226423731394,-0.4942095730185354,0.24995308900249305,F2rl1,FALSE,FALSE,FALSE,FALSE,0.40433772834854437,FALSE,FALSE,0.10852917176018623
Cpm,0.12179631679577829,0.7888327636544916,0.7416748806962605,0.10218922768290042,0.3493921984075632,0.5287865855315325,Cpm,FALSE,FALSE,FALSE,FALSE,0.4042877986332007,FALSE,FALSE,0.10851567138936237
Wfikkn2,-0.4707680543090311,0.25730494679171045,-0.41996509335355037,0.32357636467879425,-0.32212050777944623,0.5667080588626857,Wfikkn2,FALSE,FALSE,FALSE,FALSE,0.40428455181400924,FALSE,FALSE,0.10851479349004368
Emd,-0.5649099278141856,0.22236637805129095,0.11056551006328963,0.8377650438158122,-0.5371846643314706,0.4051504225362515,Emd,FALSE,FALSE,FALSE,FALSE,0.4042200340696486,FALSE,FALSE,0.10849734869854843
Zfp101,0.5576395905304734,0.04032781043639071,0.39093782008193134,0.1564280205671835,0.26403825310633433,0.4471474922198249,Zfp101,FALSE,FALSE,FALSE,FALSE,0.4042052212395797,FALSE,FALSE,0.10849334349448299
Ube2v2,0.6628338052494822,0.04697803911124257,0.4266669874793614,0.2052044058483107,0.12310590251249387,0.8054928567229886,Ube2v2,FALSE,FALSE,FALSE,FALSE,0.4042022317471125,FALSE,FALSE,0.10849253517309353
Hist1h4k,-0.4533137719537286,0.11180983183201969,-0.42374448639472684,0.16566186527137225,-0.3354050409788991,0.37229530808583233,Hist1h4k,FALSE,FALSE,FALSE,FALSE,0.4041544331091182,FALSE,FALSE,0.10847961101894289
Arid4b,0.4705570435098947,0.04445710699290745,0.46682325955351534,0.08932363389894,0.2748074051115248,0.357719004277161,Arid4b,FALSE,FALSE,FALSE,FALSE,0.4040625693916449,FALSE,FALSE,0.10845477221818846
Metrn,-0.14954418877729278,0.7799361395703357,-0.47101060103767356,0.373121097723003,0.5915576147091102,0.3184274019860175,Metrn,FALSE,FALSE,FALSE,FALSE,0.40403746817469216,FALSE,FALSE,0.10844798516293168
Atp5mpl,-0.5074542876366035,0.02504287528015629,-0.2928419823656281,0.15726336280535058,-0.41177841651549496,0.12049300589085365,Atp5mpl,FALSE,FALSE,FALSE,FALSE,0.40402489550590887,FALSE,FALSE,0.1084445856704721
Mesd,-0.35385667245190966,0.044090152498948126,-0.41854285963513327,0.0704576830990092,-0.43953973955740544,0.07293789400268508,Mesd,FALSE,FALSE,FALSE,FALSE,0.4039797572148161,FALSE,FALSE,0.10843238084086486
Il10ra,-0.37600489433528983,0.2284302415920523,-0.49163825551386364,0.1564280205671835,-0.3440137607401643,0.4119518333497763,Il10ra,FALSE,FALSE,FALSE,FALSE,0.4038856368631059,FALSE,FALSE,0.10840693187442448
Atpif1,-0.43207790911209276,0.037325136692201104,-0.39665229614719166,0.08967000640739733,-0.38279104827701893,0.13824671090470514,Atpif1,FALSE,FALSE,FALSE,FALSE,0.40384041784543445,FALSE,FALSE,0.10839470521735957
Ak9,0.6227629912172579,0.36387937326883235,-0.2918427667602267,0.7357481070090026,0.2968624117347367,0.7866195755191815,Ak9,FALSE,FALSE,FALSE,FALSE,0.4038227232374071,FALSE,FALSE,0.10838992081656121
Nectin4,-0.5408089826558404,0.12379979394325144,-0.4286921731733915,0.2274601428080889,-0.24177175023038533,0.5996844107778081,Nectin4,FALSE,FALSE,FALSE,FALSE,0.40375763535320575,FALSE,FALSE,0.10837232186638074
Sytl2,-0.5634131361369638,0.352665298035831,-0.3364014135110618,0.5953083034151955,-0.3113823871170259,0.713382629184324,Sytl2,FALSE,FALSE,FALSE,FALSE,0.40373231225501716,FALSE,FALSE,0.10836547481721168
9530085L11Rik,-0.5644199978701241,0.1373102459345241,-0.39907940268547004,0.2935888459858074,-0.24746896385287465,0.6220455487202412,9530085L11Rik,FALSE,FALSE,FALSE,FALSE,0.4036561214694896,FALSE,FALSE,0.10834487378131746
Gabra5,0.4857788364833794,0.40429716524349946,-0.45858539626098177,0.5136991230543527,0.2663313776356114,0.7681228036900202,Gabra5,FALSE,FALSE,FALSE,FALSE,0.40356520345999086,FALSE,FALSE,0.1083202906881764
Gm44509,0.6504644973550815,0.06815417289034077,0.3735326398103087,0.31232997107756905,0.18659064983154705,0.7261025790197663,Gm44509,FALSE,FALSE,FALSE,FALSE,0.4035292623323124,FALSE,FALSE,0.10831057265657645
Gm45235,0.4935252143186468,0.16503745063371625,0.3378458200700907,0.373121097723003,0.3790691128271835,0.44053344708506376,Gm45235,FALSE,FALSE,FALSE,FALSE,0.40348004907197366,FALSE,FALSE,0.10829726600622903
Ooep,-0.2699545069990421,0.5720690168493049,-0.545212937565551,0.2737100159726243,-0.3950559735643754,0.5432299667654307,Ooep,FALSE,FALSE,FALSE,FALSE,0.4034078060429895,FALSE,FALSE,0.10827773239435058
Slc25a37,0.45077793491821616,0.06525067524941121,0.3652521172005616,0.15770178933733603,0.3941240734901421,0.2142264092705122,Slc25a37,FALSE,FALSE,FALSE,FALSE,0.40338470853630665,FALSE,FALSE,0.10827148711730106
Syt3,-0.3359250643771987,0.4002631953305871,-0.4672861422147103,0.2693743686825765,-0.40680724324965345,0.4582289954397887,Syt3,FALSE,FALSE,FALSE,FALSE,0.4033394832805208,FALSE,FALSE,0.10825925877352803
Dab1,0.4336580962671791,0.47771142778184866,-0.406297420359534,0.5802323353262716,0.3700534704250077,0.6692229348201579,Dab1,FALSE,FALSE,FALSE,FALSE,0.40333632901724026,FALSE,FALSE,0.10825840590017054
Rdh10,0.41024963123146785,0.10113799520517874,0.45717038339037375,0.11176689971335707,0.3424443721649775,0.3041052214128394,Rdh10,FALSE,FALSE,FALSE,FALSE,0.40328812892893967,FALSE,FALSE,0.1082453731988759
Pdss1,0.46625865822756185,0.331726543863212,0.4780444056023503,0.3432157761534476,0.26517007070976617,0.713667864202501,Pdss1,FALSE,FALSE,FALSE,FALSE,0.4031577115132261,FALSE,FALSE,0.10821010996010308
Trank1,0.27075744678529523,0.717955067878342,0.316721932779664,0.6807595397025509,0.6216884157182648,0.4924057489003263,Trank1,FALSE,FALSE,FALSE,FALSE,0.4030559317610747,FALSE,FALSE,0.10818258998753871
Foxm1,0.29905030586592085,0.5478520913763348,-0.46347303903394726,0.40841404337940335,0.44639316995036127,0.4873191463935942,Foxm1,FALSE,FALSE,FALSE,FALSE,0.40297217161674315,FALSE,FALSE,0.10815994229165357
Cry2,-0.6148253954888689,0.02300251776828198,-0.2654275259107157,0.2561481867763026,-0.32863344320021515,0.27094845677333723,Cry2,FALSE,FALSE,FALSE,FALSE,0.4029621215332666,FALSE,FALSE,0.10815722487472439
Olfr1508,0.20354170806351635,0.8378805970795034,0.9006670663291781,0.2881303641441965,0.10443524702837009,0.9482098220101801,Olfr1508,FALSE,FALSE,FALSE,FALSE,0.4028813404736882,FALSE,FALSE,0.10813538268611293
Pqlc3,0.5012480990858251,0.17449391214589643,0.6266091291581694,0.12933222359792737,0.08036412281576177,0.9040435956611004,Pqlc3,FALSE,FALSE,FALSE,FALSE,0.40274045035325207,FALSE,FALSE,0.10809728775890949
5730414N17Rik,0.48245630468025136,0.29427328385721974,0.3805399102320994,0.44079540053320576,0.3450333057599474,0.60351082939343,5730414N17Rik,FALSE,FALSE,FALSE,FALSE,0.40267650689076606,FALSE,FALSE,0.10807999824605366
Zfp948,0.4749870948528887,0.2063832869710359,0.6306097875086314,0.14046698075692005,0.10224285017305768,0.8748433176847077,Zfp948,FALSE,FALSE,FALSE,FALSE,0.4026132441781926,FALSE,FALSE,0.10806289279946367
Eif3j1,0.5273672363376933,0.061310859174074465,0.48049015703009523,0.12400877583772309,0.19983086170675257,0.6104588534277415,Eif3j1,FALSE,FALSE,FALSE,FALSE,0.40256275169151373,FALSE,FALSE,0.10804924026230636
N4bp2l2,0.4665702771057223,0.06936932657860426,0.48809696522348833,0.10381114606151486,0.25298361381355594,0.4663281569668116,N4bp2l2,FALSE,FALSE,FALSE,FALSE,0.4025502853809222,FALSE,FALSE,0.10804586952777216
Podxl2,-0.6610687941453932,0.03421299746923567,-0.3351709913868719,0.23478614679316398,-0.21132568771323967,0.5701369426055226,Podxl2,FALSE,FALSE,FALSE,FALSE,0.40252182441516826,FALSE,FALSE,0.10803817403844204
Gm17200,0.6231328636260707,0.2658583119354916,0.5402845525544825,0.3648924883306366,0.043795654135337925,0.9688448947437457,Gm17200,FALSE,FALSE,FALSE,FALSE,0.4024043567719637,FALSE,FALSE,0.10800641225626183
Usp34,0.5592081852682629,0.023495574798305448,0.415822058285265,0.1006225792865134,0.23199982326411828,0.42319479030660206,Usp34,FALSE,FALSE,FALSE,FALSE,0.402343355605882,FALSE,FALSE,0.10798991830357009
2510046G10Rik,-0.0681879986266426,0.9099771004227072,-0.31072252781804965,0.586761335267417,-0.8278019959905022,0.2790648403294029,2510046G10Rik,FALSE,FALSE,FALSE,FALSE,0.40223750747839815,FALSE,FALSE,0.10796129829317734
Gbp7,0.5857203150545081,0.02526940340353262,0.4429866772163731,0.10142750566908326,0.17792681354597484,0.5834785963223479,Gbp7,FALSE,FALSE,FALSE,FALSE,0.4022112686056187,FALSE,FALSE,0.10795420363000763
Pcdhga2,-0.5503141735443373,0.06918900089779804,-0.22124390594342547,0.44208566962447876,-0.435004220678076,0.25288571104966867,Pcdhga2,FALSE,FALSE,FALSE,FALSE,0.4021874333886129,FALSE,FALSE,0.1079477588853094
Glra1,-0.48477479548181845,0.28540891283387415,-0.3829657362498985,0.4125073158353791,-0.3388111896086442,0.5869831066754727,Glra1,FALSE,FALSE,FALSE,FALSE,0.4021839071134537,FALSE,FALSE,0.10794680542459069
C030034I22Rik,0.5906248166108012,0.13490431962554386,0.4302316594078852,0.30364283080672566,0.18565498338538022,0.7652939557504853,C030034I22Rik,FALSE,FALSE,FALSE,FALSE,0.4021704864680222,FALSE,FALSE,0.10794317664984657
Oacyl,-0.5978230794435913,0.2741987495648397,-0.31574018108448065,0.6105614142751241,-0.29211622828057493,0.7303752574601557,Oacyl,FALSE,FALSE,FALSE,FALSE,0.40189316293621563,FALSE,FALSE,0.10786819183385472
Zdhhc20,0.5455152695696563,0.04854504487359026,0.4258288852330496,0.14600483083553098,0.23403550854798638,0.5233700584207437,Zdhhc20,FALSE,FALSE,FALSE,FALSE,0.40179322111689747,FALSE,FALSE,0.10784116881535123
Mcub,-0.6718959743854676,0.02300251776828198,-0.20224490324820987,0.421809112209686,-0.33122336169383537,0.30845832617640495,Mcub,FALSE,FALSE,FALSE,FALSE,0.4017880797758376,FALSE,FALSE,0.10783977866100401
Tmem60,0.5969722193150706,0.02454000316854638,0.3829739512237311,0.13704334811030613,0.2250123103436099,0.4814349304887287,Tmem60,FALSE,FALSE,FALSE,FALSE,0.4016528269608039,FALSE,FALSE,0.10780320799070563
2900076A07Rik,0.48142736688751286,0.12871960114727884,0.5134669904122697,0.1405697931585668,0.21000653037439188,0.6499662637708897,2900076A07Rik,FALSE,FALSE,FALSE,FALSE,0.40163362922472484,FALSE,FALSE,0.10779801716287371
Pus10,0.569360391679095,0.029633515864581787,0.38027112864385426,0.14377894253639445,0.25515290227429066,0.42702964431525425,Pus10,FALSE,FALSE,FALSE,FALSE,0.40159480753241333,FALSE,FALSE,0.10778752026260886
Cenpm,-0.26063799997631204,0.6645659756103651,-0.9275055123117828,0.17063441429256238,-0.01655486678592305,0.9859546891526741,Cenpm,FALSE,FALSE,FALSE,FALSE,0.401566126358006,FALSE,FALSE,0.10777976523161183
Dbn1,-0.5037849673164532,0.061016914491829576,-0.47045021719634406,0.11590003216506299,-0.23038506976739281,0.5127384730898528,Dbn1,FALSE,FALSE,FALSE,FALSE,0.40154008476006336,FALSE,FALSE,0.10777272390909173
4930447M23Rik,-0.3082299917901844,0.44123806387173076,-0.49135072453658035,0.24946358019292053,-0.4050274012627312,0.45923567912765156,4930447M23Rik,FALSE,FALSE,FALSE,FALSE,0.40153603919649866,FALSE,FALSE,0.10777163003928017
AA474408,0.6352513559199751,0.12614545160636179,0.2810835992693492,0.543343609950323,0.2881148369724531,0.6388746135393064,AA474408,FALSE,FALSE,FALSE,FALSE,0.4014832640539258,FALSE,FALSE,0.10775736030050614
Gm37048,0.34116966772533014,0.6483452288941247,0.6801609086178153,0.34183371636126963,-0.18289858500420775,0.8853567689753741,Gm37048,FALSE,FALSE,FALSE,FALSE,0.4014097204491177,FALSE,FALSE,0.10773747502918428
Foxc1,0.29018327354839757,0.4873078108303474,0.469914118700518,0.265724484379953,0.44413038996714915,0.4173718251426266,Foxc1,FALSE,FALSE,FALSE,FALSE,0.40140926073868827,FALSE,FALSE,0.10773735072923131
Omg,0.6554485775164638,0.05291635214459353,0.2938154456550919,0.39653530288569433,0.2545129863288138,0.5875937812117462,Omg,FALSE,FALSE,FALSE,FALSE,0.4012590031667898,FALSE,FALSE,0.10769672296026128
Spsb2,-0.39971699420354545,0.06737863226328733,-0.43590869506163044,0.09071724354038928,-0.3679622723749594,0.1869631545858462,Spsb2,FALSE,FALSE,FALSE,FALSE,0.4011959872133784,FALSE,FALSE,0.1076796842342638
Adamtsl2,-0.7746399771035697,0.061016914491829576,-0.35774137545095863,0.3554001722573159,-0.07118690173911002,0.9079347796936053,Adamtsl2,FALSE,FALSE,FALSE,FALSE,0.40118941809787945,FALSE,FALSE,0.10767790802755783
Pds5b,0.5009916385420548,0.035981478997014246,0.46664421403413225,0.08803823262798008,0.2358760461510485,0.43143168179947894,Pds5b,FALSE,FALSE,FALSE,FALSE,0.4011706329090785,FALSE,FALSE,0.10767282874735239
Ptms,-0.5584542490960338,0.029633515864581787,-0.41129902389984796,0.11903786663672322,-0.2335678792553102,0.45565692452552997,Ptms,FALSE,FALSE,FALSE,FALSE,0.4011070507503973,FALSE,FALSE,0.10765563692652848
Pura,0.5850551315889794,0.021527426362789856,0.3659302792579666,0.12539471253300621,0.25227680858504264,0.3739291174064062,Pura,FALSE,FALSE,FALSE,FALSE,0.40108740647732954,FALSE,FALSE,0.10765032536067726
Sorcs2,-0.63746953225633,0.019169328863609184,-0.35113382256462167,0.1309974683702738,-0.2145378660031012,0.44037088244546707,Sorcs2,FALSE,FALSE,FALSE,FALSE,0.4010470736080176,FALSE,FALSE,0.10763941985704374
Apc2,-0.5097672957224968,0.10031343436224324,-0.5248257634347735,0.1297177052322065,-0.16801368323666566,0.695452771200658,Apc2,FALSE,FALSE,FALSE,FALSE,0.400868914131312,FALSE,FALSE,0.1075912477618344
Camk4,0.623664556788468,0.14388282228462573,0.18006730035756124,0.7215116653562874,0.398857733958943,0.5095937836321456,Camk4,FALSE,FALSE,FALSE,FALSE,0.40086319703499074,FALSE,FALSE,0.10758970193046241
9930021J03Rik,0.4676594337094828,0.023670425705780866,0.381771301440482,0.08619756464540504,0.35282350300051757,0.1436824028205195,9930021J03Rik,FALSE,FALSE,FALSE,FALSE,0.40075141271682746,FALSE,FALSE,0.10755947684832227
Sez6l,-0.510313489681784,0.08775088649421417,-0.4039350117350584,0.18598641846202824,-0.2878220260717419,0.4478475769295595,Sez6l,FALSE,FALSE,FALSE,FALSE,0.4006901758295281,FALSE,FALSE,0.10754291915956019
Klc4,-0.5893661037056019,0.04618799114165703,-0.3788079694158659,0.18694027203838565,-0.23371678440871158,0.5229980919576362,Klc4,FALSE,FALSE,FALSE,FALSE,0.40063028584339316,FALSE,FALSE,0.10752672565603444
Tm2d3,-0.439969956018178,0.023495574798305448,-0.3240406317132125,0.09822738029190473,-0.4376770535765324,0.07221131586249947,Tm2d3,FALSE,FALSE,FALSE,FALSE,0.400562547102641,FALSE,FALSE,0.10750840994738278
Trim15,-0.4308838090139309,0.39220609440812626,-0.5815221375904247,0.2762575757281114,-0.18921636269609052,0.7983917031109229,Trim15,FALSE,FALSE,FALSE,FALSE,0.4005407697668154,FALSE,FALSE,0.10750252162802872
Aatk,-0.5702988832980393,0.04178226443439048,-0.43574659320963516,0.1358064500468253,-0.19536645207996894,0.5944368572799373,Aatk,FALSE,FALSE,FALSE,FALSE,0.4004706428625478,FALSE,FALSE,0.10748356018981851
Rab3c,0.403599334112549,0.05428956408387389,0.4475576662274401,0.08453473759992562,0.350181282169741,0.20118242106768813,Rab3c,FALSE,FALSE,FALSE,FALSE,0.40044609416991,FALSE,FALSE,0.10747692253022903
Obscn,-0.8056748267354146,0.2128337089379756,0.05528669051251356,0.9347754876933215,-0.3398308177683709,0.6933502956664442,Obscn,FALSE,FALSE,FALSE,FALSE,0.4002641116720997,FALSE,FALSE,0.10742771673790716
Pcdhb9,-0.5305246685930052,0.04535458321584738,-0.3961643498041938,0.13538779083376862,-0.27409255446977543,0.3804141190832194,Pcdhb9,FALSE,FALSE,FALSE,FALSE,0.40026052428899145,FALSE,FALSE,0.10742674675436298
Apbb1,-0.46434255285745696,0.04634208309212006,-0.42161687791210145,0.10558417467957514,-0.3138431633778591,0.29051836872056874,Apbb1,FALSE,FALSE,FALSE,FALSE,0.39993419804913916,FALSE,FALSE,0.1073385122187315
Gm20300,0.5452169346886064,0.026414250229909987,0.418671419914987,0.10211259847939146,0.2357957979117744,0.4245546263275381,Gm20300,FALSE,FALSE,FALSE,FALSE,0.3998947175051226,FALSE,FALSE,0.10732783717320236
Camk1g,-0.44189356550232683,0.12928019049070805,-0.4511549155304504,0.15232172110520545,-0.30657921066527827,0.419459389695493,Camk1g,FALSE,FALSE,FALSE,FALSE,0.3998758972326852,FALSE,FALSE,0.1073227484068202
Ralgapa1,0.4272900132348605,0.058308513162561276,0.4930612707176234,0.0837214206107653,0.2792328339383898,0.34775402026434454,Ralgapa1,FALSE,FALSE,FALSE,FALSE,0.39986137263029126,FALSE,FALSE,0.10731882113591475
Pip4p2,0.5437426060246393,0.05255217731649686,0.45232540063019666,0.13538779083376862,0.20295272049549595,0.5953368558260224,Pip4p2,FALSE,FALSE,FALSE,FALSE,0.3996735757167773,FALSE,FALSE,0.10726804319827654
Gm6999,0.41390664836672686,0.2128337089379756,0.3089897068067149,0.3807128863077853,0.47591152154348615,0.28293226857165205,Gm6999,FALSE,FALSE,FALSE,FALSE,0.3996026255723093,FALSE,FALSE,0.10724885916620804
Gm47087,0.5098651517148375,0.23610732998138795,0.5545614474224784,0.22322226286239658,0.1343043759267718,0.8555086417657017,Gm47087,FALSE,FALSE,FALSE,FALSE,0.39957699168802924,FALSE,FALSE,0.1072419280843652
Atg3,0.5551555261534276,0.03779506973987618,0.4075886585134949,0.13848905133909886,0.2357572762950122,0.4874929153281715,Atg3,FALSE,FALSE,FALSE,FALSE,0.39950048698731155,FALSE,FALSE,0.10722124216972803
Iqcb1,0.43496371228178,0.06881684961481466,0.38095717122666795,0.14225250245848384,0.3825715530183249,0.22407425765584219,Iqcb1,FALSE,FALSE,FALSE,FALSE,0.3994974788422576,FALSE,FALSE,0.1072204288049123
Gm35339,-0.09999650430399021,0.8550122187632724,0.5587876829684704,0.23691542812018843,0.5396714023054723,0.3729885663587031,Gm35339,FALSE,FALSE,FALSE,FALSE,0.39948519652597764,FALSE,FALSE,0.10721710782013973
Kdm7a,0.4286867531824994,0.06433084771607235,0.44925913500685866,0.09952388076120047,0.32034815147468265,0.2943649772118689,Kdm7a,FALSE,FALSE,FALSE,FALSE,0.3994313465546802,FALSE,FALSE,0.10720254746111574
Tnfsf11,0.4262629050977396,0.5012476146105618,0.1726418353240186,0.8176033178063301,-0.5992139686014951,0.5407232520786466,Tnfsf11,FALSE,FALSE,FALSE,FALSE,0.39937290300775113,FALSE,FALSE,0.10718674505666834
Fshb,-0.2143990019985651,0.8317066967196189,0.08637707968243014,0.939033064613968,-0.8971577373943269,0.4834385639343099,Fshb,FALSE,FALSE,FALSE,FALSE,0.3993112730251074,FALSE,FALSE,0.10717008107983948
Drc1,0.12430005151783391,0.8788851753672042,-0.9404101616347611,0.2766320100774025,0.13243282033918435,0.9137155754780841,Drc1,FALSE,FALSE,FALSE,FALSE,0.39904767783059314,FALSE,FALSE,0.10709880823462427
Vps35,0.5852158319976075,0.022606933826155737,0.3795635504844235,0.12288850697556022,0.2322539242054198,0.4290238027962726,Vps35,FALSE,FALSE,FALSE,FALSE,0.39901110222915026,FALSE,FALSE,0.1070889186492504
Snap23,0.6304315148202937,0.02194202595939795,0.3259875929775742,0.1846518904164374,0.24046569915782268,0.4411571550032388,Snap23,FALSE,FALSE,FALSE,FALSE,0.39896160231856354,FALSE,FALSE,0.10707553449225954
Gm17083,0.5784540225341719,0.32733677137221795,0.22740738595519094,0.7458644774828005,0.39099292963456533,0.6532027968347065,Gm17083,FALSE,FALSE,FALSE,FALSE,0.3989514460413094,FALSE,FALSE,0.10707278836186049
Drd3,-0.4261990145384018,0.5790009463921818,-0.5153269118059691,0.5122909066080246,0.2551063376517281,0.8048810087017815,Drd3,FALSE,FALSE,FALSE,FALSE,0.398877421332033,FALSE,FALSE,0.10705277300590502
Bach2,0.22758779089283698,0.5226995298564234,0.4572454077672359,0.20175210863693624,0.5117486027090821,0.25262396139719007,Bach2,FALSE,FALSE,FALSE,FALSE,0.398860600456385,FALSE,FALSE,0.1070482248514189
Gm6451,-0.28883798303897606,0.6499400682461691,-0.5678221932771992,0.3848726363096684,-0.33975952474910176,0.700682613974926,Gm6451,FALSE,FALSE,FALSE,FALSE,0.398806567021759,FALSE,FALSE,0.10703361488620447
Rnf26,0.6262569407980567,0.16069442846295554,0.376192049033869,0.436858785628211,0.19391766652777187,0.7874544146890116,Rnf26,FALSE,FALSE,FALSE,FALSE,0.39878888545323254,FALSE,FALSE,0.10702883401112415
Scn5a,-0.36841357081662807,0.2155691947682465,-0.4613038647768075,0.16399675219991716,-0.36659039576810226,0.3688005690275463,Scn5a,FALSE,FALSE,FALSE,FALSE,0.39876927712051263,FALSE,FALSE,0.10702353216309368
Sema5a,0.4641650647536695,0.014455723425594891,0.32108774532773854,0.07346255419668397,0.4109367650227975,0.05475877694670262,Sema5a,FALSE,FALSE,FALSE,FALSE,0.3987298583680685,FALSE,FALSE,0.10701287382523322
Ggps1,0.5591977367921093,0.02924684542194014,0.4195337792837135,0.11432686890313623,0.21719996438471334,0.4912205178804098,Ggps1,FALSE,FALSE,FALSE,FALSE,0.3986438268201787,FALSE,FALSE,0.10698961197022226
Cisd3,-0.47312404043373313,0.10402764443306982,-0.45618088296469406,0.148729445107168,-0.2665869765565443,0.4876608243615787,Cisd3,FALSE,FALSE,FALSE,FALSE,0.3986306333183238,FALSE,FALSE,0.10698604461226158
Pou1f1,0.45541093905220364,0.03568027773812975,0.43219703253838215,0.08521930057579834,0.3082531524928731,0.2477931536952411,Pou1f1,FALSE,FALSE,FALSE,FALSE,0.3986203746944863,FALSE,FALSE,0.1069832708086259
D930015M05Rik,0.3560540302161599,0.494185136720909,0.4778621347236335,0.3628808216110131,0.36132144711549213,0.6169614318373579,D930015M05Rik,FALSE,FALSE,FALSE,FALSE,0.39841253735176185,FALSE,FALSE,0.1069270741894681
Stap2,0.2536923429848137,0.48200866433072853,0.4867481593048837,0.18533306724967827,0.45474557886613165,0.32196903202390176,Stap2,FALSE,FALSE,FALSE,FALSE,0.39839536038527634,FALSE,FALSE,0.10692242975247128
Loxl2,0.5284695529637192,0.2876957623288692,0.2838052720322095,0.6149431463699302,0.3827869950196955,0.5944368572799373,Loxl2,FALSE,FALSE,FALSE,FALSE,0.3983539400052081,FALSE,FALSE,0.10691123019952495
Ythdf3,0.48106040881569445,0.07298541892238841,0.4709649202862778,0.12221746125375593,0.24244783769259293,0.508683611517471,Ythdf3,FALSE,FALSE,FALSE,FALSE,0.3981577222648551,FALSE,FALSE,0.1068581753755839
Tmem147,-0.3856227435128332,0.02233923310819874,-0.39824231245820485,0.0704576830990092,-0.41048271385982815,0.05923429165287355,Tmem147,FALSE,FALSE,FALSE,FALSE,0.3981159232769554,FALSE,FALSE,0.10684687345181318
Cttnbp2,0.4121080600662399,0.0866431771998863,0.3989164167106445,0.1344698886810065,0.38316819940245583,0.22904472089267144,Cttnbp2,FALSE,FALSE,FALSE,FALSE,0.3980642253931134,FALSE,FALSE,0.10683289499033245
Nlrc4,0.5280991189587437,0.41189322537573025,0.45580485498911194,0.5084276327928834,0.20967943624821306,0.8453615338882059,Nlrc4,FALSE,FALSE,FALSE,FALSE,0.3978611367320229,FALSE,FALSE,0.106777982355322
Ncaph2,-0.48627060854904514,0.019169328863609184,-0.2991605635983827,0.11262040182664092,-0.4078165278115886,0.0859887444815875,Ncaph2,FALSE,FALSE,FALSE,FALSE,0.39774923331967216,FALSE,FALSE,0.10674772507160245
Spta1,0.5996294143093337,0.30931635521564466,0.05431395260593003,0.9445598179517021,0.5390383568175445,0.5116871337939618,Spta1,FALSE,FALSE,FALSE,FALSE,0.39766057457760273,FALSE,FALSE,0.10672375285612966
Misp,-0.4543322657635951,0.10161826171897238,-0.38944623569331593,0.1853663579839753,-0.34919413149517364,0.33985936450499615,Misp,FALSE,FALSE,FALSE,FALSE,0.39765754431736156,FALSE,FALSE,0.10672293351164377
Unc5d,0.3958409460986101,0.3280211983249626,0.17841713735937792,0.7023333915531896,0.6184809415179682,0.24200848289713714,Unc5d,FALSE,FALSE,FALSE,FALSE,0.3975796749919854,FALSE,FALSE,0.10670187861955904
Ptges3-ps,0.5826301276398347,0.04838101833281197,0.38317859105894936,0.1995812088419037,0.22666724926161486,0.5703358514691071,Ptges3-ps,FALSE,FALSE,FALSE,FALSE,0.39749198932013297,FALSE,FALSE,0.10667816951010792
Ano2,-0.6435165018910665,0.23506438776906802,-0.23720768425003969,0.6701249912762355,0.3116545351754376,0.6410240806979091,Ano2,FALSE,FALSE,FALSE,FALSE,0.3974595737721813,FALSE,FALSE,0.10666940475119042
Gm13889,-1.0505176169578978,0.036700678483943205,0.06957164718306252,0.8723102057566291,-0.0720960029016735,0.9096517207354082,Gm13889,TRUE,FALSE,FALSE,TRUE,0.3973950890142113,FALSE,FALSE,0.10665196887880282
Sema3f,-0.5579517604135162,0.09543613557212562,-0.434390552932296,0.21078361522826058,-0.1997714478094732,0.667304825320646,Sema3f,FALSE,FALSE,FALSE,FALSE,0.39737125371842846,FALSE,FALSE,0.10664552411280427
Gabpa,0.6401449575754841,0.014989859019986373,0.31855848124255903,0.13919049911856815,0.23271704179216357,0.3739153711547562,Gabpa,FALSE,FALSE,FALSE,FALSE,0.3971401602034022,FALSE,FALSE,0.10658303931539719
Prag1,-0.3811085022749432,0.2866909853847765,-0.4809069957224872,0.21356670178730303,-0.32931442611323236,0.5027969816100225,Prag1,FALSE,FALSE,FALSE,FALSE,0.39710997470355425,FALSE,FALSE,0.1065748775336076
Psmc6,0.5059126841025448,0.037325136692201104,0.441189993936149,0.09952388076120047,0.2442085523904476,0.42319479030660206,Psmc6,FALSE,FALSE,FALSE,FALSE,0.39710374347638044,FALSE,FALSE,0.10657319268768058
Slc22a8,0.20367054086982045,0.8139073441303787,0.39739504973263445,0.6305232293340162,0.5902297149575866,0.5657302477818178,Slc22a8,FALSE,FALSE,FALSE,FALSE,0.3970984351866805,FALSE,FALSE,0.10657175739250822
Mt1,-0.8268245042394815,0.02095553687999382,-0.14266980946206598,0.6471289716152948,-0.2210894478774188,0.5818175281482424,Mt1,FALSE,FALSE,FALSE,FALSE,0.3968612538596554,FALSE,FALSE,0.1065076265268445
Gm39090,0.620966332980997,0.30781705376414636,-0.2701572113037336,0.7248808300778413,0.29918130053285913,0.7513356879837364,Gm39090,FALSE,FALSE,FALSE,FALSE,0.39676828160586325,FALSE,FALSE,0.10648248799172799
Rbm15,0.44758329038290157,0.04770121069111219,0.3909123496229636,0.11601268445501388,0.3517468417306633,0.22487581069502433,Rbm15,FALSE,FALSE,FALSE,FALSE,0.3967474939121762,FALSE,FALSE,0.106476867259236
C2cd4d,0.5065344462305704,0.3075425489701607,0.14491961667779713,0.811959235721534,0.5386426171173644,0.4245546263275381,C2cd4d,FALSE,FALSE,FALSE,FALSE,0.39669889334191066,FALSE,FALSE,0.10646372627262474
Emilin1,-0.1341566259596556,0.6456561125482785,-0.7044581544298287,0.07424451517651934,-0.3514294949151662,0.3600588809012681,Emilin1,FALSE,FALSE,FALSE,FALSE,0.3966814251015502,FALSE,FALSE,0.10645900307881352
Gm10250,-0.6132714323147898,0.1962021638156314,-0.31555416998212105,0.5126213781182919,-0.26114682614480345,0.6893773649417326,Gm10250,FALSE,FALSE,FALSE,FALSE,0.39665747614723806,FALSE,FALSE,0.10645252758096957
Gm12473,-0.5054633723436539,0.0966456422353049,-0.38308356560148615,0.20759309558593936,-0.3010678819011443,0.4350904437662127,Gm12473,FALSE,FALSE,FALSE,FALSE,0.3965382732820948,FALSE,FALSE,0.1064202966164703
Vip,0.7076568834495206,0.05938451716834093,-0.19252136504896822,0.6672684330168261,0.28935519969342993,0.5837874327238524,Vip,FALSE,FALSE,FALSE,FALSE,0.39651114939730625,FALSE,FALSE,0.10641296265711747
Capn5,-0.49369986372632146,0.067520639225485,-0.44736537157339296,0.12351233695174244,-0.24805661559966685,0.46337846929732385,Capn5,FALSE,FALSE,FALSE,FALSE,0.3963739502997938,FALSE,FALSE,0.10637586573636862
Slc12a2,0.5897178178990252,0.055498990168492905,0.409175241601889,0.1977353512548245,0.1900732675755865,0.6568313961180888,Slc12a2,FALSE,FALSE,FALSE,FALSE,0.39632210902550025,FALSE,FALSE,0.10636184850390241
Cplx2,-0.5816138887830187,0.059584575477312746,-0.3737558981332718,0.23905904144684528,-0.23357619081962255,0.582654613205264,Cplx2,FALSE,FALSE,FALSE,FALSE,0.396315325911971,FALSE,FALSE,0.10636001443480438
Pcdhgb1,-0.401347229800201,0.27392906337159084,-0.39763823927050757,0.2990108503268033,-0.38927979044120864,0.4364459313118597,Pcdhgb1,FALSE,FALSE,FALSE,FALSE,0.39608841983730575,FALSE,FALSE,0.1062986618689209
Zfp420,0.3940896268386824,0.11572319761117383,0.45824343438223547,0.11446006325512817,0.33593012485346296,0.3219967355785621,Zfp420,FALSE,FALSE,FALSE,FALSE,0.3960877286914603,FALSE,FALSE,0.10629847499172476
Pank3,0.49571355660069116,0.04199964119918931,0.4495921821430455,0.10004849514838866,0.24292205062170957,0.43795994411519684,Pank3,FALSE,FALSE,FALSE,FALSE,0.3960759297884821,FALSE,FALSE,0.10629528471586551
Zfp870,0.3355338867098139,0.13612176654375133,0.4444570627223139,0.09650817929999629,0.4079714110391275,0.17481101901413826,Zfp870,FALSE,FALSE,FALSE,FALSE,0.3959874534904184,FALSE,FALSE,0.10627136183097101
AC167169.1,0.8144671203573138,0.1425680850657194,0.19151310455107023,0.7826009971046166,-0.18195223866525206,0.8594400507660206,AC167169.1,FALSE,FALSE,FALSE,FALSE,0.39597748785787873,FALSE,FALSE,0.10626866724851937
Il17ra,-0.4862036284769844,0.09472227381257703,-0.4003595146528971,0.18286640234953344,-0.3009044885284671,0.4223776035002393,Il17ra,FALSE,FALSE,FALSE,FALSE,0.3958225438861162,FALSE,FALSE,0.10622677233561395
Msl2,0.510635619643125,0.0380043780706344,0.41294847261688084,0.11602582665115371,0.2637577519510188,0.3933029619288013,Msl2,FALSE,FALSE,FALSE,FALSE,0.3957806147370082,FALSE,FALSE,0.10621543521787975
AC164314.1,-0.1797273862488984,0.7400255762890934,-0.3472874216432622,0.5220410174527987,-0.659876463873522,0.35933077388378504,AC164314.1,FALSE,FALSE,FALSE,FALSE,0.3956304239218942,FALSE,FALSE,0.10617482549910967
Kif5a,-0.15050463594679453,0.7288280075593664,-0.6382366918266422,0.16111279969247416,0.3981279164343956,0.4718179228133177,Kif5a,FALSE,FALSE,FALSE,FALSE,0.39562308140261077,FALSE,FALSE,0.10617284017368922
P2ry14,0.5687856669980951,0.10462053082879408,0.36734480681552606,0.3202592810373997,0.25027494325068655,0.6221050651277122,P2ry14,FALSE,FALSE,FALSE,FALSE,0.39546847235476923,FALSE,FALSE,0.10613103582002494
Mios,0.45038573733328313,0.02230238815112542,0.4229733062853649,0.0704576830990092,0.3128469964952192,0.15547972137647564,Mios,FALSE,FALSE,FALSE,FALSE,0.39540201337128905,FALSE,FALSE,0.1061130661417405
Hs3st3b1,0.44809474611779787,0.48906221463112237,0.1949523461175998,0.7981710852428181,0.5429769861729898,0.5366259856518361,Hs3st3b1,FALSE,FALSE,FALSE,FALSE,0.39534135946946247,FALSE,FALSE,0.10609666608496196
Ltf,-0.2847363997230975,0.8084143320069961,-0.36664183659893856,0.7640833255653655,0.5345525351460163,0.689619382293051,Ltf,FALSE,FALSE,FALSE,FALSE,0.3953102571560175,FALSE,FALSE,0.10608825640823744
Dynlt3,0.581274016206299,0.05364422262980847,0.3951010301392115,0.2011709830200725,0.20952431424397844,0.6120521966758661,Dynlt3,FALSE,FALSE,FALSE,FALSE,0.39529978686316297,FALSE,FALSE,0.10608542537194578
Gm18310,0.34445469286886055,0.5861582412215764,0.3851603868780247,0.5527706212860239,0.45613709107608563,0.5882683382091421,Gm18310,FALSE,FALSE,FALSE,FALSE,0.39525072360765695,FALSE,FALSE,0.10607215928102982
Lamtor2,-0.26178928032470683,0.22306410672759378,-0.48462420984464805,0.08521930057579834,-0.4392379339252388,0.14276280291425258,Lamtor2,FALSE,FALSE,FALSE,FALSE,0.3952171413648646,FALSE,FALSE,0.10606307906241305
Dynlt1c,-0.7894281871298923,0.0294685758210866,-0.23698899554516695,0.42487263861712293,-0.15911594812075958,0.693855170501762,Dynlt1c,FALSE,FALSE,FALSE,FALSE,0.39517771026527293,FALSE,FALSE,0.10605241738603827
Snord15a,0.3514979641215692,0.530591128282105,0.1541812224803918,0.8135517810279864,-0.6790374155634159,0.43656495353774216,Snord15a,FALSE,FALSE,FALSE,FALSE,0.39490553405512563,FALSE,FALSE,0.10597882434147295
Tas1r3,-0.505082180888991,0.13687967839990978,-0.24205893376899246,0.4736501011157592,-0.43731025873054497,0.32201455206454216,Tas1r3,FALSE,FALSE,FALSE,FALSE,0.39481712446284284,FALSE,FALSE,0.10595491949298766
Prr13,-0.4888243058128374,0.04909649914282852,-0.2985757007490113,0.2183467449702025,-0.39690350956767695,0.20226800695994418,Prr13,FALSE,FALSE,FALSE,FALSE,0.3947678387098419,FALSE,FALSE,0.10594159324153067
Rsbn1,0.47144740873559243,0.03432188691898051,0.46638063554969733,0.07977570619975831,0.24633502216108027,0.36965351671433244,Rsbn1,FALSE,FALSE,FALSE,FALSE,0.39472102214879,FALSE,FALSE,0.10592893462870767
Pdlim1,-0.627827129861001,0.04594559816757264,-0.1735871942026579,0.5421735058901108,-0.38224173023341645,0.29737310093175856,Pdlim1,FALSE,FALSE,FALSE,FALSE,0.3945520180990251,FALSE,FALSE,0.10588323804648493
Elk1,0.5287130091179635,0.04901268332231613,0.2775702036977141,0.3012324355580313,0.3772956769937794,0.2662142806978555,Elk1,FALSE,FALSE,FALSE,FALSE,0.39452629660315236,FALSE,FALSE,0.10587628327556273
Casq2,0.7460581886529158,0.04178226443439048,0.3940412344598576,0.2816136091386937,0.043252795858173654,0.9478530429673544,Casq2,FALSE,FALSE,FALSE,FALSE,0.39445073965698235,FALSE,FALSE,0.10585585362190673
Cltb,-0.4340942699453212,0.02417957433792796,-0.3416060840151589,0.09180503249903499,-0.40760028982703567,0.09143882993334339,Cltb,FALSE,FALSE,FALSE,FALSE,0.3944335479291719,FALSE,FALSE,0.10585120519363218
Gabra2,0.30546332032708,0.3237494921759218,0.5532115835315574,0.1279202460343323,0.324614287559565,0.4582103642294555,Gabra2,FALSE,FALSE,FALSE,FALSE,0.39442973047273416,FALSE,FALSE,0.10585017300113601
Nek7,0.4386011061852013,0.029424331256908604,0.40508603730842285,0.0829933206574231,0.33919739946605354,0.16312469240240662,Nek7,FALSE,FALSE,FALSE,FALSE,0.3942948476532259,FALSE,FALSE,0.10581370237300215
1500009C09Rik,-0.4143938383322263,0.18489967650843264,-0.5629001800483708,0.12351233695174244,-0.2055527233458987,0.6430879831106097,1500009C09Rik,FALSE,FALSE,FALSE,FALSE,0.39428224724216526,FALSE,FALSE,0.1058102953793776
Syndig1,0.39635368709880536,0.3896648577303972,-0.2103096058410534,0.7048651419804823,-0.5761327162034178,0.42101325750832086,Syndig1,FALSE,FALSE,FALSE,FALSE,0.3942653363810922,FALSE,FALSE,0.10580572289395752
Tgs1,0.4865603026266241,0.03451993232500258,0.4515236623940204,0.08521930057579834,0.2446272224673276,0.3896594828547996,Tgs1,FALSE,FALSE,FALSE,FALSE,0.3942370624959907,FALSE,FALSE,0.10579807798889701
Hrk,0.5577330098160707,0.29445694941096934,0.09532947720227525,0.8869714686334509,0.5295104991620787,0.47002991749847445,Hrk,FALSE,FALSE,FALSE,FALSE,0.39419099539347485,FALSE,FALSE,0.10578562202029265
Gm14488,-0.054606148186140624,0.9491466864294082,0.6168280989819013,0.3664638280288702,-0.5108698079604703,0.6344491853975686,Gm14488,FALSE,FALSE,FALSE,FALSE,0.39410135170950406,FALSE,FALSE,0.10576138348884315
Samd14,-0.5771985584564936,0.05810739254784236,-0.4340004815809193,0.16065615388665308,-0.17109174564356788,0.6666122328750366,Samd14,FALSE,FALSE,FALSE,FALSE,0.3940969285603269,FALSE,FALSE,0.10576018752460242
5830444B04Rik,-0.8386064278494607,0.3052121209461583,0.001293114489240521,0.9986046057287261,-0.34230762925482605,0.7615467198214382,5830444B04Rik,FALSE,FALSE,FALSE,FALSE,0.3940690571978424,FALSE,FALSE,0.10575265145662534
Pfdn5,-0.5178372414527326,0.014455723425594891,-0.2818295780653317,0.09628765744541236,-0.38247401011048954,0.06889532714463079,Pfdn5,FALSE,FALSE,FALSE,FALSE,0.39404694320951794,FALSE,FALSE,0.10574667211064429
Nus1,0.5603415536444443,0.03636194355613853,0.42707790995161155,0.12606103640093502,0.19439004374188684,0.5747254366425311,Nus1,FALSE,FALSE,FALSE,FALSE,0.3939365024459809,FALSE,FALSE,0.10571681030887839
Micu3,0.4367659563157016,0.1452829302522455,0.4440797639021614,0.18019116583130015,0.3009578391856609,0.4761821706314977,Micu3,FALSE,FALSE,FALSE,FALSE,0.3939345198011746,FALSE,FALSE,0.10571627422650916
Gm35279,-0.24578379513809823,0.7929520914809498,0.3225431450899935,0.7141012749114338,0.6132569604340333,0.5625046448815333,Gm35279,FALSE,FALSE,FALSE,FALSE,0.39386130022070837,FALSE,FALSE,0.10569647656731848
Lipo3,0.699651425363558,0.024270611013764994,0.3348131385927058,0.23952781949244425,0.14671443796796435,0.713382629184324,Lipo3,FALSE,FALSE,FALSE,FALSE,0.3937263339747427,FALSE,FALSE,0.10565998338171351
Arhgap4,0.5866797439367875,0.3039455846767392,0.01626200935644262,0.9829686442132137,0.5781836069701128,0.46186011699147894,Arhgap4,FALSE,FALSE,FALSE,FALSE,0.3937084534211143,FALSE,FALSE,0.10565514870354926
Supt4a,-0.4776744626606808,0.027022503434895078,-0.4573604214186715,0.07160859389494267,-0.24606938952776458,0.306573084243926,Supt4a,FALSE,FALSE,FALSE,FALSE,0.3937014245357056,FALSE,FALSE,0.10565324818080758
Scube1,-0.4737595662190497,0.24516613897527761,-0.678082505731362,0.14485834030956282,-0.02896285766095108,0.9685600982853065,Scube1,FALSE,FALSE,FALSE,FALSE,0.3936016432037876,FALSE,FALSE,0.10562626855609074
Palmd,-0.6989651061394655,0.06251087027320151,-0.34560971592643774,0.33308885274460337,-0.13592352435979116,0.7927797519038418,Palmd,FALSE,FALSE,FALSE,FALSE,0.3934994488085648,FALSE,FALSE,0.1055986364692236
Map6d1,0.7249888293735154,0.17236426137035588,0.008297811999118387,0.9898519167918699,0.44712239630751727,0.5599787778067897,Map6d1,FALSE,FALSE,FALSE,FALSE,0.393469679226717,FALSE,FALSE,0.10559058714646159
Gm8206,0.027865703681095422,0.9790006550486416,1.0161788653716621,0.23702437072093926,0.1363448469333958,0.9317325844952553,Gm8206,FALSE,FALSE,FALSE,FALSE,0.3934631386620511,FALSE,FALSE,0.10558881865954395
Wdr83os,-0.5739112256186738,0.04282492705268315,-0.24550555125604578,0.3402350065511752,-0.3608709804731651,0.28315990045604944,Wdr83os,FALSE,FALSE,FALSE,FALSE,0.3934292524492949,FALSE,FALSE,0.10557965625124908
Ptges3,0.5745352394379939,0.08255561187037631,0.5156514084277042,0.1549805628937285,0.08983995299528935,0.8685662314054673,Ptges3,FALSE,FALSE,FALSE,FALSE,0.3933422002869958,FALSE,FALSE,0.10555611843486125
Lrfn5,0.7171625919132194,0.0832196305228424,0.1749430807478065,0.7163836545880186,0.28767719508984557,0.6353991793414071,Lrfn5,FALSE,FALSE,FALSE,FALSE,0.39326095591695714,FALSE,FALSE,0.1055341509728935
Dck,0.603779893678309,0.02005871878534375,0.13561136342262525,0.5571294482746675,0.44037685923837255,0.12595684420104247,Dck,FALSE,FALSE,FALSE,FALSE,0.39325603877976895,FALSE,FALSE,0.10553282144047026
N4bp2,0.514762166438679,0.016740822603849407,0.3838536446315439,0.07810208927709161,0.28084475567172174,0.20598376384920522,N4bp2,FALSE,FALSE,FALSE,FALSE,0.39315352224731487,FALSE,FALSE,0.10550510225172305
Zfp959,0.5481563602677615,0.057866366417955666,0.4382481778564209,0.15202031156578022,0.19299475397295085,0.6337270895617927,Zfp959,FALSE,FALSE,FALSE,FALSE,0.39313309736571106,FALSE,FALSE,0.1054995796190826
Ubqln2,0.4962577165715256,0.041366876981277265,0.3364320811937036,0.17397006434975693,0.3466385400946814,0.25716025112894175,Ubqln2,FALSE,FALSE,FALSE,FALSE,0.39310944595330355,FALSE,FALSE,0.10549318457284988
Gm37139,0.5307034534278472,0.24139172024232222,0.5914902652232448,0.21618774225490905,0.056943803971288114,0.9478628528790193,Gm37139,FALSE,FALSE,FALSE,FALSE,0.3930458408741267,FALSE,FALSE,0.10547598655461049
Kcnq3,0.5797302073061786,0.537223640094726,0.2831719195288035,0.7981597689196641,0.31598084399428983,0.834585989714208,Kcnq3,FALSE,FALSE,FALSE,FALSE,0.392960990276424,FALSE,FALSE,0.10545304401376628
Gm5628,-0.5411703209923042,0.47018935216910934,0.07606695521034666,0.9243121661151028,-0.5616409684688974,0.5911764765603967,Gm5628,FALSE,FALSE,FALSE,FALSE,0.3929594148905161,FALSE,FALSE,0.10545261804911174
Gopc,0.4591812882077102,0.052534588377471235,0.38441768609803795,0.13371534873841176,0.3348732028324575,0.2723562799112126,Gopc,FALSE,FALSE,FALSE,FALSE,0.39282405904606854,FALSE,FALSE,0.10541601952094788
1700019D03Rik,0.7018003182962333,0.037325136692201104,0.23838988116504956,0.47678993195912234,0.23799251319206638,0.5939113230126288,1700019D03Rik,FALSE,FALSE,FALSE,FALSE,0.39272757088444976,FALSE,FALSE,0.1053899303283098
Zmym2,0.5103824589855419,0.021527426362789856,0.38895423548499775,0.08831372198457063,0.2782742028771814,0.25716025112894175,Zmym2,FALSE,FALSE,FALSE,FALSE,0.3925369657825737,FALSE,FALSE,0.10533839309164554
Rnf11,0.6696579368536728,0.038216219207279155,0.43257983888546825,0.17996766021774446,0.07529639382086373,0.8796884147096544,Rnf11,FALSE,FALSE,FALSE,FALSE,0.39251138985333495,FALSE,FALSE,0.10533147768012134
Gm15663,0.3107628196572949,0.35326240903573886,0.4362905382182791,0.21078361522826058,0.4303583832250264,0.32856826596063826,Gm15663,FALSE,FALSE,FALSE,FALSE,0.39247058036686683,FALSE,FALSE,0.1053204433051673
Trappc8,0.4740637961854466,0.0246824905554397,0.40035888726900914,0.08521930057579834,0.3026790443497811,0.2202545891644334,Trappc8,FALSE,FALSE,FALSE,FALSE,0.39236724260141226,FALSE,FALSE,0.10529250206528352
Trip11,0.5539625378480002,0.021166538341988103,0.3748659644954033,0.10589165044582284,0.24818150660993776,0.3509449722402551,Trip11,FALSE,FALSE,FALSE,FALSE,0.39233666965111375,FALSE,FALSE,0.1052842355217359
Nkapd1,0.49252343013144273,0.02976592859834178,0.4262378260535229,0.08932363389894,0.25815702900938753,0.34706786110603666,Nkapd1,FALSE,FALSE,FALSE,FALSE,0.39230609506478437,FALSE,FALSE,0.10527596853582598
Mybpc2,-0.5004871636514191,0.5783408039562166,0.6024837115234396,0.44079540053320576,0.07376024809279269,0.9609730014174996,Mybpc2,FALSE,FALSE,FALSE,FALSE,0.3922437077558838,FALSE,FALSE,0.10525909978744512
Sil1,-0.3599354013477356,0.12396343097643611,-0.46378772854836203,0.10095931193905984,-0.3529448803402273,0.2677033067890686,Sil1,FALSE,FALSE,FALSE,FALSE,0.392222670078775,FALSE,FALSE,0.10525341146256109
Slc24a3,-0.5943420930693195,0.043879819678348815,-0.38565582279148014,0.1807637213998195,-0.19645072036272104,0.5972023170730334,Slc24a3,FALSE,FALSE,FALSE,FALSE,0.39214954540784025,FALSE,FALSE,0.10523363946572122
Nr3c1,0.5555797813434893,0.04359896653838728,0.3811534482146026,0.1751640242634439,0.23949087741705632,0.5033783582763196,Nr3c1,FALSE,FALSE,FALSE,FALSE,0.39207470232504943,FALSE,FALSE,0.10521340283179846
Scn7a,-0.5530518282176216,0.14859431016413446,-0.35633724334418293,0.38377979594901745,0.2664987234456211,0.63392369073283406,Scn7a,FALSE,FALSE,FALSE,FALSE,0.39196259833580854,FALSE,FALSE,0.10518309131459537
Kctd13,-0.39739156405423204,0.15173808669629366,-0.4989043128438593,0.12047207437646598,-0.27908466511260155,0.44964823534891407,Kctd13,FALSE,FALSE,FALSE,FALSE,0.39179351400356427,FALSE,FALSE,0.10513737302499387
Hhatl,-0.4905738981936001,0.22856098245206563,-0.5859217254764642,0.18598641846202824,0.09882724684140376,0.8712455382111127,Hhatl,FALSE,FALSE,FALSE,FALSE,0.3917742901704893,FALSE,FALSE,0.10513217514086053
Chordc1,0.4424681056417805,0.13117050557296106,0.5079278657840511,0.13346607118761325,0.22446481309634425,0.5972023170730334,Chordc1,FALSE,FALSE,FALSE,FALSE,0.391620261507392,FALSE,FALSE,0.10509052771597528
Dld,0.4896442590517651,0.08026239364464098,0.4037676851242349,0.17995212463848295,0.281276431446984,0.46123269466462896,Dld,FALSE,FALSE,FALSE,FALSE,0.391562791874328,FALSE,FALSE,0.10507498864566146
Ccdc81,-0.3682569963487701,0.5013093703220385,-0.29585937750506675,0.603672299547665,-0.5102494064443699,0.494431138366982,Ccdc81,FALSE,FALSE,FALSE,FALSE,0.39145526009940224,FALSE,FALSE,0.10504591339804882
Dynlt1b,-0.4431706194842424,0.04606025036590062,-0.40838083651463686,0.0960072945197005,-0.322683030537001,0.2333514599174436,Dynlt1b,FALSE,FALSE,FALSE,FALSE,0.3914114955119601,FALSE,FALSE,0.10503408000073511
Gm43627,0.3276080969908744,0.7116900114988319,0.6942170455800212,0.40003195933596997,0.15230172279537987,0.9162533126256398,Gm43627,FALSE,FALSE,FALSE,FALSE,0.3913756217887585,FALSE,FALSE,0.10502438019446303
Gm43860,-0.5291967834551992,0.20038164261641253,-0.6357009227784411,0.16465272045408322,0.009092561106253783,0.9890157134391816,Gm43860,FALSE,FALSE,FALSE,FALSE,0.39133008911329803,FALSE,FALSE,0.10501206872825322
Gm2238,0.7603893858964407,0.26975523642234894,0.19177182125878867,0.8251250029368248,0.22170598816636283,0.852929881722334,Gm2238,FALSE,FALSE,FALSE,FALSE,0.3912890651071974,FALSE,FALSE,0.1050009763498724
Sars,-0.43337721556031994,0.0383391824179144,-0.3794179685584309,0.10004849514838866,-0.36090458957957505,0.16652542473936735,Sars,FALSE,FALSE,FALSE,FALSE,0.39123325789944197,FALSE,FALSE,0.10498588677857891
1110038B12Rik,-0.3991779556696131,0.07183657536366737,-0.3233807015116268,0.15770178933733603,-0.4509018994829539,0.12483411337412173,1110038B12Rik,FALSE,FALSE,FALSE,FALSE,0.3911535188880646,FALSE,FALSE,0.10496432634677368
Prkrip1,-0.4923434403195901,0.01870820162289862,-0.3645261007468883,0.07832022298766841,-0.31642659072397894,0.13701599146966434,Prkrip1,FALSE,FALSE,FALSE,FALSE,0.3910987105968191,FALSE,FALSE,0.10494950687001633
Gm8317,0.39584362433722936,0.5711205929337956,0.3055856030724159,0.687880844475118,-0.47176353217177336,0.6592706280377182,Gm8317,FALSE,FALSE,FALSE,FALSE,0.3910642531938062,FALSE,FALSE,0.1049401900190169
Eef1akmt2,0.5493961050732397,0.0367439593313831,0.4145147638001143,0.12874311328073743,0.20916863223236604,0.536826266972932,Eef1akmt2,FALSE,FALSE,FALSE,FALSE,0.39102650036857334,FALSE,FALSE,0.10492998212704747
Pebp1,-0.5205779953728529,0.019412022934694215,-0.357063675282709,0.09547027221721828,-0.2948773521446544,0.21657941379412043,Pebp1,FALSE,FALSE,FALSE,FALSE,0.39083967426673877,FALSE,FALSE,0.10487946668475061
Cct7,-0.41229409581346577,0.024270611013764994,-0.35981158715329276,0.08120675934582743,-0.40035736835972724,0.08465906440107948,Cct7,FALSE,FALSE,FALSE,FALSE,0.3908210171088286,FALSE,FALSE,0.10487442202249742
2510009E07Rik,0.48439814359739586,0.014840024695314973,0.4435162724840982,0.0704576830990092,0.24444675163686558,0.2108021353646558,2510009E07Rik,FALSE,FALSE,FALSE,FALSE,0.3907870559061199,FALSE,FALSE,0.10486523933785691
C330018D20Rik,0.6229685259080866,0.030006317656181815,0.380832979111871,0.1751640242634439,0.16854441345464455,0.655342161977533,C330018D20Rik,FALSE,FALSE,FALSE,FALSE,0.3907819728248674,FALSE,FALSE,0.10486386493623326
Dubr,0.5945344039475247,0.01071828627468486,0.35257413935088255,0.07169446715868752,0.22519738914114473,0.24200848289713714,Dubr,FALSE,FALSE,FALSE,FALSE,0.3907686441465173,FALSE,FALSE,0.1048602610282382
Cfp,0.046200336259759556,0.9473666595684272,0.7936212745516312,0.16689378229146876,0.33246042434591616,0.6790466186616604,Cfp,FALSE,FALSE,FALSE,FALSE,0.390760678385769,FALSE,FALSE,0.10485810718611721
Gm21596,0.6410958296902338,0.36135938059307765,0.35125048330870773,0.6654384958661529,-0.17963919601825906,0.8901827965684321,Gm21596,FALSE,FALSE,FALSE,FALSE,0.39066183633906687,FALSE,FALSE,0.10483138153238009
Atad5,0.3831756338640022,0.04282492705268315,0.3330330286361387,0.1054443903964155,0.45553877394826925,0.07293789400268508,Atad5,FALSE,FALSE,FALSE,FALSE,0.3905824788161367,FALSE,FALSE,0.10480992425028174
Eef1akmt3,0.6970546538189633,0.1213754283063181,-0.14262927624669897,0.8055067071481953,0.3317369552943785,0.6150505511268062,Eef1akmt3,FALSE,FALSE,FALSE,FALSE,0.39047362845334693,FALSE,FALSE,0.10478049247299523
Lama2,0.4453301238706624,0.16481470888788036,0.32378862802747843,0.3450808646250563,0.40211031379597095,0.36456401969128355,Lama2,FALSE,FALSE,FALSE,FALSE,0.3904096885647039,FALSE,FALSE,0.10476320392646186
Klhdc7a,-0.40886615715648866,0.25602566121286685,-0.4046946865373293,0.2791077619226269,-0.35732757801535553,0.4618066899606207,Klhdc7a,FALSE,FALSE,FALSE,FALSE,0.3902961405697245,FALSE,FALSE,0.10473250196815956
Brms1,-0.5833150261901312,0.014455723425594891,-0.32271900226473527,0.09180503249903499,-0.2645392351486353,0.20537944218215956,Brms1,FALSE,FALSE,FALSE,FALSE,0.3901910878678339,FALSE,FALSE,0.10470409703090307
Smim10l1,0.5633391443353624,0.02510341193725702,0.40392530956326755,0.11298831400531043,0.20325162738182367,0.5014040125018417,Smim10l1,FALSE,FALSE,FALSE,FALSE,0.39017202709348453,FALSE,FALSE,0.10469894323581061
Rhd,-0.29877537071209886,0.49108712740557126,-0.6093334456996927,0.19629335121828242,-0.2620393857520012,0.6631538820812325,Rhd,FALSE,FALSE,FALSE,FALSE,0.39004940072126426,FALSE,FALSE,0.1046657865977973
Mterf2,0.5901980596842868,0.019582371416048017,0.36459747714500557,0.11785504756847434,0.21485812424166095,0.4432951895198064,Mterf2,FALSE,FALSE,FALSE,FALSE,0.38988455369031777,FALSE,FALSE,0.10462121402149335
Ttbk2,0.4795406426603517,0.018137352696163945,0.3721908421321416,0.07556490478840473,0.3178521425826384,0.13824671090470514,Ttbk2,FALSE,FALSE,FALSE,FALSE,0.3898612091250439,FALSE,FALSE,0.10461490194288947
Kcnj3,0.6061611032867757,0.025043567645686424,0.40159467466312027,0.13144440679314048,0.16180651484334074,0.6323909429312146,Kcnj3,FALSE,FALSE,FALSE,FALSE,0.3898540975977456,FALSE,FALSE,0.10461297907481401
Gadl1,-0.06351221592152448,0.8978583806812883,-0.8470791801221111,0.11918285018239806,-0.25833666675634614,0.6792340824390627,Gadl1,FALSE,FALSE,FALSE,FALSE,0.38964268759999393,FALSE,FALSE,0.10455581645440103
Anp32a,-0.4602065153068011,0.027677741148474194,-0.3823811242022428,0.09127708776768337,-0.3260375644285922,0.19008971074400394,Anp32a,FALSE,FALSE,FALSE,FALSE,0.3895417346458787,FALSE,FALSE,0.1045285200376893
Clu,-0.5441036142026752,0.09963804987305065,-0.3098302742764467,0.37389920791757775,-0.3145625616764036,0.4942383631992671,Clu,FALSE,FALSE,FALSE,FALSE,0.3894988167185085,FALSE,FALSE,0.10451691556667436
Mid2,0.4495402987874133,0.03298181707236668,0.5254679755985467,0.0704576830990092,0.19345276446190862,0.46074046765928167,Mid2,FALSE,FALSE,FALSE,FALSE,0.38948701294928956,FALSE,FALSE,0.10451372397504445
Gm4294,0.002862106917547781,0.9965775315391365,-0.2233903696907106,0.7515816557226704,-0.9419909883841565,0.30994114027169833,Gm4294,FALSE,FALSE,FALSE,FALSE,0.38941448833080494,FALSE,FALSE,0.10449411422488541
Ccnb2-ps,0.43445718655420373,0.16084961039262877,0.44952436017415076,0.17915248531114147,0.2836308189480481,0.5123467424997246,Ccnb2-ps,FALSE,FALSE,FALSE,FALSE,0.3892041218921342,FALSE,FALSE,0.10443723376980169
Pla2g4b,0.12185680972747082,0.907724138806489,0.7023787180934955,0.4220427504863769,-0.3432851975689244,0.8142363946834172,Pla2g4b,FALSE,FALSE,FALSE,FALSE,0.3891735751299636,FALSE,FALSE,0.10442897430719644
Pcdhb18,0.44712744248079206,0.13123083099639735,0.40183076059614065,0.20245098351647586,0.3181311959898814,0.4353991998636434,Pcdhb18,FALSE,FALSE,FALSE,FALSE,0.389029799688938,FALSE,FALSE,0.10439009922537697
Drap1,-0.4334168411139325,0.02217134170835429,-0.39481664443196074,0.0704576830990092,-0.33873755780425263,0.12031929258008069,Drap1,FALSE,FALSE,FALSE,FALSE,0.388990347783382,FALSE,FALSE,0.1043794319233295
Crip2,-0.6028225086812107,0.02300251776828198,-0.2561016375203433,0.25731729974165796,-0.30801053743338613,0.2873591841964026,Crip2,FALSE,FALSE,FALSE,FALSE,0.3889782278783134,FALSE,FALSE,0.10437615485251807
Reep2,-0.42143178080860366,0.08179041580263124,-0.452808253609537,0.10430132864445578,-0.2926421748769501,0.35248228935837356,Reep2,FALSE,FALSE,FALSE,FALSE,0.38896073643169693,FALSE,FALSE,0.10437142538402536
Inca1,-0.4443007791599377,0.27354842017321584,-0.4819437256137451,0.25972577277625103,-0.23988521367184656,0.6697205225035117,Inca1,FALSE,FALSE,FALSE,FALSE,0.3887099061485098,FALSE,FALSE,0.10430360401125023
Car14,-0.570067178959472,0.15590320200412464,-0.48818091406736475,0.2370386758266454,-0.10741717169173226,0.8581694672546996,Car14,FALSE,FALSE,FALSE,FALSE,0.388555088239523,FALSE,FALSE,0.10426174318414337
Papola,0.5019937593076786,0.02005871878534375,0.38636537411942484,0.08451455445915308,0.27726380930240424,0.2365779149997614,Papola,FALSE,FALSE,FALSE,FALSE,0.3885409809098359,FALSE,FALSE,0.10425792873856124
Wscd2,0.48048153600675336,0.14453502720744035,0.2375676136993201,0.5079591898578999,0.4473430194950869,0.31263501888640843,Wscd2,FALSE,FALSE,FALSE,FALSE,0.3884640564003868,FALSE,FALSE,0.1042371293128914
Has3,0.44092171741471886,0.24826256947121286,0.40288592492089514,0.31791857791803835,0.3212056666759444,0.554775787076455,Has3,FALSE,FALSE,FALSE,FALSE,0.3883377696705195,FALSE,FALSE,0.10420298295993093
Tgfbr1,0.4769861889469764,0.048458249934711414,0.4334035526663076,0.10890761169862719,0.25449923881652214,0.4177367370929679,Tgfbr1,FALSE,FALSE,FALSE,FALSE,0.38829632680993537,FALSE,FALSE,0.10419177732853416
Cdh6,0.4144365270630037,0.1566791474919335,0.34269260006645297,0.26827782110447035,0.4076831210792755,0.2971931772477146,Cdh6,FALSE,FALSE,FALSE,FALSE,0.38827074940291073,FALSE,FALSE,0.10418486151743513
Suco,0.49699947689829127,0.04459643639216172,0.4047250214689102,0.12827348778031472,0.2629019441354208,0.409082037651014,Suco,FALSE,FALSE,FALSE,FALSE,0.38820881416754077,FALSE,FALSE,0.10416811500408528
Nt5e,0.23545236453473484,0.4143186140850222,0.565550425004973,0.09504062435080558,0.3631929807558594,0.343187477840385,Nt5e,FALSE,FALSE,FALSE,FALSE,0.38806525676518905,FALSE,FALSE,0.10412929887719735
Arfgef1,0.570377092974347,0.019108275622710627,0.4082770934689446,0.08803823262798008,0.18537980708676294,0.4818397663255097,Arfgef1,FALSE,FALSE,FALSE,FALSE,0.38801133117668485,FALSE,FALSE,0.10411471807222598
Dnm3,0.34273505372478485,0.059584575477312746,0.4854201324303755,0.0704576830990092,0.33583686827785275,0.16062047190746198,Dnm3,FALSE,FALSE,FALSE,FALSE,0.38799735147767106,FALSE,FALSE,0.10411093813638232
Gm27019,0.2431260559111098,0.8197171766041574,0.852955357223229,0.3592852371522666,0.06785798085657979,0.9693175565461654,Gm27019,FALSE,FALSE,FALSE,FALSE,0.38797979799697285,FALSE,FALSE,0.10410619189464942
Wfdc17,0.7720517210425728,0.15362350083114323,0.2957092536718857,0.6386270933562754,-0.09609157792653905,0.9277681321383151,Wfdc17,FALSE,FALSE,FALSE,FALSE,0.38795085088033254,FALSE,FALSE,0.10409836495619733
1110002E22Rik,0.614514315232749,0.18335024173291614,0.4723647539303737,0.3378983541730473,-0.07678048074104074,0.9321995526081229,1110002E22Rik,FALSE,FALSE,FALSE,FALSE,0.3878865166347212,FALSE,FALSE,0.10408096978046985
Nr2f1,0.5665851259823973,0.2478575201856139,0.23439265941589804,0.6825484656514896,0.36255137312134345,0.6098971677442683,Nr2f1,FALSE,FALSE,FALSE,FALSE,0.3878430528398796,FALSE,FALSE,0.10406921771371491
Kcnu1,-0.42624511916344776,0.17464517509343913,-0.3967667121695928,0.2237878448647094,-0.34026282643633854,0.41245719076191895,Kcnu1,FALSE,FALSE,FALSE,FALSE,0.3877582192564597,FALSE,FALSE,0.10404627977332007
Gm5111,0.48568645453075043,0.45886586485150305,0.10874666904767638,0.8911844771829621,-0.5686855283479204,0.5816040457170253,Gm5111,FALSE,FALSE,FALSE,FALSE,0.3877062173087824,FALSE,FALSE,0.10403221909677957
Ppm1k,0.5793490540070003,0.014762386682051128,0.3172416711541519,0.11298831400531043,0.2663553227535802,0.24995308900249305,Ppm1k,FALSE,FALSE,FALSE,FALSE,0.38764868263824415,FALSE,FALSE,0.10401666244114577
Trappc1,-0.3177415425143204,0.14907136034489718,-0.4270153707598743,0.10467710085695396,-0.4180323548884415,0.16398108942495315,Trappc1,FALSE,FALSE,FALSE,FALSE,0.38759642272087874,FALSE,FALSE,0.10400253201282667
Ntf5,-0.3485635294396775,0.5542401922045476,-0.27086652617346746,0.6628552768368042,-0.5430283347975299,0.5014040125018417,Ntf5,FALSE,FALSE,FALSE,FALSE,0.3874861301368916,FALSE,FALSE,0.10397271027695858
Slc12a9,-0.5159694924613105,0.07907275656775783,-0.4094852617382174,0.17346254836982197,-0.23643238517695542,0.5300077547124187,Slc12a9,FALSE,FALSE,FALSE,FALSE,0.38729571312549443,FALSE,FALSE,0.10392122389760837
Fignl2,0.015260380371016402,0.9705138095535054,-0.8925347372035329,0.0794588707975626,0.2539286152076342,0.5762907653229914,Fignl2,FALSE,FALSE,FALSE,FALSE,0.38724124426072787,FALSE,FALSE,0.10390649619752754
Gtf2h2,0.350969708307197,0.17577823178636823,0.4526654005197188,0.12522886015553503,0.3578806923185298,0.30720676904729094,Gtf2h2,FALSE,FALSE,FALSE,FALSE,0.3871719337151485,FALSE,FALSE,0.10388775549250079
Ube2d3,0.5067300713838758,0.07281060083867312,0.40203152261431185,0.18303571213765962,0.25266857351284955,0.513641399339406,Ube2d3,FALSE,FALSE,FALSE,FALSE,0.38714338917034574,FALSE,FALSE,0.10388003740444074
BC005537,0.5079488353321615,0.04529800063681137,0.4091043886149137,0.13194198036716423,0.2441580444390592,0.45725460777532545,BC005537,FALSE,FALSE,FALSE,FALSE,0.3870704227953781,FALSE,FALSE,0.10386030820885139
Dtd1,-0.47447316470936585,0.02095553687999382,-0.40524254458578035,0.07160859389494267,-0.2814893036576285,0.19584120125155932,Dtd1,FALSE,FALSE,FALSE,FALSE,0.3870683376509249,FALSE,FALSE,0.10385974441185905
Srf,-0.4759538694056311,0.05787463296902891,-0.3812530855842873,0.14319812976133764,-0.3037826027476971,0.331095311050935,Srf,FALSE,FALSE,FALSE,FALSE,0.3869965192458718,FALSE,FALSE,0.10384032561298304
Fkbp5,-0.006376356315687559,0.9885205236558865,0.507406329604553,0.23194883450233272,0.6472040800374828,0.23157820206630025,Fkbp5,FALSE,FALSE,FALSE,FALSE,0.38699558865257444,FALSE,FALSE,0.1038400739921894
Sorbs1,0.17219377236278532,0.5836645407744375,0.6008272685129512,0.09993305936367947,0.3879365695052117,0.34957674119544024,Sorbs1,FALSE,FALSE,FALSE,FALSE,0.38698587012698277,FALSE,FALSE,0.10383744622436726
Zfp979,0.6701548859429105,0.07883659168967523,0.33129387971558377,0.41122669190323874,0.15925701928530756,0.7907515501976368,Zfp979,FALSE,FALSE,FALSE,FALSE,0.38690192831460063,FALSE,FALSE,0.10381474940771239
1110018N20Rik,-0.3835001097077708,0.2764572767165036,-0.3520778871359387,0.33493582153689416,-0.4250255968235517,0.3739291174064062,1110018N20Rik,FALSE,FALSE,FALSE,FALSE,0.3868678645557537,FALSE,FALSE,0.10380553899317423
Hgh1,-0.40604998511650026,0.0975840409816778,-0.44119787026854196,0.11298831400531043,-0.3131585135177435,0.3212275037407874,Hgh1,FALSE,FALSE,FALSE,FALSE,0.38680212296759525,FALSE,FALSE,0.10378776328961614
Ace2,0.9248833894107915,0.11227418680243591,-0.1243551550895956,0.8721026360392119,0.11059636737633427,0.9211006069645289,Ace2,FALSE,FALSE,FALSE,FALSE,0.38661163729224046,FALSE,FALSE,0.10373625834439021
Gm43437,0.1089465235070135,0.9130052065055254,0.8466467038813151,0.29444603166190164,0.20408873122220705,0.8817102844923025,Gm43437,FALSE,FALSE,FALSE,FALSE,0.38656065287017854,FALSE,FALSE,0.10372247279405533
Gm37090,0.5030728019295291,0.2079375604258114,0.3158226194138737,0.46806886616059445,0.3405822733865984,0.5520645543454947,Gm37090,FALSE,FALSE,FALSE,FALSE,0.3864925649100004,FALSE,FALSE,0.1037040626608367
Gm14326,0.6605245751730919,0.07219074338574336,0.45909095182814763,0.2307539754183007,-0.03972353084636282,0.9529790522272761,Gm14326,FALSE,FALSE,FALSE,FALSE,0.38644635261586746,FALSE,FALSE,0.10369156743423424
Lrrtm4,0.32974253770445294,0.3331830115835836,0.37199273498904306,0.29588738892291083,0.4567366098331793,0.31263501888640843,Lrrtm4,FALSE,FALSE,FALSE,FALSE,0.38615729417555844,FALSE,FALSE,0.10361340964568935
Rspry1,0.40950139397159635,0.027303597491482555,0.38994731078278466,0.07556490478840473,0.35901467955386934,0.11655533245180859,Rspry1,FALSE,FALSE,FALSE,FALSE,0.38615446143608345,FALSE,FALSE,0.1036126437083493
Twnk,-0.3359441893290933,0.1677466270637933,-0.4300801906066196,0.12583770309566966,-0.39235989944466265,0.23426723734656674,Twnk,FALSE,FALSE,FALSE,FALSE,0.38612809312679186,FALSE,FALSE,0.10360551404716488
Fam110a,-0.47215543819344896,0.07012066486598523,-0.39369547272153094,0.14876759934397402,-0.29253192764716474,0.3730124483395762,Fam110a,FALSE,FALSE,FALSE,FALSE,0.38612761285404823,FALSE,FALSE,0.10360538418741921
Gm49085,0.14786500985738404,0.78805115733043,0.7472702508114222,0.14340070881620068,0.26312755102730523,0.7112300114706978,Gm49085,FALSE,FALSE,FALSE,FALSE,0.38608760389870384,FALSE,FALSE,0.10359456626607305
Ms4a6c,0.3896755394473709,0.5483293512676636,0.5820061950176678,0.36501148845679404,0.18643324890246274,0.8594400507660206,Ms4a6c,FALSE,FALSE,FALSE,FALSE,0.38603832778916713,FALSE,FALSE,0.10358124262208823
Fbxo2,-0.5171167532973353,0.02976861819929769,-0.4673937837025415,0.08414847600606047,-0.1732584459644544,0.5472170045287956,Fbxo2,FALSE,FALSE,FALSE,FALSE,0.3859229943214437,FALSE,FALSE,0.10355005789427735
Abhd11,-0.37762769417829345,0.20521751170412528,-0.5041636345338332,0.1375374798939395,-0.27576805463405574,0.4918152224753389,Abhd11,FALSE,FALSE,FALSE,FALSE,0.38585312778206077,FALSE,FALSE,0.10353116685547696
Dmtf1,0.4920066380043835,0.021218439507966206,0.3905891800050423,0.08348100204586746,0.27479979341554017,0.24200848289713714,Dmtf1,FALSE,FALSE,FALSE,FALSE,0.3857985371416553,FALSE,FALSE,0.10351640622878576
Sh2d2a,0.5285451155096745,0.5181413763487349,0.5803540994902165,0.48667565941810964,0.048431593783901133,0.9751963425512756,Sh2d2a,FALSE,FALSE,FALSE,FALSE,0.3857769362612641,FALSE,FALSE,0.10351056562077517
Mbip,0.3441264803217199,0.18705586914064923,0.3413322993968406,0.21968072222947665,0.4718538642528971,0.17772869661514587,Mbip,FALSE,FALSE,FALSE,FALSE,0.3857708813238192,FALSE,FALSE,0.10350892844138693
Timm10,-0.4351451390152792,0.09267704899631411,-0.33693548519586747,0.1995812088419037,-0.3851423192656669,0.24507447541405267,Timm10,FALSE,FALSE,FALSE,FALSE,0.38574098115893785,FALSE,FALSE,0.10350084381060515
Ttc30b,0.49397660254435394,0.03192080150401192,0.3932895013090185,0.10648132120061632,0.2697870518186507,0.33497893754269653,Ttc30b,FALSE,FALSE,FALSE,FALSE,0.3856843852240077,FALSE,FALSE,0.10348554097734403
Gm5857,0.6221928580374384,0.2744776408755106,0.3105013586682594,0.6330296141497399,-0.2242303524558099,0.8210907825522568,Gm5857,FALSE,FALSE,FALSE,FALSE,0.3856415230538359,FALSE,FALSE,0.10347395158237849
Ube2d2a,0.5358804631208312,0.06086631445791755,0.4580404902605677,0.1408255148231592,0.16296314864891048,0.6870962481459709,Ube2d2a,FALSE,FALSE,FALSE,FALSE,0.3856280340101031,FALSE,FALSE,0.10347030431358878
Rhod,-0.3758204391375538,0.32110862980041527,-0.6427089686282084,0.14133563152964893,-0.13816113268186558,0.8037030635625962,Rhod,FALSE,FALSE,FALSE,FALSE,0.3855635134825426,FALSE,FALSE,0.10345285876955107
Tbxas1,0.16566488092126663,0.7594726713009157,0.5460779326465369,0.26495586810791555,-0.4447436893897387,0.5513748699388772,Tbxas1,FALSE,FALSE,FALSE,FALSE,0.3854955009858474,FALSE,FALSE,0.10343446904071482
Dennd2a,-0.5889214566014012,0.04032781043639071,-0.3915417590690513,0.16750613934731784,-0.17575074206298247,0.6335474811596363,Dennd2a,FALSE,FALSE,FALSE,FALSE,0.38540465257781165,FALSE,FALSE,0.10340990476693922
Kif17,-0.7240171909230736,0.11218653185025142,-0.2197994823835434,0.6199892971427474,0.2123076355566884,0.7037178753758783,Kif17,FALSE,FALSE,FALSE,FALSE,0.3853747696211018,FALSE,FALSE,0.10340182478903188
Rbm41,0.46671700072873623,0.0866431771998863,0.49822531375325596,0.10912088785770803,0.19111522483562737,0.6223306271216116,Rbm41,FALSE,FALSE,FALSE,FALSE,0.3853525131058732,FALSE,FALSE,0.1033958069055578
Serpinh1,-0.3663275889849089,0.1403726145425445,-0.3231851902144731,0.22971824320626574,-0.4664413750317138,0.17665851905471716,Serpinh1,FALSE,FALSE,FALSE,FALSE,0.3853180514103653,FALSE,FALSE,0.10338648889392138
Itgav,0.35876597327771353,0.29450280464103473,0.566370316123983,0.1494472400631582,0.23081682701417972,0.6499414134818802,Itgav,FALSE,FALSE,FALSE,FALSE,0.38531770547195876,FALSE,FALSE,0.10338639535650106
Dok2,0.14740944034338105,0.7994608572652767,0.5079790821873313,0.32985065322525314,0.500546221777303,0.4618066899606207,Dok2,FALSE,FALSE,FALSE,FALSE,0.38531158143600513,FALSE,FALSE,0.1033847394937399
1810024B03Rik,-0.4824215075213273,0.35326240903573886,-0.35290373050980806,0.5113028704053856,-0.320487054889517,0.6577656820609833,1810024B03Rik,FALSE,FALSE,FALSE,FALSE,0.3852707643068841,FALSE,FALSE,0.10337370305230806
Gnb5,-0.49243627208767915,0.022196427619339296,-0.34522082931327613,0.09968431829754035,-0.31807085361870335,0.17891057821632086,Gnb5,FALSE,FALSE,FALSE,FALSE,0.3852426516732195,FALSE,FALSE,0.10336610174762016
Wnk3,0.3536037443690283,0.13017725402081198,0.4608286758287594,0.10211259847939146,0.3407950987066686,0.2866186447793518,Wnk3,FALSE,FALSE,FALSE,FALSE,0.3850758396348188,FALSE,FALSE,0.10332099785786648
Kif5b,0.5393353134698948,0.05680961022878276,0.4266395004596433,0.1564280205671835,0.18922532901349243,0.629283199765418,Kif5b,FALSE,FALSE,FALSE,FALSE,0.38506671431434353,FALSE,FALSE,0.10331853048529177
Kif26a,-0.6069112422665204,0.14145779174609385,-0.46484903838364344,0.26548198782703564,-0.08343156442346134,0.8960576261408413,Kif26a,FALSE,FALSE,FALSE,FALSE,0.38506394835787505,FALSE,FALSE,0.10331778260524178
Nemp2,0.35168395393859386,0.27538648406766125,0.38412629129543374,0.25971721443939577,0.4191806758947214,0.33309557531644124,Nemp2,FALSE,FALSE,FALSE,FALSE,0.384996973709583,FALSE,FALSE,0.1032996734976389
Tiam1,-0.5217141962802003,0.04091013116895429,-0.3169467512944495,0.20880340348686607,-0.3161627004465668,0.3248219619173585,Tiam1,FALSE,FALSE,FALSE,FALSE,0.3849412160070722,FALSE,FALSE,0.10328459731194464
Atp1a3,-0.32681936935118916,0.5490525342509877,-0.4629777065633758,0.4106545947082547,0.3640718241553609,0.6041863921313176,Atp1a3,FALSE,FALSE,FALSE,FALSE,0.38462296668997525,FALSE,FALSE,0.10319854667525115
Pkn2,0.4808170535557119,0.02734049331395135,0.43314902943236255,0.0832332456633127,0.239815814258435,0.357727256227728,Pkn2,FALSE,FALSE,FALSE,FALSE,0.3845939657488365,FALSE,FALSE,0.10319070518332756
Pcmtd1,0.5879544813139708,0.018647158665054384,0.32779686414778286,0.13538779083376862,0.2378531238801056,0.36826036045737864,Pcmtd1,FALSE,FALSE,FALSE,FALSE,0.3845348231139531,FALSE,FALSE,0.10317471375423709
Prdx2,-0.46169040550775087,0.021159336453339547,-0.3368352688592058,0.09180503249903499,-0.35469992555971075,0.12049300589085365,Prdx2,FALSE,FALSE,FALSE,FALSE,0.38440853330888913,FALSE,FALSE,0.10314056656978189
Resf1,0.45430210735956233,0.04507719703981169,0.47510520861048544,0.08414847600606047,0.22357582172273727,0.44505439627464977,Resf1,FALSE,FALSE,FALSE,FALSE,0.3843277125642617,FALSE,FALSE,0.10311871365082931
Irak3,0.297061094152873,0.6425508846185375,0.3701702564519463,0.5645937130587171,0.48559392629911774,0.5534654287261079,Irak3,FALSE,FALSE,FALSE,FALSE,0.38427509230131235,FALSE,FALSE,0.10310448578956923
Cacnb3,-0.4552635326685941,0.1190709825081112,-0.4648336281946239,0.15202031156578022,-0.23254860539608657,0.5732538720885044,Cacnb3,FALSE,FALSE,FALSE,FALSE,0.3842152554197682,FALSE,FALSE,0.10308830664486093
Vcpip1,0.4429944621752995,0.05610535921633608,0.41989482343166884,0.11036521115468788,0.2895481539043896,0.3384038039117155,Vcpip1,FALSE,FALSE,FALSE,FALSE,0.38414581317045265,FALSE,FALSE,0.10306953032879045
U2surp,0.48036435451194137,0.02513618460981352,0.4110860445589317,0.08453473759992562,0.26083070607490555,0.2997648064023678,U2surp,FALSE,FALSE,FALSE,FALSE,0.38409370171525953,FALSE,FALSE,0.10305544004278669
Mfng,-0.5172008892732891,0.10246299371048584,-0.43220080545312944,0.18912960776311086,-0.20276808809567548,0.6353991793414071,Mfng,FALSE,FALSE,FALSE,FALSE,0.3840565942740313,FALSE,FALSE,0.10304540665458375
Sept5,-0.5141192412523323,0.10705112890053907,-0.4048456768596038,0.21078361522826058,-0.232963641838567,0.5804595639073211,Sept5,FALSE,FALSE,FALSE,FALSE,0.3839761866501677,FALSE,FALSE,0.103023665438321
Nkx3-2,0.38596419079013067,0.5309050437802004,-0.6248601413810889,0.3824950899820573,0.14092366639805654,0.8923244820420421,Nkx3-2,FALSE,FALSE,FALSE,FALSE,0.383915999523092,FALSE,FALSE,0.10300739159159965
Ppwd1,0.4339517939237725,0.05497083575495276,0.41190464662146287,0.10430132864445578,0.3058633735566145,0.29211483176197905,Ppwd1,FALSE,FALSE,FALSE,FALSE,0.3839066047006166,FALSE,FALSE,0.10300485134905331
Aarsd1,0.6291924000668543,0.32537295103730074,0.42470810760952166,0.5489064859647623,0.0978010542446428,0.935472185357236,Aarsd1,FALSE,FALSE,FALSE,FALSE,0.3839005206403396,FALSE,FALSE,0.10300320629521534
H19,0.23328150196350528,0.8082986401329526,-0.3701401960244515,0.7240092078792958,-0.5481515574019244,0.6942405801583496,H19,FALSE,FALSE,FALSE,FALSE,0.38385775179662707,FALSE,FALSE,0.10299164213455766
Nudt11,0.549679540346462,0.023478178854300733,0.36448469766321523,0.12399227181825058,0.2371465146287699,0.40389394085509595,Nudt11,FALSE,FALSE,FALSE,FALSE,0.3837702508794824,FALSE,FALSE,0.10296798298046977
Rbm38,-0.5908288969069018,0.23670928855615536,-0.513799218192247,0.31186977251441683,0.046632989697844796,0.9540892383272409,Rbm38,FALSE,FALSE,FALSE,FALSE,0.38375370159899785,FALSE,FALSE,0.10296350826192047
F420014N23Rik,0.5313903454830678,0.28671972540447477,0.510106298245951,0.3328876153876953,0.10957397684924242,0.9036033575726515,F420014N23Rik,FALSE,FALSE,FALSE,FALSE,0.3836902068594204,FALSE,FALSE,0.10294634007812932
1700105P06Rik,0.2699332693159521,0.5412529889664542,0.38929776274221484,0.3754210244806193,0.49181721053413974,0.3784396276043878,1700105P06Rik,FALSE,FALSE,FALSE,FALSE,0.38368274753076886,FALSE,FALSE,0.10294432316891605
Gm6556,-0.8833283716415015,0.3708509274293706,-0.1857988225497606,0.8585116741265972,-0.08191138588454161,0.9609730014174996,Gm6556,FALSE,FALSE,FALSE,FALSE,0.38367952669193456,FALSE,FALSE,0.10294345229436114
Gm43288,0.7218523917072697,0.32301764991554893,0.027762666178655526,0.9780742577866532,0.4012998919021765,0.7214247278826473,Gm43288,FALSE,FALSE,FALSE,FALSE,0.3836383165960339,FALSE,FALSE,0.10293230959962482
Cfap46,-0.7223857107648883,0.10559066669545533,-0.258529159892125,0.5508079979827311,0.16952899582375502,0.7669481888557534,Cfap46,FALSE,FALSE,FALSE,FALSE,0.3834812888269228,FALSE,FALSE,0.10288985125396731
Rap1b,0.47577302548098555,0.18778826456084013,0.5310473547617054,0.18598641846202824,0.14299123002505354,0.8049986712399015,Rap1b,FALSE,FALSE,FALSE,FALSE,0.3832705367559148,FALSE,FALSE,0.10283286652872065
Adcy4,0.6176793528145633,0.36844782160623113,0.25900596515327967,0.7505641650802822,0.27224223058229574,0.806719699674408,Adcy4,FALSE,FALSE,FALSE,FALSE,0.38297584951671293,FALSE,FALSE,0.10275318678332453
Cracr2a,-0.29829253929953914,0.7187312302601133,-0.563928018297465,0.5007373652841736,-0.28643959155372856,0.8096467725030331,Cracr2a,FALSE,FALSE,FALSE,FALSE,0.3828867163835776,FALSE,FALSE,0.10272908629843817
Gm17586,-0.6073916971749158,0.13071526387139806,-0.16255798120837772,0.6910959912237041,-0.3783227440773518,0.4665438164155701,Gm17586,FALSE,FALSE,FALSE,FALSE,0.38275747415354844,FALSE,FALSE,0.10269414081518265
Fkbp4,-0.47093232065163537,0.029424331256908604,-0.32910850568202843,0.1319186134087976,-0.348029474177574,0.1817876567640253,Fkbp4,FALSE,FALSE,FALSE,FALSE,0.3826901001704126,FALSE,FALSE,0.10267592373243035
Gm46329,0.6593216396749813,0.1147085380641327,0.4107658307636872,0.3567204115729866,-0.07735370353870374,0.9228714783128431,Gm46329,FALSE,FALSE,FALSE,FALSE,0.38248039132579076,FALSE,FALSE,0.10261922108255642
Msr1,0.39687421032851056,0.6572933915047979,0.4368697737304055,0.6373420915704183,0.31363981077459535,0.8141872741277318,Msr1,FALSE,FALSE,FALSE,FALSE,0.3824612649445038,FALSE,FALSE,0.10261404954816823
Nomo1,-0.43674578916306306,0.05611131684557288,-0.4155718733367335,0.10890761169862719,-0.2949652793369797,0.3219967355785621,Nomo1,FALSE,FALSE,FALSE,FALSE,0.3824276472789254,FALSE,FALSE,0.10260495975167297
Akap1,-0.47723554287461134,0.03316503770336981,-0.3306842455443575,0.13078105459057643,-0.3393312602128753,0.1930236941177638,Akap1,FALSE,FALSE,FALSE,FALSE,0.3824170162106147,FALSE,FALSE,0.10260208524370791
Casp8ap2,0.4800762198975752,0.0557539345612206,0.44684491547980265,0.11278448655616846,0.2201794706271114,0.5123467424997246,Casp8ap2,FALSE,FALSE,FALSE,FALSE,0.3823668686681631,FALSE,FALSE,0.10258852597515727
Rpl22l1,0.6594044916538655,0.08179041580263124,0.3890819503473333,0.3232530974997826,-0.09857892135822688,0.8755497727608008,Rpl22l1,FALSE,FALSE,FALSE,FALSE,0.38235512111980857,FALSE,FALSE,0.10258534958494624
Rnf170,0.5116941273850664,0.03831333094046757,0.3043535800775361,0.20790683266097712,0.33096006617948515,0.27905960985566003,Rnf170,FALSE,FALSE,FALSE,FALSE,0.38233592454736254,FALSE,FALSE,0.10258015907174614
Dhx40,0.6605825027529653,0.015571191153496351,0.29857233445161224,0.1751640242634439,0.18745314059004503,0.5033783582763196,Dhx40,FALSE,FALSE,FALSE,FALSE,0.3822026592648742,FALSE,FALSE,0.10254412580540052
Ifrd2,-0.35511464532520387,0.09420300515925298,-0.5114856827423147,0.07346255419668397,-0.28000385869611266,0.3041052214128394,Ifrd2,FALSE,FALSE,FALSE,FALSE,0.3822013955878771,FALSE,FALSE,0.10254378412293859
Tomm34,-0.5138145600409274,0.04459643639216172,-0.37693633322538656,0.14976787544998119,-0.2558254878414017,0.42640003032420043,Tomm34,FALSE,FALSE,FALSE,FALSE,0.3821921270359052,FALSE,FALSE,0.10254127802235782
Zfp24,0.5107820062975934,0.038254963185461115,0.45901790090352,0.09526405978211333,0.17668834065224281,0.582654613205264,Zfp24,FALSE,FALSE,FALSE,FALSE,0.3821627492844521,FALSE,FALSE,0.102533334645636
Gm23444,0.6073795785354394,0.28912407376073856,0.4700675245232335,0.4482059921653943,0.06894014007986238,0.9507066075698293,Gm23444,FALSE,FALSE,FALSE,FALSE,0.38212908104617843,FALSE,FALSE,0.10252423117491617
Tmem167,0.533962720995607,0.034827847886037294,0.43115575342155044,0.11037139353171306,0.18123597677987568,0.579053990186208,Tmem167,FALSE,FALSE,FALSE,FALSE,0.38211815039901104,FALSE,FALSE,0.1025212756645735
Hbb-bt,0.689281858061709,0.26249275875557454,0.024568884321165108,0.9756444034416015,0.43213006721550773,0.6353991793414071,Hbb-bt,FALSE,FALSE,FALSE,FALSE,0.38199360319946063,FALSE,FALSE,0.10248759965886368
Nthl1,-0.46243365028773264,0.16101273910885566,-0.3509184076420748,0.2948535651233475,-0.332562634339409,0.44486998371893066,Nthl1,FALSE,FALSE,FALSE,FALSE,0.3819715640897388,FALSE,FALSE,0.10248164055912069
Dynlrb1,-0.4714022969952847,0.02513348128227117,-0.33113486834975525,0.11259354305197018,-0.34337651417250115,0.15629936362144248,Dynlrb1,FALSE,FALSE,FALSE,FALSE,0.38197122650584703,FALSE,FALSE,0.10248154928065671
Alox12b,0.33447031661875015,0.8181660285245004,0.3350112185640468,0.825774023976181,0.4764060595669575,0.8114989571101349,Alox12b,FALSE,FALSE,FALSE,FALSE,0.3819625315832515,FALSE,FALSE,0.10247919828228798
Arc,-0.5951136817637059,0.3680600152099846,0.2547106381865625,0.6994065930080751,0.2957856535905026,0.7348545265372894,Arc,FALSE,FALSE,FALSE,FALSE,0.381869991180257,FALSE,FALSE,0.1024541765142283
Zfp711,0.5216396339119624,0.12382447627605306,0.32052524272002003,0.3728023864303978,0.30335445616066803,0.5243149432772268,Zfp711,FALSE,FALSE,FALSE,FALSE,0.38183977759755017,FALSE,FALSE,0.10244600713918477
Shprh,0.435646620289762,0.039365595251663506,0.46615805501318963,0.07556490478840473,0.24351904763717425,0.3588235537097898,Shprh,FALSE,FALSE,FALSE,FALSE,0.3817745743133753,FALSE,FALSE,0.10242837698629415
Spred1,0.3482439454884876,0.15933089646563856,0.4361934307965054,0.1288986675776628,0.36072576915116183,0.289054293552995,Spred1,FALSE,FALSE,FALSE,FALSE,0.3817210484787183,FALSE,FALSE,0.10241390426976547
Fkbp8,-0.4275995301126567,0.026285779611079727,-0.35418201383821035,0.08968228935192599,-0.36308442888907067,0.12111192359048781,Fkbp8,FALSE,FALSE,FALSE,FALSE,0.3816219909466459,FALSE,FALSE,0.10238712035147816
Akr1b3,-0.33888006477006005,0.09230711216701888,-0.3920112435273966,0.10005216606778224,-0.41375353109604074,0.13374320025049663,Akr1b3,FALSE,FALSE,FALSE,FALSE,0.38154827979783246,FALSE,FALSE,0.10236718977835184
Sssca1,-0.5497545683924248,0.06166276757365834,-0.32903026737791796,0.24185946255488433,-0.26570227146771996,0.4614794454735679,Sssca1,FALSE,FALSE,FALSE,FALSE,0.38149570241268754,FALSE,FALSE,0.10235297351071404
Cdh20,0.708759215383271,0.3519871849818122,0.33381985366074396,0.7086792266633893,-0.10176109780634507,0.9467569751207735,Cdh20,FALSE,FALSE,FALSE,FALSE,0.38144672228345333,FALSE,FALSE,0.10233972989610275
Gm32699,0.6269831913696194,0.2068511785763404,0.2499702014287447,0.6667919847980046,0.2673288483342243,0.7281231251795859,Gm32699,FALSE,FALSE,FALSE,FALSE,0.3814274137108628,FALSE,FALSE,0.10233450909946377
Stam,0.5025210547880441,0.02583813205944579,0.42309277622283936,0.0859663534681538,0.2186267407757887,0.4169495874309355,Stam,FALSE,FALSE,FALSE,FALSE,0.3814135239288907,FALSE,FALSE,0.10233075347606406
Strn3,0.497355893592208,0.03730926455757011,0.41885594823282535,0.10558417467957514,0.22775269024283862,0.4478475769295595,Strn3,FALSE,FALSE,FALSE,FALSE,0.38132151068929065,FALSE,FALSE,0.10230587424639583
Nell1,-0.5469834353343543,0.12315571343567883,-0.2999594432410513,0.413321606862037,-0.2968935906400656,0.5434975380249459,Nell1,FALSE,FALSE,FALSE,FALSE,0.38127882307182376,FALSE,FALSE,0.10229433204829949
Iigp1,-0.08820245256365045,0.8605165270086321,-0.6052902053364315,0.22996605857817365,-0.4503062457377034,0.4802323611650335,Iigp1,FALSE,FALSE,FALSE,FALSE,0.38126630121259514,FALSE,FALSE,0.10229094629410829
Grm5,0.36111543975732774,0.5057699610877594,0.4801929630438022,0.3871621965654306,0.3022347965186474,0.7004461949458431,Grm5,FALSE,FALSE,FALSE,FALSE,0.3811810664399258,FALSE,FALSE,0.10226789987715591
Agbl4,0.36192455710792437,0.31436795255458494,0.36903112020544615,0.32816981463070727,0.4125832735024191,0.39705957723000673,Agbl4,FALSE,FALSE,FALSE,FALSE,0.38117965027192985,FALSE,FALSE,0.10226751696303428
Alk,-0.7988921547950365,0.1518012183197528,0.13948395088455845,0.8000229646145051,-0.20501614067518803,0.787019880890773,Alk,FALSE,FALSE,FALSE,FALSE,0.38113074878492764,FALSE,FALSE,0.10225429461229939
Snap91,0.4981758923109423,0.014455723425594891,0.24884933619070537,0.11250662187393885,0.39634213890122805,0.05923429165287355,Snap91,FALSE,FALSE,FALSE,FALSE,0.38112245580095855,FALSE,FALSE,0.10225205229311032
Man2c1,-0.5309947745388772,0.016531461885642206,-0.3408333211465475,0.08968228935192599,-0.27127736404870895,0.21430522751658732,Man2c1,FALSE,FALSE,FALSE,FALSE,0.3810351532447112,FALSE,FALSE,0.10222844677332923
Tmtc3,0.46859752994063175,0.04914787765714692,0.4118382749262528,0.11660506728628543,0.2624266977432699,0.3975126802962191,Tmtc3,FALSE,FALSE,FALSE,FALSE,0.3809541675367181,FALSE,FALSE,0.10220654925034489
Syn2,-0.5613417834291425,0.05364422262980847,-0.4565191803404476,0.13612649868480226,-0.12488158191634202,0.7542311804984544,Syn2,FALSE,FALSE,FALSE,FALSE,0.38091418189531073,FALSE,FALSE,0.10219573763279582
2310040G07Rik,0.26715830655046013,0.5169189778093949,0.350049505900746,0.4004132969285429,0.5254524693526867,0.31421329483175336,2310040G07Rik,FALSE,FALSE,FALSE,FALSE,0.3808867606012976,FALSE,FALSE,0.10218832325770678
Trim3,-0.39747948828750435,0.07051230457562273,-0.4819292563150581,0.08327563612248727,-0.26323520966484004,0.357719004277161,Trim3,FALSE,FALSE,FALSE,FALSE,0.38088131808913417,FALSE,FALSE,0.10218685167045831
Twist1,0.34154756824153004,0.5863760858617937,0.3815537629155728,0.5537965139236775,0.4192938804890925,0.6191264846276101,Twist1,FALSE,FALSE,FALSE,FALSE,0.3807984038820651,FALSE,FALSE,0.1021644327054333
Alg10b,0.5509221412668976,0.026414250229909987,0.3737110527415002,0.1310894136657557,0.21728229072361582,0.46750574491071817,Alg10b,FALSE,FALSE,FALSE,FALSE,0.3806384949106712,FALSE,FALSE,0.10212119531869837
Gpr3,-0.7351700139501243,0.4890667100055137,0.1160457042814288,0.9166546909740583,-0.2906553637733396,0.8537132223151842,Gpr3,FALSE,FALSE,FALSE,FALSE,0.3806236940016309,FALSE,FALSE,0.10211719333793003
Gm22205,0.39098700701993516,0.6170808150281544,0.6431468387141792,0.3974870377759186,-0.10754669471617229,0.9394882473934288,Gm22205,FALSE,FALSE,FALSE,FALSE,0.3805601801500956,FALSE,FALSE,0.1021000199865044
Zbtb20,0.4253012173221151,0.023930010924689382,0.3865568527874679,0.07556490478840473,0.3291969173733076,0.1396697986803263,Zbtb20,FALSE,FALSE,FALSE,FALSE,0.38035166249429686,FALSE,FALSE,0.10204363941919639
Ccdc14,0.3441567656820532,0.19672069719442825,0.37117995715604124,0.19269683274418545,0.4256840988554158,0.2293506928884567,Ccdc14,FALSE,FALSE,FALSE,FALSE,0.38034027389783676,FALSE,FALSE,0.1020405600850901
Nxt2,0.5459371040432917,0.028734316197065596,0.324948926294117,0.1765249869596674,0.27011320561453545,0.3688005690275463,Nxt2,FALSE,FALSE,FALSE,FALSE,0.380333078650648,FALSE,FALSE,0.10203861458020291
0610010F05Rik,0.5495751145085386,0.022196427619339296,0.38810005269603476,0.10095931193905984,0.2030002235652102,0.45733891190486914,0610010F05Rik,FALSE,FALSE,FALSE,FALSE,0.3802251302565945,FALSE,FALSE,0.10200942668398658
Tacstd2,-0.6534758343707714,0.13981188040196726,-0.06767153259580327,0.8846771812040117,-0.4194853962616639,0.4617634245246221,Tacstd2,FALSE,FALSE,FALSE,FALSE,0.3802109210760795,FALSE,FALSE,0.10200558469921388
Sytl1,-0.30754421228827455,0.3419550413803876,-0.503294697647449,0.1649101459655804,-0.3297519884695861,0.4604774508318431,Sytl1,FALSE,FALSE,FALSE,FALSE,0.38019696613510323,FALSE,FALSE,0.10200181145763403
Cst6,-0.49855579515808635,0.21099824178786528,-0.5631532074181551,0.1878306811024459,-0.07885184734675499,0.8997250611324198,Cst6,FALSE,FALSE,FALSE,FALSE,0.38018694997433217,FALSE,FALSE,0.10199910321298032
Pde1b,-0.42109488576807586,0.230388492721326,-0.4987735124833197,0.19333522434320163,-0.22062499164558247,0.6613015358593789,Pde1b,FALSE,FALSE,FALSE,FALSE,0.38016446329899267,FALSE,FALSE,0.10199302309708963
Fndc3a,0.42142467717282095,0.07573990170257532,0.5155717884664579,0.08521930057579834,0.20346693469899968,0.5366259856518361,Fndc3a,FALSE,FALSE,FALSE,FALSE,0.38015446677942616,FALSE,FALSE,0.10199032016317208
Gm26762,-0.6098861368678101,0.4463229792660029,0.3434408782334136,0.6544414074628981,-0.18712431704219756,0.8797388443604395,Gm26762,FALSE,FALSE,FALSE,FALSE,0.3801504440478071,FALSE,FALSE,0.10198923246683317
Naa38,-0.38030293904847534,0.0690742042652222,-0.4352905153112845,0.08525470443769087,-0.32462042637257627,0.22166325430344627,Naa38,FALSE,FALSE,FALSE,FALSE,0.38007129357744535,FALSE,FALSE,0.1019678311691608
Pcdh10,0.7165605279231544,0.022606933826155737,0.27543445512802833,0.31872264623393515,0.14805222619053282,0.7032237232515542,Pcdh10,FALSE,FALSE,FALSE,FALSE,0.3800157364139052,FALSE,FALSE,0.10195280920669714
Il4,0.5348788405286977,0.18456088002017879,0.42857420124027,0.3176646893488722,0.17656503693931302,0.7846242185867518,Il4,FALSE,FALSE,FALSE,FALSE,0.3800060262360936,FALSE,FALSE,0.10195018369601037
Gm22058,-0.24242434252813183,0.37732120864098767,-0.010368671475883495,0.9758948230752639,-0.8871139767607534,0.05475877694670262,Gm22058,FALSE,FALSE,FALSE,FALSE,0.3799689969215896,FALSE,FALSE,0.10194017143229694
Plekhh3,-0.44718715165488465,0.0966456422353049,-0.5248926810639478,0.09955301218514566,-0.16772088002583452,0.6487905668716706,Plekhh3,FALSE,FALSE,FALSE,FALSE,0.379933570914889,FALSE,FALSE,0.10193059268296953
Hnrnpd,0.48439990998820814,0.04634136114085911,0.2879440739185206,0.23625809521458402,0.3674116956653659,0.235272421841105,Hnrnpd,FALSE,FALSE,FALSE,FALSE,0.3799185598573649,FALSE,FALSE,0.10192653388067836
Myh2,-0.35653376238571977,0.7362632969243278,0.3305530421840462,0.7352609662297419,-0.45248865783970044,0.7532323228074294,Myh2,FALSE,FALSE,FALSE,FALSE,0.37985848746982215,FALSE,FALSE,0.10191029105809227
Oxt,-0.18639923824588012,0.6830244732202357,-0.6529373851690607,0.1829057598523067,0.2999133677210377,0.6027828104287412,Oxt,FALSE,FALSE,FALSE,FALSE,0.3797499970453262,FALSE,FALSE,0.10188095660362059
Reps2,0.5382595331737203,0.06190013852045921,0.44686839168555714,0.15107250934188324,0.15389507842658112,0.7103361929076054,Reps2,FALSE,FALSE,FALSE,FALSE,0.37967433442861953,FALSE,FALSE,0.10186049837797255
Fam69b,-0.44695005119391684,0.12062337163224515,-0.3833817873725227,0.1977922850366201,-0.3086678565086829,0.4105879206882688,Fam69b,FALSE,FALSE,FALSE,FALSE,0.3796665650250408,FALSE,FALSE,0.10185839762837542
Pde3b,0.6065280054502526,0.019351832112294208,0.3374427808321938,0.14133563152964893,0.1947325975557268,0.4925009732773332,Pde3b,FALSE,FALSE,FALSE,FALSE,0.37956779461272444,FALSE,FALSE,0.10183169134368067
Edem1,0.40982658637347313,0.1520048115459545,0.34570512148339905,0.2591057418763741,0.38290840465719445,0.32856826596063826,Edem1,FALSE,FALSE,FALSE,FALSE,0.3794800375046889,FALSE,FALSE,0.1018079629187787
Larp4,0.5113924158363403,0.11365564966779428,0.4611544881975522,0.19025808232305622,0.165852909435519,0.7342904374456407,Larp4,FALSE,FALSE,FALSE,FALSE,0.37946660448980385,FALSE,FALSE,0.10180433079948896
Ush2a,-0.7867854409823243,0.12001580218676561,0.08050805403015404,0.8737442540023469,0.2710077333526216,0.650562486798973,Ush2a,FALSE,FALSE,FALSE,FALSE,0.37943374278836667,FALSE,FALSE,0.10179544540624666
Orc5,0.49838390084889017,0.0211573327684876,0.30715694197504106,0.12542433192054883,0.3326683268730024,0.1615607876642565,Orc5,FALSE,FALSE,FALSE,FALSE,0.37940305656564455,FALSE,FALSE,0.10178714823525177
Pafah1b3,-0.4001483289469796,0.03411336638645418,-0.3384030978084609,0.09231187007039722,-0.39958148884991207,0.09610154956615466,Pafah1b3,FALSE,FALSE,FALSE,FALSE,0.3793776385351175,FALSE,FALSE,0.10178027551756523
6230400D17Rik,0.3909397963008311,0.5596418048449353,0.4168099536679907,0.546904998978279,0.33018051257911374,0.7320522012263125,6230400D17Rik,FALSE,FALSE,FALSE,FALSE,0.3793100875159785,FALSE,FALSE,0.10176201056649092
Gm10516,-0.4168984727033975,0.18257386012335353,-0.32946138759694343,0.3002044607800979,-0.39133457994555454,0.3415234948545734,Gm10516,FALSE,FALSE,FALSE,FALSE,0.37923148008196517,FALSE,FALSE,0.1017407560990583
4930517G19Rik,0.08630969009123945,0.9280070394153169,0.6088582214638225,0.44958823286564975,0.44247276656814827,0.6949775932532125,4930517G19Rik,FALSE,FALSE,FALSE,FALSE,0.37921355937440343,FALSE,FALSE,0.10173591056377247
Wdr54,-0.7673914573404732,0.036401007215112066,-0.2814912708245083,0.3635381036195622,-0.08874974020836701,0.848312491548481,Wdr54,FALSE,FALSE,FALSE,FALSE,0.3792108227911162,FALSE,FALSE,0.10173517062586347
Sfrp5,-0.46288575241857455,0.23586807047282995,-0.48733483932796595,0.23560732458568792,-0.1872602354595312,0.7361398167309516,Sfrp5,FALSE,FALSE,FALSE,FALSE,0.3791602757353572,FALSE,FALSE,0.1017215033339091
Pvalb,-0.3803295809736992,0.8055468031548582,0.7339437360336747,0.5703339322857653,-0.022999213987676626,0.9913286600395865,Pvalb,FALSE,FALSE,FALSE,FALSE,0.37909084366501683,FALSE,FALSE,0.10170272977010625
Rab21,0.44531380086610817,0.040146893909211764,0.3907323944210912,0.10264966532261897,0.3012140097994811,0.2663767545889778,Rab21,FALSE,FALSE,FALSE,FALSE,0.3790867350288935,FALSE,FALSE,0.10170161884626333
Gm4149,-0.5140747307801448,0.3615287488469032,-0.4191111241015766,0.471554665181106,-0.20405322901319564,0.8049391584543171,Gm4149,FALSE,FALSE,FALSE,FALSE,0.379079694631639,FALSE,FALSE,0.10169971521086246
Gm35853,0.3525437955111338,0.6470541358795969,0.6002540814664832,0.42279209745396906,0.1842244414589589,0.8812115381539648,Gm35853,FALSE,FALSE,FALSE,FALSE,0.3790074394788586,FALSE,FALSE,0.10168017832086108
Atr,0.5044089818542075,0.04199685617976917,0.43806366519938766,0.10847570981330946,0.19445325648359724,0.5516967539178483,Atr,FALSE,FALSE,FALSE,FALSE,0.37897530117906414,FALSE,FALSE,0.10167148852637924
Pcsk2,-0.5276535573278718,0.331726543863212,-0.3520342351369816,0.5602586447242338,-0.2568058601673897,0.764099394312501,Pcsk2,FALSE,FALSE,FALSE,FALSE,0.37883121754408106,FALSE,FALSE,0.10163253011276659
Sparcl1,-0.6466135514750277,0.07749228858009527,-0.296543586446413,0.43663592326145023,-0.19328405839969776,0.718921139533702,Sparcl1,FALSE,FALSE,FALSE,FALSE,0.37881373210704616,FALSE,FALSE,0.10162780226918959
Rad51ap1,0.8148702722225585,0.17161357499515298,0.1738954042757237,0.8176377296611491,0.14722442168527106,0.8932361571530696,Rad51ap1,FALSE,FALSE,FALSE,FALSE,0.3786633660611844,FALSE,FALSE,0.101587145170216
Epop,-0.13177952048183317,0.8981553578034118,0.24654057564415655,0.8013437573175883,0.7575860177973623,0.4872459834987005,Epop,FALSE,FALSE,FALSE,FALSE,0.378635371307784,FALSE,FALSE,0.10157957573887785
Raly,-0.3348163904250647,0.05854855613725362,-0.4152797205957741,0.07424451517651934,-0.38574828768802405,0.11156556707211306,Raly,FALSE,FALSE,FALSE,FALSE,0.37861479956962096,FALSE,FALSE,0.10157401339805974
Gm15441,-0.6423193712829293,0.22094446424858327,-0.4004290680534584,0.4519391679526367,-0.09254182269850411,0.9102391423284211,Gm15441,FALSE,FALSE,FALSE,FALSE,0.3784300873449639,FALSE,FALSE,0.10152406952172467
Pik3c2a,0.5596054694613457,0.033720178897880856,0.36556810972779985,0.16169298099094984,0.21003961492347667,0.5293244089977212,Pik3c2a,FALSE,FALSE,FALSE,FALSE,0.3784043980375407,FALSE,FALSE,0.10151712345415681
Zbtb44,0.43548105134645176,0.03411336638645418,0.3703757882176619,0.09905226117406087,0.32905669693287987,0.19219617140622086,Zbtb44,FALSE,FALSE,FALSE,FALSE,0.3783045121656645,FALSE,FALSE,0.10149011556314219
Rpsa-ps10,-0.24539985530194486,0.5067780629772913,-0.28474560112505776,0.4528616408620166,-0.604475761015157,0.2333514599174436,Rpsa-ps10,FALSE,FALSE,FALSE,FALSE,0.3782070724807199,FALSE,FALSE,0.10146376909049243
Agpat4,-0.43925607779676135,0.02095553687999382,-0.3588296399823445,0.07684192185984365,-0.33629286808822023,0.11598418883053856,Agpat4,FALSE,FALSE,FALSE,FALSE,0.3781261952891087,FALSE,FALSE,0.10144190090898111
Ccnl1,0.32671758416584407,0.2676922629373519,0.5369836049021242,0.12032630107413,0.2706070242444767,0.5192732798414886,Ccnl1,FALSE,FALSE,FALSE,FALSE,0.378102737770815,FALSE,FALSE,0.10143555828929277
Cldn10,-0.5598178650774681,0.23013543215837187,-0.4096142197742694,0.3851988891875016,0.16478666230221473,0.7967175269369838,Cldn10,FALSE,FALSE,FALSE,FALSE,0.37807291571798407,FALSE,FALSE,0.1014274947790329
Lrrc10b,-0.4829166702359018,0.16754846641184357,-0.2795710804991458,0.45460286440577524,-0.3717298834982241,0.446322972450948,Lrrc10b,FALSE,FALSE,FALSE,FALSE,0.3780725447444239,FALSE,FALSE,0.10142739447242002
Tug1,0.5195072156003953,0.02300251776828198,0.41651634595606524,0.08619756464540504,0.19789971567974352,0.45522553058551607,Tug1,FALSE,FALSE,FALSE,FALSE,0.37797442574540135,FALSE,FALSE,0.10140086432173616
Pawr,0.1121034287840681,0.7311324843150211,0.56540755136207,0.09624658895189561,0.45602559469495163,0.23325349211507815,Pawr,FALSE,FALSE,FALSE,FALSE,0.3778455249470299,FALSE,FALSE,0.1013660111573324
Mir666,0.6654745002875314,0.3587064547818854,0.3703765068601871,0.6578511861381315,-0.09759442197457346,0.945951707454794,Mir666,FALSE,FALSE,FALSE,FALSE,0.37781514304076397,FALSE,FALSE,0.1013577962697028
Liph,0.26997352738760205,0.5630133895204958,0.39897885605441413,0.3884601275695705,0.4642414843175476,0.43795994411519684,Liph,FALSE,FALSE,FALSE,FALSE,0.37773128925318794,FALSE,FALSE,0.10133512325385505
Scarf1,-0.2775496534337778,0.6211562876459801,-0.5834295954110248,0.31834584716956266,-0.27200850054378295,0.7305987438421933,Scarf1,FALSE,FALSE,FALSE,FALSE,0.3776625831295285,FALSE,FALSE,0.10131654597695916
Vstm2l,-0.7359809662685555,0.10179914013474566,-0.3212210127516455,0.4666973832985682,-0.07561766242381296,0.9149506439909428,Vstm2l,FALSE,FALSE,FALSE,FALSE,0.3776065471480046,FALSE,FALSE,0.10130139454809872
1700086D15Rik,0.38215389110364406,0.5707935370222348,0.37578200798489564,0.5956508819489286,0.3746833702602188,0.6917345661181097,1700086D15Rik,FALSE,FALSE,FALSE,FALSE,0.37753975644958615,FALSE,FALSE,0.10128333517824198
Hdhd3,-0.5657414255441384,0.08789525318049483,-0.18100507590878756,0.5740019993928742,-0.38582069733308444,0.3518759267843116,Hdhd3,FALSE,FALSE,FALSE,FALSE,0.3775223995953368,FALSE,FALSE,0.1012786421018427
Fam111a,0.5342252118877409,0.16967330928253802,0.13275117888904875,0.7776415759661195,0.4655541024240448,0.3772786430063196,Fam111a,FALSE,FALSE,FALSE,FALSE,0.3775101644002781,FALSE,FALSE,0.10127533385805927
Gm17214,-0.5192394921617223,0.5156293499602493,-0.17243610986208988,0.8423371822296623,-0.4408247746787839,0.6893773649417326,Gm17214,FALSE,FALSE,FALSE,FALSE,0.377500125567532,FALSE,FALSE,0.10127261948318693
Phb,-0.38102141364325526,0.028862531926961057,-0.2716653735593235,0.1219508113246877,-0.47963994905691454,0.05475877694670262,Phb,FALSE,FALSE,FALSE,FALSE,0.3774422454198311,FALSE,FALSE,0.10125696941484741
Ankrd27,-0.37493811473463623,0.10730684813447255,-0.4864408778702245,0.09085111530551959,-0.2708692349802426,0.3893809453148289,Ankrd27,FALSE,FALSE,FALSE,FALSE,0.3774160758617011,FALSE,FALSE,0.10124989349349237
Gfra1,-0.6262914597650022,0.0880766746138984,-0.29205963376463995,0.42900568696814567,-0.21339876381509182,0.6734996583807101,Gfra1,FALSE,FALSE,FALSE,FALSE,0.37724995244824466,FALSE,FALSE,0.10120497579931466
Gm17638,0.11749895571575013,0.8597816058317068,0.293176498838071,0.6439470269042565,-0.7206707080331832,0.4245546263275381,Gm17638,FALSE,FALSE,FALSE,FALSE,0.3771153875290015,FALSE,FALSE,0.10116859112743819
Sp3,0.5532564682389589,0.05323326383735492,0.39551359035759237,0.18415075673481834,0.1825207457609137,0.6440346170487203,Sp3,FALSE,FALSE,FALSE,FALSE,0.3770969347858217,FALSE,FALSE,0.10116360173637257
Hspe1,-0.40061265302747895,0.024720412701602988,-0.2798793061002405,0.11537006423611028,-0.450704013224132,0.061721686755493096,Hspe1,FALSE,FALSE,FALSE,FALSE,0.37706532411728383,FALSE,FALSE,0.10115505460678623
Gm43051,0.38893501153021187,0.5494052227872177,0.4169581889442712,0.534128914394433,0.3252665835569162,0.7298672384813677,Gm43051,FALSE,FALSE,FALSE,FALSE,0.37705326134379974,FALSE,FALSE,0.101151792983641
Slc25a1,-0.42646982460663274,0.08365846976238386,-0.4699367227637463,0.10211259847939146,-0.2347271896067351,0.4739405573515179,Slc25a1,FALSE,FALSE,FALSE,FALSE,0.37704457899237137,FALSE,FALSE,0.10114944538435872
Pqbp1,-0.45076123821617564,0.030067998759950795,-0.26268044800596346,0.18208468921440862,-0.41761459843734006,0.10547087363155662,Pqbp1,FALSE,FALSE,FALSE,FALSE,0.3770187615531597,FALSE,FALSE,0.10114246467155712
Nlrp5-ps,-0.11805627615534542,0.7817978244417624,-0.6316320952792882,0.1644300006292468,-0.38130594365249326,0.4866211846644283,Nlrp5-ps,FALSE,FALSE,FALSE,FALSE,0.3769981050290423,FALSE,FALSE,0.10113687940567691
Dtx1,-0.44273192614418644,0.1702615651569737,-0.4379218998065353,0.20779597503452937,-0.250338897271674,0.5853460266172439,Dtx1,FALSE,FALSE,FALSE,FALSE,0.37699757440746523,FALSE,FALSE,0.10113673593223613
Sox11,0.3983110106015637,0.06710886742837954,0.28022433797911805,0.21430911167642053,0.4523030280085747,0.12400026476870735,Sox11,FALSE,FALSE,FALSE,FALSE,0.37694612552975215,FALSE,FALSE,0.10112282479889967
Dram1,0.5156104321188268,0.183775965371442,0.5070895804997807,0.21906620900985435,0.10805637737368867,0.8724691799258102,Dram1,FALSE,FALSE,FALSE,FALSE,0.3769187966640987,FALSE,FALSE,0.10111543541528357
Ccdc9b,-0.47876851494428463,0.10451154802144635,-0.42535410092497417,0.16931968225551924,-0.22650345879361922,0.557735124964567,Ccdc9b,FALSE,FALSE,FALSE,FALSE,0.37687535822095936,FALSE,FALSE,0.10110369020331199
Gin1,0.59343852483532,0.04992153281667426,0.31790885565492255,0.2962506129945566,0.2190024628518339,0.5977544144290509,Gin1,FALSE,FALSE,FALSE,FALSE,0.3767832811140255,FALSE,FALSE,0.10107879370471512
Rhou,-0.5385201677675981,0.02230238815112542,-0.1574741776934303,0.42487263861712293,-0.4337634004733175,0.1055527316503517,Rhou,FALSE,FALSE,FALSE,FALSE,0.37658591531144864,FALSE,FALSE,0.10102542845910145
A330009N23Rik,-0.5096415732656576,0.5922093931709738,0.18019293312681162,0.8526282878000772,-0.43985831022449884,0.7462082434878975,A330009N23Rik,FALSE,FALSE,FALSE,FALSE,0.376564272205656,FALSE,FALSE,0.1010195764338702
Clock,0.5704114972678154,0.02300251776828198,0.3734071684646896,0.12351233695174244,0.18584248277242654,0.5296353173844968,Clock,FALSE,FALSE,FALSE,FALSE,0.3765537161683105,FALSE,FALSE,0.10101672221334013
Lcat,-0.6646388201883255,0.38430595589994565,-0.1912963472412008,0.818930510503288,0.27370657058422876,0.7907515501976368,Lcat,FALSE,FALSE,FALSE,FALSE,0.376547246004585,FALSE,FALSE,0.10101497276195663
Gm4204,-0.51380541519614,0.12044508830897813,0.2248396679346234,0.4596626512161526,-0.3909498246285841,0.36011135403403144,Gm4204,FALSE,FALSE,FALSE,FALSE,0.3765316359197825,FALSE,FALSE,0.10101075199017824
Urod,-0.4250916358549013,0.05791681653537301,-0.4429606409892388,0.09180503249903499,-0.26131502954597163,0.36176065135519536,Urod,FALSE,FALSE,FALSE,FALSE,0.3764557687967039,FALSE,FALSE,0.1009902384685639
Itm2c,-0.4541978657608805,0.04820056381079747,-0.37312413080048223,0.13247348872352654,-0.3015738939601036,0.30835315030195054,Itm2c,FALSE,FALSE,FALSE,FALSE,0.3762986301738221,FALSE,FALSE,0.10094775014943265
Grk4,0.20262671409396482,0.6893912234656231,0.4979094627677204,0.2942645595393284,0.4282666263344249,0.4942383631992671,Grk4,FALSE,FALSE,FALSE,FALSE,0.37626760106537005,FALSE,FALSE,0.10093936026642304
Ddrgk1,-0.48200272314120873,0.018647158665054384,-0.3709399925628398,0.07556490478840473,-0.27582884610036373,0.18744052178052834,Ddrgk1,FALSE,FALSE,FALSE,FALSE,0.37625718726813745,FALSE,FALSE,0.10093654450584126
Top1mt,-0.414370569375778,0.09844524618673109,-0.4325316442437406,0.12278635579850475,-0.2818394318517372,0.38378294206860947,Top1mt,FALSE,FALSE,FALSE,FALSE,0.37624721515708526,FALSE,FALSE,0.10093384817168083
AA914427,-0.047531327483247565,0.9226765025211753,-0.5238500754442316,0.25970009935462457,-0.5573561946040618,0.3507246761524638,AA914427,FALSE,FALSE,FALSE,FALSE,0.376245865843847,FALSE,FALSE,0.10093348333424988
Olfm4,0.47329872700598985,0.062334228230287426,0.23250509327449453,0.37000070218269493,0.42217322388854894,0.19999072086906083,Olfm4,FALSE,FALSE,FALSE,FALSE,0.37599234805634446,FALSE,FALSE,0.10086493529390617
Fam107b,-0.6946374620722437,0.09451700832081578,0.18043323467149008,0.6552867536569074,-0.25255613540932753,0.6430879831106097,Fam107b,FALSE,FALSE,FALSE,FALSE,0.3758756107176871,FALSE,FALSE,0.10083337097694549
Il34,0.42159845866912005,0.38675468405896074,0.14168604587836164,0.8093102179805916,0.5643190710581399,0.3786079706948714,Il34,FALSE,FALSE,FALSE,FALSE,0.3758678585352072,FALSE,FALSE,0.1008312748837182
Zranb2,0.5514893225306707,0.021218439507966206,0.3694143285714402,0.10895781824310795,0.20663365768456643,0.4420378372299259,Zranb2,FALSE,FALSE,FALSE,FALSE,0.3758457695955591,FALSE,FALSE,0.10082530231058608
Hist1h2bm,0.10743478955716923,0.847117642066003,-0.5690932876204027,0.3169198791906148,0.4508072389116873,0.4818397663255097,Hist1h2bm,FALSE,FALSE,FALSE,FALSE,0.37577843869641975,FALSE,FALSE,0.10080709687720782
Dmpk,-0.4843969872928122,0.0905158320255495,-0.41061778888625966,0.18126852649776473,-0.23209591547262765,0.5582252029899603,Dmpk,FALSE,FALSE,FALSE,FALSE,0.37570356388389986,FALSE,FALSE,0.100786851663963
Pcgf5,0.36274154382220836,0.15863058503460276,0.4440616615151525,0.13385386958283618,0.3202794458335312,0.3695214380019148,Pcgf5,FALSE,FALSE,FALSE,FALSE,0.375694217056964,FALSE,FALSE,0.10078432439881053
Emc2,0.45942569378453335,0.04209061459922475,0.39094648613417515,0.11250662187393885,0.276624611949007,0.33208358919457537,Emc2,FALSE,FALSE,FALSE,FALSE,0.3756655972892385,FALSE,FALSE,0.10077658597141259
Ccdc112,0.37454255021707716,0.05237378012009323,0.414124827268628,0.07978550165448961,0.33805716855355383,0.16644114484498482,Ccdc112,FALSE,FALSE,FALSE,FALSE,0.375574848679753,FALSE,FALSE,0.10075204868191734
Ndnf,0.07031288993713336,0.9157919982946158,0.6628642711672933,0.2274601428080889,0.39306669007019013,0.6022551915214418,Ndnf,FALSE,FALSE,FALSE,FALSE,0.3754146170582056,FALSE,FALSE,0.10070872405461458
Phkg1,-1.0225007785388098,0.08207892051945176,-0.045518949574348266,0.9392114696671224,0.05815984896866655,0.9467569751207735,Phkg1,FALSE,FALSE,FALSE,FALSE,0.3753931923606082,FALSE,FALSE,0.10070293108422884
Hnrnpa0,0.5267223254277562,0.04204189586212641,0.3401350109347039,0.19157596201585197,0.2587317104777931,0.43690761427524694,Hnrnpa0,FALSE,FALSE,FALSE,FALSE,0.3751963489467511,FALSE,FALSE,0.10064970708599426
Eri1,0.6296858528532985,0.016531461885642206,0.33423665214607023,0.1341276004190071,0.16157572106285567,0.5646653194218775,Eri1,FALSE,FALSE,FALSE,FALSE,0.3751660753540748,FALSE,FALSE,0.1006415214850052
Zfp655,0.4773497840734242,0.06640830403468448,0.4883148145483247,0.10448933705940885,0.1597169484906864,0.6635671442441808,Zfp655,FALSE,FALSE,FALSE,FALSE,0.3751271823708118,FALSE,FALSE,0.10063100530855831
Tomm7,-0.3156300224369897,0.061310859174074465,-0.3585300311234061,0.08521930057579834,-0.45101004179369575,0.06750873220157737,Tomm7,FALSE,FALSE,FALSE,FALSE,0.37505669845136386,FALSE,FALSE,0.10061194733790665
Dcun1d1,0.4753752759399825,0.049875228145824374,0.45145790389195106,0.1006225792865134,0.19829151257651478,0.541217482229437,Dcun1d1,FALSE,FALSE,FALSE,FALSE,0.3750415641361495,FALSE,FALSE,0.10060785520827696
Evi5,0.46488561520187943,0.0297170459751871,0.4183160031315287,0.08521930057579834,0.24189416392047125,0.35166179021365035,Evi5,FALSE,FALSE,FALSE,FALSE,0.3750319274179598,FALSE,FALSE,0.1006052495601536
Maats1,-0.3581709671627693,0.4224275993214427,-0.42600297870033565,0.35729453355493057,-0.34090547426108375,0.5809080058348941,Maats1,FALSE,FALSE,FALSE,FALSE,0.37502647337472955,FALSE,FALSE,0.10060377485504882
A530072M11Rik,0.5237866284755648,0.0870566018084987,0.2929668971768886,0.35891831511864425,0.30822861493775333,0.45843542372530305,A530072M11Rik,FALSE,FALSE,FALSE,FALSE,0.37499404686340226,FALSE,FALSE,0.10059500713177162
Sept1,0.4552042329627693,0.43762023714075704,-0.47978952364608096,0.4908811427307898,-0.18985178599048969,0.8528203949192884,Sept1,FALSE,FALSE,FALSE,FALSE,0.37494851419978,FALSE,FALSE,0.10058269566876271
Prkg2,-0.5672408122913721,0.12698918626437802,-0.4600856144307386,0.2224867447614827,0.09743802456355244,0.8550087583135406,Prkg2,FALSE,FALSE,FALSE,FALSE,0.3749214837618877,FALSE,FALSE,0.10057538697628239
Rnd1,-0.3734666611541215,0.4170197233592223,-0.5308421196543376,0.2743590943006781,-0.22018541850007467,0.7371416319931516,Rnd1,FALSE,FALSE,FALSE,FALSE,0.37483139976951124,FALSE,FALSE,0.10055102939094458
Tnxb,-0.7243670117692913,0.03634860161548157,-0.260173957412019,0.42900568696814567,-0.13968449303077524,0.7691879629745485,Tnxb,FALSE,FALSE,FALSE,FALSE,0.37474182073736184,FALSE,FALSE,0.10052680834053933
Azi2,0.5480954943232259,0.02177459653601375,0.3593788676995704,0.11602582665115371,0.2167051313257531,0.4224608241218256,Azi2,FALSE,FALSE,FALSE,FALSE,0.3747264977828498,FALSE,FALSE,0.10052266520520187
Lmo3,-0.46208006595356377,0.3179376365835255,-0.6313899835651138,0.20622119745259915,-0.03070629063778174,0.9692527582689531,Lmo3,FALSE,FALSE,FALSE,FALSE,0.37472544671881974,FALSE,FALSE,0.1005223810106282
Pth1r,0.44457046378826137,0.6040177072704288,0.10318531678225118,0.91991979524123,0.5762396107875977,0.617092598556139,Pth1r,FALSE,FALSE,FALSE,FALSE,0.3746651304527034,FALSE,FALSE,0.1005060722463247
Pid1,0.4394379884105639,0.09250819637498128,0.37212439949108855,0.1846518904164374,0.3122623659159105,0.37551935445985263,Pid1,FALSE,FALSE,FALSE,FALSE,0.374608251272521,FALSE,FALSE,0.1004906928270884
1700066M21Rik,0.5361184003185206,0.15834737568715668,0.5078495595864654,0.21545322800644753,0.0798467300009591,0.9054114982218228,1700066M21Rik,FALSE,FALSE,FALSE,FALSE,0.37460489663531504,FALSE,FALSE,0.10048978577512649
Cep162,0.43173509599321847,0.02095553687999382,0.3683856940106489,0.07346255419668397,0.32361958835953786,0.12189092341917261,Cep162,FALSE,FALSE,FALSE,FALSE,0.37458012612113506,FALSE,FALSE,0.10048308813776514
Mpst,-0.5076579407485187,0.14665079113169927,-0.4620363942685781,0.2079677063134914,-0.1540305857909683,0.760494657762592,Mpst,FALSE,FALSE,FALSE,FALSE,0.3745749736026884,FALSE,FALSE,0.10048169496119227
Gm41349,-0.7885538030828034,0.5000103847506413,-0.16265554544155103,0.8942870835493888,0.17215765403453975,0.9218570737779013,Gm41349,FALSE,FALSE,FALSE,FALSE,0.3744556675196314,FALSE,FALSE,0.10044943608785953
Gabarapl1,-0.4605101977306667,0.03467575135039376,-0.3336390845546804,0.13538779083376862,-0.3290098953631535,0.21992316737618295,Gabarapl1,FALSE,FALSE,FALSE,FALSE,0.3743863925495002,FALSE,FALSE,0.10043070500198921
Ddit4,-0.4904569680698412,0.03896931395187195,-0.32458548679502197,0.16750613934731784,-0.30790653906743426,0.2875721650212734,Ddit4,FALSE,FALSE,FALSE,FALSE,0.3743163313107658,FALSE,FALSE,0.10041176131891827
Abca7,-0.5299115467807294,0.040457000377134976,-0.3579853819338119,0.16548875890920278,-0.23485181285641765,0.4666448581849822,Abca7,FALSE,FALSE,FALSE,FALSE,0.374249580523653,FALSE,FALSE,0.10039371274057961
2610301B20Rik,0.5620830044384535,0.025330851397908576,0.36216589756301776,0.13849670483220658,0.19832212120160886,0.5142216748241247,2610301B20Rik,FALSE,FALSE,FALSE,FALSE,0.3741903410676934,FALSE,FALSE,0.10037769513228055
Rpgr,0.5215197933630753,0.019351832112294208,0.3314453524303005,0.11016285583736615,0.26960100103936036,0.2576590212120603,Rpgr,FALSE,FALSE,FALSE,FALSE,0.37418871561091205,FALSE,FALSE,0.10037725562908781
Sstr5,0.7715198441385518,0.03871743914735053,-0.006518203934717803,0.9875984801710772,0.3444520262697577,0.47907612300144226,Sstr5,FALSE,FALSE,FALSE,FALSE,0.3741633581143424,FALSE,FALSE,0.10037039927902656
Prtg,-0.4366527819011907,0.18499275752897654,-0.4266151439369441,0.21645382156033854,-0.25844204055077125,0.5585891880472061,Prtg,FALSE,FALSE,FALSE,FALSE,0.37390332212963534,FALSE,FALSE,0.10030008879964712
Ttyh2,-0.3719058560292283,0.2805488142845776,-0.4936906872149158,0.19001432946704142,-0.2560814485676639,0.5911764765603967,Ttyh2,FALSE,FALSE,FALSE,FALSE,0.37389266393726933,FALSE,FALSE,0.10029720695767662
Gm12715,-0.8086660810228514,0.06798177993854086,-0.31139353827256777,0.44412079536502663,-0.0014714669386163282,0.9977910669479731,Gm12715,FALSE,FALSE,FALSE,FALSE,0.37384369541134516,FALSE,FALSE,0.10028396648045532
Ythdc1,0.37208255092204734,0.10852730486060724,0.42271428294778257,0.1185524866650668,0.3267237732982018,0.30120166896755146,Ythdc1,FALSE,FALSE,FALSE,FALSE,0.3738402023893439,FALSE,FALSE,0.1002830220109748
Gm48045,0.4793805060888843,0.3396174463996842,0.503534532418331,0.33747603699979195,0.13837283221985267,0.8737876936927901,Gm48045,FALSE,FALSE,FALSE,FALSE,0.37376262357568935,FALSE,FALSE,0.10026204566962772
Sec61a2,0.32716055089167995,0.2077390716472227,0.2995598427544257,0.2765975306559897,0.49427276985476176,0.15621210794763085,Sec61a2,FALSE,FALSE,FALSE,FALSE,0.3736643878336225,FALSE,FALSE,0.10023548395308415
C1qtnf2,0.18656123305631211,0.8460214644443612,0.5151767739265465,0.5577564352065747,0.41921411637979145,0.7337743974451609,C1qtnf2,FALSE,FALSE,FALSE,FALSE,0.37365070778755,FALSE,FALSE,0.10023178503964965
Mmp15,-0.472728870802543,0.16242855460267625,-0.32705775402063963,0.363330747055053,-0.3208363507574248,0.5001694182960992,Mmp15,FALSE,FALSE,FALSE,FALSE,0.37354099186020245,FALSE,FALSE,0.10020211922452774
Atg5,0.5461969210479989,0.030797252644535963,0.4303741565513892,0.10727133316288569,0.1439749384736979,0.6621080034450036,Atg5,FALSE,FALSE,FALSE,FALSE,0.37351533869102865,FALSE,FALSE,0.10019518292829072
Rprml,-0.24582589115034947,0.7853519400756094,-0.3264477244536208,0.7233398855397911,0.5478839035382255,0.5997731847505952,Rprml,FALSE,FALSE,FALSE,FALSE,0.37338583971406525,FALSE,FALSE,0.10016016802387392
Cecr2,-0.351593284536325,0.17609749776136674,-0.39570756227377135,0.16294649260320157,-0.3728366428429126,0.28315990045604944,Cecr2,FALSE,FALSE,FALSE,FALSE,0.3733791632176697,FALSE,FALSE,0.10015836278271595
Tcp11l1,0.3762555907289027,0.03643229827354909,0.33484362814635027,0.09180503249903499,0.40875076057767146,0.08611151274103603,Tcp11l1,FALSE,FALSE,FALSE,FALSE,0.3732833264843081,FALSE,FALSE,0.10013244972813468
Cep170,0.45806351205656615,0.023546295124030572,0.33988831018495436,0.10077208688703805,0.32168947610942844,0.17186120742212999,Cep170,FALSE,FALSE,FALSE,FALSE,0.373213766116983,FALSE,FALSE,0.10011364147443107
Pdap1,-0.38266096713074127,0.038167379702754634,-0.39699499375555547,0.07684192185984365,-0.3399304023852796,0.1396697986803263,Pdap1,FALSE,FALSE,FALSE,FALSE,0.37319545442385876,FALSE,FALSE,0.10010869022153711
Ly6e,-0.5241493360349834,0.059601225454916404,-0.23963732222644651,0.399099169856994,-0.3549415788355903,0.33208358919457537,Ly6e,FALSE,FALSE,FALSE,FALSE,0.3729094123656734,FALSE,FALSE,0.10003134802500861
Prorsd1,0.6059045582112477,0.02097691801756085,0.3646154760596083,0.13194198036716423,0.14819208954639151,0.6323909429312146,Prorsd1,FALSE,FALSE,FALSE,FALSE,0.37290404127241583,FALSE,FALSE,0.10002989574853943
Ankrd33b,0.47117118285264137,0.2888830152452536,0.24361351645658658,0.6291301191319013,0.4034637595916898,0.5160529935214474,Ankrd33b,FALSE,FALSE,FALSE,FALSE,0.3727494863003059,FALSE,FALSE,0.09998810601627693
Eva1a,-0.1619536596518988,0.8180106794235134,-0.6557131083490993,0.35013002788246145,-0.30056980921147897,0.7520055843307022,Eva1a,FALSE,FALSE,FALSE,FALSE,0.37274552573749237,FALSE,FALSE,0.09998703512960583
Snca,0.4728488578717198,0.1427753077892368,0.20002205943255014,0.5765521789485791,0.445363938450547,0.3028716769936846,Snca,FALSE,FALSE,FALSE,FALSE,0.37274495191827234,FALSE,FALSE,0.09998687997606243
Pcmtd2,0.5085487568127531,0.03437875473845127,0.31736460952051093,0.1805877448834008,0.2921092238649221,0.3228816905189946,Pcmtd2,FALSE,FALSE,FALSE,FALSE,0.3726741967327287,FALSE,FALSE,0.09996774865844976
9430037G07Rik,0.4812944307563778,0.23303593695999134,0.14767331118080285,0.7593994648691753,0.48881019793344005,0.3721681753359853,9430037G07Rik,FALSE,FALSE,FALSE,FALSE,0.37259264662354025,FALSE,FALSE,0.09994569852843815
Tmem164,-0.5923015191352952,0.02217134170835429,-0.3719437677265196,0.11443860210380745,-0.15350275057278928,0.5834334459747711,Tmem164,FALSE,FALSE,FALSE,FALSE,0.37258267914486803,FALSE,FALSE,0.09994300344681536
Eps15,0.5250426044440308,0.014495712817790078,0.3375313152267019,0.08521930057579834,0.25507478023224817,0.2219227888331168,Eps15,FALSE,FALSE,FALSE,FALSE,0.372549566634327,FALSE,FALSE,0.09993405023792691
Morc3,0.4730463180526199,0.04208623677195763,0.4384529717773811,0.09504062435080558,0.20614551763867972,0.4930494965348874,Morc3,FALSE,FALSE,FALSE,FALSE,0.3725482691562269,FALSE,FALSE,0.0999336994160693
Ankrd9,-0.45572564801231163,0.22337437477114092,-0.2637489427035149,0.48880766061343567,-0.3981503892685838,0.42535835249362053,Ankrd9,FALSE,FALSE,FALSE,FALSE,0.37254165999480343,FALSE,FALSE,0.09993191238144598
Cuta,-0.3600344106002167,0.13855829794307029,-0.3826904674879197,0.15383544683701847,-0.37469283018872535,0.2523247967904376,Cuta,FALSE,FALSE,FALSE,FALSE,0.37247256942562057,FALSE,FALSE,0.09991323115528677
Ap2s1,-0.3833012561810394,0.036877804370722224,-0.4440200426663852,0.0704576830990092,-0.28999612206867287,0.1951238627083969,Ap2s1,FALSE,FALSE,FALSE,FALSE,0.3724391403053658,FALSE,FALSE,0.09990419233908988
Serpine2,0.5782267346330432,0.02513618460981352,0.05865436470820473,0.8260838017243644,0.48012482602362905,0.12102763859186647,Serpine2,FALSE,FALSE,FALSE,FALSE,0.372335308454959,FALSE,FALSE,0.09987611750481193
Esm1,-0.6817512979039648,0.0690742042652222,-0.0573879073708774,0.8947830203555054,-0.3777955405302622,0.4544863891536926,Esm1,FALSE,FALSE,FALSE,FALSE,0.37231158193503483,FALSE,FALSE,0.09986970215044567
Tpm2,-0.2575861611290552,0.7991446317997284,0.738040090237899,0.3711361624250075,-0.12127603376844942,0.9385998901210657,Tpm2,FALSE,FALSE,FALSE,FALSE,0.3723007617118012,FALSE,FALSE,0.09986677649735422
Pcdhgb4,0.47224488417381894,0.03432651117581516,0.29213459227100813,0.1814478730345037,0.3521590805788155,0.1930236941177638,Pcdhgb4,FALSE,FALSE,FALSE,FALSE,0.3721795190078809,FALSE,FALSE,0.09983399398595103
Snrnp35,-0.34326105179960065,0.22571430821725685,-0.34773319776438116,0.2430703201961083,-0.42547136173483935,0.2659257930334093,Snrnp35,FALSE,FALSE,FALSE,FALSE,0.3721552037662737,FALSE,FALSE,0.0998274194486017
Mpz,-0.25341359240025746,0.8225991885244441,0.8326628355411155,0.3529565296080557,-0.0303157954245028,0.9852301056714912,Mpz,FALSE,FALSE,FALSE,FALSE,0.3721307411219586,FALSE,FALSE,0.09982080505540292
Col3a1,0.5802358695306209,0.25758050186745496,0.2604323731691549,0.6562201286616032,0.27549320677910494,0.726722031562358,Col3a1,FALSE,FALSE,FALSE,FALSE,0.37205381649296027,FALSE,FALSE,0.09980000559740848
Tmem65,0.5291501824729501,0.01691434231227352,0.3240402323382021,0.10437280106209305,0.2623849267694425,0.24864421200758996,Tmem65,FALSE,FALSE,FALSE,FALSE,0.37185844719353156,FALSE,FALSE,0.09974718018128644
Zfp777,-0.5450644420602995,0.022606933826155737,-0.37419936771358575,0.10195650914669147,-0.1957600982629888,0.450453791715306,Zfp777,FALSE,FALSE,FALSE,FALSE,0.37167463601229134,FALSE,FALSE,0.09969747993582671
Rpl24,0.3183135063089517,0.362590831448087,0.5761841209903209,0.1317723700586665,0.22019497233816776,0.6622354195176268,Rpl24,FALSE,FALSE,FALSE,FALSE,0.3715641998791468,FALSE,FALSE,0.09966761938606107
Gtpbp6,-0.6017267852762296,0.05243928127102648,-0.33682491919666235,0.24316317594468184,-0.17597178297008575,0.6432885475882464,Gtpbp6,FALSE,FALSE,FALSE,FALSE,0.37150782914765923,FALSE,FALSE,0.0996523774449954
Anxa1,0.26024515441196483,0.5966474984526148,0.3860890650896698,0.4269708101951634,0.46801671742908724,0.45346693931462273,Anxa1,FALSE,FALSE,FALSE,FALSE,0.3714503123102406,FALSE,FALSE,0.09963682561121422
K230010J24Rik,-0.33062002641305843,0.3880714724885601,-0.421243827903236,0.2950610007860362,-0.3624749354550693,0.48819248635367124,K230010J24Rik,FALSE,FALSE,FALSE,FALSE,0.37144626325712127,FALSE,FALSE,0.09963573079787068
Hgf,0.1607469347989432,0.69964948995756,0.5976612266638914,0.14319812976133764,0.35584857428536076,0.4903106155413451,Hgf,FALSE,FALSE,FALSE,FALSE,0.37141891191606513,FALSE,FALSE,0.09962833533718668
Gm9354,0.36345837965347433,0.5079857860998419,0.5088268284475149,0.35550994757467264,-0.24189937592006913,0.7855642808198008,Gm9354,FALSE,FALSE,FALSE,FALSE,0.3713948613403528,FALSE,FALSE,0.09962183236218655
Gm15265,0.4583843569766275,0.4287041457778725,0.2865116267872627,0.6597131151699208,-0.36906226400134146,0.69193707527571,Gm15265,FALSE,FALSE,FALSE,FALSE,0.3713194159217439,FALSE,FALSE,0.0996014328641888
Svop,-0.44571968921865235,0.0808253951768102,-0.4247204294727851,0.13078105459057643,-0.2432857661607537,0.4667244131672179,Svop,FALSE,FALSE,FALSE,FALSE,0.37124196161739703,FALSE,FALSE,0.09958049018860195
H2-DMa,-0.48618237715361245,0.08793631614982235,-0.3805040738812022,0.1885576548657903,-0.24698892952682883,0.4945663555530026,H2-DMa,FALSE,FALSE,FALSE,FALSE,0.37122512685388115,FALSE,FALSE,0.09957593827900998
Rab39b,0.5000489439192446,0.11575887413917411,0.4444213456760684,0.1958063180562044,0.1691448965552631,0.7253338658335703,Rab39b,FALSE,FALSE,FALSE,FALSE,0.37120506205019205,FALSE,FALSE,0.0995705130069361
Gria1,-0.5704928826231503,0.030260663104226305,-0.30435250722775375,0.21356670178730303,-0.23869207103961187,0.4478475769295595,Gria1,FALSE,FALSE,FALSE,FALSE,0.371179153630172,FALSE,FALSE,0.09956350769406133
Oas2,0.363334406866193,0.6165319267945024,0.21885415223908822,0.787460961461397,0.5311609488527747,0.5781907897834089,Oas2,FALSE,FALSE,FALSE,FALSE,0.3711165026526853,FALSE,FALSE,0.0995465676529911
Gm10791,0.18701437698905476,0.7226300808941415,0.6309652769130012,0.1958063180562044,0.29442314785467716,0.6661070877002055,Gm10791,FALSE,FALSE,FALSE,FALSE,0.37080093391891106,FALSE,FALSE,0.09946124181251627
Ddt,-0.4246841650130797,0.10807135922446268,-0.3711595439925661,0.17812959620448013,-0.3165467389798038,0.3518759267843116,Ddt,FALSE,FALSE,FALSE,FALSE,0.37079681599514985,FALSE,FALSE,0.09946012837741218
Tmed4,-0.44843053305712566,0.021527426362789856,-0.3249789521267461,0.09485744069743611,-0.3386498070218291,0.1271905710602574,Tmed4,FALSE,FALSE,FALSE,FALSE,0.3706864307352336,FALSE,FALSE,0.09943028158313147
4933407K13Rik,0.4906907753005062,0.13271838273016123,0.4174250976886741,0.22651504139335013,0.20390928700047828,0.6725697503238727,4933407K13Rik,FALSE,FALSE,FALSE,FALSE,0.3706750533298862,FALSE,FALSE,0.09942720527496215
Sytl3,-0.4263260349461968,0.4390099057521644,-0.5751188384395698,0.32068945484228373,-0.11029974422348454,0.8997250611324198,Sytl3,FALSE,FALSE,FALSE,FALSE,0.37058153920308373,FALSE,FALSE,0.09940192022415797
Fastkd2,0.48398986887311235,0.10432484844413581,0.3794134180420832,0.22886671199389508,0.2482350544528762,0.5559872591148615,Fastkd2,FALSE,FALSE,FALSE,FALSE,0.37054611378935726,FALSE,FALSE,0.09939234163516335
Tmem121b,0.0029342125894704085,0.996428769858434,0.482811807478736,0.40438065323359035,0.625771811214672,0.39720025046632235,Tmem121b,FALSE,FALSE,FALSE,FALSE,0.37050594376095947,FALSE,FALSE,0.09938148016167722
March3,-0.3418071309215618,0.1294386019954036,-0.3908539842476908,0.12526830437714695,-0.3785781597240212,0.2080524096324331,March3,FALSE,FALSE,FALSE,FALSE,0.37041309163109126,FALSE,FALSE,0.09935637410656802
Zfp964,0.30999697095864365,0.23841908548869495,0.49780748120026663,0.10264966532261897,0.30342061608810234,0.39648884399324824,Zfp964,FALSE,FALSE,FALSE,FALSE,0.3704083560823375,FALSE,FALSE,0.09935509367338728
Cst3,-0.4148781161753332,0.029887603850818716,-0.378818752362049,0.08453473759992562,-0.31731398547739786,0.17315617591167984,Cst3,FALSE,FALSE,FALSE,FALSE,0.37033695133826,FALSE,FALSE,0.09933578672326762
Zkscan6,-0.32062685790245116,0.06293603150896997,-0.40363803338116444,0.07346255419668397,-0.3867146188454478,0.1002620105675008,Zkscan6,FALSE,FALSE,FALSE,FALSE,0.3703265033763545,FALSE,FALSE,0.0993329617249854
Hmgn5,0.5924548085800438,0.044090152498948126,0.3041936878236582,0.2957730185554255,0.21425937944344664,0.5873785725508125,Hmgn5,FALSE,FALSE,FALSE,FALSE,0.3703026252823829,FALSE,FALSE,0.09932650538689165
Nudt12,0.40181558088928426,0.059601225454916404,0.43315417082484764,0.08871258385422295,0.2751738145234697,0.3219248954984709,Nudt12,FALSE,FALSE,FALSE,FALSE,0.3700478554125339,FALSE,FALSE,0.09925761879913458
Gm22154,0.28463064967392704,0.5749270636279205,-0.24626664757772687,0.6728315270085667,-0.579027967461553,0.44456374448688046,Gm22154,FALSE,FALSE,FALSE,FALSE,0.36997508823773567,FALSE,FALSE,0.09923794346478071
Cacnb1,-0.5456364358936523,0.12907245988050536,-0.43210469610983093,0.23711276726271868,-0.13218168941091646,0.7967235382429682,Cacnb1,FALSE,FALSE,FALSE,FALSE,0.3699742738047999,FALSE,FALSE,0.09923772325229666
Tshz3,0.3516304995153905,0.12116319454980866,0.36399540872593805,0.14403030867861133,0.39421046030616935,0.18861602886537898,Tshz3,FALSE,FALSE,FALSE,FALSE,0.3699454561824993,FALSE,FALSE,0.09922993132749512
Mfhas1,-0.3225903435004156,0.11872875333893584,-0.3233351651902572,0.15810091831091108,-0.4634492099759102,0.11558118690629755,Mfhas1,FALSE,FALSE,FALSE,FALSE,0.369791572888861,FALSE,FALSE,0.09918832320869424
Kdelr2,0.6750418218842089,0.034672944716464774,0.34022366006350424,0.2656916563150812,0.09363649107065797,0.8414867528851088,Kdelr2,FALSE,FALSE,FALSE,FALSE,0.3696339910061237,FALSE,FALSE,0.09914571503763955
Rundc3a,-0.5064425193068853,0.04188040631053661,-0.35008499598667875,0.16750613934731784,-0.2523541848956192,0.42718463868683704,Rundc3a,FALSE,FALSE,FALSE,FALSE,0.3696272333963944,FALSE,FALSE,0.09914388786445019
Hpse2,-0.7117100372812847,0.04849389014100938,-0.18515683711626563,0.5695434515193949,-0.2118922120388771,0.6228987385080171,Hpse2,FALSE,FALSE,FALSE,FALSE,0.3695863621454758,FALSE,FALSE,0.09913283678916089
Gm6225,-0.39435416279388513,0.24262128523624044,-0.47636523409935405,0.19157596201585197,-0.23800699243567935,0.6050404465395341,Gm6225,FALSE,FALSE,FALSE,FALSE,0.3695754631096395,FALSE,FALSE,0.09912988982612696
Prdx5,-0.40158663232545244,0.03931643433684292,-0.30969776482830813,0.1299828378951678,-0.3972885915801925,0.11655533245180859,Prdx5,FALSE,FALSE,FALSE,FALSE,0.36952432957798437,FALSE,FALSE,0.09911606395842221
Elob,-0.42679450775562433,0.05789806379064433,-0.3773304458278828,0.12526830437714695,-0.30439124016125696,0.2937948246745715,Elob,FALSE,FALSE,FALSE,FALSE,0.3695053979149214,FALSE,FALSE,0.09911094507340747
Zik1,0.5173220410592587,0.08577832319922225,0.49250991447926085,0.13719591813254925,0.09865199696054061,0.840577443788165,Zik1,FALSE,FALSE,FALSE,FALSE,0.3694946508330201,FALSE,FALSE,0.09910803919681788
Ppp1r14a,-0.37315044917547313,0.2564311660429363,-0.5359760838273031,0.14976787544998119,-0.19892280758685166,0.6636501990468356,Ppp1r14a,FALSE,FALSE,FALSE,FALSE,0.36934978019654263,FALSE,FALSE,0.09906886798783998
Psmc4,-0.41914651032684525,0.02144417948856159,-0.39183761029693187,0.0704576830990092,-0.2969178352792756,0.1396697986803263,Psmc4,FALSE,FALSE,FALSE,FALSE,0.36930065196768425,FALSE,FALSE,0.09905558432894183
Pisd-ps1,0.38420411939072996,0.4858615570199423,0.25334664884162317,0.677544098543098,0.470291262518969,0.5220382219530347,Pisd-ps1,FALSE,FALSE,FALSE,FALSE,0.36928067691710736,FALSE,FALSE,0.09905018332498743
Pdk4,-0.07531195457119644,0.9216263450102843,0.7550355249928145,0.22443988314778326,0.27739687589034867,0.7662822701582367,Pdk4,FALSE,FALSE,FALSE,FALSE,0.3692481184847865,FALSE,FALSE,0.0990413799319228
Ung,0.5955789470462753,0.03864412666210684,0.15178500405187423,0.61000362694947,0.36000752320767626,0.31552818527638177,Ung,FALSE,FALSE,FALSE,FALSE,0.3691238247686086,FALSE,FALSE,0.09900777246494794
Gm42690,0.35364392756192986,0.2977144232305856,0.3959571459414768,0.26460468797293885,-0.3577313971857823,0.4874929153281715,Gm42690,FALSE,FALSE,FALSE,FALSE,0.36911082356306296,FALSE,FALSE,0.09900425710150525
Ttn,-0.2957331409096806,0.6624753018423823,0.6159157121961556,0.36833597979706445,-0.19557654591808582,0.8554363681155045,Ttn,FALSE,FALSE,FALSE,FALSE,0.369075133007974,FALSE,FALSE,0.09899460682160091
Akap17b,0.6284921590872905,0.01931179868581599,0.23316212029722383,0.2975568177827138,0.24550217821782727,0.40010315848032135,Akap17b,FALSE,FALSE,FALSE,FALSE,0.3690521525341139,FALSE,FALSE,0.09898839318876354
Kcnj9,-0.26424980325665914,0.6591556640302696,-0.6801560795638409,0.2854879249987186,-0.16148231552641268,0.8594039929057677,Kcnj9,FALSE,FALSE,FALSE,FALSE,0.36862939944897094,FALSE,FALSE,0.09887408603966255
Bnc2,0.32664094066111327,0.5391503316086514,0.33157185938118383,0.549688401546869,0.44745772110094295,0.5238815518443666,Bnc2,FALSE,FALSE,FALSE,FALSE,0.36855684038108,FALSE,FALSE,0.09885446697481472
BC005561,0.5077951960675025,0.056904665779936935,0.39259620706200415,0.16193890622432133,0.20514580645348346,0.574730424264244,BC005561,FALSE,FALSE,FALSE,FALSE,0.36851240319433004,FALSE,FALSE,0.09884245171505679
Gm38336,-0.4117304555120059,0.6481745444382703,0.23623834251858164,0.7943608260782665,-0.4575302035626196,0.7158198493268959,Gm38336,FALSE,FALSE,FALSE,FALSE,0.3684996671977357,FALSE,FALSE,0.09883900806079897
Dsc3,0.40468800150068457,0.5206341441730012,0.14028058922018793,0.8506667983234456,0.5603277834203906,0.5024143587406714,Dsc3,FALSE,FALSE,FALSE,FALSE,0.36843212471375436,FALSE,FALSE,0.0988207454175246
Myo1g,-0.2950043027223424,0.6479423942993684,-0.6188753250655707,0.354412142080642,0.19137655744464582,0.8334094484524477,Myo1g,FALSE,FALSE,FALSE,FALSE,0.368418728410853,FALSE,FALSE,0.0988171232246963
Sec14l5,-0.6816820059824684,0.3178749792710864,-0.03641142546889237,0.962119187047126,-0.386993588380439,0.6844461536128983,Sec14l5,FALSE,FALSE,FALSE,FALSE,0.36836233994393325,FALSE,FALSE,0.09880187648819148
Zfp474,-0.6433322650261479,0.23476998942942393,-0.4601657190573354,0.3965666529384725,0.0014442952976958523,0.9982049596371056,Zfp474,FALSE,FALSE,FALSE,FALSE,0.3683140931270597,FALSE,FALSE,0.0987888311520749
Mdh1b,0.6147233976213332,0.1671050092147976,0.43693219929590865,0.35556956657936173,0.05325205626485152,0.9509216147467607,Mdh1b,FALSE,FALSE,FALSE,FALSE,0.3683025510606978,FALSE,FALSE,0.09878571032162581
Cib1,-0.38816327188277544,0.13970017599301982,-0.42540477251201025,0.14296970811855425,-0.2912537071496031,0.4030960189622193,Cib1,FALSE,FALSE,FALSE,FALSE,0.3682739171814629,FALSE,FALSE,0.09877796807865213
Nr5a1,-0.37023876531607325,0.09552061535922338,-0.38285690109155546,0.12486603803841076,-0.35142562287828305,0.23100077689872434,Nr5a1,FALSE,FALSE,FALSE,FALSE,0.3681737630953039,FALSE,FALSE,0.09875088766584858
Gm24447,-0.12293284451295694,0.6978302973113918,0.038827050717410216,0.9148045333997679,-0.9424761791175644,0.05475877694670262,Gm24447,FALSE,FALSE,FALSE,FALSE,0.36807869144931055,FALSE,FALSE,0.09872518148132678
Zfp428,-0.47528435186021056,0.055232283977657795,-0.37617659640947476,0.13820967438382178,-0.2527473240515703,0.4041543705046579,Zfp428,FALSE,FALSE,FALSE,FALSE,0.3680694241070852,FALSE,FALSE,0.09872267570784635
Rbm4b,0.30300124524963223,0.19085655150240094,0.41015257978142294,0.12392065412312836,0.3908590594582231,0.21454559754482708,Rbm4b,FALSE,FALSE,FALSE,FALSE,0.36800429482975944,FALSE,FALSE,0.09870506556548252
Romo1,-0.41219289849278873,0.057866366417955666,-0.43348423602996267,0.09008391513403423,-0.2581832771886994,0.34809505074619246,Romo1,FALSE,FALSE,FALSE,FALSE,0.3679534705704836,FALSE,FALSE,0.0986913233211627
Pgbd5,-0.4879706472537553,0.12650513372196043,-0.4465238778682892,0.19009810361160193,-0.169314256571246,0.7107119589216623,Pgbd5,FALSE,FALSE,FALSE,FALSE,0.36793626056443013,FALSE,FALSE,0.09868666995067975
Ccar1,0.31777841286544906,0.17483610962229562,0.49660341099936023,0.09180503249903499,0.28941961066698507,0.37564207123273685,Ccar1,FALSE,FALSE,FALSE,FALSE,0.3679338115105981,FALSE,FALSE,0.09868600775714084
Tmem179,-0.5143581637956061,0.04496915365322649,-0.33026658128138564,0.19319649001917574,-0.2587731020226878,0.42291025035866886,Tmem179,FALSE,FALSE,FALSE,FALSE,0.36779928236655984,FALSE,FALSE,0.09864963275843253
Nsg2,-0.43567199893447306,0.06873232572712132,-0.3337723722112882,0.18745732837614143,-0.3337498340634877,0.29249497491395665,Nsg2,FALSE,FALSE,FALSE,FALSE,0.36773140173641633,FALSE,FALSE,0.09863127868466329
Morc4,0.3446121164430913,0.07151750248204747,0.44642174732263307,0.07556490478840473,0.3120623908666964,0.21680076028650153,Morc4,FALSE,FALSE,FALSE,FALSE,0.3676987515441403,FALSE,FALSE,0.09862245048085394
Slc25a39,-0.4775361038534305,0.03489298415825738,-0.36705367486910134,0.12061995108359509,-0.25826803289409916,0.3518759267843116,Slc25a39,FALSE,FALSE,FALSE,FALSE,0.367619270538877,FALSE,FALSE,0.09860095981067644
Yipf2,-0.2939424954988574,0.14012893520848135,-0.42993986269621765,0.08898183009393343,-0.3789585271815774,0.16398108942495315,Yipf2,FALSE,FALSE,FALSE,FALSE,0.3676136284588842,FALSE,FALSE,0.09859943426278184
Mpp5,0.46652004247563106,0.02513618460981352,0.37146638667281895,0.091943241723137,0.26477116230451614,0.2788927774342319,Mpp5,FALSE,FALSE,FALSE,FALSE,0.3675858638176554,FALSE,FALSE,0.09859192705089809
Tubg1,-0.45198584547896026,0.13357433096072718,-0.48337802203797064,0.148729445107168,-0.16716278835252663,0.6973448077547628,Tubg1,FALSE,FALSE,FALSE,FALSE,0.3675088852898192,FALSE,FALSE,0.0985711130193317
Vrk2,0.5435242323748875,0.05132271767045693,0.3730267179272717,0.19025808232305622,0.185968752929754,0.629283199765418,Vrk2,FALSE,FALSE,FALSE,FALSE,0.36750656774397106,FALSE,FALSE,0.09857048638390759
Skp2,0.49791931574660797,0.12530586671070834,0.5061582156734739,0.15289262433005546,0.0981798066794517,0.8588722257292879,Skp2,FALSE,FALSE,FALSE,FALSE,0.3674191126998445,FALSE,FALSE,0.0985468396333103
A230056P14Rik,0.46907875923128906,0.08897552250856211,0.27167821950464477,0.3437206714750935,0.3613897651141782,0.3219967355785621,A230056P14Rik,FALSE,FALSE,FALSE,FALSE,0.3673822479500373,FALSE,FALSE,0.09853687186583356
Mettl24,-0.2609123245025835,0.3817733534674553,-0.7180476573458368,0.08279740260747186,-0.12310790227864166,0.7806953747494771,Mettl24,FALSE,FALSE,FALSE,FALSE,0.3673559613756873,FALSE,FALSE,0.09852976430475552
Gfra2,0.24444809346634477,0.6194518414249366,0.3307268217627992,0.5001017818999361,0.5268060733036088,0.3862317769364187,Gfra2,FALSE,FALSE,FALSE,FALSE,0.3673269961775843,FALSE,FALSE,0.09852193247730195
Ccdc18,0.4682011324940736,0.21957454002312826,0.16484447026980087,0.7125170100056152,0.4689152220121273,0.36456401969128355,Ccdc18,FALSE,FALSE,FALSE,FALSE,0.3673202749253339,FALSE,FALSE,0.09852011513472037
Mycl,-0.6427974674908161,0.19442789801090735,-0.29613001898968516,0.5524961572919419,-0.16301223116506547,0.8197010903488519,Mycl,FALSE,FALSE,FALSE,FALSE,0.36731323921518894,FALSE,FALSE,0.09851821276665532
Anp32b,-0.4583772269528348,0.0211573327684876,-0.26978524562097483,0.1299828378951678,-0.3735492730744756,0.1002620105675008,Anp32b,FALSE,FALSE,FALSE,FALSE,0.3672372485494284,FALSE,FALSE,0.09849766584064427
9530051G07Rik,0.4940739780250605,0.05899187116567481,0.3641052596670409,0.1807637213998195,0.24352547901442612,0.4864879124753956,9530051G07Rik,FALSE,FALSE,FALSE,FALSE,0.3672349055688425,FALSE,FALSE,0.09849703232798503
Agps,0.5651110991198003,0.014455723425594891,0.29063738451723875,0.12262136903943743,0.24591358423180854,0.263937480222375,Agps,FALSE,FALSE,FALSE,FALSE,0.3672206892896159,FALSE,FALSE,0.09849318842380946
Cdc45,-0.16752956292821575,0.6552189814163856,-0.6762457372868322,0.12322160628008984,-0.25782010376225606,0.6089331033600185,Cdc45,FALSE,FALSE,FALSE,FALSE,0.36719846799243466,FALSE,FALSE,0.09848718006285509
9530026P05Rik,0.20372510335179816,0.5307950666451253,0.48199281169910657,0.15027891097725224,0.4157785996604382,0.31366821982823645,9530026P05Rik,FALSE,FALSE,FALSE,FALSE,0.36716550490378097,FALSE,FALSE,0.09847826725577695
Arl5c,-0.12452000857278539,0.85652105502751,-0.39928201659077045,0.5565253621846682,-0.5773978935431201,0.5192732798414886,Arl5c,FALSE,FALSE,FALSE,FALSE,0.36706663956889196,FALSE,FALSE,0.09845153530520524
Pnpt1,0.4112543171458638,0.12634934880657314,0.47468770606970256,0.12351233695174244,0.2152384091767532,0.5765246950619544,Pnpt1,FALSE,FALSE,FALSE,FALSE,0.3670601441307732,FALSE,FALSE,0.09844977901994179
Cdca3,0.4860011114135224,0.3375936059684795,0.0017244312810026363,0.9977877400688872,0.6131631617185059,0.36456401969128355,Cdca3,FALSE,FALSE,FALSE,FALSE,0.36696290147101035,FALSE,FALSE,0.09842348582043803
Rasa2,0.4418657291256052,0.16515739838780052,0.4771835220451308,0.1751640242634439,0.18183883102144982,0.7046321440823674,Rasa2,FALSE,FALSE,FALSE,FALSE,0.36696269406406196,FALSE,FALSE,0.09842342974019212
Tmem121,-0.42958293536856385,0.04953665242712705,-0.5584686661860401,0.0704576830990092,-0.11276920561102077,0.6860699920592607,Tmem121,FALSE,FALSE,FALSE,FALSE,0.3669402690552082,FALSE,FALSE,0.09841736629814825
Mknk2,-0.5329247055448532,0.026213437932539482,-0.2925043834280405,0.18766910255454394,-0.27531267026688067,0.3228816905189946,Mknk2,FALSE,FALSE,FALSE,FALSE,0.36691391974659143,FALSE,FALSE,0.09841024177450876
Kdm6a,0.4317167109034816,0.037046899132513,0.3713135663757896,0.10069442807404672,0.2976369797316769,0.24340161750380987,Kdm6a,FALSE,FALSE,FALSE,FALSE,0.36688908567031603,FALSE,FALSE,0.09840352695075144
Gm28512,-0.18674697446399313,0.7750155972175784,0.23724175767759725,0.7048651419804823,0.6766522703001357,0.34591804814918947,Gm28512,FALSE,FALSE,FALSE,FALSE,0.366880334147242,FALSE,FALSE,0.09840116064832093
Tbcb,-0.41314625412467,0.03437875473845127,-0.39746165245384546,0.08120675934582743,-0.2896048788555916,0.2142264092705122,Tbcb,FALSE,FALSE,FALSE,FALSE,0.36673759514470233,FALSE,FALSE,0.0983625658065108
Kcnc1,-0.5981594069692266,0.20923018071350372,-0.42768643246644267,0.38299139046316866,-0.07422429501210637,0.9263975981729248,Kcnc1,FALSE,FALSE,FALSE,FALSE,0.3666900448159252,FALSE,FALSE,0.09834970879206822
Lrpap1,-0.4423904141684414,0.032324771731435685,-0.36349651002917494,0.10181309857558601,-0.2941212157742088,0.24200848289713714,Lrpap1,FALSE,FALSE,FALSE,FALSE,0.3666693799906084,FALSE,FALSE,0.09834412128164749
Mzt2,-0.434018304360531,0.18495117049692594,-0.4150859054971998,0.2250229254329292,-0.2508497560309677,0.5731939942866329,Mzt2,FALSE,FALSE,FALSE,FALSE,0.3666513219628995,FALSE,FALSE,0.0983392386167106
Krt10,0.5417800547317606,0.04830774061316537,0.3427293680927268,0.21439660730837032,0.21529538626277578,0.5585891880472061,Krt10,FALSE,FALSE,FALSE,FALSE,0.36660160302908773,FALSE,FALSE,0.09832579523857785
Pnpla8,0.4929169043839847,0.03432188691898051,0.36147100893044204,0.13194198036716423,0.24541261003749426,0.39648884399324824,Pnpla8,FALSE,FALSE,FALSE,FALSE,0.36660017445064036,FALSE,FALSE,0.09832540896882529
Cacna1i,-0.6953043768552085,0.03894994048142692,-0.21875515437586568,0.4769109835446398,-0.18553293315887576,0.656222858170358,Cacna1i,FALSE,FALSE,FALSE,FALSE,0.36653082146331667,FALSE,FALSE,0.09830665678808147
Dctn3,-0.36886232204388847,0.0413627575063542,-0.4206722675966308,0.0704576830990092,-0.31004256650970596,0.162978954396471,Dctn3,FALSE,FALSE,FALSE,FALSE,0.3665257187167417,FALSE,FALSE,0.09830527706920049
Tmem266,-0.4305625151837589,0.18078854943302677,-0.15981557308991157,0.6459379549799374,-0.5090981122773233,0.24444264031075097,Tmem266,FALSE,FALSE,FALSE,FALSE,0.36649206685033126,FALSE,FALSE,0.09829617802522779
As3mt,-0.3915299814451245,0.05273948396062499,-0.3771464438311938,0.09968431829754035,-0.33075720502189654,0.19999072086906083,As3mt,FALSE,FALSE,FALSE,FALSE,0.36647787676607163,FALSE,FALSE,0.09829234120384381
Commd7,-0.43688780680595096,0.029633515864581787,-0.4327749381201311,0.07169446715868752,-0.22972864172117102,0.3182992887239589,Commd7,FALSE,FALSE,FALSE,FALSE,0.36646379554908437,FALSE,FALSE,0.09828853381880925
Tusc1,0.54585206144698,0.07770879004252468,-0.10338321693736563,0.7830762775888619,0.4499249508108514,0.2644890461645723,Tusc1,FALSE,FALSE,FALSE,FALSE,0.36638674306506563,FALSE,FALSE,0.09826769979041569
Gm49463,0.636315132017659,0.2425645486989564,-0.10321481885169526,0.8846871985831486,0.35958656370164116,0.6573873498896617,Gm49463,FALSE,FALSE,FALSE,FALSE,0.36637217152366514,FALSE,FALSE,0.09826375982778968
BC005624,-0.4908161926654415,0.03293907483462341,-0.3006981143673668,0.17209149625239953,-0.30757608791606117,0.2581474283215736,BC005624,FALSE,FALSE,FALSE,FALSE,0.3663634649829565,FALSE,FALSE,0.09826140568802841
Rian,0.46163074659897063,0.05274178539993674,0.3528903070917142,0.16027532629436814,0.2844821430282245,0.3600588809012681,Rian,FALSE,FALSE,FALSE,FALSE,0.3663343989063031,FALSE,FALSE,0.09825354658427596
Exo1,0.5917543872475022,0.40018567776557157,0.11918829321521762,0.8918933140428124,0.3880448423810018,0.713382629184324,Exo1,FALSE,FALSE,FALSE,FALSE,0.3663291742812405,FALSE,FALSE,0.0982521339109756
Zfp874a,0.46204537148333635,0.07117606173004963,0.47956113278700574,0.10448099193520075,0.1570777185723733,0.6666122328750366,Zfp874a,FALSE,FALSE,FALSE,FALSE,0.36622807428090515,FALSE,FALSE,0.09822479773480426
Il13ra1,0.5745401854330439,0.05574110461192711,0.39484865996402174,0.20127782561883614,0.12928128861670718,0.7700562878232969,Il13ra1,FALSE,FALSE,FALSE,FALSE,0.3662233780045909,FALSE,FALSE,0.09822352792040022
Bag4,0.5368040555317091,0.02300251776828198,0.34306564321894406,0.13038291502996432,0.21857318017940752,0.4245546263275381,Bag4,FALSE,FALSE,FALSE,FALSE,0.36614762631002024,FALSE,FALSE,0.09820304560921136
Igkc,0.06409816545983148,0.9627007989929109,-0.662439593529252,0.6365657379562748,0.3717970237787312,0.8295191101700674,Igkc,FALSE,FALSE,FALSE,FALSE,0.3661115942559382,FALSE,FALSE,0.09819330299224861
Map3k19,-0.5507414001548758,0.17463802021688804,-0.333583797650133,0.4166488156629852,-0.2138660610978076,0.7040683763809263,Map3k19,FALSE,FALSE,FALSE,FALSE,0.36606375296760546,FALSE,FALSE,0.09818036730597968
Frmd3,0.5591500610714306,0.16760333861824991,0.27476561824333023,0.5402866307583487,0.2641560669341282,0.6592130259753674,Frmd3,FALSE,FALSE,FALSE,FALSE,0.36602391541629636,FALSE,FALSE,0.0981695957301418
Gm17354,0.45311207324875014,0.13071526387139806,0.46487741522273973,0.15383544683701847,0.1796054048100879,0.6866412632174951,Gm17354,FALSE,FALSE,FALSE,FALSE,0.3658649644271926,FALSE,FALSE,0.09812661736984174
Rasgrp3,0.5144317761919461,0.1465123159090526,0.3792804733350441,0.31325698445646527,0.2036963967312737,0.7042769235723093,Rasgrp3,FALSE,FALSE,FALSE,FALSE,0.36580288208608797,FALSE,FALSE,0.0981098310809403
Gab3,-0.31345666988204174,0.551157732663466,-0.374405281106885,0.486301436946215,-0.40953706876613727,0.5676000617732655,Gab3,FALSE,FALSE,FALSE,FALSE,0.365799673251688,FALSE,FALSE,0.09810896345223437
Tead1,0.14484086363160564,0.44472132842670153,0.49917390346919355,0.0704576830990092,0.4533696162125418,0.1002620105675008,Tead1,FALSE,FALSE,FALSE,FALSE,0.36579479443778035,FALSE,FALSE,0.09810764428194708
Gm22748,-0.109901049476274,0.7744028417806444,-0.2760759355221034,0.4607676814828954,-0.7110166200488852,0.16398108942495315,Gm22748,FALSE,FALSE,FALSE,FALSE,0.3656645350157542,FALSE,FALSE,0.09807242376269217
Gm24407,0.22750700465872686,0.6784641430577252,-0.24534597685808546,0.6782103830841647,-0.624041912705982,0.39068104797992104,Gm24407,FALSE,FALSE,FALSE,FALSE,0.3656316314075981,FALSE,FALSE,0.09806352703839696
Ube2q2,0.5162905103496636,0.07835453692915285,0.44176462101638414,0.16366827914529852,0.138754258279274,0.7504308045023512,Ube2q2,FALSE,FALSE,FALSE,FALSE,0.3656031298817739,FALSE,FALSE,0.09805582058213091
Apex2,0.36205255952014026,0.11598750613525127,0.41932537549491444,0.1136876774354766,0.3152564714473636,0.3069935193989426,Apex2,FALSE,FALSE,FALSE,FALSE,0.3655448021541394,FALSE,FALSE,0.09804004949377285
Lrrc38,0.16939438628985332,0.7533956256714511,-0.583454065935779,0.31013750156981457,-0.3436275617019812,0.652463734970383,Lrrc38,FALSE,FALSE,FALSE,FALSE,0.36549200464253784,FALSE,FALSE,0.0980257737066931
Scnm1,-0.33835587989532456,0.17786705797678015,-0.4721010913973527,0.11265463224887727,-0.28600643978205875,0.3973799064315954,Scnm1,FALSE,FALSE,FALSE,FALSE,0.3654878036915787,FALSE,FALSE,0.09802463782207267
Angptl7,-0.4965109424342822,0.5744183130479459,0.4364890356281677,0.5940272551879636,-0.16338904688951006,0.9052165136027727,Angptl7,FALSE,FALSE,FALSE,FALSE,0.36546300831732,FALSE,FALSE,0.09801793346285682
Camk2a,-0.0033891902689910935,0.9969228940490537,-0.5179582073426152,0.5989830891521232,0.5747421200567224,0.622580252672698,Camk2a,FALSE,FALSE,FALSE,FALSE,0.36536317255610956,FALSE,FALSE,0.09799093912113976
Cldn6,-0.4379320081343461,0.2519081904689056,-0.3525285626925361,0.36501148845679404,-0.30557374786581004,0.556957643398997,Cldn6,FALSE,FALSE,FALSE,FALSE,0.36534477289756406,FALSE,FALSE,0.09798596408349561
1700037H04Rik,-0.5675620116651134,0.02734049331395135,-0.24657233860411676,0.2654012800475271,-0.2817882238465055,0.3228931499340844,1700037H04Rik,FALSE,FALSE,FALSE,FALSE,0.36530752470524525,FALSE,FALSE,0.0979758926379574
Gm38300,0.526904619198345,0.34131512109995515,0.5277095913142854,0.36352232510564914,0.04115155780994045,0.9693175565461654,Gm38300,FALSE,FALSE,FALSE,FALSE,0.36525525610752363,FALSE,FALSE,0.09796175986257849
Lpar6,0.3648277896242371,0.09545163308486203,0.4184285224836972,0.10005216606778224,0.31243648481307984,0.27951677347185105,Lpar6,FALSE,FALSE,FALSE,FALSE,0.3652309323070047,FALSE,FALSE,0.09795518301100642
Map4k5,0.3954438007430454,0.09973510606049826,0.4899404638086393,0.09327604292226828,0.21008584568877886,0.5340572342099397,Map4k5,FALSE,FALSE,FALSE,FALSE,0.3651567034134879,FALSE,FALSE,0.09793511244618497
Spryd7,0.47750691658905087,0.04199964119918931,0.32353657500452826,0.17437327948304665,0.29420103896660343,0.3198924465078698,Spryd7,FALSE,FALSE,FALSE,FALSE,0.3650815101867275,FALSE,FALSE,0.09791478113771025
Pomc,-0.6263572043907288,0.32987471343174535,-0.3664509631238264,0.6164389431955848,-0.10220220639667765,0.9328010686401117,Pomc,FALSE,FALSE,FALSE,FALSE,0.36500345797041095,FALSE,FALSE,0.09789367679420169
Ralgds,-0.39967321582440096,0.1810327686153222,-0.3708719740297388,0.2522924373187414,-0.3243560096672038,0.4411571550032388,Ralgds,FALSE,FALSE,FALSE,FALSE,0.3649670665071145,FALSE,FALSE,0.09788383699748057
Osbpl7,-0.5354948335968763,0.09585751655716562,-0.35789248394086304,0.2597209227926208,-0.20147381709946277,0.6326413618940232,Osbpl7,FALSE,FALSE,FALSE,FALSE,0.364953711545734,FALSE,FALSE,0.09788022598288268
Sash3,-0.3354194747932457,0.4005449285051863,-0.37486678681343777,0.364786695989813,-0.38443058006476893,0.48004620270188303,Sash3,FALSE,FALSE,FALSE,FALSE,0.36490561389048415,FALSE,FALSE,0.09786722097820437
A430078I02Rik,-0.04314497523537475,0.9215119513509249,-0.26909986739708636,0.5073225253496932,-0.782419153493425,0.162978954396471,A430078I02Rik,FALSE,FALSE,FALSE,FALSE,0.3648879987086287,FALSE,FALSE,0.09786245805324993
Ipo11,0.4773715863267789,0.051798044467034995,0.42094524408101375,0.1187700963924737,0.19574181887371633,0.5546528932597539,Ipo11,FALSE,FALSE,FALSE,FALSE,0.36468621642716964,FALSE,FALSE,0.09780789864695989
Psap,-0.5194468969488657,0.04228552241353004,-0.3237304847687259,0.20622119745259915,-0.25082779950014356,0.4478475769295595,Psap,FALSE,FALSE,FALSE,FALSE,0.36466839373924503,FALSE,FALSE,0.09780307961495853
Dsel,0.5300901252967485,0.04365719335255732,0.3839256992823854,0.15593333411628635,0.1796763520340745,0.6090343244783578,Dsel,FALSE,FALSE,FALSE,FALSE,0.36456405887106946,FALSE,FALSE,0.09777486877096446
Spcs3,0.5400706171795147,0.04981338696929231,0.351246989446766,0.208733683230254,0.20227277375787445,0.5873785725508125,Spcs3,FALSE,FALSE,FALSE,FALSE,0.36453012679471836,FALSE,FALSE,0.09776569396172691
4732491K20Rik,-0.49785738162612936,0.18388016009174105,-0.3107187453357918,0.4082341235082917,-0.28494019704720963,0.5686131970566686,4732491K20Rik,FALSE,FALSE,FALSE,FALSE,0.3645054413363769,FALSE,FALSE,0.09775901932240097
Dpysl4,-0.4511306718541723,0.16515739838780052,-0.3157292654307611,0.3359563596771851,-0.32661637786549935,0.4479050700592937,Dpysl4,FALSE,FALSE,FALSE,FALSE,0.36449210505014423,FALSE,FALSE,0.09775541335732957
9130221H12Rik,-0.43415552544731995,0.13955670971389694,-0.26297905662360366,0.370496490510911,-0.3962941009759957,0.3050824603472011,9130221H12Rik,FALSE,FALSE,FALSE,FALSE,0.3644762276823064,FALSE,FALSE,0.09775112031555991
Gstt3,-0.3559447921929835,0.25380677253519757,-0.40065560891923124,0.2239668496417463,-0.33658691205034263,0.4223776035002393,Gstt3,FALSE,FALSE,FALSE,FALSE,0.3643957710541858,FALSE,FALSE,0.0977293658491587
Cby1,-0.41929719869123394,0.04163307800428041,-0.4006265796564943,0.08726623232768742,-0.273225837868873,0.2684847563438632,Cby1,FALSE,FALSE,FALSE,FALSE,0.36438320540553376,FALSE,FALSE,0.09772596825485486
Gm43332,0.5797052315299636,0.1460363857921992,0.29261747734872345,0.5034150234998475,-0.2208120603694112,0.73647889380471665,Gm43332,FALSE,FALSE,FALSE,FALSE,0.3643782564160327,FALSE,FALSE,0.09772463010996442
Fbxo34,-0.5112093100358917,0.02454000316854638,-0.20564526667429917,0.2887168214951884,-0.37618599296453104,0.1406428881393126,Fbxo34,FALSE,FALSE,FALSE,FALSE,0.3643468565582406,FALSE,FALSE,0.09771613998096826
Cobll1,0.30149907814886,0.25588791964117497,0.3776768472390044,0.18479079067833887,0.4137437814832867,0.24059549888574921,Cobll1,FALSE,FALSE,FALSE,FALSE,0.3643065689570504,FALSE,FALSE,0.0977052467172689
Nol12,-0.3755163178789793,0.17088108669381252,-0.4175873398221075,0.16702716599803014,-0.2997945078793105,0.42398275819315795,Nol12,FALSE,FALSE,FALSE,FALSE,0.3642993885267991,FALSE,FALSE,0.09770330521869637
Btnl9,-0.05005868889971861,0.9505527458115584,-0.5795353717486955,0.4497306095400916,0.4632410118998791,0.6024748603518452,Btnl9,FALSE,FALSE,FALSE,FALSE,0.3642783575160977,FALSE,FALSE,0.09769761869632558
Grcc10,-0.4634402884644855,0.09207043371496472,-0.3186154840511821,0.24968657272601208,-0.31074242788834017,0.3804141190832194,Grcc10,FALSE,FALSE,FALSE,FALSE,0.36426606680133594,FALSE,FALSE,0.09769429544070851
Mtm1,0.4115899403515235,0.05255217731649686,0.42768735791472645,0.08726623232768742,0.2534809824038242,0.3532289119620148,Mtm1,FALSE,FALSE,FALSE,FALSE,0.36425276022335806,FALSE,FALSE,0.0976906975083778
Tmem144,0.6775640633937492,0.1346785458956119,0.041666330738542534,0.9446642574612762,0.37347480245822084,0.5700228149435639,Tmem144,FALSE,FALSE,FALSE,FALSE,0.3642350655301709,FALSE,FALSE,0.0976859130845533
D330045A20Rik,0.5407404445514701,0.37729912712453323,0.18661688088477957,0.8013497849290945,0.3651622873061454,0.6866900828017634,D330045A20Rik,FALSE,FALSE,FALSE,FALSE,0.364173204247465,FALSE,FALSE,0.09766918656707928
Adam10,0.5768220004954951,0.019412022934694215,0.29136358347439195,0.17319433251745492,0.22395636665127938,0.4051504225362515,Adam10,FALSE,FALSE,FALSE,FALSE,0.36404731687372216,FALSE,FALSE,0.09763514819502224
H2afy,-0.46922820456556824,0.01691434231227352,-0.3234619976417168,0.08525470443769087,-0.2994344732673522,0.1402293277642615,H2afy,FALSE,FALSE,FALSE,FALSE,0.36404155849154574,FALSE,FALSE,0.09763359120047116
Rttn,0.4841402588281545,0.021715978915191857,0.2839682353289672,0.14175301147002217,0.32388385968168976,0.16365257450141046,Rttn,FALSE,FALSE,FALSE,FALSE,0.3639974512796038,FALSE,FALSE,0.09762166516177609
Rbm39,0.4677942845255556,0.05173260706053303,0.43575939187390933,0.10890761169862719,0.1883393701468501,0.5603327662620621,Rbm39,FALSE,FALSE,FALSE,FALSE,0.36396434884877166,FALSE,FALSE,0.09761271467831491
Akap5,0.38314454850067525,0.3591355173783138,0.0722998094343208,0.8887082313493175,0.6363591851680988,0.24221307632854502,Akap5,FALSE,FALSE,FALSE,FALSE,0.36393451436769825,FALSE,FALSE,0.09760464780761363
Gm14681,0.17915437272735085,0.6658780126576095,0.3758282824489702,0.3426706284403532,-0.5367993540064621,0.3557754064164475,Gm14681,FALSE,FALSE,FALSE,FALSE,0.36392733639426106,FALSE,FALSE,0.09760270697333291
Alkbh6,-0.4763625326210672,0.0408077391264366,-0.31010964382320205,0.1696384291254824,-0.3052608856181429,0.2710996303161293,Alkbh6,FALSE,FALSE,FALSE,FALSE,0.3639110206874707,FALSE,FALSE,0.09759829541019047
Naaa,-0.4226582027296235,0.121788542747513,-0.44762705650511325,0.14063530962488444,-0.22132976473415233,0.5558389517164815,Naaa,FALSE,FALSE,FALSE,FALSE,0.3638716746562964,FALSE,FALSE,0.09758765673525222
Rp2,0.5228346547491087,0.057356807543178887,0.3424859892305978,0.2237878448647094,0.22627719336228846,0.5448033996385021,Rp2,FALSE,FALSE,FALSE,FALSE,0.363865945780665,FALSE,FALSE,0.09758610771890203
Gm43682,0.3220123286718466,0.46459879233188117,0.5653806714785222,0.20403294468971883,0.20403917851717376,0.7542311804984544,Gm43682,FALSE,FALSE,FALSE,FALSE,0.3638107262225142,FALSE,FALSE,0.09757117704071502
Fam213b,-0.4293466551050291,0.08173411467595457,-0.47775907442745513,0.09718455312173828,-0.18401996236404372,0.5732538720885044,Fam213b,FALSE,FALSE,FALSE,FALSE,0.3637085639655093,FALSE,FALSE,0.09754355364362023
5730420D15Rik,-0.35534225449077333,0.537991057917754,-0.1475088831188267,0.8151020574628469,-0.5882276663933488,0.4570186161614942,5730420D15Rik,FALSE,FALSE,FALSE,FALSE,0.3636929346676496,FALSE,FALSE,0.09753932767687137
4921504A21Rik,0.6326215136126665,0.10451154802144635,0.23027665266424263,0.598600567444625,-0.22806061980337897,0.7191804867979169,4921504A21Rik,FALSE,FALSE,FALSE,FALSE,0.36365292869342936,FALSE,FALSE,0.0975285105615839
Bbip1,0.5102520277304521,0.02724807363047442,0.3343431873304308,0.14063530962488444,0.24617539760728224,0.3733741239427239,Bbip1,FALSE,FALSE,FALSE,FALSE,0.3635902042227217,FALSE,FALSE,0.09751155064886549
Gm2000,-0.33889383916330956,0.4090185928581371,-0.348310223820976,0.4155740067288407,-0.40354582280511325,0.4737056104533744,Gm2000,FALSE,FALSE,FALSE,FALSE,0.36358329526313293,FALSE,FALSE,0.09750968255256626
Eml5,0.3887325772609076,0.07169307907896783,0.4015837067133692,0.10881888673248968,0.2999946779976064,0.2950361451615675,Eml5,FALSE,FALSE,FALSE,FALSE,0.36343698732396107,FALSE,FALSE,0.09747012271490849
Aes,-0.4735773211913301,0.03922583536852753,-0.37900071708310623,0.1212335433577694,-0.23769869179471748,0.4129097120597232,Aes,FALSE,FALSE,FALSE,FALSE,0.3634255766897179,FALSE,FALSE,0.09746703742206117
Cd83,0.12377881288521553,0.7343989784391549,-0.33321927125422723,0.3719125192580454,-0.6332494050485838,0.2133104250217475,Cd83,FALSE,FALSE,FALSE,FALSE,0.3634158297293422,FALSE,FALSE,0.09746440196582892
Adam3,0.6207446180980378,0.21283192654958552,0.10285999838760518,0.8712566455646268,0.3664095635493797,0.6165928950268413,Adam3,FALSE,FALSE,FALSE,FALSE,0.36333806001167424,FALSE,FALSE,0.09744337400642322
Blvrb,-0.49579492782633583,0.07787714605366218,-0.32324545935128546,0.2418725836381834,-0.2709483777179704,0.44488354752418446,Blvrb,FALSE,FALSE,FALSE,FALSE,0.36332958829853057,FALSE,FALSE,0.09744108336109979
Tmem165,0.47779391764838675,0.04979573940298909,0.3752440902828802,0.1467138134029635,0.2368609166814215,0.45812845965150645,Tmem165,FALSE,FALSE,FALSE,FALSE,0.36329964153756283,FALSE,FALSE,0.09743298613131877
B230362B09Rik,0.49410202025945665,0.5330787937781453,0.5316457641792098,0.5160626214823194,0.06364409174891972,0.9672576142655462,B230362B09Rik,FALSE,FALSE,FALSE,FALSE,0.36313062539586205,FALSE,FALSE,0.09738728627958775
Plekhg4,-0.3626552051693841,0.3862124436254617,-0.7048163762558182,0.14639963488229557,-0.0218519716141945,0.9755716489156836,Plekhg4,FALSE,FALSE,FALSE,FALSE,0.36310785101313225,FALSE,FALSE,0.09738112837121554
Fgf13,0.3732618175136566,0.26069239694048596,0.38307649533273835,0.2760439199546061,0.3329639631335586,0.46908854876457173,Fgf13,FALSE,FALSE,FALSE,FALSE,0.36310075865998453,FALSE,FALSE,0.0973792106875907
Zfp493,0.597645987969043,0.05780784272707241,0.4473712640377836,0.17502422655608488,-0.04425907715476862,0.9382131319933964,Zfp493,FALSE,FALSE,FALSE,FALSE,0.36309210972053174,FALSE,FALSE,0.09737687212248888
Tenm4,-0.6370838737435598,0.04635453586239561,-0.2600702479709778,0.4138742319377187,-0.19206914534144381,0.6592706280377182,Tenm4,FALSE,FALSE,FALSE,FALSE,0.3630744223519938,FALSE,FALSE,0.09737208967915796
Egln2,-0.5280557340722414,0.019981381847431246,-0.3084357218112377,0.1312222907616581,-0.2527003827147718,0.29707755412989917,Egln2,FALSE,FALSE,FALSE,FALSE,0.36306394619941695,FALSE,FALSE,0.09736925705847063
Lats2,0.34057585258982215,0.20828790645304526,0.48716165149191504,0.1156090072283418,0.26138242819045665,0.4867810437672348,Lats2,FALSE,FALSE,FALSE,FALSE,0.36303997742406463,FALSE,FALSE,0.09736277620126521
Serpinb6b,0.7676797633914878,0.09852016257814526,0.14802839965084957,0.7962672342616983,-0.17322786864851525,0.8318627856958678,Serpinb6b,FALSE,FALSE,FALSE,FALSE,0.3629786772302842,FALSE,FALSE,0.09734620139522208
Tarbp1,0.3825326446035384,0.10434752758556383,0.3762975716579273,0.14396019147148237,0.32987273040927434,0.289054293552995,Tarbp1,FALSE,FALSE,FALSE,FALSE,0.36290098222358,FALSE,FALSE,0.09732519363672698
Tcea1,0.4707835997786889,0.06021464550503504,0.41104555280719435,0.13460721094597888,0.20685618244057924,0.5455728975988413,Tcea1,FALSE,FALSE,FALSE,FALSE,0.3628951116754875,FALSE,FALSE,0.09732360631391444
Gstm6,-0.7514323715843626,0.11081158060264008,-0.2336650136348455,0.6058683970703581,-0.10345017192702088,0.8795013884906151,Gstm6,FALSE,FALSE,FALSE,FALSE,0.36284918571540964,FALSE,FALSE,0.09731118850846082
Alg11,0.47520855032118803,0.03636194355613853,0.4116367264267806,0.09934462909697256,0.20168428473874567,0.4818397663255097,Alg11,FALSE,FALSE,FALSE,FALSE,0.3628431871622381,FALSE,FALSE,0.09730956657467521
Vwf,-0.17600956507889642,0.8530554361699214,0.6526767584024182,0.40828187681163547,0.2597542000832145,0.8383691582713656,Vwf,FALSE,FALSE,FALSE,FALSE,0.36281350785484306,FALSE,FALSE,0.09730154166099664
Gpr6,-0.5876979926036743,0.29351600684196366,0.06582041536559835,0.9166546909740583,-0.43486209874126125,0.5760065847775668,Gpr6,FALSE,FALSE,FALSE,FALSE,0.36279350223684464,FALSE,FALSE,0.0972961323919936
Anxa5,-0.3565392266211962,0.06375804038220935,-0.3381917720460601,0.12005349104984249,-0.3931204565301991,0.1306330155548047,Anxa5,FALSE,FALSE,FALSE,FALSE,0.36261715173248515,FALSE,FALSE,0.09724844942029147
Zfp974,0.4148813836983143,0.05947258509512984,0.42939294098961067,0.09327604292226828,0.24345335983580263,0.4033885028223221,Zfp974,FALSE,FALSE,FALSE,FALSE,0.36257589484124253,FALSE,FALSE,0.09723729407267971
Ufl1,0.49482646494380234,0.02233923310819874,0.29865508384181627,0.1383581407961631,0.29411757018892803,0.22625471874574954,Ufl1,FALSE,FALSE,FALSE,FALSE,0.36253303965818223,FALSE,FALSE,0.09722570656694178
Loxhd1,0.07617236423798536,0.91988670299915265,0.6218545310108433,0.3177542799105852,0.389434604229265,0.6573798774633489,Loxhd1,FALSE,FALSE,FALSE,FALSE,0.3624871664926979,FALSE,FALSE,0.09721330303648622
Gpr137b-ps,0.45296088743063034,0.06857899778680661,0.33340227320893856,0.19635044386938566,0.30100769086154777,0.3574572286911746,Gpr137b-ps,FALSE,FALSE,FALSE,FALSE,0.36245695050037224,FALSE,FALSE,0.09720513300991188
Pdzd4,-0.351391566475999,0.06408010954797248,-0.44366944568660216,0.07424451517651934,-0.292245959557242,0.23379416040204887,Pdzd4,FALSE,FALSE,FALSE,FALSE,0.3624356572399477,FALSE,FALSE,0.09719937557849449
mt-Co1,0.42888475197756115,0.0875693530931568,0.3572834484897758,0.18714316511102974,0.30108588502793765,0.3762496213382318,mt-Co1,FALSE,FALSE,FALSE,FALSE,0.36241802849842486,FALSE,FALSE,0.09719460898717552
Sntb1,0.4055037843903371,0.05135787540230434,0.40168832574857394,0.09488953217474604,0.27983406672168254,0.2958443312333465,Sntb1,FALSE,FALSE,FALSE,FALSE,0.36234205895353117,FALSE,FALSE,0.09717406777198281
Unc5b,-0.4701640650319927,0.2621892706603246,-0.3220363709537477,0.4518305609076963,-0.29474312432232175,0.6077926607531411,Unc5b,FALSE,FALSE,FALSE,FALSE,0.3623145201026874,FALSE,FALSE,0.09716662161099643
Ppm1g,-0.46791041312178194,0.019435742666429615,-0.3280591371728976,0.091288359702255,-0.29075716685014275,0.1748775832390268,Ppm1g,FALSE,FALSE,FALSE,FALSE,0.3622422390482741,FALSE,FALSE,0.09714707771751731
Tnfrsf10b,-0.41199818765148244,0.20794539471936918,-0.4335731591065768,0.20967523415278655,-0.2409956815840193,0.5875937812117462,Tnfrsf10b,FALSE,FALSE,FALSE,FALSE,0.3621890094473595,FALSE,FALSE,0.09713268509888917
9130604C24Rik,-0.1916880012311013,0.5893229385550174,-0.5655239660394263,0.1520578330457242,-0.3293031599583106,0.48604094822838,9130604C24Rik,FALSE,FALSE,FALSE,FALSE,0.36217170907627944,FALSE,FALSE,0.09712800729483274
Fsbp,0.7540248687228532,0.07281060083867312,0.20444170339938333,0.6702624287894677,0.12801767192790198,0.8579028604845285,Fsbp,FALSE,FALSE,FALSE,FALSE,0.36216141468337953,FALSE,FALSE,0.09712522381968977
Lrriq3,0.6625357374112832,0.030440707199467964,0.34516777153711997,0.24168242366686105,0.07875243089813111,0.8679789910206142,Lrriq3,FALSE,FALSE,FALSE,FALSE,0.3621519799488448,FALSE,FALSE,0.09712267278542155
Trp53i11,-0.5635555332448661,0.07609276074433094,-0.3132395739887741,0.3403525341034594,-0.20941547203482092,0.6424326940104498,Trp53i11,FALSE,FALSE,FALSE,FALSE,0.362070193089487,FALSE,FALSE,0.09710055864112395
Cstb,-0.41187789977253564,0.04282492705268315,-0.20112897274284336,0.2913687912323456,-0.4731920433714505,0.08302092690990023,Cstb,FALSE,FALSE,FALSE,FALSE,0.36206630529560985,FALSE,FALSE,0.097099507430263493
Rnf111,0.3301533004452031,0.08232300530168593,0.4024622788591161,0.08744001491958998,0.35339947139632244,0.16398108942495315,Rnf111,FALSE,FALSE,FALSE,FALSE,0.36200501690021386,FALSE,FALSE,0.09708293581435602
Zic5,-0.19148758768781204,0.843098509124636,0.3295606898579664,0.7128339208165703,0.5646302364610093,0.6080537715844674,Zic5,FALSE,FALSE,FALSE,FALSE,0.3618928380022626,FALSE,FALSE,0.0970526040427741
Foxo6,-0.29538347657567243,0.459312682796069,-0.6120945392534001,0.16883624532857525,-0.17816968240524877,0.7575742204671062,Foxo6,FALSE,FALSE,FALSE,FALSE,0.3618825660781071,FALSE,FALSE,0.09704982664289873
Esyt3,-0.4345332042449863,0.10397563320217437,-0.2575109272162659,0.33154874044825666,-0.3935835652501529,0.25716025112894175,Esyt3,FALSE,FALSE,FALSE,FALSE,0.36187589890380173,FALSE,FALSE,0.0970480239223174
Fcgr4,-0.2529677217192173,0.6828763664752397,-0.5519864696376598,0.37731366133577043,-0.2806086433501469,0.7424085677028015,Fcgr4,FALSE,FALSE,FALSE,FALSE,0.3618542782356747,FALSE,FALSE,0.09704217796395041
Adamts9,0.3706738436923982,0.07219074338574336,0.48614350024873554,0.07242313242785868,0.22850934999041828,0.40608108524542064,Adamts9,FALSE,FALSE,FALSE,FALSE,0.3617755646438507,FALSE,FALSE,0.09702089479277294
D7Bwg0826e,0.31737115312039316,0.5071493365694197,0.508886829140109,0.2880354262441859,0.2588379263890719,0.7072156366785575,D7Bwg0826e,FALSE,FALSE,FALSE,FALSE,0.36169863621652465,FALSE,FALSE,0.09700009430775818
Gpaa1,-0.31433442468002504,0.10840153471192075,-0.4635313491362023,0.07684192185984365,-0.306950480605213,0.23882949069592688,Gpaa1,FALSE,FALSE,FALSE,FALSE,0.36160541814048014,FALSE,FALSE,0.09697488930537783
Plch2,-0.6418092054359836,0.250938637587565,-0.40250992690543574,0.476940091903681,-0.040476844149444524,0.9672576142655462,Plch2,FALSE,FALSE,FALSE,FALSE,0.36159865883028797,FALSE,FALSE,0.09697306167240456
Gm5124,-0.4190463302719858,0.18879437825283124,-0.4403595333187815,0.1942964327306875,-0.22523051749097478,0.6018000001898766,Gm5124,FALSE,FALSE,FALSE,FALSE,0.3615454603605807,FALSE,FALSE,0.0969586774712657
Rgs4,-0.5453937981187158,0.09552061535922338,-0.16725812027013198,0.6339856567426926,-0.37189245232033574,0.3980636954014559,Rgs4,FALSE,FALSE,FALSE,FALSE,0.3615147902363945,FALSE,FALSE,0.09695038465311366
Hnrnph1,0.41358721828335643,0.08514568980978891,0.32458339183602813,0.20265277686138689,0.34632325794593566,0.28315990045604944,Hnrnph1,FALSE,FALSE,FALSE,FALSE,0.3614979560217734,FALSE,FALSE,0.096945832891936
Atp5k,-0.24907014512596515,0.10633786025476075,-0.3819121000066472,0.07242313242785868,-0.45347642254485887,0.06281008220818142,Atp5k,FALSE,FALSE,FALSE,FALSE,0.3614862225591571,FALSE,FALSE,0.09694266031033248
Cmya5,-0.3421268917161362,0.6865274997016886,0.6277615647428152,0.3830323204711277,-0.11455997369677884,0.9327731024728054,Cmya5,FALSE,FALSE,FALSE,FALSE,0.3614828100519101,FALSE,FALSE,0.09694173761103494
Ccdc89,0.327432145830797,0.49618212030561026,0.2603823259947259,0.6134429044387443,0.4966117967100491,0.42382405512237675,Ccdc89,FALSE,FALSE,FALSE,FALSE,0.3614754228451907,FALSE,FALSE,0.09693974020269049
Tmem74b,-0.5540547532747584,0.3967340221729356,0.21013601032139417,0.7491666574965188,-0.3200508571418833,0.7305711193580291,Tmem74b,FALSE,FALSE,FALSE,FALSE,0.3614138735793453,FALSE,FALSE,0.0969230980506748
Chp2,0.3326914594314248,0.5684718618434788,-0.05115076857061657,0.9435046009359409,-0.7002673143530515,0.4245546263275381,Chp2,FALSE,FALSE,FALSE,FALSE,0.3613698474516976,FALSE,FALSE,0.0969111939361592
Gm45629,-0.3710295593909286,0.6109471431683392,-0.14941722575988625,0.8484004953908906,-0.5635217559531778,0.5722922989233111,Gm45629,FALSE,FALSE,FALSE,FALSE,0.3613228470346642,FALSE,FALSE,0.09689848561097732
Spock2,-0.5921580269330917,0.021218439507966206,-0.3060874292607121,0.18058263934137217,-0.18571587677517165,0.5286413313901055,Spock2,FALSE,FALSE,FALSE,FALSE,0.3613204443229918,FALSE,FALSE,0.09689783594777902
Trim30a,0.6876854608872438,0.07692816820674059,0.20456934460202447,0.64024046628203235,0.19158066173151056,0.7464469040878334,Trim30a,FALSE,FALSE,FALSE,FALSE,0.36127848907359295,FALSE,FALSE,0.09688649177285245
Bcl11a,0.470857591002503,0.06685610684488208,0.4260888669837719,0.12969353166445266,0.18688251992920524,0.6018000001898766,Bcl11a,FALSE,FALSE,FALSE,FALSE,0.36127632597182674,FALSE,FALSE,0.09688590689717727
Rammet,0.49010834490745747,0.027787079556589097,0.3359604780921117,0.13144440679314048,0.2576254468869079,0.33222572313831944,Rammet,FALSE,FALSE,FALSE,FALSE,0.36123142329549235,FALSE,FALSE,0.09687376577485511
U2af2,-0.4406689615596253,0.04852052675961581,-0.29874903902432415,0.1887247555678563,-0.3441512480273925,0.2286224958462789,U2af2,FALSE,FALSE,FALSE,FALSE,0.36118974953711397,FALSE,FALSE,0.09686249771158138
Wars,-0.33599668605651445,0.07458445247706183,-0.3347876262753733,0.1156090072283418,-0.4127197834156515,0.11120914803128143,Wars,FALSE,FALSE,FALSE,FALSE,0.3611680319158464,FALSE,FALSE,0.09685662553829727
Abcb7,0.6194434601099514,0.029633515864581787,0.30110741355242343,0.2613324069934754,0.16287814663316613,0.6567154068593041,Abcb7,FALSE,FALSE,FALSE,FALSE,0.36114300676518035,FALSE,FALSE,0.09684985905041348
Fcgr1,-0.24282201969696426,0.5725457455608315,-0.6867958662891172,0.1555849836070322,-0.153785945929512,0.8049986712399015,Fcgr1,FALSE,FALSE,FALSE,FALSE,0.36113461063853114,FALSE,FALSE,0.09684758884273317
E030018B13Rik,0.19979375735712168,0.810273631006891,0.39660943943092686,0.619953456660641,0.4869398883761655,0.635556081984605,E030018B13Rik,FALSE,FALSE,FALSE,FALSE,0.36111436172140465,FALSE,FALSE,0.09684211378868754
2610021A01Rik,0.46368161623425586,0.06375649594055306,0.4462262261201033,0.11360686403682375,0.17332856437165933,0.6197950661833991,2610021A01Rik,FALSE,FALSE,FALSE,FALSE,0.36107880224200617,FALSE,FALSE,0.09683249895001125
Tm9sf1,-0.4411759584719164,0.03956422619296303,-0.3688991941666089,0.10822907372343339,-0.2726596592164636,0.2958443312333465,Tm9sf1,FALSE,FALSE,FALSE,FALSE,0.36091160395166294,FALSE,FALSE,0.09678729062256111
Gm19178,-0.15533840737905508,0.7580030221816283,-0.3855825310403176,0.43650574846283213,-0.5417737995808607,0.408670371375703,Gm19178,FALSE,FALSE,FALSE,FALSE,0.3608982460000778,FALSE,FALSE,0.09678367879944927
Nup210,-0.3370724368122149,0.09821692376104002,-0.3661783878902112,0.11844969898846948,-0.37936264149201016,0.16718887426545054,Nup210,FALSE,FALSE,FALSE,FALSE,0.3608711553981454,FALSE,FALSE,0.09677635383936464
Mkrn2os,-0.37681982275236586,0.6388105464442552,-0.1806257350429245,0.8334469023317728,-0.5251643370988412,0.6359287743437843,Mkrn2os,FALSE,FALSE,FALSE,FALSE,0.3608699649647105,FALSE,FALSE,0.09677603196104627
Fam83g,-0.6174541828086146,0.11062728603240993,0.23468669343627702,0.49832709654500795,-0.23039874683481076,0.6464833231663049,Fam83g,FALSE,FALSE,FALSE,FALSE,0.3608465410265675,FALSE,FALSE,0.09676969842101085
Hbb-bs,0.5477546289688497,0.3528552292706507,0.17865006189312815,0.7999865897410648,0.3561074301366922,0.686813506456624,Hbb-bs,FALSE,FALSE,FALSE,FALSE,0.36083737366622337,FALSE,FALSE,0.09676721968138116
Spag8,0.33297567039885545,0.6283943157874712,0.2754884568969648,0.7078987479815942,0.4737784099562338,0.6026847721488386,Spag8,FALSE,FALSE,FALSE,FALSE,0.36074751241735137,FALSE,FALSE,0.09674292232310229
Gstm1,-0.5614458034432568,0.037669515816472945,-0.3072099374237274,0.2368781698432271,-0.21333648924956616,0.5345664119837217,Gstm1,FALSE,FALSE,FALSE,FALSE,0.36066407670551676,FALSE,FALSE,0.09672036234970836
Nudt10,0.5545106483399707,0.05004367791759385,0.34087400172569193,0.23297726659049384,0.18611174922058193,0.63392369073283406,Nudt10,FALSE,FALSE,FALSE,FALSE,0.3604987997620815,FALSE,FALSE,0.0966756735304421
Rab18,0.4812245008906917,0.09888415925716254,0.4055936478547624,0.19573543900633247,0.19467768108190064,0.6433857487756609,Rab18,FALSE,FALSE,FALSE,FALSE,0.3604986099424516,FALSE,FALSE,0.09667562220558723
Kctd4,0.44642728148660993,0.3265623516618591,0.5868303497493388,0.23672766689248725,-0.04801993711504515,0.9561166086653877,Kctd4,FALSE,FALSE,FALSE,FALSE,0.36042585611699796,FALSE,FALSE,0.09665595048072924
Gm28439,0.5026940351876038,0.26588135647485217,0.5063606621963387,0.2866791249792517,0.07214872241175119,0.9330461517298668,Gm28439,FALSE,FALSE,FALSE,FALSE,0.3604011399318979,FALSE,FALSE,0.0966492675332719
Siah3,-0.37795419762940474,0.1820968282592018,-0.30779447134410987,0.2913687912323456,-0.39515751805357224,0.29707755412989917,Siah3,FALSE,FALSE,FALSE,FALSE,0.3603020623423623,FALSE,FALSE,0.0966224781916973
Chchd6,-0.4915116172951626,0.029887603850818716,-0.3554597696588382,0.11432686890313623,-0.23384223998634557,0.36452411371933907,Chchd6,FALSE,FALSE,FALSE,FALSE,0.36027120898011544,FALSE,FALSE,0.09661413582826445
Cdc37l1,0.358282998377887,0.07921581889933181,0.419398907178536,0.091288359702255,0.3030271202364645,0.2644890461645723,Cdc37l1,FALSE,FALSE,FALSE,FALSE,0.3602363419309625,FALSE,FALSE,0.09660470821407001
Sh3bgrl3,-0.37145071037814503,0.0866431771998863,-0.33855000375178257,0.14656943276270237,-0.3704541979805427,0.19269526737486312,Sh3bgrl3,FALSE,FALSE,FALSE,FALSE,0.36015163737015676,FALSE,FALSE,0.09658180515977702
Mtif2,0.4762759542449464,0.02734049331395135,0.3263045125120909,0.13037161640103606,0.27784732509199106,0.2783788457538102,Mtif2,FALSE,FALSE,FALSE,FALSE,0.36014259728300946,FALSE,FALSE,0.09657936083322863
Mt2,-0.6836598603943895,0.031111692726806958,0.12056594577763402,0.6643815813280439,-0.27592521485411137,0.43953232720730584,Mt2,FALSE,FALSE,FALSE,FALSE,0.36005034034204497,FALSE,FALSE,0.09655441570975812
A730017L22Rik,0.3232435553723825,0.11651271067653067,0.4143272047782629,0.09180503249903499,0.34257602844145696,0.2108021353646558,A730017L22Rik,FALSE,FALSE,FALSE,FALSE,0.3600489295307008,FALSE,FALSE,0.09655403424400814
Gm7832,-0.3708898779485596,0.5261477883510141,-0.4006469601781024,0.5060684476708045,-0.3082480437059543,0.7074751679039276,Gm7832,FALSE,FALSE,FALSE,FALSE,0.35992829394420545,FALSE,FALSE,0.0965214158895667
Hmces,-0.5054783845210422,0.03317164970990902,-0.2787786035128974,0.19447640933313137,-0.29530579417273106,0.2738869870440179,Hmces,FALSE,FALSE,FALSE,FALSE,0.3598542607355569,FALSE,FALSE,0.09650139823548724
Kcnmb4os2,-0.24955358541743322,0.5668244412128675,0.5385621954516581,0.1805877448834008,0.29137754461987,0.5911359043622028,Kcnmb4os2,FALSE,FALSE,FALSE,FALSE,0.35983110849632044,FALSE,FALSE,0.09649513815943947
D130009I18Rik,0.765457773359064,0.25018736745860526,-0.07941027814059326,0.9297026595306346,-0.23460453533818573,0.8513275863241275,D130009I18Rik,FALSE,FALSE,FALSE,FALSE,0.3598241956126143,FALSE,FALSE,0.09649326900210796
Spsb4,-0.2260214084078188,0.5977534692386802,-0.5858331744221829,0.20237179998035418,-0.26755520179639025,0.6498321150608817,Spsb4,FALSE,FALSE,FALSE,FALSE,0.35980326154213066,FALSE,FALSE,0.09648760869116013
Cntnap5c,0.20782515703655613,0.5969105733671356,0.17659727102373912,0.6714862127237533,0.6949567115859709,0.1428727193465167,Cntnap5c,FALSE,FALSE,FALSE,FALSE,0.3597930465487554,FALSE,FALSE,0.09648484668465598
Tgif1,-0.6009715517909777,0.09040739329995418,-0.14314084870943322,0.6881232615160287,-0.33514149405264826,0.4536024886562137,Tgif1,FALSE,FALSE,FALSE,FALSE,0.3597512981843531,FALSE,FALSE,0.09647355844884609
Dlgap2,0.3493629063717112,0.5281627505623109,-0.31360673373356185,0.6269784858933712,0.416211800298745,0.5811431081036605,Dlgap2,FALSE,FALSE,FALSE,FALSE,0.3597271468013393,FALSE,FALSE,0.0964670282168119
Triap1,-0.39904405316676783,0.06684931264780973,-0.38246532193525695,0.11259354305197018,-0.29764185870940985,0.27725271245900934,Triap1,FALSE,FALSE,FALSE,FALSE,0.35971707793714486,FALSE,FALSE,0.09646430572181139
Cntnap4,0.24873299585846764,0.6512082442857864,0.36955121895727006,0.4944488986008677,0.4607516814722561,0.5083308282729935,Cntnap4,FALSE,FALSE,FALSE,FALSE,0.35967863209599793,FALSE,FALSE,0.09645391044700266
Krt1,-0.5596538372276898,0.2643752521931874,-0.4336652657169869,0.3965253386387812,0.08560292240892631,0.9112662381954387,Krt1,FALSE,FALSE,FALSE,FALSE,0.3596406751178677,FALSE,FALSE,0.09644364735464205
Dedd2,-0.3999165522701231,0.06219365004951987,-0.362692410283433,0.12333440589942724,-0.31626339554275784,0.251408896069704,Dedd2,FALSE,FALSE,FALSE,FALSE,0.359624119365438,FALSE,FALSE,0.09643917088615969
Zfp770,0.5602214683735021,0.07295663023056072,0.4486953200210184,0.1777515530980301,0.0699016387975755,0.8945125634117448,Zfp770,FALSE,FALSE,FALSE,FALSE,0.3596061423973653,FALSE,FALSE,0.09643431013873506
Mcm9,0.46400928647395023,0.027910305702979202,0.2928018246732682,0.15412885058219658,0.3218350172244433,0.20023375654654177,Mcm9,FALSE,FALSE,FALSE,FALSE,0.35954870945722056,FALSE,FALSE,0.09641878098972786
Fndc9,-0.4292267501482121,0.5018948022842705,-0.05974313431172851,0.9329177574445945,-0.5896321528586415,0.4963136411832465,Fndc9,FALSE,FALSE,FALSE,FALSE,0.3595340124395274,FALSE,FALSE,0.09641480709988096
Kcnh3,-0.5239575092803266,0.3087814888993521,-0.49871101104105575,0.34970110131577925,0.055868563136757476,0.9478769692097777,Kcnh3,FALSE,FALSE,FALSE,FALSE,0.3595123611527133,FALSE,FALSE,0.09640895286260379
Rpl3-ps1,-0.13387434538412712,0.6364225795500654,-0.33746496194878706,0.24556291810838246,-0.6071668690712602,0.1264777431437925,Rpl3-ps1,FALSE,FALSE,FALSE,FALSE,0.35950205880139147,FALSE,FALSE,0.09640616723560301
Trafd1,-0.385377880876665,0.09523013216851871,-0.30748744831608565,0.2047273634386475,-0.38563079021652147,0.21377701654815115,Trafd1,FALSE,FALSE,FALSE,FALSE,0.3594987064697574,FALSE,FALSE,0.09640526080703891
Msto1,-0.4247643875449576,0.04908157064776721,-0.39897807879757385,0.09504062435080558,-0.25465715523969523,0.32762717957155085,Msto1,FALSE,FALSE,FALSE,FALSE,0.3594665405274089,FALSE,FALSE,0.09639656353835604
Hist2h2ab,0.6878353265125594,0.16046213647515137,0.3722327269016388,0.4909885333434505,0.018085212355003044,0.9841098337548501,Hist2h2ab,FALSE,FALSE,FALSE,FALSE,0.3593844219230671,FALSE,FALSE,0.09637435969436212
Gm9385,-0.2677812085590744,0.6021040882783352,-0.21183681560380313,0.6989128057096087,-0.5983647975132029,0.3918074835236179,Gm9385,FALSE,FALSE,FALSE,FALSE,0.35932760722536017,FALSE,FALSE,0.09635899771038105
Serp1,0.5683852587933469,0.17000740016695967,0.4403456635942913,0.32357636467879425,0.06869108874549745,0.9276057420872739,Serp1,FALSE,FALSE,FALSE,FALSE,0.35914067037771186,FALSE,FALSE,0.09630845232380064
Sema3d,0.4099887147801953,0.2699103913581903,0.5106742664671162,0.19822511993097694,0.1566135206603958,0.790781522904457,Sema3d,FALSE,FALSE,FALSE,FALSE,0.3590921673025691,FALSE,FALSE,0.09629533769865173
Pcdhga6,0.4460421204619318,0.032522899994359554,0.2639622666472543,0.19025808232305622,0.36724317633788894,0.14460170598631522,Pcdhga6,FALSE,FALSE,FALSE,FALSE,0.359082521149025,FALSE,FALSE,0.09629272949932648
D030047H15Rik,-0.4030469035721104,0.4996249525621304,0.30761997410501685,0.5931946311266578,-0.36656008321478367,0.6575214158473237,D030047H15Rik,FALSE,FALSE,FALSE,FALSE,0.359075653630637,FALSE,FALSE,0.09629087260820984
Hltf,0.6039332738267413,0.014989859019986373,0.2608179588838544,0.18415075673481834,0.2123398413267683,0.3906282225321177,Hltf,FALSE,FALSE,FALSE,FALSE,0.3590303580124547,FALSE,FALSE,0.09627862523932444
Relt,-0.5136520765395973,0.10353419344169561,-0.4510341258267392,0.17233569714023145,-0.11237920649011324,0.8028028246720895,Relt,FALSE,FALSE,FALSE,FALSE,0.3590218029521499,FALSE,FALSE,0.09627631205797062
Rlim,0.49521642394411636,0.046955916837819585,0.43773254925101135,0.11285132306746327,0.14383643022334525,0.6734996583807101,Rlim,FALSE,FALSE,FALSE,FALSE,0.35892846780615767,FALSE,FALSE,0.09625107540133997
Efhd1,0.04063897641290426,0.9651332020157192,0.4604084569815369,0.5657490681512304,0.575702884252495,0.5781907897834089,Efhd1,FALSE,FALSE,FALSE,FALSE,0.35891677254897875,FALSE,FALSE,0.09624791315000909
Gm17518,-0.2176729582669961,0.7136219281229147,-0.598675164603739,0.31959861686649627,-0.2601970015793415,0.7503192744090388,Gm17518,FALSE,FALSE,FALSE,FALSE,0.3588483748166922,FALSE,FALSE,0.09622941925828503
Ctsf,-0.5907691256791567,0.014455723425594891,-0.25921385532296526,0.1541848750853232,-0.22634323322425143,0.30994114027169833,Ctsf,FALSE,FALSE,FALSE,FALSE,0.3587754047421245,FALSE,FALSE,0.09620968906237007
Clic1,-0.3243338427879241,0.03737673755396611,-0.3120069552943745,0.08453473759992562,-0.43992970184523905,0.05475877694670262,Clic1,FALSE,FALSE,FALSE,FALSE,0.35875683330917923,FALSE,FALSE,0.0962046675790757
Ufm1,0.541731613108718,0.05780784272707241,0.3403327160538403,0.24473019516691177,0.19417078925853204,0.6237560045259619,Ufm1,FALSE,FALSE,FALSE,FALSE,0.3587450394736968,FALSE,FALSE,0.09620147867340394
Hpgd,0.544010823102608,0.09829579690122604,0.44590495289724075,0.199247425288074,0.0863125070122468,0.8785678419618118,Hpgd,FALSE,FALSE,FALSE,FALSE,0.35874276100403185,FALSE,FALSE,0.09620086260369122
Rcn3,-0.3074443289215347,0.3073055923830134,-0.45901409765767376,0.1751640242634439,-0.309658345957887,0.46908854876457173,Rcn3,FALSE,FALSE,FALSE,FALSE,0.3587055908456985,FALSE,FALSE,0.09619081225756712
Srsf6,0.4930053367332361,0.023266677224490016,0.3486758911232517,0.10890761169862719,0.23438235656737394,0.3495593948017584,Srsf6,FALSE,FALSE,FALSE,FALSE,0.35868786147462056,FALSE,FALSE,0.09618601845727448
Slc5a7,0.4528659866546123,0.11671819150951618,0.4314939083865492,0.16879956701889143,0.19150819914392825,0.6487905668716706,Slc5a7,FALSE,FALSE,FALSE,FALSE,0.3586226980616966,FALSE,FALSE,0.09616839908507166
9530062K07Rik,-0.586996273101748,0.17944262232722805,0.10711106776187193,0.8167705386907395,-0.38174015979816234,0.5123467424997246,9530062K07Rik,FALSE,FALSE,FALSE,FALSE,0.3586158335539274,FALSE,FALSE,0.0961665430079887
Osbpl8,0.5679442830429915,0.031068801781632394,0.31161115306055986,0.215670205533633,0.196131054515865,0.5566007127697219,Osbpl8,FALSE,FALSE,FALSE,FALSE,0.35856216353980547,FALSE,FALSE,0.0961520313071352
Kcng1,0.14549744461205716,0.8211691292928571,-0.33972237359751245,0.6145932856832239,0.5903514718989571,0.42319479030660206,Kcng1,FALSE,FALSE,FALSE,FALSE,0.3585237633695089,FALSE,FALSE,0.09614164838115347
Nudcd2,0.5798256282094902,0.040090584178383015,0.3546722017228179,0.2042216186042663,0.1408235630305601,0.7190754103339823,Nudcd2,FALSE,FALSE,FALSE,FALSE,0.35844046432095605,FALSE,FALSE,0.0961191253598024
Gpr55,0.5841927341190244,0.3911547032264305,-0.17740517414082502,0.8385585553666047,-0.3137167352319775,0.787969696283249,Gpr55,FALSE,FALSE,FALSE,FALSE,0.35843821449727564,FALSE,FALSE,0.09611851703560578
Creb1,0.4605325994103726,0.023298544871650877,0.41151133837844966,0.07556490478840473,0.20318316901983113,0.38783731081116285,Creb1,FALSE,FALSE,FALSE,FALSE,0.35840903560288445,FALSE,FALSE,0.09611062742734745
Sumo3,-0.39439423713821586,0.04282492705268315,-0.3439264090911802,0.10890761169862719,-0.33590013023984255,0.17460172839172317,Sumo3,FALSE,FALSE,FALSE,FALSE,0.3580735921564129,FALSE,FALSE,0.09601992771302648
Mybl1,0.6069392804327385,0.09123917453348768,0.3715627424389134,0.3241847868292028,0.09569449735475244,0.8766490443993098,Mybl1,FALSE,FALSE,FALSE,FALSE,0.3580655067421348,FALSE,FALSE,0.0960177415180869
Rsl1,0.5883634709804864,0.050110670506300845,0.4277684186502655,0.16879956701889143,0.057976827082860005,0.9094238797334332,Rsl1,FALSE,FALSE,FALSE,FALSE,0.3580362389045373,FALSE,FALSE,0.09600982786069753
Olfm1,0.48930405964063617,0.03258451709199678,0.2723381169021488,0.2151573423276377,0.31225319689149345,0.26249736858147227,Olfm1,FALSE,FALSE,FALSE,FALSE,0.3579651244780928,FALSE,FALSE,0.09599059940883639
Asb7,0.40923060509800724,0.0320844274623938,0.3987153442773659,0.07849095947662206,0.26594706164963355,0.25021484605221084,Asb7,FALSE,FALSE,FALSE,FALSE,0.3579643370083356,FALSE,FALSE,0.09599038648685872
Cacna2d2,-0.5270318617818992,0.10264348167425943,-0.4230783666695963,0.2104405947354556,-0.12373647397539411,0.7988200690067017,Cacna2d2,FALSE,FALSE,FALSE,FALSE,0.3579489008089632,FALSE,FALSE,0.09598621273152677
2810429I04Rik,0.4729720347936405,0.28813114741696333,0.28768526410369333,0.5580130020560454,0.31316314536373274,0.628385690449761,2810429I04Rik,FALSE,FALSE,FALSE,FALSE,0.3579401480870222,FALSE,FALSE,0.09598384610493761
Srgn,0.36833467868235203,0.2228927954825003,0.39106494505005873,0.22249477838767479,0.31407667951916407,0.44970352573488714,Srgn,FALSE,FALSE,FALSE,FALSE,0.3578254344171916,FALSE,FALSE,0.09595282896272844
Pex13,0.39773438927078963,0.07090815878580355,0.444266556206788,0.09180503249903499,0.23142175983679003,0.4361147613693193,Pex13,FALSE,FALSE,FALSE,FALSE,0.35780756843812256,FALSE,FALSE,0.09594799822534283
Dxo,-0.6425734732541022,0.029145667209587757,-0.20374334668879257,0.4111036326228149,-0.22707525695245012,0.4856421306484975,Dxo,FALSE,FALSE,FALSE,FALSE,0.35779735896511494,FALSE,FALSE,0.09594523771147709
Zfp148,0.50610688745145,0.03931643433684292,0.35958850087648386,0.15209181886954568,0.2075658058989296,0.510180800312798,Zfp148,FALSE,FALSE,FALSE,FALSE,0.3577537314089545,FALSE,FALSE,0.09593344136570882
Gm42514,0.4395137076643697,0.626651817351555,-0.03643972716029287,0.9742256728418379,-0.5970961758363574,0.669501609130111,Gm42514,FALSE,FALSE,FALSE,FALSE,0.35768320355367333,FALSE,FALSE,0.09591437151535712
Cd3eap,-0.4279496468881794,0.019169328863609184,-0.3832362211295557,0.0704576830990092,-0.2615476402273762,0.1586524842834082,Cd3eap,FALSE,FALSE,FALSE,FALSE,0.35757783608170374,FALSE,FALSE,0.09588588146820642
Slc8a2,-0.4879207329179285,0.09286836356662147,-0.437755161367666,0.15643677840527379,-0.1470035572682118,0.716232446307076,Slc8a2,FALSE,FALSE,FALSE,FALSE,0.3575598171846021,FALSE,FALSE,0.09588100938369654
Irs2,-0.5693274022559072,0.02233923310819874,-0.20378534627276323,0.3442408728719965,-0.29922059019036507,0.2819557242717475,Irs2,FALSE,FALSE,FALSE,FALSE,0.35744444623967847,FALSE,FALSE,0.09584981452251924
Gm20705,0.2917356643071141,0.7624697080671249,0.44376788158467445,0.6422084581455797,0.3367544071950662,0.8046383185846361,Gm20705,FALSE,FALSE,FALSE,FALSE,0.35741931769561824,FALSE,FALSE,0.09584302007835424
Nxpe4,-0.49246581367107467,0.18078854943302677,-0.3999554526297433,0.28970484473663366,-0.17979066148375722,0.7281231251795859,Nxpe4,FALSE,FALSE,FALSE,FALSE,0.35740397592819173,FALSE,FALSE,0.0958388718562399
Prmt1,-0.40130005631654697,0.029633515864581787,-0.37868039016024024,0.07849095947662206,-0.2921867604057278,0.1805791406334598,Prmt1,FALSE,FALSE,FALSE,FALSE,0.35738906896083833,FALSE,FALSE,0.0958348411986296
Ccdc40,-0.60548309926484,0.18089310931293454,-0.42271819509123376,0.35024675675801703,-0.04358527168581805,0.9531333652183723,Ccdc40,FALSE,FALSE,FALSE,FALSE,0.3572621886806306,FALSE,FALSE,0.09580053435707746
Gm15425,0.340328867116511,0.5540535352253995,0.41487069712819746,0.47822626644484223,-0.3164024566083543,0.7245477375068529,Gm15425,FALSE,FALSE,FALSE,FALSE,0.3572006736176876,FALSE,FALSE,0.095783901453099
Epha6,0.5727208294484045,0.08164123699045404,0.29410513276023575,0.39359549069600863,0.20448847995326602,0.667304825320646,Epha6,FALSE,FALSE,FALSE,FALSE,0.35710481405396877,FALSE,FALSE,0.09575798222547452
Eif1,0.4968579942658531,0.025664562526706087,0.3493489936854317,0.11977300681481128,0.22501270199785228,0.39697573266312175,Eif1,FALSE,FALSE,FALSE,FALSE,0.3570732299830457,FALSE,FALSE,0.09574944228755071
Klhl30,-0.053713887660063964,0.9342626033168822,0.40440457596993284,0.45282030447178295,-0.6130756148241661,0.45109784384612645,Klhl30,FALSE,FALSE,FALSE,FALSE,0.3570646928180543,FALSE,FALSE,0.0957471339448659
Sumf2,-0.4232718983245247,0.05129065847977124,-0.2569697537177955,0.21677815427231506,-0.390644017241248,0.1490594263882202,Sumf2,FALSE,FALSE,FALSE,FALSE,0.3569618897611894,FALSE,FALSE,0.09571933728350004
Cers1,-0.3150094513415145,0.5478037139698994,-0.5847110465954355,0.2865022528112799,0.17115318550634973,0.8150451072659399,Cers1,FALSE,FALSE,FALSE,FALSE,0.3569578944810999,FALSE,FALSE,0.09571825700971152
Lmcd1,-0.2583966365289203,0.560877966785568,-0.8064882253478596,0.12674820361482053,-0.005877260758620828,0.9930577078925458,Lmcd1,FALSE,FALSE,FALSE,FALSE,0.35692070754513355,FALSE,FALSE,0.09570820212712522
Cchcr1,-0.5021434619186227,0.22306410672759378,-0.46378173778852094,0.27700485134899744,-0.104295819214558,0.8696067555533502,Cchcr1,FALSE,FALSE,FALSE,FALSE,0.35674033964056723,FALSE,FALSE,0.09565943290063139
Desi2,0.4723742429869837,0.019127678927429646,0.33437546759946724,0.08932363389894,0.26319895992971265,0.21748079165192427,Desi2,FALSE,FALSE,FALSE,FALSE,0.3566495568387212,FALSE,FALSE,0.0956348863659493
Gm10451,0.5235433975016596,0.37429041022314274,0.46184222021858856,0.4607676814828954,0.08428149026745912,0.938907882023053,Gm10451,FALSE,FALSE,FALSE,FALSE,0.3565557026625691,FALSE,FALSE,0.09560950937005218
Cuedc2,-0.3593137167126139,0.048458249934711414,-0.40114594974394,0.07684192185984365,-0.30886991336224145,0.1768493487547999,Cuedc2,FALSE,FALSE,FALSE,FALSE,0.3564431932729318,FALSE,FALSE,0.09557908823765007
P4htm,-0.2930660506415954,0.1091365070125378,-0.4035171150687731,0.08453473759992562,-0.3721254120823758,0.13701599146966434,P4htm,FALSE,FALSE,FALSE,FALSE,0.35623619259758144,FALSE,FALSE,0.0955231178428905
Prpf40b,-0.4969691434480201,0.02443576391059408,-0.3347200766650813,0.11505680127725304,-0.23670508334052975,0.33208358919457537,Prpf40b,FALSE,FALSE,FALSE,FALSE,0.3561314344845437,FALSE,FALSE,0.09549479255877696
Cand2,-0.46122119176206233,0.12265380358430816,-0.3590928872111281,0.24548515370740417,-0.24802259443267527,0.5407830151300993,Cand2,FALSE,FALSE,FALSE,FALSE,0.3561122244686219,FALSE,FALSE,0.09548959841062908
Rgs20,-0.2122796059653656,0.6459573793382364,0.26077261264106666,0.5502876752323586,0.5951756390954235,0.25358425481780605,Rgs20,FALSE,FALSE,FALSE,FALSE,0.35607595256728525,FALSE,FALSE,0.09547979094196718
Lrp5,-0.569585897430489,0.027910305702979202,-0.3691063220996025,0.1399396119008919,-0.12935903140152138,0.6870962481459709,Lrp5,FALSE,FALSE,FALSE,FALSE,0.35601708364387097,FALSE,FALSE,0.09546387352103611
Tmem116,-0.32412922100182906,0.439096103707095,-0.17874369171277885,0.6933347205361652,-0.5647337534474816,0.32566580746760365,Tmem116,FALSE,FALSE,FALSE,FALSE,0.3558688887206965,FALSE,FALSE,0.09542380346649448
Maip1,0.5206095077089912,0.0820205568013586,0.34232357983462114,0.27124903043901755,0.20462056359156566,0.6323909429312146,Maip1,FALSE,FALSE,FALSE,FALSE,0.35585121704505934,FALSE,FALSE,0.09541902526632774
Rpl31-ps8,0.3461964049491413,0.5290095355838288,0.38281514695697605,0.4962718388374775,-0.3378932995869461,0.694998456648106,Rpl31-ps8,FALSE,FALSE,FALSE,FALSE,0.3556349504976878,FALSE,FALSE,0.09536054949561255
Bcar3,-0.2645041013646643,0.20788977079374327,-0.3955865373304226,0.11325792201976696,-0.40645339808158054,0.16093722760948645,Bcar3,FALSE,FALSE,FALSE,FALSE,0.3555146789255558,FALSE,FALSE,0.09532802956610417
Ogfod3,-0.40455681810222544,0.09638920291795225,-0.3761651446341121,0.15011698214520802,-0.2857080211100289,0.3669246121980078,Ogfod3,FALSE,FALSE,FALSE,FALSE,0.35547666128212213,FALSE,FALSE,0.09531775007060392
Zfp780b,0.43186834063449275,0.03626390076452538,0.3863935719967113,0.09180503249903499,0.24813945982068475,0.32856826596063826,Zfp780b,FALSE,FALSE,FALSE,FALSE,0.3554671241506296,FALSE,FALSE,0.09531517134947845
Plin5,-0.5037442391896071,0.23818576536928737,0.4130090101059968,0.2940906381589807,-0.1495842577486823,0.8112491650045689,Plin5,FALSE,FALSE,FALSE,FALSE,0.35544583568142873,FALSE,FALSE,0.09530941521354806
Psmc1,-0.40662325287193557,0.02402884468577471,-0.3378191024677957,0.08521930057579834,-0.32156554009330485,0.13056264754156902,Psmc1,FALSE,FALSE,FALSE,FALSE,0.35533596514434534,FALSE,FALSE,0.09527970759388646
B3gat2,0.4571238429102569,0.39537197911803085,0.5125846044966843,0.3574734333463174,0.0962353152785147,0.9221049149128229,B3gat2,FALSE,FALSE,FALSE,FALSE,0.3553145875618186,FALSE,FALSE,0.09527392736282682
Peli1,0.36493515653257624,0.043824464106742664,0.36144668604500296,0.08703437486661118,0.33947828578671846,0.1396697986803263,Peli1,FALSE,FALSE,FALSE,FALSE,0.35528670945476587,FALSE,FALSE,0.09526638947120279
BC021767,0.07130951958476706,0.9258741198929409,0.4856383995818079,0.451402913009957,0.5088918182211591,0.5516967539178483,BC021767,FALSE,FALSE,FALSE,FALSE,0.355279912462578,FALSE,FALSE,0.09526455164948898
Gm16006,0.08863218317323285,0.8692778970650261,-0.6019857393860296,0.2716661007916317,-0.37469872525402415,0.5965485349078742,Gm16006,FALSE,FALSE,FALSE,FALSE,0.35510554927109556,FALSE,FALSE,0.09521740602234406
Hes1,0.3509907086445301,0.1161961087221984,0.33043233291665564,0.16931968225551924,0.38385200112267537,0.19298826464249075,Hes1,FALSE,FALSE,FALSE,FALSE,0.35509168089462034,FALSE,FALSE,0.0952136561867231
Ccpg1,0.42978412306703395,0.23751139573072463,0.4210195286698438,0.2708176564916809,0.21446882939150413,0.6911344561702106,Ccpg1,FALSE,FALSE,FALSE,FALSE,0.355090827042794,FALSE,FALSE,0.09521342531586384
Vldlr,0.49928747850297484,0.04144042196875535,0.41438029407527566,0.11713048511995162,0.15135011222016015,0.6444753230168732,Vldlr,FALSE,FALSE,FALSE,FALSE,0.35500596159947023,FALSE,FALSE,0.09519047876094928
Pdlim4,-0.4839549573819526,0.2197279899973668,-0.2298774827020662,0.5663407097417025,-0.35093293380635293,0.5029563897221131,Pdlim4,FALSE,FALSE,FALSE,FALSE,0.3549217912967906,FALSE,FALSE,0.09516772016337446
Ctxn3,0.5556909754764225,0.03772604635404515,0.39000100157226303,0.15027891097725224,0.11846023289173768,0.7501573610949873,Ctxn3,FALSE,FALSE,FALSE,FALSE,0.3547174033134744,FALSE,FALSE,0.09511245620787791
Nudc,-0.42931431450554314,0.029696377318425157,-0.3443434602554385,0.10021046152333617,-0.2903687938459747,0.21985009810266357,Nudc,FALSE,FALSE,FALSE,FALSE,0.35467552286898546,FALSE,FALSE,0.0951011322592638
Flot1,-0.40045112120109305,0.034827847886037294,-0.4199473380577281,0.07177798693527772,-0.24351228019139626,0.2790648403294029,Flot1,FALSE,FALSE,FALSE,FALSE,0.35463691315007245,FALSE,FALSE,0.09509069267395588
Gm9833,-0.28065876975733217,0.34914052942357365,-0.5184253916742811,0.13460721094597888,-0.2643865395357965,0.516902854465686,Gm9833,FALSE,FALSE,FALSE,FALSE,0.3544902336558033,FALSE,FALSE,0.09505103237244485
Gnai2,-0.41353652709071653,0.04564953375797689,-0.3772289930030599,0.10354752331302987,-0.2726704790086627,0.30053928198618685,Gnai2,FALSE,FALSE,FALSE,FALSE,0.3544786663674797,FALSE,FALSE,0.09504790472229263
Necab2,-0.48495598975044896,0.15753552857137867,-0.35650024731634655,0.31938799489167524,-0.22156307855430235,0.6498321150608817,Necab2,FALSE,FALSE,FALSE,FALSE,0.3543397718736993,FALSE,FALSE,0.09501034938758823
Col27a1,0.29975228855166103,0.6383272907317104,0.3768371163020676,0.558478921089551,0.386087650181818,0.6524187243995898,Col27a1,FALSE,FALSE,FALSE,FALSE,0.35422568501184887,FALSE,FALSE,0.09497950172642074
Atrx,0.476123437258682,0.03829026207806311,0.39077722182929087,0.11371114419350109,0.19573121148049388,0.5039994923487308,Atrx,FALSE,FALSE,FALSE,FALSE,0.35421062352282223,FALSE,FALSE,0.09497542928808177
Ppp2r3a,0.3841098771918192,0.025153054687407857,0.3738438399989885,0.0704576830990092,0.3046647354656562,0.1368467972435788,Ppp2r3a,FALSE,FALSE,FALSE,FALSE,0.35420615088548796,FALSE,FALSE,0.09497421994286204
Atraid,-0.46164379360872676,0.04178226443439048,-0.30127830983848103,0.1846518904164374,-0.29965401017760573,0.2892788672758115,Atraid,FALSE,FALSE,FALSE,FALSE,0.35419203787493786,FALSE,FALSE,0.09497040396124556
Arl10,-0.40353600984620863,0.07115885481747779,-0.4065224789262456,0.10558417467957514,-0.25237372569251715,0.3695214380019148,Arl10,FALSE,FALSE,FALSE,FALSE,0.3541440714883238,FALSE,FALSE,0.0949574344499653
Dcdc2a,-0.22411835442590572,0.7185692656511643,0.30698370279258014,0.5924980036135458,0.5312370258665515,0.44653217569857523,Dcdc2a,FALSE,FALSE,FALSE,FALSE,0.35411302769501246,FALSE,FALSE,0.09494904059635333
Kif27,0.5656735650117144,0.08914610934975813,0.15636766081710896,0.6812239154638908,0.34029083765752843,0.45395475270261093,Kif27,FALSE,FALSE,FALSE,FALSE,0.3541106878287839,FALSE,FALSE,0.09494840792577737
Ccdc12,-0.25785418189045295,0.1396498028385787,-0.4788455997039951,0.0704576830990092,-0.3254631510499557,0.17005452359922837,Ccdc12,FALSE,FALSE,FALSE,FALSE,0.35405431088146794,FALSE,FALSE,0.0949331643040294
Wbp1,-0.37525983967133403,0.08179041580263124,-0.4059646490330415,0.10408974511351954,-0.28077177898913064,0.32024573688721225,Wbp1,FALSE,FALSE,FALSE,FALSE,0.3539987558978354,FALSE,FALSE,0.09491814293098552
Xrn1,0.4550640963001191,0.022606933826155737,0.30256350660563314,0.1184303425566077,0.30421594030777843,0.17991730657020547,Xrn1,FALSE,FALSE,FALSE,FALSE,0.35394784773784355,FALSE,FALSE,0.09490437800096098
Slc7a10,-0.3087974597935341,0.634333419720694,-0.7393086810950555,0.2795154351954123,-0.013582844381265613,0.9894104490465868,Slc7a10,FALSE,FALSE,FALSE,FALSE,0.3538963284232851,FALSE,FALSE,0.09489044782238211
Cnksr2,0.21645236903050957,0.7522254866845065,-0.2578800302281903,0.7330761080058199,0.586236605526115,0.4793803885113061,Cnksr2,FALSE,FALSE,FALSE,FALSE,0.35352300159493827,FALSE,FALSE,0.09478950491520778
Apoa2,-0.19149693038646531,0.7183408918663968,-0.7082995842867381,0.2036601183178379,0.16077082399303133,0.8261183032855113,Apoa2,FALSE,FALSE,FALSE,FALSE,0.35352244622207823,FALSE,FALSE,0.09478935474932952
Ldlr,-0.2225697993260174,0.6494538236831108,-0.5301397563519057,0.2921100435061813,-0.30785062681430064,0.645989965404953,Ldlr,FALSE,FALSE,FALSE,FALSE,0.3535200608307412,FALSE,FALSE,0.09478870976933337
Gm48226,0.44056536420600345,0.0796807213899389,0.39236552783575274,0.1497476064857061,0.22760500314421517,0.5074783352950712,Gm48226,FALSE,FALSE,FALSE,FALSE,0.35351196506199045,FALSE,FALSE,0.09478652077467384
Gm20485,-0.19011690168159168,0.7685175818799304,0.599816170388051,0.28062262727850856,0.27055926491751636,0.7418555811886296,Gm20485,FALSE,FALSE,FALSE,FALSE,0.35349744566238633,FALSE,FALSE,0.0947825949105377
Rpl9-ps6,-0.46493215735012194,0.4187662125098993,-0.38297449030444886,0.5213437303939021,-0.212526346903691,0.8010451795751099,Rpl9-ps6,FALSE,FALSE,FALSE,FALSE,0.35347766485275395,FALSE,FALSE,0.09477724642690635
Elmo1,0.30698678493334164,0.11922485552660879,0.3472229440304617,0.12061995108359509,0.40580904673336216,0.12728869686311514,Elmo1,FALSE,FALSE,FALSE,FALSE,0.35333959189905517,FALSE,FALSE,0.09473991322636939
Nt5dc2,-0.5654073081951383,0.05787463296902891,-0.4238441061406699,0.16027532629436814,-0.07058598606401212,0.8723656510857026,Nt5dc2,FALSE,FALSE,FALSE,FALSE,0.3532791334666068,FALSE,FALSE,0.09472356602206701
Zfp292,0.42351271405715174,0.021527426362789856,0.3923574341505409,0.0704576830990092,0.2436298720767036,0.232585299717708,Zfp292,FALSE,FALSE,FALSE,FALSE,0.35316667342813207,FALSE,FALSE,0.0946931582336023
Snord13,0.12846178496849636,0.7383682186649284,0.20863602164122597,0.5776590487708756,-0.7223748116830705,0.18004553164422507,Snord13,FALSE,FALSE,FALSE,FALSE,0.3531575394309309,FALSE,FALSE,0.09469068851494937
Gm47870,0.495054337790967,0.2545391622639381,0.07740324354588385,0.8869714686334509,0.4867488553542451,0.4118234644521751,Gm47870,FALSE,FALSE,FALSE,FALSE,0.35306881223036535,FALSE,FALSE,0.09466669778915507
Pak3,0.6302261600794239,0.1229929656058024,0.41120299401613103,0.34381412889613816,-0.01744354992308672,0.9812767460372922,Pak3,FALSE,FALSE,FALSE,FALSE,0.35295756800621386,FALSE,FALSE,0.09463661874168364
Gm19243,0.4127230025096944,0.2695922485692576,0.1117376152016436,0.8054453287001484,-0.534398162190378,0.3574572286911746,Gm19243,FALSE,FALSE,FALSE,FALSE,0.3529529266339053,FALSE,FALSE,0.09463536377263633
Ache,-0.595016568327011,0.04621068703376684,-0.3111213072331105,0.2648061304468559,-0.1526125036786432,0.686813506456624,Ache,FALSE,FALSE,FALSE,FALSE,0.35291679307958823,FALSE,FALSE,0.09462559371127895
Ppp4r3a,0.3743763648883931,0.08346373517236265,0.3972357085963578,0.1130281519654771,0.2871028303856624,0.3228931499340844,Ppp4r3a,FALSE,FALSE,FALSE,FALSE,0.3529049679568044,FALSE,FALSE,0.09462239634591205
Pcdhb10,-0.722891259419234,0.07295663023056072,-0.0787417790866578,0.8432828816892893,-0.2570533422879553,0.6037956194869536,Pcdhb10,FALSE,FALSE,FALSE,FALSE,0.3528954602646157,FALSE,FALSE,0.09461982558480629
Cd300c2,-0.7705187813749064,0.11633963637562973,-0.2566679571512338,0.5925030085466981,-0.03144475686963133,0.9685803312029015,Cd300c2,FALSE,FALSE,FALSE,FALSE,0.35287716513192385,FALSE,FALSE,0.09461487880964621
Abcb1b,0.6929802624961199,0.027161725965926687,0.13593299795019798,0.6669891299989024,0.22953911602784594,0.5615265336964191,Abcb1b,FALSE,FALSE,FALSE,FALSE,0.35281745882472126,FALSE,FALSE,0.09459873497060747
Casp12,0.2861890409084227,0.34561468212594754,0.5218561518775866,0.12295839239857244,0.2501319718502968,0.5565333345722198,Casp12,FALSE,FALSE,FALSE,FALSE,0.35272572154543536,FALSE,FALSE,0.09457393035715822
Fance,-0.34249635600086004,0.20229561936867343,-0.3585450291109211,0.20843373553201908,-0.35693648213950047,0.3225638205250668,Fance,FALSE,FALSE,FALSE,FALSE,0.35265928908376054,FALSE,FALSE,0.09455596785003839
5031439G07Rik,-0.3618743203661019,0.055498990168492905,-0.3253915659252469,0.12061995108359509,-0.3705357904653601,0.13824671090470514,5031439G07Rik,FALSE,FALSE,FALSE,FALSE,0.35260055891890296,FALSE,FALSE,0.09454008794768633
Pgap1,0.5598915299152498,0.014455723425594891,0.31146685643671823,0.09534608160389985,0.18641869375797437,0.3729885663587031,Pgap1,FALSE,FALSE,FALSE,FALSE,0.35259236003664746,FALSE,FALSE,0.0945378710724242
Aamp,-0.43662779765819604,0.022606933826155737,-0.35627688649645517,0.08451455445915308,-0.26454876326856525,0.22055298345376215,Aamp,FALSE,FALSE,FALSE,FALSE,0.3524844824744055,FALSE,FALSE,0.0945087023282442
Bivm,0.4785892935702165,0.05680961022878276,0.3966069280798319,0.1408255148231592,0.1822267268642186,0.5978318720087996,Bivm,FALSE,FALSE,FALSE,FALSE,0.35247431617142233,FALSE,FALSE,0.09450595348701336
Bcam,-0.5132395533949348,0.0397689880410085,-0.20842277366317408,0.3807128863077853,-0.33538120615725653,0.27415850806000347,Bcam,FALSE,FALSE,FALSE,FALSE,0.3523478444051218,FALSE,FALSE,0.09447175710251461
Gm7589,-0.3348457486761445,0.49538439005261825,-0.026519994838630323,0.9623007156814386,-0.6955371931560052,0.30120166896755146,Gm7589,FALSE,FALSE,FALSE,FALSE,0.35230097889025996,FALSE,FALSE,0.09445908525319341
Gm5069,-0.5895140776472108,0.22201158705076604,-0.3692962581233109,0.445656637006935,-0.09795693166858377,0.8945125634117448,Gm5069,FALSE,FALSE,FALSE,FALSE,0.35225575581303514,FALSE,FALSE,0.09444685749847602
B4galt6,0.4311889255817345,0.023994878809490885,0.34869782114476777,0.08932363389894,0.2768347436102889,0.21430522751658732,B4galt6,FALSE,FALSE,FALSE,FALSE,0.3522404967789304,FALSE,FALSE,0.09444273164641757
Nfkbie,-0.27531390566822367,0.39717613569221444,-0.3962872204795451,0.24967232682406543,-0.38510901920245466,0.3816665786760932,Nfkbie,FALSE,FALSE,FALSE,FALSE,0.35223671511674115,FALSE,FALSE,0.09444170913223872
Osr1,0.3286293105110556,0.6530768211345477,0.546698640495641,0.4388953294559892,0.18110437302345586,0.8766490443993098,Osr1,FALSE,FALSE,FALSE,FALSE,0.3521441080100508,FALSE,FALSE,0.0944166693283336
Ppp4r2,0.4564052064747157,0.045672879838150965,0.40255377238279877,0.11088012062719721,0.19746414629957432,0.508683611517471,Ppp4r2,FALSE,FALSE,FALSE,FALSE,0.3521410417190296,FALSE,FALSE,0.09441584024157525
4930579G24Rik,0.47369495294689345,0.12498084955720232,-0.3454400589541424,0.33443163515553614,0.23726140918967698,0.5936632522255639,4930579G24Rik,FALSE,FALSE,FALSE,FALSE,0.35213214036357093,FALSE,FALSE,0.09441343342634106
Tmem98,-0.28226510874705335,0.37490677002771045,-0.398778723059372,0.23796709180464629,-0.37525680870314826,0.3855059355668785,Tmem98,FALSE,FALSE,FALSE,FALSE,0.3521002135031912,FALSE,FALSE,0.09440480080243362
Gabra4,0.5611001869014993,0.04372932559691424,0.29130585408799625,0.28970484473663366,0.20350595103396518,0.5845286270681717,Gabra4,FALSE,FALSE,FALSE,FALSE,0.35197066400782023,FALSE,FALSE,0.094369772238471
Med13,0.387511868708442,0.040146893909211764,0.43651295750987185,0.07169446715868752,0.23182246066506895,0.32856826596063826,Med13,FALSE,FALSE,FALSE,FALSE,0.35194909562779425,FALSE,FALSE,0.09436394041815284
Rtl10,-0.5313072184067359,0.1297741086917748,-0.2616896665404591,0.4499657196045323,-0.2627869953905815,0.5701822731011398,Rtl10,FALSE,FALSE,FALSE,FALSE,0.35192796011259214,FALSE,FALSE,0.09435822563907154
Slc44a5,-0.7050224474522306,0.09963804987305065,-0.3083026703336156,0.4489161058369407,0.04231125058093399,0.9493256254672628,Slc44a5,FALSE,FALSE,FALSE,FALSE,0.3518787894555934,FALSE,FALSE,0.09434493050813465
Fgfr1op2,0.5567378761516943,0.02734049331395135,0.3381145749508505,0.16496195946766667,0.16057008654760452,0.6129758732020755,Fgfr1op2,FALSE,FALSE,FALSE,FALSE,0.3518075125500498,FALSE,FALSE,0.09432565812395635
AI854703,-0.41785023065339266,0.374219184420824,-0.5069413716330659,0.30419958122636553,-0.13039436961561557,0.8570157775177877,AI854703,FALSE,FALSE,FALSE,FALSE,0.35172865730069136,FALSE,FALSE,0.09430433665035254
Cgn,-0.5494501072602866,0.08300236481798443,-0.27677794902861264,0.3701196560465001,-0.22889312672972206,0.5818175281482424,Cgn,FALSE,FALSE,FALSE,FALSE,0.35170706100620713,FALSE,FALSE,0.09429849728231385
Gm24265,0.1350633196421045,0.8084495218053743,-0.2049873674351277,0.7231030057885636,-0.7150509297871883,0.3147798275717578,Gm24265,FALSE,FALSE,FALSE,FALSE,0.35170053895480685,FALSE,FALSE,0.09429673380115178
Zfp72,0.4701374740778941,0.09148453684572642,0.42090408064682716,0.16044553576584047,0.16402704351099207,0.6863243061521962,Zfp72,FALSE,FALSE,FALSE,FALSE,0.3516895327452378,FALSE,FALSE,0.09429375785968036
Hist1h3a,-0.4675167987363391,0.2309540437558808,-0.47881226403144783,0.24111052910205824,0.10873756718398919,0.8498603036335272,Hist1h3a,FALSE,FALSE,FALSE,FALSE,0.35168887665059206,FALSE,FALSE,0.09429358045989045
A530020G20Rik,0.4934966033832916,0.29920612975988997,0.35833351221370147,0.48508974643821834,0.20310816792987182,0.787969696283249,A530020G20Rik,FALSE,FALSE,FALSE,FALSE,0.35164609450895495,FALSE,FALSE,0.0942820127036402
Hist1h3e,-0.5071410598260417,0.06836672755644556,-0.3847092215721206,0.18022353138114056,-0.1630292468329344,0.6636501990468356,Hist1h3e,FALSE,FALSE,FALSE,FALSE,0.3516265094103656,FALSE,FALSE,0.09427671713782818
St3gal6,0.4895220736938448,0.06190013852045921,0.26744874384609885,0.3179155993472864,0.29775095593240186,0.38839647696383683,St3gal6,FALSE,FALSE,FALSE,FALSE,0.35157392449078184,FALSE,FALSE,0.09426249883297229
Crocc,-0.4404022362907831,0.1251739287329177,-0.43815022140005677,0.15927934037461558,-0.1760254173453255,0.6583556371597667,Crocc,FALSE,FALSE,FALSE,FALSE,0.35152595834538847,FALSE,FALSE,0.09424952938691508
Ccdc173,0.47910517631126637,0.17780201347371805,0.48823387248923145,0.19822511993097694,0.08698200848350135,0.8896935899482021,Ccdc173,FALSE,FALSE,FALSE,FALSE,0.3514403524279997,FALSE,FALSE,0.09422638261707052
Slmap,0.40387421852535343,0.033484256605012815,0.372504862864389,0.08525470443769087,0.2778352643068578,0.2305004472189628,Slmap,FALSE,FALSE,FALSE,FALSE,0.35140478189886676,FALSE,FALSE,0.09421676479068417
Myo1b,0.3320045054286105,0.12171410967139998,0.4353554280368721,0.09718455312173828,0.28674609954659225,0.3299652814536149,Myo1b,FALSE,FALSE,FALSE,FALSE,0.35136867767069163,FALSE,FALSE,0.09420700265874893
Rnf13,0.5567647831952547,0.03753321020215929,0.37021972640676726,0.16750613934731784,0.12700641110748467,0.7292882269460207,Rnf13,FALSE,FALSE,FALSE,FALSE,0.35133030690316885,FALSE,FALSE,0.09419662768290964
Nrg1,0.49493484890957973,0.023298544871650877,0.3467606504992782,0.11025421348490946,0.21215827880164984,0.4046475006623052,Nrg1,FALSE,FALSE,FALSE,FALSE,0.35128459273683593,FALSE,FALSE,0.09418426714383686
Hap1,-0.5765902448907605,0.04445710699290745,-0.34207809156430535,0.2282869826804814,-0.13502786913089526,0.7351420034823858,Hap1,FALSE,FALSE,FALSE,FALSE,0.3512320685286537,FALSE,FALSE,0.09417006525458496
Bud31,-0.2784432927960534,0.08448967470508639,-0.4034933807549175,0.0704576830990092,-0.37174963933974503,0.1002620105675008,Bud31,FALSE,FALSE,FALSE,FALSE,0.35122877096357197,FALSE,FALSE,0.09416917363421196
Dpp4,0.1873650895581369,0.7588725339509642,0.6069405096645806,0.2719573862991408,0.2592920616010219,0.7519051164264753,Dpp4,FALSE,FALSE,FALSE,FALSE,0.3511992202745798,FALSE,FALSE,0.09416118349734157
Gm3235,0.23687665698626725,0.7578213084530351,0.7793608246848452,0.26283936124650703,-0.037341184222061674,0.9773190569111901,Gm3235,FALSE,FALSE,FALSE,FALSE,0.3511928886310581,FALSE,FALSE,0.09415947150008945
Clstn1,-0.49933590668915784,0.025520442629065665,-0.3191933625940182,0.14219133257756708,-0.2350120002195446,0.3751918632425752,Clstn1,FALSE,FALSE,FALSE,FALSE,0.35118042316757353,FALSE,FALSE,0.0941561009946024
Inhba,0.3314883668306139,0.3902593705342358,0.4583342177085177,0.25002852755277993,0.2634321868357834,0.6323909429312146,Inhba,FALSE,FALSE,FALSE,FALSE,0.3510849237916383,FALSE,FALSE,0.09413027915725167
Fastkd1,0.3034004852271601,0.12644372494922318,0.4049787790834749,0.09085111530551959,0.3448444975999574,0.19010625023039424,Fastkd1,FALSE,FALSE,FALSE,FALSE,0.3510745873035308,FALSE,FALSE,0.09412748430009082
Fam135a,0.4624096894373828,0.042625180364088716,0.35526818398945537,0.1377974504204584,0.2354107560872496,0.42126456993899086,Fam135a,FALSE,FALSE,FALSE,FALSE,0.3510295431713626,FALSE,FALSE,0.09411530492987963
Gm10617,0.23884417189272855,0.7834930028690432,0.27134433577482114,0.7593994648691753,0.5426303281532525,0.6104686544306196,Gm10617,FALSE,FALSE,FALSE,FALSE,0.3509396119402674,FALSE,FALSE,0.09409098864928252
Naif1,-0.5166052295477481,0.06774748590340365,-0.3615943190522186,0.1939224151181437,-0.17456594077677856,0.6288690343193462,Naif1,FALSE,FALSE,FALSE,FALSE,0.35092182979224845,FALSE,FALSE,0.09408618057876482
Josd2,-0.34926146956434057,0.06712292525877547,-0.3936606255302473,0.0856437643014156,-0.30969170010108904,0.20226800695994418,Josd2,FALSE,FALSE,FALSE,FALSE,0.35087126506522565,FALSE,FALSE,0.09407250850872163
Zfp563,0.5431980746793932,0.027875185949497214,0.3198113463165462,0.17776703939425775,0.18955639843030925,0.539058135231292,Zfp563,FALSE,FALSE,FALSE,FALSE,0.35085527314208287,FALSE,FALSE,0.09406818449262966
Bscl2,-0.3965766233832353,0.10079048389632284,-0.3840599621930174,0.14950020429297456,-0.2717942601825838,0.40608108524542064,Bscl2,FALSE,FALSE,FALSE,FALSE,0.35081028191961217,FALSE,FALSE,0.09405601942853922
3222401L13Rik,0.5920609708890536,0.019435742666429615,0.1833485840047815,0.3969875610785028,0.27691727908676667,0.3148959139136283,3222401L13Rik,FALSE,FALSE,FALSE,FALSE,0.35077561132686724,FALSE,FALSE,0.09404664493370148
Igsf6,0.2948422270807832,0.6020244508224815,0.4820783965491334,0.38092451455225207,0.27531252808054396,0.7299551787449847,Igsf6,FALSE,FALSE,FALSE,FALSE,0.3507443839034869,FALSE,FALSE,0.09403820142881453
Gm10616,0.22067001254669671,0.618229675007948,-0.1180236467667426,0.8202441110265992,-0.7134989176064616,0.27094845677333723,Gm10616,FALSE,FALSE,FALSE,FALSE,0.3507308589733003,FALSE,FALSE,0.09403454445677635
2310034G01Rik,-0.2981738717041176,0.2285009918456643,-0.3804674718158576,0.1629848973239979,-0.37353779407856447,0.263937480222375,2310034G01Rik,FALSE,FALSE,FALSE,FALSE,0.3507263791995132,FALSE,FALSE,0.094033333181949
4833423E24Rik,0.4882110130495872,0.2663923030804197,0.37768558808143404,0.4227745144736172,0.18606971879311868,0.7914172924437923,4833423E24Rik,FALSE,FALSE,FALSE,FALSE,0.3506554399747133,FALSE,FALSE,0.09401415210242224
Gpat3,-0.38582456779818974,0.20199011910824077,-0.1951107157149119,0.5315209519722389,-0.47015952448818465,0.24715645519038124,Gpat3,FALSE,FALSE,FALSE,FALSE,0.3503649360004288,FALSE,FALSE,0.09393560345956195
Tmem106c,-0.4687953286507174,0.03370580140610914,-0.26352117177989154,0.2054454030520142,-0.31840977222199296,0.22883549576023568,Tmem106c,FALSE,FALSE,FALSE,FALSE,0.3502420908842006,FALSE,FALSE,0.09390238767590357
Scarna13,0.5399209505976614,0.15186047520234133,0.48282688080339486,0.23734411541864883,0.027911339547939562,0.9688448947437457,Scarna13,FALSE,FALSE,FALSE,FALSE,0.3502197236496653,FALSE,FALSE,0.09389633985531312
Cdh18,0.6597008640277524,0.0059710086833624975,0.19840265409625513,0.17026313196676432,0.19224581503829885,0.2819557242717475,Cdh18,FALSE,FALSE,FALSE,FALSE,0.35011644438743544,FALSE,FALSE,0.09386841443396993
Mtch1,-0.40353155896146475,0.028410078324661997,-0.3294950105989125,0.09562171661011391,-0.316912711330267,0.1537328596831151,Mtch1,FALSE,FALSE,FALSE,FALSE,0.34997976029688144,FALSE,FALSE,0.0938314567646642
Spef1,-0.33883627565485575,0.17076603580565067,-0.35697946967883,0.17953707574902272,-0.3539974072037524,0.2819557242717475,Spef1,FALSE,FALSE,FALSE,FALSE,0.3499377175124794,FALSE,FALSE,0.0938200889213671
Ctxn1,-0.6104184187249633,0.036274495516440304,-0.3827900501177348,0.15913965092570664,-0.056573260869928976,0.8860797288115728,Ctxn1,FALSE,FALSE,FALSE,FALSE,0.3499272432375424,FALSE,FALSE,0.09381725680837012
Krt17,-0.330827478417809,0.529564888104852,-0.12807972462545347,0.8221221008979609,-0.5908263733249169,0.4091211055620229,Krt17,FALSE,FALSE,FALSE,FALSE,0.3499111921227265,FALSE,FALSE,0.09381291678758973
Cd52,-0.09574710083502302,0.8688447125449582,-0.5244829669883732,0.35277067680986923,-0.4292295376416767,0.560988272984294,Cd52,FALSE,FALSE,FALSE,FALSE,0.3498198684883576,FALSE,FALSE,0.09378822401855477
Cul1,0.46701020306251273,0.0461548643414421,0.37423559751257773,0.1344978051785555,0.20803922884167925,0.4971071592690617,Cul1,FALSE,FALSE,FALSE,FALSE,0.3497616764722566,FALSE,FALSE,0.09377248962489873
Gm37052,0.2951494577994921,0.7400255762890934,0.04766227231855158,0.9634586037358654,-0.7064712674549333,0.5887222143874582,Gm37052,FALSE,FALSE,FALSE,FALSE,0.3497609991909923,FALSE,FALSE,0.09377230649651201
Rps2,-0.42934065814297107,0.018647158665054384,-0.36784859440718165,0.0704576830990092,-0.25195284494737713,0.19052896495955174,Rps2,FALSE,FALSE,FALSE,FALSE,0.3497140324991766,FALSE,FALSE,0.09375960729020737
Rnf138rt1,-0.6438917380668716,0.07348240509103604,-0.11687291660486987,0.7396199405148053,-0.28822792237624895,0.5139138552919001,Rnf138rt1,FALSE,FALSE,FALSE,FALSE,0.34966419234933016,FALSE,FALSE,0.09374613113677424
Tmem132a,-0.3926078839272842,0.09950470791370554,-0.4682095530445425,0.09955301218514566,-0.1878790483192292,0.5672569162285755,Tmem132a,FALSE,FALSE,FALSE,FALSE,0.3495654950970186,FALSE,FALSE,0.09371944463363016
Dapk2,-0.15215581243941845,0.6802019839175963,-0.23317844964921397,0.5287597309359323,-0.6632609613449312,0.18233544799713558,Dapk2,FALSE,FALSE,FALSE,FALSE,0.3495317411445212,FALSE,FALSE,0.09371031798685579
9430041J12Rik,0.6766216267836904,0.22201158705076604,0.3134274008837285,0.6211312282162286,0.05786619657968983,0.9588162961237199,9430041J12Rik,FALSE,FALSE,FALSE,FALSE,0.34930507474903627,FALSE,FALSE,0.09364903022722627
1700040D17Rik,0.48625623910922755,0.10031343436224324,0.17285525819330783,0.5977489295168975,-0.3887063404390658,0.3784396276043878,1700040D17Rik,FALSE,FALSE,FALSE,FALSE,0.3492726125805337,FALSE,FALSE,0.09364025286269466
Gmps,0.4589907281368699,0.05971085099554633,0.3951208214263753,0.13820967438382178,0.19351170945247453,0.561833195853623,Gmps,FALSE,FALSE,FALSE,FALSE,0.34920775300523993,FALSE,FALSE,0.09362271564438855
Taf15,0.2860137824221094,0.20795921063422715,0.392404362855332,0.12947871565590208,0.36884819263956325,0.22944101402905842,Taf15,FALSE,FALSE,FALSE,FALSE,0.34908877930566823,FALSE,FALSE,0.09359054664339489
Fkbp11,0.015387931939764066,0.9731289662449863,-0.5809739427780256,0.17995212463848295,-0.45064805181759393,0.4035074698269948,Fkbp11,FALSE,FALSE,FALSE,FALSE,0.34900330884512787,FALSE,FALSE,0.09356743649938869
Tenm1,0.32091469393650485,0.15903947517607517,0.3428373746975959,0.1708847594760277,0.3827894394478415,0.2157661235667044,Tenm1,FALSE,FALSE,FALSE,FALSE,0.3488471693606474,FALSE,FALSE,0.09352521833479026
Dctn1,-0.4618099517921497,0.05997385598308451,-0.40607553667144636,0.13287841853167795,-0.1783305423904764,0.5984895437631904,Dctn1,FALSE,FALSE,FALSE,FALSE,0.34873867695135746,FALSE,FALSE,0.09349588334365509
Fuca1,-0.3792256618732912,0.03831333094046757,-0.380147966340175,0.08120675934582743,-0.2868283384902899,0.20226800695994418,Fuca1,FALSE,FALSE,FALSE,FALSE,0.348733988901252,FALSE,FALSE,0.09349461575351506
Scand1,0.20994881113969743,0.4938499910811294,0.22123018980199172,0.4851749591341051,0.6149492566315913,0.12398760476110553,Scand1,FALSE,FALSE,FALSE,FALSE,0.3487094191910935,FALSE,FALSE,0.09348797241105072
Prr16,0.2605492677551591,0.3957830372504935,-0.29965356772075635,0.37988511910752965,-0.48567016928905016,0.27933891819081974,Prr16,FALSE,FALSE,FALSE,FALSE,0.3486243349216552,FALSE,FALSE,0.09346496668829048
Ppme1,-0.47070419646265105,0.019108275622710627,-0.26169904721285686,0.13538779083376862,-0.31342196647722087,0.13969684197102653,Ppme1,FALSE,FALSE,FALSE,FALSE,0.3486084033842429,FALSE,FALSE,0.09346065899974511
Lpcat4,-0.37403947768363977,0.20248067774928472,-0.5013888695525137,0.13444684414066319,-0.17029533041076372,0.6761246943498971,Lpcat4,FALSE,FALSE,FALSE,FALSE,0.34857455921563907,FALSE,FALSE,0.09345150795966342
Gm14122,0.2905691853839443,0.542830286941575,0.6242019123971407,0.19025808232305622,-0.13089932093156076,0.8702121883029506,Gm14122,FALSE,FALSE,FALSE,FALSE,0.3485568062375486,FALSE,FALSE,0.09344670777632971
Ccdc166,-0.37729239050754515,0.18708454072408,-0.5021368225599305,0.12674820361482053,-0.16601182807493586,0.6734996583807101,Ccdc166,FALSE,FALSE,FALSE,FALSE,0.3484803470474705,FALSE,FALSE,0.09342603416720054
Rtp2,-0.02098339490611567,0.977443001888163,-0.23006194192796348,0.7531008345362749,-0.794204771471427,0.40907075139548416,Rtp2,FALSE,FALSE,FALSE,FALSE,0.34841670276850206,FALSE,FALSE,0.09340882554982756
Pdcl,0.563795170984835,0.05453671284523709,0.3332224293943309,0.2629327123188013,0.14789995555960367,0.7256546747898629,Pdcl,FALSE,FALSE,FALSE,FALSE,0.34830585197958985,FALSE,FALSE,0.09337885288232624
Rtel1,-0.4032508075284369,0.04529800063681137,-0.40206892098754743,0.08525470443769087,-0.2395647419861846,0.32771178945933277,Rtel1,FALSE,FALSE,FALSE,FALSE,0.348294823500723,FALSE,FALSE,0.09337587091951509
Hcfc1r1,-0.4482518559963937,0.047506931500129974,-0.27513825142581894,0.2151573423276377,-0.32140203448505655,0.25445387841808387,Hcfc1r1,FALSE,FALSE,FALSE,FALSE,0.34826404730242305,FALSE,FALSE,0.09336754942024882
Ngb,0.1325492891615745,0.8539988703181723,0.30896182787169235,0.6500724952746028,0.6032797441811113,0.45812845965150645,Ngb,FALSE,FALSE,FALSE,FALSE,0.3482636204047927,FALSE,FALSE,0.0933674339924665
Gm9616,-0.2764308233675595,0.609273669492571,-0.55203418408537,0.32357636467879425,-0.21619172240881146,0.7808696579971197,Gm9616,FALSE,FALSE,FALSE,FALSE,0.34821890995391364,FALSE,FALSE,0.09335534484550433
Hdac5,-0.5098796444922469,0.03838424351977799,-0.18836637892658015,0.4276845893413202,-0.3463449434189929,0.25542934587792965,Hdac5,FALSE,FALSE,FALSE,FALSE,0.34819698894594,FALSE,FALSE,0.09334941767899757
Gpr161,0.3812220605510934,0.2542198300741111,0.2771827624843839,0.4364286552661139,0.3858891691682249,0.3958920166108296,Gpr161,FALSE,FALSE,FALSE,FALSE,0.3480979974012341,FALSE,FALSE,0.09332265160286922
Mvp,-0.3378815066278724,0.08797373968809928,-0.3574732422863436,0.11601268445501388,-0.34881544691789035,0.18766193920058674,Mvp,FALSE,FALSE,FALSE,FALSE,0.34805673194403547,FALSE,FALSE,0.09331149393913003
Pias1,0.3918461967316036,0.0211573327684876,0.33106368544202347,0.07556490478840473,0.32125054482897486,0.1004081518877886,Pias1,FALSE,FALSE,FALSE,FALSE,0.348053475667534,FALSE,FALSE,0.09331061348267294
Gnai1,0.3702501982434159,0.10514963649337045,0.30734922562494216,0.20639889745453108,0.3663551986053868,0.23331648501588145,Gnai1,FALSE,FALSE,FALSE,FALSE,0.34798487415791496,FALSE,FALSE,0.09329206449210574
Asb5,0.3648286843529424,0.41806794397188735,0.2269451723958133,0.6521342817410232,0.45193979174865634,0.45310408221933723,Asb5,FALSE,FALSE,FALSE,FALSE,0.34790454949913735,FALSE,FALSE,0.09327034570856504
Gm10060,-0.4438498189283666,0.32036068754109587,-0.18145735587666395,0.7035139164034433,-0.4183629684646003,0.4876608243615787,Gm10060,FALSE,FALSE,FALSE,FALSE,0.34789004775654364,FALSE,FALSE,0.09326642461866377
2610035D17Rik,-0.6158607558721072,0.08828955751555133,-0.36824874264090557,0.2975608319239182,-0.059434892197905764,0.9162903148707165,2610035D17Rik,FALSE,FALSE,FALSE,FALSE,0.34784813023697286,FALSE,FALSE,0.09325509064541104
Gprc5c,-0.47970499430878233,0.03925919333423306,-0.13456742277837597,0.5197508867622825,-0.4287868796802252,0.12751977623026692,Gprc5c,FALSE,FALSE,FALSE,FALSE,0.3476864322557945,FALSE,FALSE,0.09321136953279602
Lypla2,-0.37832531833040317,0.041461069440921476,-0.4314155642715489,0.0704576830990092,-0.23328377086446928,0.3050824603472011,Lypla2,FALSE,FALSE,FALSE,FALSE,0.3476748844888071,FALSE,FALSE,0.09320824716096907
Inf2,-0.17571185039780268,0.7168334130351905,0.4122631695267547,0.3355337154844925,0.45501550024837956,0.40995230307421726,Inf2,FALSE,FALSE,FALSE,FALSE,0.3476635067243123,FALSE,FALSE,0.09320517075569076
2310040G24Rik,-0.4410765347640708,0.27001475100194167,-0.4126617082293036,0.3163540583804464,-0.18912723518286922,0.7376116363550428,2310040G24Rik,FALSE,FALSE,FALSE,FALSE,0.34762182605874786,FALSE,FALSE,0.09319390082480028
Dnajc8,-0.5049251518914568,0.018371466261579567,-0.24853191769902683,0.15930529384597045,-0.28938165924005865,0.1855566785878668,Dnajc8,FALSE,FALSE,FALSE,FALSE,0.34761290961018076,FALSE,FALSE,0.09319148992857829
Gys1,-0.35822357914213976,0.3054183786852948,-0.5016451836086344,0.19025808232305622,-0.18280566640414753,0.7192625320922958,Gys1,FALSE,FALSE,FALSE,FALSE,0.34755814305164057,FALSE,FALSE,0.09317668173582272
BC029722,-0.4161190575089302,0.06394741777326374,-0.43576364157876446,0.09383983788379412,-0.19071358464228183,0.509178971164443,BC029722,FALSE,FALSE,FALSE,FALSE,0.34753209457665885,FALSE,FALSE,0.09316963855383724
Appl1,0.4277868140796146,0.04326133976766126,0.3578336351774922,0.11918285018239806,0.25695509021878404,0.33827298003872003,Appl1,FALSE,FALSE,FALSE,FALSE,0.34752517982529696,FALSE,FALSE,0.09316776889151496
Zfp523,-0.41957931762036704,0.04672461485829881,-0.3966113354898644,0.09564193831237527,-0.22637719468178652,0.39585115013181715,Zfp523,FALSE,FALSE,FALSE,FALSE,0.34752261593067263,FALSE,FALSE,0.09316707564646151
Rnf152,0.42667262089555424,0.3503270594788203,0.2869221092732319,0.566001728784413,0.32894822959696746,0.6150505511268062,Rnf152,FALSE,FALSE,FALSE,FALSE,0.3475143199219179,FALSE,FALSE,0.09316483250940824
Serpini1,0.585738987387967,0.014989859019986373,0.24563149355253788,0.19374411593597352,0.21065080092911526,0.3783002402355162,Serpini1,FALSE,FALSE,FALSE,FALSE,0.3473404272898734,FALSE,FALSE,0.09311781411565256
Gm10814,-0.11145011413059247,0.8819226446177186,-0.564987523501168,0.4387769768151994,-0.36551897524367205,0.7086847097238209,Gm10814,FALSE,FALSE,FALSE,FALSE,0.3473188709584775,FALSE,FALSE,0.09311198555313337
Nfatc2ip,0.11801256557725603,0.7569223468796671,0.535878248370281,0.1419230921171942,0.38781816559338445,0.3901523714115766,Nfatc2ip,FALSE,FALSE,FALSE,FALSE,0.3472363265136405,FALSE,FALSE,0.09308966656719325
4933412E12Rik,-0.43832365762992853,0.15044153772931307,-0.23885699811572492,0.436969787282626,-0.3643846110894211,0.36452411371933907,4933412E12Rik,FALSE,FALSE,FALSE,FALSE,0.34718842227835817,FALSE,FALSE,0.09307671386085609
Tmem38b,0.3570887868952264,0.15164559155254825,0.34329633993392417,0.19635044386938566,0.341166523661641,0.3069935193989426,Tmem38b,FALSE,FALSE,FALSE,FALSE,0.3471838834969305,FALSE,FALSE,0.09307548663110043
Ppp2r3c,0.4726179147170768,0.07288115612224458,0.34370660767237915,0.210034016836429,0.22510808598829612,0.5361299406170611,Ppp2r3c,FALSE,FALSE,FALSE,FALSE,0.347144202792584,FALSE,FALSE,0.0930647574647204
Fndc4,-0.39529065787588236,0.29930927675911334,-0.0979611878382447,0.8211569650424355,-0.548053377358884,0.2938618654252344,Fndc4,FALSE,FALSE,FALSE,FALSE,0.34710174102433705,FALSE,FALSE,0.09305327633342965
Gm9484,-0.17831220611700815,0.8018287659293367,0.31912300877874594,0.6253900233874495,0.5436240061640338,0.49763907169335814,Gm9484,FALSE,FALSE,FALSE,FALSE,0.34701974035326266,FALSE,FALSE,0.09303110437711687
2610002M06Rik,0.5872595230711743,0.022196427619339296,0.29886058307341123,0.19025808232305622,0.15487068133182014,0.6082944726950605,2610002M06Rik,FALSE,FALSE,FALSE,FALSE,0.3469969291588019,FALSE,FALSE,0.09302493651531282
Pianp,-0.496990332514367,0.06684931264780973,-0.39733597225605344,0.1569207685285332,-0.14666190696188064,0.6859667426109882,Pianp,FALSE,FALSE,FALSE,FALSE,0.3469960705774337,FALSE,FALSE,0.09302470436564456
Adamtsl4,0.20278415537249472,0.5573467700784321,0.3151027521600809,0.3565456818456875,0.5231006354287366,0.22077398546550772,Adamtsl4,FALSE,FALSE,FALSE,FALSE,0.34699584765377073,FALSE,FALSE,0.09302464408987302
Cdc42bpa,0.47591501491527755,0.021527426362789856,0.33291492859634,0.10095931193905984,0.23215748966572036,0.31366821982823645,Cdc42bpa,FALSE,FALSE,FALSE,FALSE,0.34699581105911265,FALSE,FALSE,0.09302463419513496
D830035M03Rik,0.4430632421617745,0.28405116753491877,0.20491208939237227,0.6660112469339357,-0.3927637151020299,0.5464351320001115,D830035M03Rik,FALSE,FALSE,FALSE,FALSE,0.3469130155520589,FALSE,FALSE,0.09300224732511014
Pcm1,0.4766952973160219,0.023478178854300733,0.33953923811283016,0.10853352205586946,0.2242280905122067,0.35737274107770245,Pcm1,FALSE,FALSE,FALSE,FALSE,0.34682087531368627,FALSE,FALSE,0.09297733375656149
Rpl36a-ps1,-0.5331561458490093,0.3625730784374516,0.19129424228948044,0.7503252751436393,-0.3160064612787994,0.7037044683489674,Rpl36a-ps1,FALSE,FALSE,FALSE,FALSE,0.34681894980576305,FALSE,FALSE,0.09297681312329113
Erlec1,0.5374018884396268,0.023670425705780866,0.37271188340067596,0.11601268445501388,0.13033305780043136,0.6575644461362093,Erlec1,FALSE,FALSE,FALSE,FALSE,0.3468156098802447,FALSE,FALSE,0.09297591004918562
C230062I16Rik,0.14120678935272274,0.726790346668072,-0.5157460379810088,0.23209200017281614,-0.38319183801147844,0.4856421306484975,C230062I16Rik,FALSE,FALSE,FALSE,FALSE,0.3467148884484033,FALSE,FALSE,0.09294867623320233
Txlnb,-0.09781052500510837,0.8942179676809057,0.48735670928565633,0.4237006708496367,0.4540342029438602,0.5793613560694663,Txlnb,FALSE,FALSE,FALSE,FALSE,0.3464004790782083,FALSE,FALSE,0.09286366387014534
Ube2i,-0.40693805732754385,0.03354253084366122,-0.3289327801943367,0.10448933705940885,-0.3033141215026607,0.19027314277124036,Ube2i,FALSE,FALSE,FALSE,FALSE,0.3463949863415137,FALSE,FALSE,0.09286217870281153
Socs6,0.40487792703094616,0.06490926339909174,0.4374803774456497,0.09278943644870202,0.19682297321864262,0.5075743340637165,Socs6,FALSE,FALSE,FALSE,FALSE,0.34639375923174615,FALSE,FALSE,0.09286184690767131
Jag2,-0.47948636505171116,0.08409221452631181,-0.37168186483321985,0.19338259148175432,-0.1880011097480665,0.6147300814706247,Jag2,FALSE,FALSE,FALSE,FALSE,0.34638977987766584,FALSE,FALSE,0.09286077094007658
Man2b2,-0.4531998470188938,0.07481980243459208,-0.3602799324385808,0.18174446747764975,-0.22550964285319886,0.5129311868566988,Man2b2,FALSE,FALSE,FALSE,FALSE,0.3463298074368912,FALSE,FALSE,0.09284455514184707
Itch,0.3950522697640997,0.0786236969341647,0.4193134212333529,0.10906604476512817,0.22461375331929379,0.46199893899746625,Itch,FALSE,FALSE,FALSE,FALSE,0.3463264814389155,FALSE,FALSE,0.092843655833575
Babam2,-0.45535689660202205,0.0320844274623938,-0.33657599523872594,0.11643894446852876,-0.247002330506791,0.3190476864790385,Babam2,FALSE,FALSE,FALSE,FALSE,0.346311740782513,FALSE,FALSE,0.09283967014436666
Hdgf,-0.43773734902577033,0.031968617370469646,-0.34066721776929043,0.1124216946182478,-0.2604661878350356,0.29150525020833246,Hdgf,FALSE,FALSE,FALSE,FALSE,0.34629025154336546,FALSE,FALSE,0.09283385972275264
Mpp6,0.4077206779210858,0.15826865239840845,0.4480801188095107,0.16110675861815826,0.18296657561819352,0.6677356565884597,Mpp6,FALSE,FALSE,FALSE,FALSE,0.34625579078293,FALSE,FALSE,0.09282454196394813
S100b,0.44810755889458065,0.5135034918213709,0.26757083795383485,0.727218039645844,0.32306129011702156,0.7480324067598075,S100b,FALSE,FALSE,FALSE,FALSE,0.34624656232181233,FALSE,FALSE,0.09282204670343312
Synj1,0.4341838751730913,0.028947261148743356,0.29466865352693894,0.1377921970079017,0.30941584026907165,0.1959246336652874,Synj1,FALSE,FALSE,FALSE,FALSE,0.34608945632303395,FALSE,FALSE,0.09277956720545158
Gng11,0.5086751718309195,0.045849224732787235,0.284903150648951,0.2613387705651277,0.24454911388014722,0.460023447495747,Gng11,FALSE,FALSE,FALSE,FALSE,0.34604247878667255,FALSE,FALSE,0.09276686506691735
A830018L16Rik,0.8895326607735665,0.022606933826155737,0.1361193415226376,0.71676622171927,0.012239131358205313,0.9833468957725239,A830018L16Rik,FALSE,FALSE,FALSE,FALSE,0.34596371121813646,FALSE,FALSE,0.09274556730111173
Asic2,-0.4895610378954536,0.3994768319428058,-0.2653342637987719,0.666300863893602,-0.28286473038762194,0.7313600982123954,Asic2,FALSE,FALSE,FALSE,FALSE,0.3459200106939491,FALSE,FALSE,0.09273375122570122
Tbcd,-0.2429678621562097,0.1444317434290854,-0.4101962651209865,0.07424451517651934,-0.3845883915035708,0.10808847679501327,Tbcd,FALSE,FALSE,FALSE,FALSE,0.3459175062602557,FALSE,FALSE,0.09273307405814013
AF357341,0.015411966148914158,0.9864055550924716,0.9418436332209155,0.21677815427231506,-0.08048841412812446,0.9568917316396195,AF357341,FALSE,FALSE,FALSE,FALSE,0.3459146711659847,FALSE,FALSE,0.09273230748409268
Chac2,0.47663269497039185,0.17705152377686362,0.5152857231342032,0.17960477993583024,0.04580113433362376,0.9456608272272778,Chac2,FALSE,FALSE,FALSE,FALSE,0.34590651747940626,FALSE,FALSE,0.09273010282917661
Ltn1,0.42665951888279796,0.04535458321584738,0.37642462469060955,0.11036521115468788,0.23462197288805697,0.39229502472198735,Ltn1,FALSE,FALSE,FALSE,FALSE,0.34590203882048814,FALSE,FALSE,0.09272889185579589
Babam1,-0.3795997920569958,0.07320015791313784,-0.3548450847774731,0.1288986675776628,-0.3030904723984662,0.2700134481839871,Babam1,FALSE,FALSE,FALSE,FALSE,0.34584511641097837,FALSE,FALSE,0.09271350074788991
Gria3,0.30612365799229924,0.38359798189241234,-0.11219694661058943,0.7943608260782665,0.6190550501661911,0.17891057821632086,Gria3,FALSE,FALSE,FALSE,FALSE,0.3457918849230266,FALSE,FALSE,0.09269910761903051
Tmem39b,-0.4516328597835557,0.1379990968021279,-0.30794456216004784,0.3135800031211433,-0.2774051914927793,0.4882340053460702,Tmem39b,FALSE,FALSE,FALSE,FALSE,0.34566087114546096,FALSE,FALSE,0.09266368313146842
Galnt12,-0.4266929552945329,0.13927020505162757,-0.4029904757150682,0.18827916284057888,-0.20720399149460045,0.5987037601073929,Galnt12,FALSE,FALSE,FALSE,FALSE,0.34562914083473384,FALSE,FALSE,0.09265510365212984
9930111J21Rik1,0.03879845225968326,0.9631115815869717,0.5461925580587317,0.4329704019182371,0.4518712741368526,0.636280606630473,9930111J21Rik1,FALSE,FALSE,FALSE,FALSE,0.3456207614850892,FALSE,FALSE,0.09265283798074184
CAAA01141682.2,0.7710913718635082,0.15806584693400436,-0.2607494071869355,0.7074444975031177,0.0045641224471651975,0.9958136259774507,CAAA01141682.2,FALSE,FALSE,FALSE,FALSE,0.34546830049920296,FALSE,FALSE,0.09261161443617588
Zfp993,0.23241125115311742,0.7178119779278725,-0.21397169655862192,0.7656731180805703,0.5900206526458531,0.44380716000887926,Zfp993,FALSE,FALSE,FALSE,FALSE,0.34546786678586416,FALSE,FALSE,0.09261149716551122
Tmem258,-0.22291553480998338,0.21602499782783083,-0.31920493665429017,0.12871934164900037,-0.49413864045320643,0.07371174381634897,Tmem258,FALSE,FALSE,FALSE,FALSE,0.34541970397249333,FALSE,FALSE,0.09259847454289158
Cd53,0.3379758164252935,0.3714250665877372,0.3559821370115399,0.36537165714982145,0.34228145937538645,0.508683611517471,Cd53,FALSE,FALSE,FALSE,FALSE,0.3454131376040733,FALSE,FALSE,0.0925966990789614
Ptchd4,-0.4115902664566626,0.5758621236374273,-0.4178489786718051,0.583107572467148,-0.2066650604112769,0.8516815480846348,Ptchd4,FALSE,FALSE,FALSE,FALSE,0.3453681018465815,FALSE,FALSE,0.09258452197315803
4732471J01Rik,0.1640574750872441,0.8417863247291514,0.3804242226468801,0.6248018713477923,0.49155099890887666,0.6213859504531344,4732471J01Rik,FALSE,FALSE,FALSE,FALSE,0.34534423221433364,FALSE,FALSE,0.09257806792300859
Gm47163,-0.24183984198224406,0.4452635015775329,-0.3119779563960554,0.3432157761534476,-0.48202194866293757,0.263937480222375,Gm47163,FALSE,FALSE,FALSE,FALSE,0.34527991568041233,FALSE,FALSE,0.09256067753630066
Dnajc4,-0.3944750057549773,0.1767080809309046,-0.2819383174169334,0.3443436108291715,-0.35928906495422286,0.3574572286911746,Dnajc4,FALSE,FALSE,FALSE,FALSE,0.34523412937537784,FALSE,FALSE,0.09254829749182485
A930007I19Rik,-0.50163661275989,0.35050631195540427,-0.1777180426277717,0.7612452912843685,0.3562780927738548,0.5976443085219331,A930007I19Rik,FALSE,FALSE,FALSE,FALSE,0.34521091605383886,FALSE,FALSE,0.0925420208998861
Prkch,0.45021792472720623,0.04204189586212641,0.38075638357267927,0.1136876774354766,0.20460555235814848,0.47343766194723075,Prkch,FALSE,FALSE,FALSE,FALSE,0.3451932868860113,FALSE,FALSE,0.09253725419329967
Gm5805,-0.15193214750771256,0.7466871456571769,-0.321957296323675,0.4909885333434505,-0.56166727090258,0.36452411371933907,Gm5805,FALSE,FALSE,FALSE,FALSE,0.3451855715779892,FALSE,FALSE,0.09253516807046475
Vegfa,-0.34195899238011185,0.19319982858820844,-0.6035455670286369,0.08453473759992562,-0.08961514602541953,0.8225607008959642,Vegfa,FALSE,FALSE,FALSE,FALSE,0.34503990181138944,FALSE,FALSE,0.09249578078669225
Gpatch4,-0.6486474818938728,0.04489569408275941,-0.24108011508250282,0.40175024712639823,-0.14524185896171105,0.713382629184324,Gpatch4,FALSE,FALSE,FALSE,FALSE,0.3449898186460289,FALSE,FALSE,0.09248223892490222
C230035I16Rik,-0.977753586158871,0.13185997423230814,-0.048849444273273375,0.9430094073196065,0.008288418101045053,0.9924863301812258,C230035I16Rik,FALSE,FALSE,FALSE,FALSE,0.3449638161777298,FALSE,FALSE,0.09247520818254855
Fap,0.5004712529853104,0.31295465463878996,0.2831765152643041,0.6142315636064425,0.25099362719203655,0.743678248114276,Fap,FALSE,FALSE,FALSE,FALSE,0.344880465147217,FALSE,FALSE,0.09245267110592538
Gm26559,-0.2447704857382913,0.4320990783483555,-0.7390427843639946,0.08451455445915308,-0.05076837315216998,0.9228396502534171,Gm26559,FALSE,FALSE,FALSE,FALSE,0.3448605477514853,FALSE,FALSE,0.09244728569112033
Zmym5,0.41608534287716914,0.026392833875682736,0.3163889646752178,0.10381114606151486,0.3021045866456129,0.1748775832390268,Zmym5,FALSE,FALSE,FALSE,FALSE,0.3448596313993333,FALSE,FALSE,0.09244703792095436
Klk1b16,-0.3522632541626274,0.5023707741874207,-0.3197360014510602,0.5564694112809778,0.3625558274175489,0.5732538720885044,Klk1b16,FALSE,FALSE,FALSE,FALSE,0.34485169434374546,FALSE,FALSE,0.0924448918403499
Itgam,-0.5868780986880484,0.26249275875557454,0.24126969823119515,0.6357401686376528,0.2063556670747442,0.7700562878232969,Itgam,FALSE,FALSE,FALSE,FALSE,0.34483448799799593,FALSE,FALSE,0.09244023945956738
Lrrc58,0.3686010388697092,0.08662210331807084,0.38855802305677045,0.11787966769139158,0.2772766651090084,0.3386720962795179,Lrrc58,FALSE,FALSE,FALSE,FALSE,0.34481190901182934,FALSE,FALSE,0.09243413438398307
Serpind1,0.1618475900346555,0.8942179676809057,0.8284750947333916,0.4096959040517329,0.04396140427071843,0.9812767460372922,Serpind1,FALSE,FALSE,FALSE,FALSE,0.3447613630129219,FALSE,FALSE,0.09242046737778814
Clpx,0.4532057234972413,0.04697803911124257,0.34136888198305027,0.15202031156578022,0.2396393445847167,0.4173718251426266,Clpx,FALSE,FALSE,FALSE,FALSE,0.3447379833550028,FALSE,FALSE,0.09241414581057171
Rgs8,0.08163681809437806,0.9160763849140325,-0.9058602212235587,0.25673955689530975,0.04603010110153072,0.9693175565461654,Rgs8,FALSE,FALSE,FALSE,FALSE,0.34450904680648914,FALSE,FALSE,0.09235224422994393
Gm6548,-0.19762726113293283,0.4623955348615468,-0.5019832385086973,0.11517499777307015,-0.3338771586582019,0.3557754064164475,Gm6548,FALSE,FALSE,FALSE,FALSE,0.344495886099944,FALSE,FALSE,0.09234868573942501
Lipt1,-0.3369615412878397,0.2022615915196493,-0.4695766919443196,0.12442689881949882,-0.22673493530136812,0.5259441197500968,Lipt1,FALSE,FALSE,FALSE,FALSE,0.3444243895111758,FALSE,FALSE,0.0923293539556492
Chmp4b,-0.4637992107906994,0.019108275622710627,-0.31161178191784256,0.09580098036804292,-0.25758991318663593,0.21706523208732784,Chmp4b,FALSE,FALSE,FALSE,FALSE,0.3443336352983926,FALSE,FALSE,0.09230481515109229
Foxl2os,-0.3345645463065612,0.3192969621245593,-0.323811501262814,0.35493907191688084,-0.3745701144513567,0.41245719076191895,Foxl2os,FALSE,FALSE,FALSE,FALSE,0.344315387340244,FALSE,FALSE,0.09229988113133894
Usp45,0.47268641168844905,0.028410078324661997,0.2844359663803582,0.17184066108185375,0.27561753552130863,0.28462516900839446,Usp45,FALSE,FALSE,FALSE,FALSE,0.34424663786337195,FALSE,FALSE,0.09228129213227636
Ptov1,-0.47030519368152746,0.031513019920142014,-0.34450519770050203,0.12484236425056108,-0.21779174213732677,0.4169495874309355,Ptov1,FALSE,FALSE,FALSE,FALSE,0.34420071117311873,FALSE,FALSE,0.09226887412939244
Shank1,0.3882204300628378,0.1622934917747772,0.1655858268293322,0.5925030085466981,0.47837220014994974,0.20226800695994418,Shank1,FALSE,FALSE,FALSE,FALSE,0.3440594856807066,FALSE,FALSE,0.0922306885217994
Zfp36,-0.6080095075967469,0.030447863448121757,-0.15665465402521184,0.5236532234282554,-0.26740868498773285,0.40001792953420223,Zfp36,FALSE,FALSE,FALSE,FALSE,0.3440242822032305,FALSE,FALSE,0.0922211699415923
Spire2,-0.4073160603785966,0.13523966454614922,-0.33388387172044265,0.23570327308705263,-0.29084967516295324,0.4222343406034469,Spire2,FALSE,FALSE,FALSE,FALSE,0.3440165357539975,FALSE,FALSE,0.09221907539856328
Lnpep,0.5520592855612687,0.014989859019986373,0.3078686920191931,0.11250662187393885,0.1721003213704364,0.4479050700592937,Lnpep,FALSE,FALSE,FALSE,FALSE,0.34400943298363273,FALSE,FALSE,0.09221715489825318
Cd27,0.4523381154755857,0.3686431517663937,0.012380838548495587,0.9848019905188304,0.5672181525274054,0.4007306822942442,Cd27,FALSE,FALSE,FALSE,FALSE,0.34397903551716225,FALSE,FALSE,0.0922089358033388
Ccdc50,0.42046544659290497,0.04873642230411553,0.4019365869518552,0.09955301218514566,0.20934679844863524,0.4526661861907121,Ccdc50,FALSE,FALSE,FALSE,FALSE,0.3439162773311318,FALSE,FALSE,0.0921919667744186
Slc7a1,-0.36728552937657266,0.09963804987305065,-0.2323812294229013,0.31880725521200803,-0.431589090755927,0.15523981309587007,Slc7a1,FALSE,FALSE,FALSE,FALSE,0.3437519498518003,FALSE,FALSE,0.09214753467837611
Polr2f,-0.40959486835251147,0.03268981657785465,-0.34064667592318454,0.09383983788379412,-0.2807570047047312,0.2133104250217475,Polr2f,FALSE,FALSE,FALSE,FALSE,0.34366618299347573,FALSE,FALSE,0.09212434439211452
Unkl,-0.43765942811460334,0.028782156505429733,-0.3214707810836197,0.10956679750621234,-0.27184922042858783,0.2343813756677859,Unkl,FALSE,FALSE,FALSE,FALSE,0.34365980987560363,FALSE,FALSE,0.09212262118071655
Snx10,0.45169946636455816,0.09674731075524617,0.35983589269191274,0.21356670178730303,0.21893317294728032,0.5700228149435639,Snx10,FALSE,FALSE,FALSE,FALSE,0.34348951066791705,FALSE,FALSE,0.09207657440398344
Zfp37,0.40742411785988075,0.07103756616135568,0.42097589878995834,0.10610955799311157,0.2019955499668198,0.5117107260373903,Zfp37,FALSE,FALSE,FALSE,FALSE,0.3434651888722196,FALSE,FALSE,0.09206999809449004
Chka,0.37963994308458116,0.07203750857825501,0.38115131832180094,0.11412993805891834,0.26930378445942793,0.3356363749792366,Chka,FALSE,FALSE,FALSE,FALSE,0.34336501528860336,FALSE,FALSE,0.09204291240981778
Eaf2,0.46909881277639864,0.5020345317882818,-0.13961398937696012,0.8732511781214899,0.42135174616031085,0.6702782274602161,Eaf2,FALSE,FALSE,FALSE,FALSE,0.34335484943788985,FALSE,FALSE,0.09204016369087502
Atg101,-0.3592701836284533,0.066117234918035,-0.33685379214533384,0.11655225922011593,-0.33379146715807817,0.18100964847843587,Atg101,FALSE,FALSE,FALSE,FALSE,0.3433051476439551,FALSE,FALSE,0.09202672494715072
Nufip2,0.4168300301795096,0.04215756021318791,0.35003645363834135,0.11648197128551506,0.2629286373998845,0.31263501888640843,Nufip2,FALSE,FALSE,FALSE,FALSE,0.3432650404059118,FALSE,FALSE,0.09201588045139149
Ace,-0.6172542274179937,0.10367716160148677,-0.29952329809776224,0.42658197371698875,0.11290655450631615,0.8398005504657785,Ace,FALSE,FALSE,FALSE,FALSE,0.343228026674024,FALSE,FALSE,0.09200587240102266
Zfp804b,0.33218843781368534,0.30275129224531794,0.31185479374110237,0.3580223280288033,-0.38547652435571916,0.43139546174649335,Zfp804b,FALSE,FALSE,FALSE,FALSE,0.34317325197016896,FALSE,FALSE,0.0919910620058758
Nfatc4,-0.6005431419254357,0.08754557010769749,0.12032355488348245,0.720088545098646,0.3081357613269977,0.44037088244546707,Nfatc4,FALSE,FALSE,FALSE,FALSE,0.34300081937863863,FALSE,FALSE,0.09194443838882221
Fbxl22,0.23000785816297017,0.6332154481114567,0.4343374458943299,0.3498697369257727,0.36439209049582477,0.5599787778067897,Fbxl22,FALSE,FALSE,FALSE,FALSE,0.3429124648510416,FALSE,FALSE,0.09192054842913956
Ttc21a,0.303664966098427,0.6311269571148915,-0.01706957645332774,0.9824470911391313,0.70797914730436,0.3593510165792713,Ttc21a,FALSE,FALSE,FALSE,FALSE,0.34290456328537156,FALSE,FALSE,0.09191841194456518
Dusp12,0.5422835572142062,0.045849224732787235,0.29511485884591915,0.2747661417701888,0.1904934423768978,0.6040213727753855,Dusp12,FALSE,FALSE,FALSE,FALSE,0.3426306194790077,FALSE,FALSE,0.09184434096408081
Epsti1,-0.36032511066601175,0.3581467796022008,-0.30867086241572295,0.44775255468443753,-0.3586088720590236,0.5033783582763196,Epsti1,FALSE,FALSE,FALSE,FALSE,0.3425349483802528,FALSE,FALSE,0.09181847269502647
Gm47155,0.6602311313403318,0.1613346053555143,0.11062379077829254,0.8515462942269872,-0.2566989159333615,0.7439280570603795,Gm47155,FALSE,FALSE,FALSE,FALSE,0.34251794601732866,FALSE,FALSE,0.0918138754686498
Nucb1,-0.4044149452661072,0.08844096417474048,-0.40466662458628555,0.13194198036716423,-0.2183383548975737,0.5056637664193488,Nucb1,FALSE,FALSE,FALSE,FALSE,0.34247330824998884,FALSE,FALSE,0.09180180597440797
Ecm2,0.40232058174821805,0.39545251122444725,0.43236597330492277,0.3801235299204972,0.19261163526269431,0.7957981524732946,Ecm2,FALSE,FALSE,FALSE,FALSE,0.34243273010527836,FALSE,FALSE,0.09179083415137303
Vars,-0.42903839176805647,0.034230705945774174,-0.3672305468729373,0.09547243216749418,-0.2308007101162728,0.34706786110603666,Vars,FALSE,FALSE,FALSE,FALSE,0.3423565495857555,FALSE,FALSE,0.09177023589127814
E230016M11Rik,0.3029677169890268,0.40980275079622713,0.27916378791281926,0.46966203163378933,0.4449079425089,0.3566922191199575,E230016M11Rik,FALSE,FALSE,FALSE,FALSE,0.3423464824702487,FALSE,FALSE,0.09176751386910091
Smim15,0.4853697241758823,0.0689575578806303,0.4321607502459175,0.13849670483220658,0.1094200064823827,0.787019880890773,Smim15,FALSE,FALSE,FALSE,FALSE,0.3423168269680608,FALSE,FALSE,0.09175949539205276
Lef1,0.5061591259903777,0.1967993582978564,-0.251252356653579,0.5934022856507757,-0.2693072870554582,0.665178814887794,Lef1,FALSE,FALSE,FALSE,FALSE,0.34223958989980496,FALSE,FALSE,0.0917386114543891
Fam196b,-0.4252165171053939,0.2532567817906024,-0.39617790556403953,0.30445802367318875,-0.20497220071948385,0.6966065978764717,Fam196b,FALSE,FALSE,FALSE,FALSE,0.34212220779630576,FALSE,FALSE,0.09170687280107581
Tymp,-0.7608234713402835,0.12265380358430816,-0.10687985191782345,0.8330783256183699,-0.15862531716111494,0.817085622406409,Tymp,FALSE,FALSE,FALSE,FALSE,0.3421095468064073,FALSE,FALSE,0.09170344942769085
4930412M03Rik,0.5276266410973396,0.2435862219193388,0.49590385049746377,0.29668187781581806,-0.0027741938144296707,0.9965981392496323,4930412M03Rik,FALSE,FALSE,FALSE,FALSE,0.34210156180307766,FALSE,FALSE,0.09170129038261643
Gm14268,0.4212157850410871,0.5130092751899785,-0.17955689480627046,0.8215864799751078,-0.42547368150583786,0.6746850099708496,Gm14268,FALSE,FALSE,FALSE,FALSE,0.3420821204510651,FALSE,FALSE,0.0916960336840817
Zbtb41,0.5056005946049265,0.08409221452631181,0.43012045163556234,0.1748113311394877,0.09025524443784061,0.8487941233651061,Zbtb41,FALSE,FALSE,FALSE,FALSE,0.3419920968927765,FALSE,FALSE,0.09167169243936572
Slc11a1,-0.752453147481049,0.11225152044038722,-0.1358359660010715,0.7752766817391893,-0.13766683579157446,0.8344958022363661,Slc11a1,FALSE,FALSE,FALSE,FALSE,0.341985316424565,FALSE,FALSE,0.09166985908552854
Vps13a,0.341876224844075,0.10047645944031847,0.3877144966287016,0.11278448655616846,0.2962999562981903,0.2942863396999911,Vps13a,FALSE,FALSE,FALSE,FALSE,0.34196355925698896,FALSE,FALSE,0.09166397621941702
Bak1,-0.301720229607199,0.23103458794249915,-0.3973211730658821,0.1554219416556397,-0.32643887578032915,0.3332157601112203,Bak1,FALSE,FALSE,FALSE,FALSE,0.3418267594844701,FALSE,FALSE,0.09162698727115422
Vgll4,-0.3483539914636511,0.057832353897503776,-0.31217650715887135,0.12061995108359509,-0.3647616534893494,0.13121788904031198,Vgll4,FALSE,FALSE,FALSE,FALSE,0.34176405070395727,FALSE,FALSE,0.09161003160086834
Ctps,-0.46871358667241836,0.09963804987305065,-0.1367637683645011,0.652640114194996,-0.41967956876859436,0.263937480222375,Ctps,FALSE,FALSE,FALSE,FALSE,0.3417189746018379,FALSE,FALSE,0.09159784358638204
Pnma3,-0.41599969561805783,0.4426666365998915,-0.23692457229133745,0.6800199417726256,-0.37211809113853256,0.617663766828984,Pnma3,FALSE,FALSE,FALSE,FALSE,0.34168078634930926,FALSE,FALSE,0.0915875179603154
Ccdc136,-0.5707586213028559,0.021218439507966206,-0.3714257716538927,0.10195650914669147,-0.08283078708238989,0.7673178572618656,Ccdc136,FALSE,FALSE,FALSE,FALSE,0.34167172667971285,FALSE,FALSE,0.09158506833891758
1700064H15Rik,0.21563045758012983,0.6110922815046642,-0.21285478089559534,0.6531643517280566,-0.5965167010490957,0.32856826596063826,1700064H15Rik,FALSE,FALSE,FALSE,FALSE,0.3416673131749403,FALSE,FALSE,0.0915838749824033
Plet1os,0.27274188524922477,0.759131502924979,0.4938500633422529,0.5570216326503417,0.2582963699518163,0.8414867528851088,Plet1os,FALSE,FALSE,FALSE,FALSE,0.3416294395144313,FALSE,FALSE,0.09157363441808584
Gm27030,0.25508234064539403,0.6592233407376666,-0.28047571010274686,0.6666476940664161,0.48910489034823673,0.5047005210130573,Gm27030,FALSE,FALSE,FALSE,FALSE,0.3415543136987925,FALSE,FALSE,0.09155332133673565
Bcor,-0.3886899816556557,0.06079316977556132,-0.33807736765979524,0.1344698886810065,-0.2978528489592316,0.26745485559280135,Bcor,FALSE,FALSE,FALSE,FALSE,0.34154006609156085,FALSE,FALSE,0.09154946896185916
Siah1b,0.5148977466781961,0.023478178854300733,0.34677426189417204,0.11882706904036362,0.16294272495264828,0.5540659415970506,Siah1b,FALSE,FALSE,FALSE,FALSE,0.3415382445083388,FALSE,FALSE,0.09154897642852876
Cdkl1,-0.3420575602000666,0.31122738721139775,-0.37223674861129097,0.2917449702221051,-0.31019453377590267,0.4994156330391027,Cdkl1,FALSE,FALSE,FALSE,FALSE,0.34149628086242007,FALSE,FALSE,0.0915376299832882
Hspa13,0.45215030816242585,0.16476957514704013,0.35835249397366464,0.3056788865666065,0.21379900970566457,0.6568162827994869,Hspa13,FALSE,FALSE,FALSE,FALSE,0.341433937280585,FALSE,FALSE,0.09152077305815919
Orc2,0.4507595014399177,0.07089177223823334,0.4411231509778135,0.1186408289080409,0.1323918537601072,0.7164179016498757,Orc2,FALSE,FALSE,FALSE,FALSE,0.3414248353926128,FALSE,FALSE,0.09151831202144035
Snora78,-0.016065728227202314,0.9783916502223765,-0.36219882786656976,0.5331099284099439,-0.6458767216005901,0.4051504225362515,Snora78,FALSE,FALSE,FALSE,FALSE,0.34138042589812073,FALSE,FALSE,0.09150630424932275
Klc2,-0.4588946544253272,0.042187245053504865,-0.37305548024194657,0.11660506728628543,-0.19201519917159438,0.4912431642534875,Klc2,FALSE,FALSE,FALSE,FALSE,0.3413217779462894,FALSE,FALSE,0.09149044657634518
Gm2814,-0.3460733774373159,0.6700313575526734,0.5053944017241248,0.48675784093141394,-0.17245702561284781,0.8897586469058416,Gm2814,FALSE,FALSE,FALSE,FALSE,0.3413082682580962,FALSE,FALSE,0.09148679372555148
Gnb2,-0.401937995438149,0.056285977595769365,-0.3935723118383496,0.10317880250014048,-0.22821897973764216,0.41224089700958466,Gnb2,FALSE,FALSE,FALSE,FALSE,0.3412430956713803,FALSE,FALSE,0.09146917187287
Tmem132e,-0.12019933024661617,0.8942179676809057,0.3877459049282457,0.6249072416370052,0.5156251186358748,0.6100693580465174,Tmem132e,FALSE,FALSE,FALSE,FALSE,0.34119011793691223,FALSE,FALSE,0.09145484735578024
Scn2b,-0.2955061841441218,0.30996627092885304,-0.48224382878295824,0.14768108866812987,-0.24572399344916462,0.5552367921338132,Scn2b,FALSE,FALSE,FALSE,FALSE,0.34115800212541486,FALSE,FALSE,0.0914461636418528
Tmem168,0.4605608144270912,0.03757221919657864,0.37599000402952143,0.11278448655616846,0.18665642470402233,0.5074702906868367,Tmem168,FALSE,FALSE,FALSE,FALSE,0.341069081053545,FALSE,FALSE,0.09142212049568152
Clstn3,-0.490097585580088,0.029633515864581787,-0.2232287786351561,0.2906937860994519,-0.30981242948582466,0.2537017119732656,Clstn3,FALSE,FALSE,FALSE,FALSE,0.3410462645670229,FALSE,FALSE,0.09141595120297025
Galntl6,-0.36948892815481404,0.30377588997050664,-0.5913505816015577,0.15036703046960742,0.06227009598805455,0.9137155754780841,Galntl6,FALSE,FALSE,FALSE,FALSE,0.3410365352481421,FALSE,FALSE,0.09141332051677765
Arap2,0.39667584572399406,0.06279819225490285,0.43763338288592646,0.08967000640739733,0.1887297923666882,0.5129751354235119,Arap2,FALSE,FALSE,FALSE,FALSE,0.3410130069922029,FALSE,FALSE,0.0914069587705143
Hist4h4,-0.3061156136771648,0.38387880025773924,-0.38857177066672666,0.2940906381589807,-0.3282051454323649,0.49545057943175097,Hist4h4,FALSE,FALSE,FALSE,FALSE,0.34096417659208544,FALSE,FALSE,0.09139375564078434
Ctdspl2,0.388802357755468,0.0477807385576688,0.38869567681103945,0.09026754474398681,0.24538884170036912,0.32856826596063826,Ctdspl2,FALSE,FALSE,FALSE,FALSE,0.34096229208895884,FALSE,FALSE,0.09139324609469834
Lin28a,0.11178439092613915,0.8250862764877133,-0.6200485055103236,0.2368781698432271,0.29078360861557295,0.640954211863209,Lin28a,FALSE,FALSE,FALSE,FALSE,0.3408721683506786,FALSE,FALSE,0.09136887776256505
Cntn2,0.42732237751541785,0.3986054918045046,0.13287531818490533,0.8284802956076637,0.46220919257035725,0.5011278027088593,Cntn2,FALSE,FALSE,FALSE,FALSE,0.34080229609022683,FALSE,FALSE,0.09134998517685919
Dbp,-0.5589435879266462,0.08178295440937768,-0.131910085979297,0.6976484658549377,0.3311443351297605,0.41208181177190123,Dbp,FALSE,FALSE,FALSE,FALSE,0.34066600301190125,FALSE,FALSE,0.09131313323237171
Eif3g,-0.436982632839948,0.021527426362789856,-0.30384676035919433,0.09968431829754035,-0.2811579192881757,0.17822600171297667,Eif3g,FALSE,FALSE,FALSE,FALSE,0.3406624374957727,FALSE,FALSE,0.09131216916138547
Rgs11,0.3062913172276108,0.4460370223657062,0.26210443067365474,0.5398513073552453,0.45352403906824423,0.3906282225321177,Rgs11,FALSE,FALSE,FALSE,FALSE,0.3406399289898366,FALSE,FALSE,0.09130608314277437
Gm12183,-0.5794303195013151,0.14296828782390936,-0.22971584448816396,0.5599302160948975,-0.2124070514182308,0.6868951334496493,Gm12183,FALSE,FALSE,FALSE,FALSE,0.3405177384692366,FALSE,FALSE,0.09127304435359031
Lims1,0.505764651592779,0.08332206181508921,0.4084848654499682,0.19025808232305622,0.10699992010142534,0.8142363946834172,Lims1,FALSE,FALSE,FALSE,FALSE,0.3404164790480575,FALSE,FALSE,0.09124566507201586
Pcdha6,0.14962704311848235,0.7709371218133991,0.6010724583243103,0.19915239365284818,0.27041129003205555,0.6818589317860393,Pcdha6,FALSE,FALSE,FALSE,FALSE,0.3403702638249494,FALSE,FALSE,0.09123316905345512
Pla2r1,0.74841001889203,0.017823060973944406,-0.10162286359515749,0.7283353957531761,0.17105181334825126,0.6344491853975686,Pla2r1,FALSE,FALSE,FALSE,FALSE,0.34036156527847955,FALSE,FALSE,0.09123081707523607
Rnu12,0.29427341793187534,0.5915121638563757,0.17232557384460057,0.7793738674615325,-0.5543789534773245,0.49545057943175097,Rnu12,FALSE,FALSE,FALSE,FALSE,0.34032598175126677,FALSE,FALSE,0.09122119573433142
Ankrd55,-0.24644002249307984,0.6546793908251153,-0.33869630747119617,0.551143586052534,-0.4356445626530008,0.5599787778067897,Ankrd55,FALSE,FALSE,FALSE,FALSE,0.34026029753909226,FALSE,FALSE,0.09120343554452211
Ifi207,0.06191640178244144,0.9359593427871242,0.4191339840308487,0.5231787888645593,0.5397289397101382,0.5212893631595337,Ifi207,FALSE,FALSE,FALSE,FALSE,0.34025977517447614,FALSE,FALSE,0.09120329430366034
Dnmt3b,-0.4427503643216767,0.1760033636657017,-0.4664566041996634,0.18486213874014412,-0.11141829959483474,0.8160706567923424,Dnmt3b,FALSE,FALSE,FALSE,FALSE,0.3402084227053916,FALSE,FALSE,0.09118940923801176
Cdk5rap3,-0.26634417987510783,0.2523535153001057,-0.4615312176016175,0.10384788843657326,-0.29272251470147026,0.36452411371933907,Cdk5rap3,FALSE,FALSE,FALSE,FALSE,0.3401993040593985,FALSE,FALSE,0.09118694367013358
Gm15903,0.508942571062217,0.4938800405661042,0.33184756402818916,0.6907236380704385,0.17974835982393633,0.8866614594732614,Gm15903,FALSE,FALSE,FALSE,FALSE,0.34017949830478084,FALSE,FALSE,0.09118158844169007
Mrvi1,0.6079088652875284,0.15406009241170937,0.11668426820736322,0.8257209927265999,0.295791588951003,0.6390058218541468,Mrvi1,FALSE,FALSE,FALSE,FALSE,0.3401282408152982,FALSE,FALSE,0.09116772905733843
Pnpla2,-0.6600641719899727,0.03568027773812975,-0.19715559275232586,0.4910723504307149,-0.16277120698199,0.6764299654257518,Pnpla2,FALSE,FALSE,FALSE,FALSE,0.33999699057476285,FALSE,FALSE,0.09113224063314551
Erbin,0.3434547207779337,0.051609680506440665,0.3936435140072376,0.0788872602594014,0.2826306477198086,0.2160746753329498,Erbin,FALSE,FALSE,FALSE,FALSE,0.33990962750166,FALSE,FALSE,0.09110861875036325
Cdipt,-0.37414838946673346,0.0809050431039412,-0.35388372828286574,0.13719591813254925,-0.2916081090763871,0.3079515009135671,Cdipt,FALSE,FALSE,FALSE,FALSE,0.3398800756086621,FALSE,FALSE,0.09110062828794478
Ube2g1,0.45713461735134064,0.04953665242712705,0.28599800868872727,0.22369233644001463,0.2764353176182741,0.357719004277161,Ube2g1,FALSE,FALSE,FALSE,FALSE,0.3398559812194473,FALSE,FALSE,0.09109411346632132
Ndufaf4,0.3737587395246269,0.3311356057275468,0.4806485038512953,0.2418725836381834,0.16514649782759605,0.7856859702254747,Ndufaf4,FALSE,FALSE,FALSE,FALSE,0.3398512470678394,FALSE,FALSE,0.09109283341091137
Moxd1,0.5599119252754876,0.26291933965681363,0.15788055646541888,0.7966969797120503,0.30174193298763474,0.6859667426109882,Moxd1,FALSE,FALSE,FALSE,FALSE,0.33984480490951374,FALSE,FALSE,0.09109109153183788
Cyp2j9,-0.6249315968127935,0.03831333094046757,-0.3391810510188007,0.21131351596952883,-0.055127139814902915,0.8941531025158322,Cyp2j9,FALSE,FALSE,FALSE,FALSE,0.3397465958821657,FALSE,FALSE,0.0910645370386203
Csnk1g3,0.4107682826420431,0.057866366417955666,0.37897729864268825,0.11787966769139158,0.2292199933323884,0.4245546263275381,Csnk1g3,FALSE,FALSE,FALSE,FALSE,0.33965519153903995,FALSE,FALSE,0.09103982244694649
Gbp6,0.4339235917740978,0.17261093770230765,0.24902415295257807,0.46909424328010724,0.33587830226887183,0.44505439627464977,Gbp6,FALSE,FALSE,FALSE,FALSE,0.3396086823318492,FALSE,FALSE,0.0910272469387651
Rab26os,-0.37222655476776145,0.11635293226264123,-0.2525240129580797,0.2955309398454739,-0.39404474450236604,0.21377701654815115,Rab26os,FALSE,FALSE,FALSE,FALSE,0.3395984374094024,FALSE,FALSE,0.09102447683981417
Txn1,-0.28401698935790964,0.0880766746138984,-0.3489135313287841,0.08967000640739733,-0.38575498915357276,0.1002620105675008,Txn1,FALSE,FALSE,FALSE,FALSE,0.33956183661342215,FALSE,FALSE,0.09101458044215237
Psme1,-0.4767601327155475,0.019192026354453908,-0.29566381139533515,0.11016285583736615,-0.24605013800065123,0.24458068268653627,Psme1,FALSE,FALSE,FALSE,FALSE,0.3394913607038446,FALSE,FALSE,0.09099552463726952
Castor1,-0.7298388864263872,0.12396343097643611,-0.14378550743198937,0.7640744257225257,-0.14468871550120022,0.8264706095534117,Castor1,FALSE,FALSE,FALSE,FALSE,0.33943770311985894,FALSE,FALSE,0.09098101629736946
Eif5a2,0.344238617753188,0.13378963051202727,0.39625540770298784,0.13078105459057643,0.27781579700536696,0.3761041991540492,Eif5a2,FALSE,FALSE,FALSE,FALSE,0.3394366074871809,FALSE,FALSE,0.09098072005199057
Pim3,-0.4979482155143007,0.02300251776828198,-0.23079981635059,0.23166362379289474,-0.2894686860796245,0.23882949069592688,Pim3,FALSE,FALSE,FALSE,FALSE,0.3394055726481717,FALSE,FALSE,0.09097232861950995
Fam220a,-0.35793402649521155,0.05174195631799594,-0.3294515768331081,0.10707942697415244,-0.3304121595640508,0.15883623617793824,Fam220a,FALSE,FALSE,FALSE,FALSE,0.3392659209641235,FALSE,FALSE,0.09093456855002327
Nelfe,-0.4704050190431648,0.027759670201034786,-0.3129825001630504,0.13038291502996432,-0.23430447156459255,0.3356363749792366,Nelfe,FALSE,FALSE,FALSE,FALSE,0.33923066359026927,FALSE,FALSE,0.09092503539690931
Herpud2,0.45275900911290545,0.03421299746923567,0.33915504002745234,0.12526830437714695,0.22573864985254488,0.3940591257364637,Herpud2,FALSE,FALSE,FALSE,FALSE,0.33921756633096756,FALSE,FALSE,0.09092149406173182
Anapc7,-0.41988404317695593,0.05278807975066317,-0.36883062027021385,0.11660506728628543,-0.2287819191114382,0.40479141610595953,Anapc7,FALSE,FALSE,FALSE,FALSE,0.339165527519536,FALSE,FALSE,0.09090742341769302
Pm20d1,-0.17989901860625912,0.7971038015141071,-0.8093628442655756,0.26389479038665026,-0.027948893559084476,0.9797375491398237,Pm20d1,FALSE,FALSE,FALSE,FALSE,0.33907025214363973,FALSE,FALSE,0.09088166214715246
Gpm6b,0.3131011029865647,0.2223705078621128,0.3731089370817413,0.18912960776311086,0.330846120563006,0.3563564804560825,Gpm6b,FALSE,FALSE,FALSE,FALSE,0.33901872021043733,FALSE,FALSE,0.09086772855665
Gpc3,-0.5046379404501771,0.11062354631958249,-0.47863282358602,0.16689378229146876,0.033433712682552574,0.9531333652183723,Gpc3,FALSE,FALSE,FALSE,FALSE,0.3389014922395832,FALSE,FALSE,0.09083603157887704
Pdzd7,-0.40687316513815475,0.1505880366779319,-0.28478209876975535,0.31938799489167524,-0.32504827933193425,0.382862594328419,Pdzd7,FALSE,FALSE,FALSE,FALSE,0.3389011810799481,FALSE,FALSE,0.09083594744520172
Irf1,-0.3386904616658031,0.25871213845515273,-0.4773047818770406,0.1561185695974491,-0.2006281280914326,0.6417720328427455,Irf1,FALSE,FALSE,FALSE,FALSE,0.33887445721142545,FALSE,FALSE,0.09082872164524632
Pla2g2c,-0.2624217203652244,0.5897737649946805,-0.5920102482096748,0.25161597130086344,-0.1621904148301756,0.8201978572378688,Pla2g2c,FALSE,FALSE,FALSE,FALSE,0.3388741278016916,FALSE,FALSE,0.09082863257697246
Selenbp2,-0.8679866498806241,0.4191214840255764,0.024294771855200126,0.9836831858238578,0.12414620112588765,0.9407162623517655,Selenbp2,FALSE,FALSE,FALSE,FALSE,0.33880920762057065,FALSE,FALSE,0.09081107897160835
Lmtk3,-0.6574077005054675,0.026392833875682736,-0.3304724807457715,0.19665710528955893,0.028484996848034516,0.9456608272272778,Lmtk3,FALSE,FALSE,FALSE,FALSE,0.33878839269975786,FALSE,FALSE,0.09080545087724194
Ulk2,0.45747993417988564,0.01661440266828112,0.25260154317461225,0.12656699620602999,0.30617244665361465,0.1271905710602574,Ulk2,FALSE,FALSE,FALSE,FALSE,0.3387513080027042,FALSE,FALSE,0.09079542363877946
Fxyd6,-0.6409523738802125,0.03864412666210684,-0.2543185054768795,0.36456326710610387,-0.12087172067394647,0.76396457272146,Fxyd6,FALSE,FALSE,FALSE,FALSE,0.3387142000103462,FALSE,FALSE,0.09078539010155792
Vapa,0.45400044454503696,0.1073806366766657,0.3594926412617587,0.23297726659049384,0.20243924393142,0.6180307645656267,Vapa,FALSE,FALSE,FALSE,FALSE,0.3386441099127386,FALSE,FALSE,0.09076643861540844
Spns1,-0.41634584514346074,0.05214964159344146,-0.4023108495654659,0.0960072945197005,-0.19709313880106016,0.4642198353352169,Spns1,FALSE,FALSE,FALSE,FALSE,0.33858327783666226,FALSE,FALSE,0.09074999038254024
Bmp4,0.18654314804408467,0.7172661459133542,0.3927478206714963,0.4159803109691842,0.43631077915699734,0.4870096011519635,Bmp4,FALSE,FALSE,FALSE,FALSE,0.3385339159575261,FALSE,FALSE,0.09073664354752799
Cd80,0.39134497509673805,0.3906312902369827,-0.15098915114380862,0.7898040878613553,0.47306339478144344,0.43898237782849636,Cd80,FALSE,FALSE,FALSE,FALSE,0.33846584034066335,FALSE,FALSE,0.09071823675178754
C1galt1c1,0.5909575912400991,0.04209061459922475,0.40608254848507475,0.17101257332835879,-0.018347321107822445,0.9703171669614905,C1galt1c1,FALSE,FALSE,FALSE,FALSE,0.33846248694433206,FALSE,FALSE,0.09071733003534263
Lmf1,-0.38975456539640563,0.09183973622727169,-0.32740875384818047,0.17731712766685262,-0.2981807559202112,0.32201455206454216,Lmf1,FALSE,FALSE,FALSE,FALSE,0.33844802505493243,FALSE,FALSE,0.09071341972124682
Dnlz,-0.3881782806133023,0.04377204212100119,-0.25517227671918663,0.17233569714023145,-0.3717641770769289,0.12398760476110553,Dnlz,FALSE,FALSE,FALSE,FALSE,0.3383715781364726,FALSE,FALSE,0.0906927494302098
Tmem71,0.2295355728982677,0.6332474872868039,0.5874460605539724,0.2054863858157923,0.19809927744462952,0.7772761832863695,Tmem71,FALSE,FALSE,FALSE,FALSE,0.33836030363228986,FALSE,FALSE,0.09068970094522898
Lypd1,-0.1540139596817519,0.8400415960978438,-0.1564165416838451,0.8413620875799717,0.7043903945536711,0.38001024364349195,Lypd1,FALSE,FALSE,FALSE,FALSE,0.3382736319730894,FALSE,FALSE,0.09066626601212208
Snora23,0.5423732426194232,0.26832252457464945,0.4204476739345546,0.4242089391912153,0.05150136424955587,0.9578501646983947,Snora23,FALSE,FALSE,FALSE,FALSE,0.33810742693451123,FALSE,FALSE,0.09062132624753191
Purb,0.41398584396218485,0.10148350008269028,0.39820145014121167,0.1553322422877571,0.2020067599347728,0.5747579581649425,Purb,FALSE,FALSE,FALSE,FALSE,0.33806468467938977,FALSE,FALSE,0.09060976927609685
Bnipl,-0.34710472374299584,0.3900414835444875,-0.1252206358404821,0.7791570352295698,-0.5418502799958874,0.32806389685727616,Bnipl,FALSE,FALSE,FALSE,FALSE,0.3380585465264551,FALSE,FALSE,0.0906081095962805
Dbpht2,0.5795661284685165,0.021218439507966206,0.22142968042428635,0.3033116815553314,0.21312685559261002,0.45038470408955283,Dbpht2,FALSE,FALSE,FALSE,FALSE,0.3380408881618043,FALSE,FALSE,0.09060333499523805
Nin,0.40384203923132045,0.023478178854300733,0.30867721842153006,0.09383983788379412,0.3014758189962521,0.14440486084188692,Nin,FALSE,FALSE,FALSE,FALSE,0.3379983588830342,FALSE,FALSE,0.09059183560994585
Hist1h2ak,-0.18878616762103095,0.6267950367283558,-0.6326314295830713,0.14707709637704863,0.19246302397335913,0.7031722180629213,Hist1h2ak,FALSE,FALSE,FALSE,FALSE,0.3379602070591538,FALSE,FALSE,0.09058151983373029
Gm5844,-0.01311646722607751,0.9802614357237671,-0.2734407683742824,0.5922226481432761,-0.7272047267934441,0.28315990045604944,Gm5844,FALSE,FALSE,FALSE,FALSE,0.337920654131268,FALSE,FALSE,0.0905708252165078
Ube2ql1,-0.6107062975520698,0.13378963051202727,-0.23123363619415693,0.5704032083599778,0.17160430028839224,0.7475443841313373,Ube2ql1,FALSE,FALSE,FALSE,FALSE,0.33784807801153965,FALSE,FALSE,0.09055120154105632
Timm13,-0.31356371866696975,0.08086315564401832,-0.3428885521664098,0.10095931193905984,-0.3570169738238551,0.13824671090470514,Timm13,FALSE,FALSE,FALSE,FALSE,0.33782308155241153,FALSE,FALSE,0.0905444428110057
Zcchc17,-0.3658886221160573,0.06240004183758205,-0.34039339432488447,0.11660506728628543,-0.30698117852727425,0.22400705488295702,Zcchc17,FALSE,FALSE,FALSE,FALSE,0.3377543983227387,FALSE,FALSE,0.09052587172435757
mt-Co3,0.4117324753624123,0.10298579737481357,0.35579153744976466,0.18912960776311086,-0.24567492651576917,0.49714260402615434,mt-Co3,FALSE,FALSE,FALSE,FALSE,0.33773297977598205,FALSE,FALSE,0.09052008041708227
Il4ra,-0.4933267025479,0.20217449500214754,-0.14089658950913186,0.7351664803008635,-0.37894402430157026,0.4666448581849822,Il4ra,FALSE,FALSE,FALSE,FALSE,0.33772243878620073,FALSE,FALSE,0.09051723026522544
Ndufa4l2,0.7190504504286033,0.0792829605341622,-0.2455795717079056,0.6167366404093115,0.048436277398599833,0.9507355800574848,Ndufa4l2,FALSE,FALSE,FALSE,FALSE,0.3376887665117029,FALSE,FALSE,0.09050812570316105
Hunk,-0.21077371366743236,0.3961554401769195,-0.4565767536326577,0.12047207437646598,-0.34554420850285883,0.3099681869353566,Hunk,FALSE,FALSE,FALSE,FALSE,0.337631558600983,FALSE,FALSE,0.0904926573992971
A230072C01Rik,0.48670320145059476,0.08050663766433559,0.2989015703079674,0.29913348655956795,0.22727633997885022,0.5572624935729553,A230072C01Rik,FALSE,FALSE,FALSE,FALSE,0.3376270372458041,FALSE,FALSE,0.09049143488138124
Atp13a2,-0.4644605457395956,0.08934385486004093,-0.37886033464725166,0.19034224433215338,-0.1694343033964847,0.6595641416344414,Atp13a2,FALSE,FALSE,FALSE,FALSE,0.33758506126111065,FALSE,FALSE,0.09048008509989025
Trp53inp1,0.4986373275535865,0.0297170459751871,0.37422176710666655,0.11648197128551506,0.1397503976411425,0.6353991793414071,Trp53inp1,FALSE,FALSE,FALSE,FALSE,0.3375364974337985,FALSE,FALSE,0.09046695404811422
Nfkbil1,-0.5180184796330463,0.08285441843875675,-0.28179057108044736,0.3271625765282064,-0.21276879316893327,0.5804893654251573,Nfkbil1,FALSE,FALSE,FALSE,FALSE,0.337525947960809,FALSE,FALSE,0.09046410160250394
1700020I14Rik,0.3833449304138954,0.04979573940298909,0.3990160127846831,0.08803823262798008,0.23021443588737966,0.3638140310603519,1700020I14Rik,FALSE,FALSE,FALSE,FALSE,0.33752512636198606,FALSE,FALSE,0.09046387945245359
Arhgef25,-0.368040558518981,0.07090815878580355,-0.49787026810700263,0.0704576830990092,-0.14660836384732434,0.5875937812117462,Arhgef25,FALSE,FALSE,FALSE,FALSE,0.337506396824436,FALSE,FALSE,0.09045881521965064
Lemd3,0.3292696827361521,0.06812459386939114,0.37350654399156547,0.08831372198457063,0.3096424334653749,0.19219617140622086,Lemd3,FALSE,FALSE,FALSE,FALSE,0.3374728867310308,FALSE,FALSE,0.09044975450932617
Cd177,-0.37940873478555354,0.58684219785799,-0.3571980676178984,0.6221129827057192,0.27530747905960923,0.7638693299650612,Cd177,FALSE,FALSE,FALSE,FALSE,0.33730476048768704,FALSE,FALSE,0.09040429527498565
Gm15952,0.5110292869471377,0.32437204302657136,0.16148376954224175,0.7980391298451983,0.33911491136328814,0.6547585164169194,Gm15952,FALSE,FALSE,FALSE,FALSE,0.3372093226175559,FALSE,FALSE,0.09037849006803543
Eda2r,0.28675438880555193,0.5110363499872944,0.5376619773285047,0.21644611689958615,0.18720183577643135,0.7713141268938388,Eda2r,FALSE,FALSE,FALSE,FALSE,0.337206067303496,FALSE,FALSE,0.09037760987181051
Eif4g2,0.5250725071395017,0.05215427344422084,0.36626696318868035,0.18984894453769607,0.12016785930308238,0.7585716486651041,Eif4g2,FALSE,FALSE,FALSE,FALSE,0.33716910987708815,FALSE,FALSE,0.09036761704573956
Gm11413,0.22681760498926729,0.7503607410707679,-0.7692361414614709,0.3235335844648587,-0.015449082578555262,0.9894104490465868,Gm11413,FALSE,FALSE,FALSE,FALSE,0.33716760967643117,FALSE,FALSE,0.09036721141023693
Cope,-0.23334782464817128,0.15753552857137867,-0.3807258921623342,0.08348100204586746,-0.3969916223654355,0.1002620105675008,Cope,FALSE,FALSE,FALSE,FALSE,0.33702177972531366,FALSE,FALSE,0.0903277808145734
Mkln1os,0.16070552164926655,0.8034840692177196,0.5980466400593929,0.2960934092117317,0.2522996700091343,0.7692673212133444,Mkln1os,FALSE,FALSE,FALSE,FALSE,0.33701727723926456,FALSE,FALSE,0.09032656339863435
Anapc13,-0.40403475153337665,0.08313776531888556,-0.35639872638650516,0.14953211504574346,-0.25026015347619746,0.40586815594732095,Anapc13,FALSE,FALSE,FALSE,FALSE,0.3368978771320264,FALSE,FALSE,0.09029427910233848
Crls1,0.47610336671450426,0.07631659061161664,0.3808600616168514,0.18161653628979982,0.1536297033169296,0.6930940634580646,Crls1,FALSE,FALSE,FALSE,FALSE,0.3368643772160951,FALSE,FALSE,0.09028522114387572
Cep295,0.37857091606556903,0.10434752758556383,0.34506836013209163,0.1716698799201787,0.2868499396451938,0.36176065135519536,Cep295,FALSE,FALSE,FALSE,FALSE,0.33682973861428483,FALSE,FALSE,0.09027585529898677
Dusp10,-0.363525408691463,0.1515889845743445,-0.3017743860945292,0.24893581654110472,-0.34516218705689417,0.3023825205015336,Dusp10,FALSE,FALSE,FALSE,FALSE,0.33682066061429544,FALSE,FALSE,0.09027340072127983
Dpp10,0.3585381367407794,0.33968187686488355,0.4095006978922604,0.29995670934941343,0.24242272875929194,0.6584773596342473,Dpp10,FALSE,FALSE,FALSE,FALSE,0.33682052113077726,FALSE,FALSE,0.09027336300668029
Ric1,0.3950631236425304,0.049386208086257675,0.3421058408659885,0.12061995108359509,0.27319586158765574,0.289054293552995,Ric1,FALSE,FALSE,FALSE,FALSE,0.3367882753653915,FALSE,FALSE,0.09026464415484607
Oaz1,-0.38547269024727626,0.027787079556589097,-0.3710743874607356,0.07556490478840473,-0.25341454057525503,0.22640384886677803,Oaz1,FALSE,FALSE,FALSE,FALSE,0.336653872761089,FALSE,FALSE,0.09022830337090033
5330429C05Rik,-0.5704474231803516,0.3093463057686609,0.16646940874303917,0.7704225851133908,-0.27263057909828214,0.7287233337446296,5330429C05Rik,FALSE,FALSE,FALSE,FALSE,0.33651580367389095,FALSE,FALSE,0.09019097121581683
A330094K24Rik,-0.049979117762672054,0.92386524533313,-0.6416090621803865,0.2104405947354556,-0.31791283531661496,0.6288690343193462,A330094K24Rik,FALSE,FALSE,FALSE,FALSE,0.3365003384198912,FALSE,FALSE,0.09018678960447687
Tll1,-0.5675998549526329,0.2207655649585912,-0.34542527018910774,0.46020108232073376,-0.09637488494597424,0.8935891153157436,Tll1,FALSE,FALSE,FALSE,FALSE,0.3364666700292383,FALSE,FALSE,0.09017768609255561
Lrp8os2,0.5065948646055135,0.20332113208993072,-0.1446974406112358,0.7717225723664386,0.3579843345218853,0.5275222757030323,Lrp8os2,FALSE,FALSE,FALSE,FALSE,0.3364255465795449,FALSE,FALSE,0.09016656682587051
Tceanc,0.5176599219127573,0.018647158665054384,0.20220906479974143,0.26431531412471004,0.28931128020111485,0.2097049595423849,Tceanc,FALSE,FALSE,FALSE,FALSE,0.3363934223045379,FALSE,FALSE,0.09015788082351586
Mras,-0.43190726495159026,0.028183907258821632,-0.2659302520917466,0.15531856130438151,-0.31070383001175816,0.17891057821632086,Mras,FALSE,FALSE,FALSE,FALSE,0.336180449018365,FALSE,FALSE,0.09010029550945753
Gm3854,0.41212902785823213,0.21302259615239416,0.20538570558573954,0.5763368422830847,0.3909304611306228,0.38011617169620004,Gm3854,FALSE,FALSE,FALSE,FALSE,0.33614839819153147,FALSE,FALSE,0.09009162936657075
Ier2,-0.6762721021630074,0.053898495313118966,-0.2848650012988845,0.3859302707505009,0.04706300590809853,0.9308707838816256,Ier2,FALSE,FALSE,FALSE,FALSE,0.33606670312333015,FALSE,FALSE,0.0900695400414543
Smpdl3b,-0.3032729796808415,0.6264240845621757,-0.3941379126456897,0.5381392820672934,0.3107246089712665,0.6923253321602234,Smpdl3b,FALSE,FALSE,FALSE,FALSE,0.3360451670992659,FALSE,FALSE,0.0900637169697837
Gba,-0.34963960023126006,0.10031343436224324,-0.41876639195831533,0.09955301218514566,-0.2397213780490537,0.4015853956210214,Gba,FALSE,FALSE,FALSE,FALSE,0.3360424567462097,FALSE,FALSE,0.09006298412420126
Gm13532,0.1481509459415341,0.7428347000406871,0.2758649921691462,0.522829519524485,-0.5837582751373892,0.34662257591845974,Gm13532,FALSE,FALSE,FALSE,FALSE,0.3359247377493565,FALSE,FALSE,0.09003115437913678
Arf5,-0.38229136905739836,0.033720178897880856,-0.31357100437900876,0.10280530712393987,-0.31191168748289755,0.15621210794763085,Arf5,FALSE,FALSE,FALSE,FALSE,0.33592468697310157,FALSE,FALSE,0.09003114064987223
mt-Atp8,0.33566786810583626,0.46086505576212033,0.43322812798958676,0.3443436108291715,-0.238667366330872,0.7380908778766705,mt-Atp8,FALSE,FALSE,FALSE,FALSE,0.33585445414209836,FALSE,FALSE,0.09001215057039699
Atf2,0.435584489661089,0.028862531926961057,0.36741932243781505,0.09132508641051881,0.20450249266413856,0.3979923456886011,Atf2,FALSE,FALSE,FALSE,FALSE,0.3358354349210142,FALSE,FALSE,0.09000700801078795
Nrtn,-0.2644802554459411,0.6211562876459801,-0.1369742930205824,0.8125334934856646,0.6058661338902058,0.3178893809826013,Nrtn,FALSE,FALSE,FALSE,FALSE,0.33577356078557646,FALSE,FALSE,0.08999027801809592
Lamb3,-0.28531329074712897,0.4281791336900977,-0.2509303280585682,0.5071641867688658,-0.47068819327496225,0.3356929710549652,Lamb3,FALSE,FALSE,FALSE,FALSE,0.3356439373602198,FALSE,FALSE,0.08995522946438941
Yod1,0.44060992771194574,0.07883659168967523,0.35127263813512233,0.18774533981019875,0.21500405871124162,0.5366259856518361,Yod1,FALSE,FALSE,FALSE,FALSE,0.3356288748527699,FALSE,FALSE,0.08995115675068152
Rpl5-ps2,0.24488613256255765,0.6530768211345477,0.3773817052592373,0.4804215018323725,-0.38457897758979454,0.6319227535735167,Rpl5-ps2,FALSE,FALSE,FALSE,FALSE,0.3356156051371965,FALSE,FALSE,0.08994756878548416
Gm19810,-0.29655101535840606,0.568930681869462,-0.09083662449376868,0.8733066631793759,-0.6193907650248385,0.3784241570270433,Gm19810,FALSE,FALSE,FALSE,FALSE,0.33559280162567107,FALSE,FALSE,0.08994140300104976
Gm16244,-0.022442105597125506,0.9600170694153576,-0.4567056329272183,0.27475301050267664,-0.5274872275081495,0.33208358919457537,Gm16244,FALSE,FALSE,FALSE,FALSE,0.33554498867749777,FALSE,FALSE,0.08992847497760564
Chrnb2,-0.3988469860027477,0.08575066174897954,-0.3227732446159415,0.19114827687325964,-0.284967300760127,0.36039708807854065,Chrnb2,FALSE,FALSE,FALSE,FALSE,0.33552917712627206,FALSE,FALSE,0.08992419973182508
Hmgb3,-0.32790520271341084,0.23432616078935312,-0.3003990971623285,0.29539813623023514,-0.37823044791025096,0.31050477581869357,Hmgb3,FALSE,FALSE,FALSE,FALSE,0.3355115825953301,FALSE,FALSE,0.08991944239061948
Lasp1,-0.33655111775809043,0.2658583119354916,-0.45450821530477636,0.1796174039862061,-0.21539580765772826,0.629283199765418,Lasp1,FALSE,FALSE,FALSE,FALSE,0.33548504690686504,FALSE,FALSE,0.08991226747219909
C130046K22Rik,-0.5714301140012864,0.3010881337352318,-0.14635736461661264,0.8068314832701615,-0.2885709563555413,0.7052268572188336,C130046K22Rik,FALSE,FALSE,FALSE,FALSE,0.33545281165781343,FALSE,FALSE,0.08990355146385014
Naga,-0.38057757034528183,0.12444658359816296,-0.4349205906409921,0.1260612601379174,-0.19067814658999627,0.5843142122556336,Naga,FALSE,FALSE,FALSE,FALSE,0.3353921025254234,FALSE,FALSE,0.08988713647341771
Nmt2,0.31657848788442067,0.1541028254548815,0.4292551094754833,0.10716086843099146,0.2603043570564756,0.4002679119061853,Nmt2,FALSE,FALSE,FALSE,FALSE,0.3353793181387932,FALSE,FALSE,0.08988367973509914
Fnbp1l,0.374579820843012,0.021527426362789856,0.3334153732643381,0.07160859389494267,0.29794926261453547,0.11353847204403603,Fnbp1l,FALSE,FALSE,FALSE,FALSE,0.3353148189072952,FALSE,FALSE,0.08986623994925051
Dctpp1,-0.2416661672912408,0.24787253880742346,-0.20922745088548877,0.33418603135888886,-0.5548653892952577,0.08297164312895335,Dctpp1,FALSE,FALSE,FALSE,FALSE,0.3352530024906624,FALSE,FALSE,0.08984952556300177
Gm10767,0.5186534669319379,0.09088997378383058,0.20527141137770577,0.5369758483351313,0.2817424793254145,0.5039994923487308,Gm10767,FALSE,FALSE,FALSE,FALSE,0.3352224525450194,FALSE,FALSE,0.08984126523962539
Gnat2,0.4769358107283401,0.12197941185662174,-0.30272565342787106,0.39130845187068825,-0.22577484949335958,0.6352446466639203,Gnat2,FALSE,FALSE,FALSE,FALSE,0.33514543788319023,FALSE,FALSE,0.08982044143787904
Scarna6,0.38932309824395706,0.34381199905927895,0.20980589899426771,0.6531643517280566,-0.4059617957893913,0.4963408178118363,Scarna6,FALSE,FALSE,FALSE,FALSE,0.3350302643425387,FALSE,FALSE,0.08978929995234904
Zmat4,0.6851145524906272,0.10659664433852106,-0.15485741179108428,0.772781008486405,0.16488730989650385,0.8112464271108386,Zmat4,FALSE,FALSE,FALSE,FALSE,0.33495309139273843,FALSE,FALSE,0.08976843335151417
Spc24,0.15703139245214282,0.7432562257025733,-0.639692356384372,0.21968072222947665,0.2079754057622062,0.7503192744090388,Spc24,FALSE,FALSE,FALSE,FALSE,0.3348997181995737,FALSE,FALSE,0.08975400190733675
Ddost,-0.3554496082644727,0.1035258313661579,-0.3746358222960726,0.13310004241892126,-0.27425174292523025,0.3588235537097898,Ddost,FALSE,FALSE,FALSE,FALSE,0.33477905782859185,FALSE,FALSE,0.08972137685147999
Psmd3,-0.3936077055858602,0.04046712195561272,-0.3589346837910137,0.09547243216749418,-0.25164985076040836,0.2931710273975975,Psmd3,FALSE,FALSE,FALSE,FALSE,0.3347307467124274,FALSE,FALSE,0.089708314129639
Zfp2,0.4029399128443032,0.06643316052888525,0.3752818653898462,0.12275711329939229,0.22577603121840983,0.4410983201370996,Zfp2,FALSE,FALSE,FALSE,FALSE,0.3346659364841864,FALSE,FALSE,0.08969079025415903
Rasgrp2,-0.048419580256483616,0.9437810297417439,0.4965224707477411,0.3696860509837999,0.4589186571782251,0.5361264263091312,Rasgrp2,FALSE,FALSE,FALSE,FALSE,0.3346202360608166,FALSE,FALSE,0.08967843343101167
Wee1,-0.08947294559501806,0.7838533636852714,0.343373700287557,0.2431288962636732,0.5710010527559457,0.12728869686311514,Wee1,FALSE,FALSE,FALSE,FALSE,0.3346158995461736,FALSE,FALSE,0.0896772608916659
Cerkl,0.48815489536672274,0.11126028848730007,0.21523244427996224,0.517942205331936,0.30042060769588974,0.4794091216131907,Cerkl,FALSE,FALSE,FALSE,FALSE,0.3346026491141916,FALSE,FALSE,0.08967367814051057
Vps28,-0.4043641535079141,0.0754471884074345,-0.3036710444721864,0.1995899789855031,-0.2954727478514023,0.3248015229320606,Vps28,FALSE,FALSE,FALSE,FALSE,0.33450264861050094,FALSE,FALSE,0.0896466392544864
Klk11,-0.5205184116151046,0.2147578464106987,0.29406971596069353,0.445656637006935,-0.18886141049811556,0.7473680811939173,Klk11,FALSE,FALSE,FALSE,FALSE,0.3344831793579712,FALSE,FALSE,0.08964137501200065
Rsad1,-0.5214545688933523,0.061090083907623806,-0.25026594748693043,0.3410043386007869,-0.23149733973294317,0.5027969816100225,Rsad1,FALSE,FALSE,FALSE,FALSE,0.334405952037742,FALSE,FALSE,0.0896204937100815
Uvssa,0.44164507611449366,0.019351832112294208,0.21551421928129866,0.18315173383844222,0.3460095641524479,0.1002620105675008,Uvssa,FALSE,FALSE,FALSE,FALSE,0.3343896198494134,FALSE,FALSE,0.08961607769053717
Acvr2a,0.42305256310953965,0.022606933826155737,0.3314407010686953,0.08703437486661118,0.24855536275571843,0.23275281910636358,Acvr2a,FALSE,FALSE,FALSE,FALSE,0.3343495423113178,FALSE,FALSE,0.08960524122527247
4933406C10Rik,0.26821410652067146,0.6973792971964393,0.2831110273935772,0.6934321841329113,0.45166844382568067,0.6105192888508725,4933406C10Rik,FALSE,FALSE,FALSE,FALSE,0.33433119257997646,FALSE,FALSE,0.08960027968732015
Abcc3,-0.2995217291346197,0.538595353260202,-0.43598853591782627,0.3830323204711277,-0.267402851712208,0.6893773649417326,Abcc3,FALSE,FALSE,FALSE,FALSE,0.3343043722548847,FALSE,FALSE,0.08959302780671433
Trappc6a,-0.32492327308278757,0.22184929036039044,-0.3511788065990964,0.21570719814909942,-0.32664965111402955,0.36456401969128355,Trappc6a,FALSE,FALSE,FALSE,FALSE,0.3342505769319712,FALSE,FALSE,0.08957848222393015
Gm41177,0.14032390828696634,0.8258187745146554,0.6672437173084953,0.23156258513960362,0.1951388724792003,0.8246727412403727,Gm41177,FALSE,FALSE,FALSE,FALSE,0.33423549935822067,FALSE,FALSE,0.08957440543648294
Fgfrl1,-0.5135812418154999,0.048813089612687786,-0.29797146468038527,0.2237878448647094,-0.19112518315613647,0.5478661303139959,Fgfrl1,FALSE,FALSE,FALSE,FALSE,0.33422596321734055,FALSE,FALSE,0.08957182698320669
Fat3,-0.5383436104895871,0.08351129127884652,-0.3718837563962101,0.24855596281051956,0.09231269430834121,0.8517657334467509,Fat3,FALSE,FALSE,FALSE,FALSE,0.3341800203980461,FALSE,FALSE,0.08955940461923166
5033417F24Rik,-0.679184784054239,0.10817478499766511,-0.278733396258805,0.4929371469885374,-0.04438869777513155,0.9470791426003098,5033417F24Rik,FALSE,FALSE,FALSE,FALSE,0.3341022926960585,FALSE,FALSE,0.08953838802034068
Fancb,0.5946141718124329,0.0962518362983542,0.30138854369769286,0.42701163266766995,0.10607317145720185,0.86099221605955,Fancb,FALSE,FALSE,FALSE,FALSE,0.3340252956557759,FALSE,FALSE,0.08951756898324023
Wdr37,0.4188481445736416,0.029289698109985645,0.3119684371301723,0.11601268445501388,0.2711934170465664,0.23872736474709036,Wdr37,FALSE,FALSE,FALSE,FALSE,0.33400333291679346,FALSE,FALSE,0.0895116305331904
Gm13483,0.6581923079280086,0.15989132859256877,0.19172506835039937,0.7304726537533603,0.15207330479077347,0.8511190888576822,Gm13483,FALSE,FALSE,FALSE,FALSE,0.3339968936897272,FALSE,FALSE,0.0895098894466928
Prss23,0.5883562172887857,0.09074270137548276,0.1704763851173654,0.6643885866062775,-0.2430624236273946,0.6453684061315573,Prss23,FALSE,FALSE,FALSE,FALSE,0.33396500867784856,FALSE,FALSE,0.08950126813809689
Rrm2b,0.46973830000453454,0.04377204212100119,0.309378407534739,0.18862725831771443,0.222766272856882,0.4583691234385204,Rrm2b,FALSE,FALSE,FALSE,FALSE,0.33396099346538516,FALSE,FALSE,0.08950018247484366
Tnnt1,-0.22163019616447532,0.632062229427947,-0.3516789774834592,0.451333226210007,-0.42857087223122337,0.4872459834987005,Tnnt1,FALSE,FALSE,FALSE,FALSE,0.33396001529305264,FALSE,FALSE,0.08949991798927374
Gm8094,0.4108707948614623,0.5716089531437257,0.06593658168447336,0.9406317769106901,0.5250549165202651,0.5887222143874582,Gm8094,FALSE,FALSE,FALSE,FALSE,0.3339540976887336,FALSE,FALSE,0.08949831794304583
E130311K13Rik,0.3393705043626247,0.16849786082919574,0.25528632949591223,0.32606536840398864,0.4072016701529586,0.21454559754482708,E130311K13Rik,FALSE,FALSE,FALSE,FALSE,0.3339528346704985,FALSE,FALSE,0.08949797643870491
F11r,-0.4151428915725184,0.0336909252433173,-0.3176759593110967,0.1156090072283418,-0.26900161558635816,0.24864421200758996,F11r,FALSE,FALSE,FALSE,FALSE,0.33394015548999106,FALSE,FALSE,0.08949454814680669
Tmem211,-0.37741399510009277,0.22758265185809237,-0.2220313028920673,0.4894502557431365,-0.40234805723691536,0.33606462906882834,Tmem211,FALSE,FALSE,FALSE,FALSE,0.3339311184096918,FALSE,FALSE,0.08949210463327241
Paf1,-0.4765035036612799,0.053173949775757144,-0.24441955033011276,0.31151096841603854,-0.28032990519758894,0.370929243093761,Paf1,FALSE,FALSE,FALSE,FALSE,0.3337509863963272,FALSE,FALSE,0.0894433991888105
Apopt1,-0.26984468079338875,0.16268950652824368,-0.3200096642765602,0.13922158644606497,-0.41138984640091403,0.12728869686311514,Apopt1,FALSE,FALSE,FALSE,FALSE,0.333748063823621,FALSE,FALSE,0.08944260896168779
Enah,0.47135015586292806,0.040047514712064296,0.3251154425354432,0.16302366272243765,0.2046400952154812,0.4872459834987005,Enah,FALSE,FALSE,FALSE,FALSE,0.3337018978712842,FALSE,FALSE,0.08943012626532766
Catsperd,-0.2937151272959761,0.6108697353938372,0.07686078978420258,0.9002176248598456,0.6302421740226289,0.3351862354367106,Catsperd,FALSE,FALSE,FALSE,FALSE,0.33360603036760256,FALSE,FALSE,0.08940420489083652
Azin1,0.4029249078282193,0.22505082682333152,0.48358714941419745,0.19025808232305622,0.1142672571746246,0.8356426531394597,Azin1,FALSE,FALSE,FALSE,FALSE,0.33359310480568044,FALSE,FALSE,0.08940070998048395
Ino80d,0.3359471420466047,0.03743810450986503,0.35026941207626017,0.07606648934127645,0.3144823378117225,0.12595684420104247,Ino80d,FALSE,FALSE,FALSE,FALSE,0.33356629731152915,FALSE,FALSE,0.08939346156920401
Ahnak2,-0.3202522149792695,0.5679920322436769,-0.46084272379409086,0.4196210303131704,0.21958116969576347,0.7714245997647146,Ahnak2,FALSE,FALSE,FALSE,FALSE,0.3335587028230413,FALSE,FALSE,0.08939140811446072
1300014J16Rik,0.4295355695430709,0.2564311660429363,0.5151826801671502,0.19665710528955893,0.05595569277808332,0.9361739029450005,1300014J16Rik,FALSE,FALSE,FALSE,FALSE,0.33355798082943483,FALSE,FALSE,0.08939121289641566
Gm16091,-0.1045209902520553,0.9160763849140325,0.5453884726853029,0.5111467256490784,0.35056061251314374,0.7711421593588244,Gm16091,FALSE,FALSE,FALSE,FALSE,0.3334900251501673,FALSE,FALSE,0.08937283853030153
Gm26917,0.5695008483230204,0.046955916837819585,0.20466099368371893,0.47565897294032666,0.22628169683042465,0.5528493575251785,Gm26917,FALSE,FALSE,FALSE,FALSE,0.333481179612388,FALSE,FALSE,0.08937044680747006
Gmcl1,0.39015258323912194,0.07320015791313784,0.3585256839608575,0.13371534873841176,0.25156143148915566,0.3836885337087907,Gmcl1,FALSE,FALSE,FALSE,FALSE,0.33341323289637836,FALSE,FALSE,0.08935207486490881
Rep15,-0.6180668057229725,0.38626292596408524,-0.041243823666239465,0.9593131050005839,-0.3407550610234036,0.73647889380471665,Rep15,FALSE,FALSE,FALSE,FALSE,0.3333552301375385,FALSE,FALSE,0.08933639164405015
Gm28557,-0.517972386048102,0.35878739208194,-0.4609603165821259,0.4314246849788073,0.02112021477223236,0.9815342225196749,Gm28557,FALSE,FALSE,FALSE,FALSE,0.33335097246748674,FALSE,FALSE,0.08933524042329616
Sh3bp5l,-0.4404589702815791,0.04529800063681137,-0.3398965933148661,0.13466087662941184,-0.21960403737116696,0.4224608241218256,Sh3bp5l,FALSE,FALSE,FALSE,FALSE,0.33331986698920407,FALSE,FALSE,0.08932682989083911
4930417O13Rik,0.22259784280358746,0.7576650592677394,0.6636723811403175,0.3091355365196312,0.1136416049688968,0.9228714783128431,4930417O13Rik,FALSE,FALSE,FALSE,FALSE,0.3333039429709339,FALSE,FALSE,0.08932252423537575
Zfp60,0.4516361021758284,0.019127678927429646,0.35547403964138713,0.07804653139486552,0.19271149672320487,0.34892835590821675,Zfp60,FALSE,FALSE,FALSE,FALSE,0.3332738795134735,FALSE,FALSE,0.08931439545232202
Gm15327,-0.5819650665892445,0.35182809529590575,-0.3690187356539314,0.5715411594122696,0.04882885007525872,0.9645037666394128,Gm15327,FALSE,FALSE,FALSE,FALSE,0.33327088410614486,FALSE,FALSE,0.08931358553162798
Aimp2,-0.4823024743093547,0.06712292525877547,-0.23058779324248713,0.35777483085527034,-0.2864236650043068,0.3784241570270433,Aimp2,FALSE,FALSE,FALSE,FALSE,0.3331046441853829,FALSE,FALSE,0.08926863633533139
Gm48914,0.09587004365353272,0.8982964219477875,0.6226468418938091,0.3209456928047542,0.28066625573496184,0.76624202760524,Gm48914,FALSE,FALSE,FALSE,FALSE,0.3330610470941012,FALSE,FALSE,0.0892568482268855
Csgalnact1,0.5113399683103754,0.0211573327684876,0.3534413539313306,0.10069442807404672,0.13435066534294382,0.6013379326287768,Csgalnact1,FALSE,FALSE,FALSE,FALSE,0.3330439958615499,FALSE,FALSE,0.08925223778677259
Tvp23a,-0.3826300313354034,0.22181464383376556,-0.45185566022432777,0.1853663579839753,-0.16459910664713373,0.713667864202501,Tvp23a,FALSE,FALSE,FALSE,FALSE,0.33302826606895497,FALSE,FALSE,0.08924798464750366
Mfsd10,-0.28734768377047226,0.23610732998138795,-0.43292857219995806,0.12486603803841076,-0.27876284993709977,0.3975910103369621,Mfsd10,FALSE,FALSE,FALSE,FALSE,0.33301303530251003,FALSE,FALSE,0.08924386643866705
Vsir,-0.3372919637051188,0.1403726145425445,-0.4183102740665192,0.11590846366667538,-0.24330392505386556,0.42535835249362053,Vsir,FALSE,FALSE,FALSE,FALSE,0.33296872094183455,FALSE,FALSE,0.08923188438954413
Gstt1,-0.5375529253344027,0.023546295124030572,-0.2685463960726939,0.19169641953727273,-0.1925991068429065,0.460023447495747,Gstt1,FALSE,FALSE,FALSE,FALSE,0.33289947608333437,FALSE,FALSE,0.08921316144548239
Bcap31,-0.370399301639214,0.08894400941627857,-0.32117070973699047,0.1708847594760277,-0.30709366267061,0.289054293552995,Bcap31,FALSE,FALSE,FALSE,FALSE,0.33288789134893815,FALSE,FALSE,0.08921002907813023
Zfp157,0.450198830971674,0.022606933826155737,0.39270822805172223,0.07556490478840473,0.15571917310757843,0.49832084978497587,Zfp157,FALSE,FALSE,FALSE,FALSE,0.3328754107103249,FALSE,FALSE,0.0892066544694781
Ocel1,-0.29368948117838967,0.2702159909007111,-0.4478865950480473,0.14044328755850702,-0.2569247552832512,0.4802323611650335,Ocel1,FALSE,FALSE,FALSE,FALSE,0.3328336105032294,FALSE,FALSE,0.08919535221605208
Vps52,-0.3896144624412736,0.14610970687351443,-0.3610059592285735,0.20604908208124217,-0.24783860992029183,0.5010569257892595,Vps52,FALSE,FALSE,FALSE,FALSE,0.33281967719671296,FALSE,FALSE,0.0891915848241597
Teddm2,-0.4020407275563143,0.5153696382923981,0.34533551014671615,0.5560613750815429,0.2510592070864771,0.7631012996764198,Teddm2,FALSE,FALSE,FALSE,FALSE,0.33281181492983586,FALSE,FALSE,0.08918945896548765
Kcnmb3,0.4627488099380347,0.41368013462762443,0.5286311741575975,0.36677653604496263,-0.006804865522381687,0.9944579342792622,Kcnmb3,FALSE,FALSE,FALSE,FALSE,0.3327282832060046,FALSE,FALSE,0.08916687303165013
Ap1s1,-0.33788674314649825,0.04387869027105032,-0.36127220736660615,0.07860560439896262,-0.2987643502124566,0.15398926310186406,Ap1s1,FALSE,FALSE,FALSE,FALSE,0.33264110024185367,FALSE,FALSE,0.0891432998480768
Osbpl5,-0.40516987541291716,0.05393032046324236,-0.31690669848850117,0.14705924493714864,-0.27584437066554823,0.2958443312333465,Osbpl5,FALSE,FALSE,FALSE,FALSE,0.33264031485565554,FALSE,FALSE,0.08914308748946746
Cers2,-0.35967351062163644,0.03421299746923567,-0.3147610605446438,0.091943241723137,-0.32340101555536727,0.12751977623026692,Cers2,FALSE,FALSE,FALSE,FALSE,0.33261186224054917,FALSE,FALSE,0.08913539425804805
Hdac11,-0.4203607650953005,0.1220746525159645,-0.42285464955090557,0.16104133490501046,-0.15459269599042358,0.7018914481132578,Hdac11,FALSE,FALSE,FALSE,FALSE,0.3326027035455432,FALSE,FALSE,0.08913291786141747
Mir22hg,0.38403160710333584,0.29141329698529717,0.48748689617857455,0.2088093293451886,0.12609008569465274,0.8336334940783221,Mir22hg,FALSE,FALSE,FALSE,FALSE,0.33253619632552106,FALSE,FALSE,0.08911493514057513
Apaf1,0.3435855401993111,0.07536040132121372,0.3814102496213927,0.09278943644870202,0.27261040545374104,0.2822301101789184,Apaf1,FALSE,FALSE,FALSE,FALSE,0.33253539842481494,FALSE,FALSE,0.08911471939819929
Hist1h2bh,0.6705609542943549,0.06612934977688566,0.2675054964859014,0.4899053337973625,0.05931513188765525,0.9290040632648927,Hist1h2bh,FALSE,FALSE,FALSE,FALSE,0.3324605275559705,FALSE,FALSE,0.08909447525127501
Unc45a,-0.48354855679404807,0.02525628514075528,-0.22807068374218264,0.246888882005168,-0.28571464630610155,0.25513680733211563,Unc45a,FALSE,FALSE,FALSE,FALSE,0.3324446289474441,FALSE,FALSE,0.08909017646628871
Vav3,0.4150716135233088,0.029524711614945544,0.30972865525310933,0.11432686890313623,0.27248272782906113,0.23008422447598412,Vav3,FALSE,FALSE,FALSE,FALSE,0.33242766553515973,FALSE,FALSE,0.08908558977167809
Trdmt1,0.4301546874426956,0.12191013257390579,0.41311001708784456,0.16850572652034887,0.1540146094092667,0.7112300114706978,Trdmt1,FALSE,FALSE,FALSE,FALSE,0.3324264379799356,FALSE,FALSE,0.08908525785609198
Dnah1,-0.6094844749694346,0.04992153281667426,-0.24470716224949385,0.4106545947082547,-0.14303584186873675,0.7332679445381092,Dnah1,FALSE,FALSE,FALSE,FALSE,0.3324091596958884,FALSE,FALSE,0.0890805860240931
Mien1,-0.36235003943357214,0.10328778930358475,-0.3828118741909696,0.12606103640093502,-0.25190183308764347,0.39376038800398727,Mien1,FALSE,FALSE,FALSE,FALSE,0.33235458223739506,FALSE,FALSE,0.08906582896162615
Irf2,0.3514113114107529,0.0689083121561852,0.21823110510290622,0.2701370381045385,0.42739818721704026,0.10101098238561386,Irf2,FALSE,FALSE,FALSE,FALSE,0.3323468679102331,FALSE,FALSE,0.08906374310400357
Zswim8,-0.3598725125676596,0.11017171652616557,-0.3710715857729321,0.14377894253639445,-0.2659551119857957,0.39087419472249313,Zswim8,FALSE,FALSE,FALSE,FALSE,0.3322997367754625,FALSE,FALSE,0.08905099943437972
Zfp560,0.46855342900156227,0.031228189504866798,0.3892523946574804,0.09552603915776765,0.13896807493857333,0.621191881720691,Zfp560,FALSE,FALSE,FALSE,FALSE,0.33225796619920533,FALSE,FALSE,0.08903970519276196
Prkar2b,0.4770339431360613,0.01691434231227352,0.30441715802313674,0.09749789641905506,0.21527912957561934,0.29516554207063567,Prkar2b,FALSE,FALSE,FALSE,FALSE,0.33224341024493914,FALSE,FALSE,0.08903576944470218
Arl6ip4,-0.38963671801330246,0.10798826053926212,-0.4182892027832512,0.12482233729086076,-0.18869911151432195,0.5634866745309353,Arl6ip4,FALSE,FALSE,FALSE,FALSE,0.3322083441036252,FALSE,FALSE,0.0890262879984764
Gm25848,-0.0868416012501041,0.8476941275961836,-0.2522219727598023,0.5666609803940204,-0.6572917870591386,0.2596272457328866,Gm25848,FALSE,FALSE,FALSE,FALSE,0.3321184536896817,FALSE,FALSE,0.0890019827543268
Zfp605,0.46902963699553624,0.026655293844522025,0.3748288612836772,0.09392720074652847,0.1522848596571187,0.5613298451325374,Zfp605,FALSE,FALSE,FALSE,FALSE,0.3320477859787774,FALSE,FALSE,0.08898287508876303
Tomm40,-0.3908204820369052,0.034951996629719685,-0.3728780156874887,0.0829933206574231,-0.23230140842179114,0.29152801104282167,Tomm40,FALSE,FALSE,FALSE,FALSE,0.331999968715395,FALSE,FALSE,0.08896994589854032
Rab5a,0.42308258747738403,0.05494858186113396,0.33192540488582445,0.15536279914095444,0.2408874280061033,0.406869233025473,Rab5a,FALSE,FALSE,FALSE,FALSE,0.3319651401231039,FALSE,FALSE,0.08896052868260054
Aldh3b1,-0.31421505290134544,0.2741987495648397,-0.41765370054421735,0.18598641846202824,-0.2640222188048478,0.5075552616544378,Aldh3b1,FALSE,FALSE,FALSE,FALSE,0.3319636574168035,FALSE,FALSE,0.08896012777735322
Faap20,-0.3838745971780142,0.08996580343036585,-0.36559393249080685,0.13848905133909886,-0.24620995448062377,0.406869233025473,Faap20,FALSE,FALSE,FALSE,FALSE,0.33189282804981496,FALSE,FALSE,0.08894097640200525
Eif3k,-0.34083841285015826,0.03989274916517326,-0.2821475542972127,0.1136876774354766,-0.3726772035143533,0.0945307768205195,Eif3k,FALSE,FALSE,FALSE,FALSE,0.3318877235539081,FALSE,FALSE,0.08893959621012679
Strip2,0.040032024837557856,0.9439169991760743,0.5100543248183422,0.2733694335590925,0.4455029990843564,0.4642198353352169,Strip2,FALSE,FALSE,FALSE,FALSE,0.3318631162467522,FALSE,FALSE,0.08893294270190438
Tbx2,-0.3411076817754306,0.3663008403604185,-0.10368872649539962,0.8041224024098037,0.5507118747319888,0.21453024710684146,Tbx2,FALSE,FALSE,FALSE,FALSE,0.331836094334273,FALSE,FALSE,0.08892563631458918
Pole3,-0.39246477392062795,0.023298544871650877,-0.26007855311867445,0.11453467886037556,-0.3428720781518928,0.09610154956615466,Pole3,FALSE,FALSE,FALSE,FALSE,0.3318051350637317,FALSE,FALSE,0.08891726531487755
Faap100,-0.416969900603966,0.04571502526579462,-0.3558571717823247,0.11072458956577719,-0.22242796107648566,0.3818903462293329,Faap100,FALSE,FALSE,FALSE,FALSE,0.33175167782092546,FALSE,FALSE,0.08890281114472781
Gm38348,0.2604965883198198,0.8018287659293367,0.4004586929893892,0.6991419926117094,0.3342514876235311,0.8168745472052634,Gm38348,FALSE,FALSE,FALSE,FALSE,0.3317355896442467,FALSE,FALSE,0.08889846110288303
Ppia,-0.421898393982751,0.014989859019986373,-0.22462329640486,0.12334951876472033,-0.348650155711999,0.06750873220157737,Ppia,FALSE,FALSE,FALSE,FALSE,0.33172394869987,FALSE,FALSE,0.08889531353705486
Mfsd13b,0.2640625649283477,0.4770228724600736,-0.6702214699353266,0.1463482720064932,0.06070874645145374,0.9260668732862938,Mfsd13b,FALSE,FALSE,FALSE,FALSE,0.331664260438376,FALSE,FALSE,0.08887917457735013
Tfap2b,0.4515776208138852,0.3963889001393472,0.3403518472940537,0.5564694112809778,0.2029214045034058,0.8109806840697278,Tfap2b,FALSE,FALSE,FALSE,FALSE,0.3316169575371149,FALSE,FALSE,0.08886638446421463
Hydin,0.39839396876709604,0.5239445423794058,0.15713050154276986,0.8310215491155629,0.43929376401559306,0.6085302159101214,Hydin,FALSE,FALSE,FALSE,FALSE,0.3316060781084863,FALSE,FALSE,0.08886344280272454
Adprh,-0.4057096971355101,0.023546295124030572,-0.3300387888321472,0.08525470443769087,-0.25900396278364024,0.20537944218215956,Adprh,FALSE,FALSE,FALSE,FALSE,0.33158414958376586,FALSE,FALSE,0.08885751360378343
Pnmal2,-0.5387013325403096,0.02402884468577471,-0.27779463654360725,0.20594668056636947,-0.17808908393041634,0.5376533956808073,Pnmal2,FALSE,FALSE,FALSE,FALSE,0.33152835100477773,FALSE,FALSE,0.08884242636560073
Ntm,-0.22914841969437072,0.4660801699496584,-0.4159240803733777,0.21529847167505778,-0.34943418790252023,0.4130481027940374,Ntm,FALSE,FALSE,FALSE,FALSE,0.3315022293234229,FALSE,FALSE,0.08883536338952715
Bcl2l12,0.3991154980910735,0.6489072887824668,0.2742366925559697,0.7775709586798314,0.3210606790692784,0.8050220025244096,Bcl2l12,FALSE,FALSE,FALSE,FALSE,0.3314709565721072,FALSE,FALSE,0.08882690762853315
Col17a1,0.25936519499668687,0.568930681869462,0.561555286217793,0.20557954802080294,0.1733857794195146,0.7983917031109229,Col17a1,FALSE,FALSE,FALSE,FALSE,0.3314354202113315,FALSE,FALSE,0.08881729904084344
Hr,-0.4028822092255213,0.09353581422366833,-0.26101671018953354,0.28970484473663366,-0.3304046439132753,0.29737310093175856,Hr,FALSE,FALSE,FALSE,FALSE,0.3314345211094434,FALSE,FALSE,0.08881705593493318
Prkcsh,-0.4092566378864859,0.09114126133249267,-0.32331258830184506,0.20811223222506314,-0.2612568080018782,0.4312041051832669,Prkcsh,FALSE,FALSE,FALSE,FALSE,0.33127534473006975,FALSE,FALSE,0.0887740166319219
Them4,0.4496175931163271,0.10447353955229494,0.3714874361079086,0.20219424649146514,0.17270379347653675,0.667304825320646,Them4,FALSE,FALSE,FALSE,FALSE,0.33126960756692414,FALSE,FALSE,0.08877246537473148
Loxl3,-0.6172088732221599,0.12747596956585788,0.01077208601736035,0.9808435983780279,0.3653601074855162,0.43208725836388395,Loxl3,FALSE,FALSE,FALSE,FALSE,0.33111368890834547,FALSE,FALSE,0.08873030691869618
Gm9885,0.7064382355364904,0.2380393898857498,-0.23212376291717132,0.765311718239968,0.05473733652623493,0.965741105261516,Gm9885,FALSE,FALSE,FALSE,FALSE,0.33109977832663223,FALSE,FALSE,0.0887265456713065
Gm10275,-0.226754391658621,0.5229087442745642,-0.2603731525615165,0.47278865852632435,-0.5059821408068432,0.29051836872056874,Gm10275,FALSE,FALSE,FALSE,FALSE,0.33103656167566026,FALSE,FALSE,0.0887094526791977
Supt20,0.3079763149247201,0.10846736182532223,0.36685576941573395,0.10577026591803403,0.3182527490678462,0.2202545891644334,Supt20,FALSE,FALSE,FALSE,FALSE,0.3310282778027667,FALSE,FALSE,0.08870721282352957
4930570G19Rik,0.30174851216182175,0.2200904780123509,0.3243110089462484,0.2138550876532609,0.36676361406346025,0.26249736858147227,4930570G19Rik,FALSE,FALSE,FALSE,FALSE,0.3309410450571768,FALSE,FALSE,0.0886836261796775
Gm16892,0.2670137134638196,0.5906925478560109,0.7070462751471617,0.1544812483096782,0.018580622773145428,0.9824437356724383,Gm16892,FALSE,FALSE,FALSE,FALSE,0.3308802037947089,FALSE,FALSE,0.08866717546292385
Dlx3,-0.6888107396121554,0.4159576591590789,-0.29826613207907293,0.7367141377242178,0.005387687874951919,0.9960124879643014,Dlx3,FALSE,FALSE,FALSE,FALSE,0.33082151985539343,FALSE,FALSE,0.08865130805938048
Shroom1,-0.5760739268019626,0.19432169782525202,-0.36179920465466137,0.4178751896797132,-0.054402808286680704,0.9397866449301644,Shroom1,FALSE,FALSE,FALSE,FALSE,0.33075864658110155,FALSE,FALSE,0.0886343079120332
Odc1,-0.4822327208805781,0.13914774859790502,0.06327589923239252,0.8728684962141573,-0.4467377661035874,0.3225638205250668,Odc1,FALSE,FALSE,FALSE,FALSE,0.3307487954055193,FALSE,FALSE,0.08863164427731196
Focad,-0.3177894027842969,0.1881694333977163,-0.2243740400309422,0.3817813863600023,-0.45005217059809155,0.17891057821632086,Focad,FALSE,FALSE,FALSE,FALSE,0.33073853780444357,FALSE,FALSE,0.08862887075021827
Mvb12a,-0.237448113617436,0.19044519294878573,-0.3920810519740101,0.08967000640739733,-0.36242698933032713,0.14935768953934114,Mvb12a,FALSE,FALSE,FALSE,FALSE,0.3306520516405911,FALSE,FALSE,0.08860548597273447
Spin4,0.5508423280886361,0.1522358366905264,0.4376315884665254,0.2865881799157268,-0.0034427497864792933,0.9957254050020347,Spin4,FALSE,FALSE,FALSE,FALSE,0.3306388887805469,FALSE,FALSE,0.08860192689993633
Mlf2,-0.36591233760245867,0.033681414853246903,-0.3472056916924897,0.08451455445915308,-0.27873596448976556,0.1869631545858462,Mlf2,FALSE,FALSE,FALSE,FALSE,0.330617997928238,FALSE,FALSE,0.08859627827464263
Rspo3,0.40886928724441196,0.4035007170957082,0.19959185766580134,0.7226991909441522,0.3833098834569182,0.577758168781844,Rspo3,FALSE,FALSE,FALSE,FALSE,0.3305903427890438,FALSE,FALSE,0.0885888006707401
Dpysl5,-0.38313191131695223,0.1747692006434197,-0.44433270501575794,0.1554219416556397,-0.1641345784086532,0.6832347879350369,Dpysl5,FALSE,FALSE,FALSE,FALSE,0.3305330649137878,FALSE,FALSE,0.08857331344934025
Gm17971,-0.2513246082656768,0.8160389141410349,0.028304930048202115,0.9808435983780279,0.7118547664068425,0.5572624935729553,Gm17971,FALSE,FALSE,FALSE,FALSE,0.3304947682402405,FALSE,FALSE,0.08856295850758561
Pmaip1,-0.5824438272845299,0.315592068935637,-0.10341073490528226,0.8721026360392119,-0.30553382006240654,0.7090537024539976,Pmaip1,FALSE,FALSE,FALSE,FALSE,0.3304627940840729,FALSE,FALSE,0.08855431309548842
Tubgcp2,-0.3804065812515862,0.12171410967139998,-0.40581110699200185,0.13849670483220658,-0.20513184395778072,0.542225705752239,Tubgcp2,FALSE,FALSE,FALSE,FALSE,0.3304498440671229,FALSE,FALSE,0.08855081157280204
Bsg,-0.37045049278248854,0.039365595251663506,-0.343211865041388,0.09180503249903499,-0.27764735824588094,0.21853789315329375,Bsg,FALSE,FALSE,FALSE,FALSE,0.3304365720232525,FALSE,FALSE,0.08854722297806225
Gm12250,0.054482886565753785,0.9397256511729748,-0.875867123848327,0.22203378274188226,-0.06095046538661064,0.9564771789522314,Gm12250,FALSE,FALSE,FALSE,FALSE,0.3304334919335638,FALSE,FALSE,0.08854639016031671
4631405J19Rik,0.12435324664789976,0.8499394851083656,0.07666254381103746,0.9128293247294564,0.790026941170792,0.26957346866459436,4631405J19Rik,FALSE,FALSE,FALSE,FALSE,0.3303475772099097,FALSE,FALSE,0.08852315989311858
Anks6,-0.4232701574247084,0.19944394527362003,-0.4174276213931427,0.22785758899283926,-0.1503356358097001,0.7504677895464228,Anks6,FALSE,FALSE,FALSE,FALSE,0.33034447154251706,FALSE,FALSE,0.08852232015948167
Spg7,-0.46643833059742423,0.029887603850818716,-0.30416511449839856,0.14549974441619537,-0.2203545225912178,0.3855472697094561,Spg7,FALSE,FALSE,FALSE,FALSE,0.33031932256234686,FALSE,FALSE,0.08851552018964802
Arfgef3,0.5279068855618068,0.01986542432863018,0.28899227202031774,0.15051562109591973,0.17397059388033576,0.4874929153281715,Arfgef3,FALSE,FALSE,FALSE,FALSE,0.3302899171541534,FALSE,FALSE,0.08850756933488936
Gstm2,-0.3307264063391364,0.10376073353892554,-0.1969920591366381,0.3340311632988897,-0.46261774875469763,0.10331495777946066,Gstm2,FALSE,FALSE,FALSE,FALSE,0.33011207141015736,FALSE,FALSE,0.08845948206908251
Hist1h2bn,-0.16995617800535623,0.6728921214043199,-0.4748163105339134,0.25130193226292036,0.34555796072327727,0.46852655918443165,Hist1h2bn,FALSE,FALSE,FALSE,FALSE,0.3301101497541823,FALSE,FALSE,0.08845896247733077
Derl3,0.5551883355909442,0.14174003031344232,-0.0642961197205354,0.8937343091647548,0.37065488743292363,0.48204028795583886,Derl3,FALSE,FALSE,FALSE,FALSE,0.33004644758146773,FALSE,FALSE,0.08844173820621261
Sgk3,0.2759181882934314,0.24594599666601705,0.4610172308228373,0.10211259847939146,0.253152511905232,0.4418686001645257,Sgk3,FALSE,FALSE,FALSE,FALSE,0.33002931034050026,FALSE,FALSE,0.08843710451049923
Efemp2,-0.4794613262270717,0.07625356364069598,-0.37759015548719743,0.17619113081826418,-0.13296482736173498,0.719604438740411,Efemp2,FALSE,FALSE,FALSE,FALSE,0.330005436358668,FALSE,FALSE,0.08843064928427655
Gm10288,-0.37136701800809246,0.32829840265362714,-0.1805617336772941,0.6560216261781577,-0.4380395613193744,0.3979923456886011,Gm10288,FALSE,FALSE,FALSE,FALSE,0.32998943766825367,FALSE,FALSE,0.08842632343839893
Ifitm2,-0.5424199956525659,0.029800884476252523,-0.2501634276577116,0.25731729974165796,-0.19726141345407022,0.4918152224753389,Ifitm2,FALSE,FALSE,FALSE,FALSE,0.32994827892144923,FALSE,FALSE,0.08841519462781629
Gm28151,0.4150981941671834,0.18808801995754407,0.37156774586974883,0.2654012800475271,0.20317416422128987,0.661074608079989,Gm28151,FALSE,FALSE,FALSE,FALSE,0.32994670141940735,FALSE,FALSE,0.08841476809098558
Vps18,-0.46305024048997634,0.05268865774388297,-0.3028501826337351,0.2047273634386475,-0.2237029716451726,0.4658526833196551,Vps18,FALSE,FALSE,FALSE,FALSE,0.3298677982562947,FALSE,FALSE,0.08839343366210162
Tmem181c-ps,0.27619380118243503,0.606969343774552,-0.5601919229469948,0.35013002788246145,-0.15321455366501374,0.8636185742633034,Tmem181c-ps,FALSE,FALSE,FALSE,FALSE,0.3298667592648145,FALSE,FALSE,0.08839315273179452
Cnpy3,-0.3819931889517836,0.038254963185461115,-0.3375359435611758,0.0960072945197005,-0.2698606403584556,0.23257259946406966,Cnpy3,FALSE,FALSE,FALSE,FALSE,0.3297965909571383,FALSE,FALSE,0.08837418009862023
Tspan17,-0.5505938587183481,0.12953061392676177,-0.3710640109615615,0.30419958122636553,-0.06751685888009584,0.9046923010525015,Tspan17,FALSE,FALSE,FALSE,FALSE,0.32972490952000183,FALSE,FALSE,0.08835479833415656
Ccr2,0.5721634659215775,0.215863986259632,0.11717257242613421,0.8386524658038499,0.2995268419058327,0.6621080034450036,Ccr2,FALSE,FALSE,FALSE,FALSE,0.3296209600845148,FALSE,FALSE,0.08832669170634293
Cd59b,-0.12674873126129604,0.7450687710369946,-0.48568873865303175,0.22249477838767479,-0.3763945863468361,0.4544863891536926,Cd59b,FALSE,FALSE,FALSE,FALSE,0.32961068542038796,FALSE,FALSE,0.08832391356561353
Orai1,-0.45789216653481746,0.24522007986798183,-0.4886761305373666,0.23686773843319203,0.04221942731337647,0.9483126886262389,Orai1,FALSE,FALSE,FALSE,FALSE,0.3295959081285202,FALSE,FALSE,0.08831991797063339
Fam131a,-0.41395578858184656,0.037764919584000446,-0.2903920004568592,0.1497476064857061,-0.28407998331770745,0.24576893195493352,Fam131a,FALSE,FALSE,FALSE,FALSE,0.3294759241188044,FALSE,FALSE,0.08828747579440732
Scrn1,-0.36611991991854076,0.19490713897859338,-0.4166383296591638,0.18533306724967827,-0.20564019632075592,0.6201811789712147,Scrn1,FALSE,FALSE,FALSE,FALSE,0.32946614863282014,FALSE,FALSE,0.08828483262520713
Usmg5,0.5250069708632346,0.12347119792186818,0.33533211040335864,0.3548156566775525,-0.12768689010889123,0.8142645762041834,Usmg5,FALSE,FALSE,FALSE,FALSE,0.3293419904584948,FALSE,FALSE,0.08825126180705471
Strbp,0.4629883785801665,0.019826893963781757,0.3163476977125663,0.09823303848618595,0.20866581437283038,0.3318953399545175,Strbp,FALSE,FALSE,FALSE,FALSE,0.32933396355518774,FALSE,FALSE,0.08824909143275021
Pgap3,-0.4580093117443065,0.13594259635389117,-0.318017949286455,0.30238123655152926,-0.21192007511371003,0.6069099947055215,Pgap3,FALSE,FALSE,FALSE,FALSE,0.3293157787148238,FALSE,FALSE,0.08824417447925677
Cfap97,0.45553865837227914,0.022606933826155737,0.280589877066312,0.13708672126251006,0.2517065844186863,0.2643350443943524,Cfap97,FALSE,FALSE,FALSE,FALSE,0.32927837328575915,FALSE,FALSE,0.0882340605188682
Tnfaip8l1,-0.45100314371377376,0.2754503431793712,-0.3479170022494036,0.4141235294605114,-0.18883209422710245,0.748218719164979,Tnfaip8l1,FALSE,FALSE,FALSE,FALSE,0.32925074673009325,FALSE,FALSE,0.08822659064359435
Anxa2,-0.4381549197969594,0.06296467206284513,-0.26455607068762,0.2720137200017129,-0.28500304404939936,0.3588235537097898,Anxa2,FALSE,FALSE,FALSE,FALSE,0.32923801151132626,FALSE,FALSE,0.08822314719965133
Magix,-0.515631148794732,0.3326708494606196,-0.2016034739629997,0.7210780482663569,-0.2704431923779985,0.7186101441521231,Magix,FALSE,FALSE,FALSE,FALSE,0.3292259383785768,FALSE,FALSE,0.08821988277549025
Arhgef4,-0.3654391385811535,0.14827730377363307,-0.3305197395226491,0.21356670178730303,-0.29154591056941825,0.3893809453148289,Arhgef4,FALSE,FALSE,FALSE,FALSE,0.32916826289107365,FALSE,FALSE,0.0882042880447096
Fam96b,-0.41765219762163275,0.11215194855023235,-0.22736551755162715,0.38337401267529825,-0.3424797047207595,0.3171196489047632,Fam96b,FALSE,FALSE,FALSE,FALSE,0.3291658066313398,FALSE,FALSE,0.08820362390278494
Nek1,0.41174614681236843,0.03921674470274224,0.3718455918016419,0.09504062435080558,0.20371871748958714,0.41946367597470957,Nek1,FALSE,FALSE,FALSE,FALSE,0.3291034853678658,FALSE,FALSE,0.08818677301226174
Isca2,-0.5112954383581605,0.03743810450986503,-0.2904939212689954,0.1965310284679919,-0.185442464896326,0.5181452776140207,Isca2,FALSE,FALSE,FALSE,FALSE,0.3290772748411606,FALSE,FALSE,0.08817968601351614
Rph3a,-0.362393784597685,0.2729832178311922,-0.5337075136658442,0.1528795889478993,0.09105933676417832,0.8570157775177877,Rph3a,FALSE,FALSE,FALSE,FALSE,0.32905354500923584,FALSE,FALSE,0.08817326976362633
Slc25a16,0.37202599334592357,0.03350553209965684,0.3517434161013915,0.0832332456633127,0.26321410355010144,0.21454559754482708,Slc25a16,FALSE,FALSE,FALSE,FALSE,0.3289945043324722,FALSE,FALSE,0.08815730590273678
Nptx1,-0.16288663681583015,0.7414090227925769,0.31774812511885653,0.4831482243458798,0.5063324068707673,0.3736303448708798,Nptx1,FALSE,FALSE,FALSE,FALSE,0.3289890562684847,FALSE,FALSE,0.08815583281434448
Aifm2,-0.4655078319067849,0.05489977025892085,-0.3134870819712625,0.18626626962249143,-0.20787164370272038,0.4851693103793015,Aifm2,FALSE,FALSE,FALSE,FALSE,0.3289555191935893,FALSE,FALSE,0.08814676480856239
Tbx18,0.1902392280917759,0.8392059482807492,-0.3299483869065013,0.7436080442807776,0.4664024844623512,0.6893773649417326,Tbx18,FALSE,FALSE,FALSE,FALSE,0.32886336648687614,FALSE,FALSE,0.08812184786873033
Mex3d,-0.3168401450469349,0.1878286525217997,-0.4681380386155176,0.10587831627660335,-0.20156206998212456,0.5434454480491255,Mex3d,FALSE,FALSE,FALSE,FALSE,0.328846751214859,FALSE,FALSE,0.08811735530689563
Lrrc7,0.23249018626619922,0.49277562823309884,0.2520187372552698,0.4711929112969407,0.5019946615375366,0.24502025202735642,Lrrc7,FALSE,FALSE,FALSE,FALSE,0.32883452835300186,FALSE,FALSE,0.0881140503978557
C1ql2,-0.257365752272408,0.5663285005766217,-0.5378311387378698,0.2522924373187414,-0.19122859374945644,0.7700562878232969,C1ql2,FALSE,FALSE,FALSE,FALSE,0.32880849491991143,FALSE,FALSE,0.08810701128300957
Gm7964,-0.37294924540024077,0.17172001614672028,-0.26288394218233835,0.34762709313167045,-0.3505739883658232,0.3356363749792366,Gm7964,FALSE,FALSE,FALSE,FALSE,0.32880239198280076,FALSE,FALSE,0.08810536112511178
Cdk8,0.41273395577617666,0.025648093148095498,0.33220452443930437,0.09127708776768337,0.24142509635546716,0.26313160187849927,Cdk8,FALSE,FALSE,FALSE,FALSE,0.32878785885698275,FALSE,FALSE,0.088101431549579
Klf14,-0.45017301257744435,0.23918300654688748,0.05774944323343156,0.8969112904495637,-0.4783583695054334,0.36412059479701575,Klf14,FALSE,FALSE,FALSE,FALSE,0.32876027510543643,FALSE,FALSE,0.08809397324800397
Gm15983,0.5814918708550078,0.15394608313364594,0.045776964772108686,0.9306775872931973,0.358949483607088,0.5366259856518361,Gm15983,FALSE,FALSE,FALSE,FALSE,0.3287394397447348,FALSE,FALSE,0.08808833962694716
Bud13,-0.5213600297476693,0.037672247241829535,-0.1725173605421939,0.43910748013220713,-0.2922260110639714,0.3150712318003307,Bud13,FALSE,FALSE,FALSE,FALSE,0.3287011337846115,FALSE,FALSE,0.08807798217421849
Rfx3,0.4756633220123554,0.01758902538584339,0.3024187923681527,0.09993305936367947,0.20789911712748488,0.3175036548832349,Rfx3,FALSE,FALSE,FALSE,FALSE,0.3286604105026643,FALSE,FALSE,0.0880669711078892
Pde10a,0.07693971803138311,0.8733845393764645,0.8121332061961191,0.11025421348490946,0.09683193900300058,0.8952267105791931,Pde10a,FALSE,FALSE,FALSE,FALSE,0.3286349544101676,FALSE,FALSE,0.08806008809872189
Smim11,-0.3403628882577352,0.11488062240402022,-0.23367928314916453,0.2898565569205746,-0.4116283196926651,0.1564952205742026,Smim11,FALSE,FALSE,FALSE,FALSE,0.3285568303665216,FALSE,FALSE,0.08803896433400141
Gm6206,0.4212402027067734,0.2931988085443278,0.3081322539314002,0.4774532183707044,0.256172881292108,0.6639649189738192,Gm6206,FALSE,FALSE,FALSE,FALSE,0.3285151126434272,FALSE,FALSE,0.08802768438321809
Cul5,0.45764010641666886,0.04535458321584738,0.31059068893694874,0.1835384475427264,0.21728411523578117,0.4635677359285712,Cul5,FALSE,FALSE,FALSE,FALSE,0.32850497019646624,FALSE,FALSE,0.08802494199235743
BC022960,0.16310166143946225,0.7332784572041158,0.3761324947920591,0.399099169856994,0.44625452239462604,0.4357784767812242,BC022960,FALSE,FALSE,FALSE,FALSE,0.3284962262087158,FALSE,FALSE,0.0880225777273842
Txnl1,0.4734410018206612,0.1277511918733802,0.3962600777273222,0.23686773843319203,0.1155907567224741,0.8160706567923424,Txnl1,FALSE,FALSE,FALSE,FALSE,0.3284306120901525,FALSE,FALSE,0.08800483649001106
Zfand1,0.3796588500639544,0.0896905953924341,0.35248858343687317,0.14705924493714864,0.25294201942664074,0.40010315848032135,Zfand1,FALSE,FALSE,FALSE,FALSE,0.32836315097582275,FALSE,FALSE,0.08798659584807322
Yy1,0.46126426991478287,0.04786518223175527,0.3346449521973467,0.16632434705805318,0.1889401938581674,0.542232017933202,Yy1,FALSE,FALSE,FALSE,FALSE,0.32828313865676567,FALSE,FALSE,0.08796496151728819
Gm17087,-0.17032057356085883,0.7854884088470282,0.2966005173197197,0.6083245371198845,-0.5176864305697397,0.5327958338652045,Gm17087,FALSE,FALSE,FALSE,FALSE,0.32820250715010607,FALSE,FALSE,0.08794315976591632
Bean1,-0.44533747414270575,0.2922698079906642,-0.3884196745669949,0.37221065621600474,-0.15084972661050644,0.8073252940239228,Bean1,FALSE,FALSE,FALSE,FALSE,0.3282022917734024,FALSE,FALSE,0.08794310153074822
Sp4,0.5129724191640719,0.02504287528015629,0.3311265336235776,0.13767629696144293,0.14024479437964033,0.6211200957336809,Sp4,FALSE,FALSE,FALSE,FALSE,0.3281145823890966,FALSE,FALSE,0.08791938600974614
Atp5h,-0.35486072608842,0.04860264917722118,-0.2882692982176396,0.1344698886810065,-0.3411554525658236,0.14276280291425258,Atp5h,FALSE,FALSE,FALSE,FALSE,0.3280951589572944,FALSE,FALSE,0.08791413415661226
Lsm10,-0.32089537840507854,0.36167898071901894,-0.45254573632275363,0.22930223786494727,-0.21076211066844275,0.6697532047625661,Lsm10,FALSE,FALSE,FALSE,FALSE,0.3280677417987583,FALSE,FALSE,0.0879067208997045
Tmco3,-0.44656273641755284,0.01600573855620976,-0.29237081102654905,0.08551658867812084,-0.24526532029783255,0.17891057821632086,Tmco3,FALSE,FALSE,FALSE,FALSE,0.32806628924731146,FALSE,FALSE,0.0879063281479526
Npat,0.39136587764301467,0.05718870976062702,0.38483390456589817,0.10266451166953353,0.20792028247477923,0.44653217569857523,Npat,FALSE,FALSE,FALSE,FALSE,0.3280400215612307,FALSE,FALSE,0.08789922569402643
Rpgrip1l,0.3643704402725012,0.058154938440980776,0.34928265017541005,0.10890761169862719,0.2704424834187087,0.27955959359365307,Rpgrip1l,FALSE,FALSE,FALSE,FALSE,0.32803185795553996,FALSE,FALSE,0.08789701835710641
Nsg1,-0.4637308878533295,0.03112180240285599,-0.35328019258467336,0.11199485735103275,-0.1668612005906578,0.5242699876689363,Nsg1,FALSE,FALSE,FALSE,FALSE,0.32795742700955355,FALSE,FALSE,0.08787689315982318
Cdh19,-0.2552741270342431,0.6336055108610656,-0.23793690131120715,0.6712951935522031,0.49063320555612355,0.43145920793882475,Cdh19,FALSE,FALSE,FALSE,FALSE,0.3279480779671913,FALSE,FALSE,0.0878743652956471
Rgcc,-0.16739753080997266,0.6811240040060909,0.28145717433898243,0.4626845608325742,0.5349379559822696,0.260633977157684,Rgcc,FALSE,FALSE,FALSE,FALSE,0.32793088704374157,FALSE,FALSE,0.08786971708486165
Maf,0.16642883643523954,0.7121994731360527,0.481027359594024,0.2629327123188013,0.3361080235860605,0.56052558425053,Maf,FALSE,FALSE,FALSE,FALSE,0.32785473987177466,FALSE,FALSE,0.08784912784152898
Sept7,0.38378799657811236,0.08644443979024696,0.38343687776870894,0.13078105459057643,0.21594138523079032,0.4834810130866619,Sept7,FALSE,FALSE,FALSE,FALSE,0.32772208652587054,FALSE,FALSE,0.08781326003518553
Gm35025,-0.16203881032040962,0.7413692484797232,-0.5643210549960634,0.25840147322604806,-0.2566481529874125,0.6963101447968865,Gm35025,FALSE,FALSE,FALSE,FALSE,0.3276693394346285,FALSE,FALSE,0.08779899788114066
S1pr2,-0.3014091542266073,0.3571658481984599,-0.48003889287921075,0.1835384475427264,-0.20154210697140962,0.6593689455770281,S1pr2,FALSE,FALSE,FALSE,FALSE,0.32766338469240924,FALSE,FALSE,0.08779738779328883
Pgpep1,-0.36993812198128406,0.15060813593093492,-0.31010246296897037,0.25348227844656157,-0.3029085722068636,0.3870321416396405,Pgpep1,FALSE,FALSE,FALSE,FALSE,0.32764971905237267,FALSE,FALSE,0.08779369277506632
Fam19a1,-0.24268159075282536,0.6345693191914639,-0.41142170148581547,0.4279980542176923,0.32876659797145913,0.5983384258198506,Fam19a1,FALSE,FALSE,FALSE,FALSE,0.3276232967367,FALSE,FALSE,0.08778654851123163
Gna15,-0.06934784210269868,0.9268396401215602,-0.5517738011208289,0.4381735068094225,0.36168891912422196,0.6758588626152562,Gna15,FALSE,FALSE,FALSE,FALSE,0.32760352078258315,FALSE,FALSE,0.08778120134047099
Xylt1,0.32023831934030733,0.30155022529483394,0.23818800861756007,0.47191872587247236,0.42436484584461853,0.3019411453851813,Xylt1,FALSE,FALSE,FALSE,FALSE,0.327597057934162,FALSE,FALSE,0.08777945386705434
Fam90a1b,0.3260691716591948,0.5542401922045476,0.22115471258347066,0.7139359708481476,0.4355025719612534,0.5510282534209763,Fam90a1b,FALSE,FALSE,FALSE,FALSE,0.3275754854013063,FALSE,FALSE,0.087773620923862955
Aldh2,-0.514958303660686,0.0211573327684876,-0.24542936805806015,0.19889375644533455,-0.222298572786638,0.3588235537097898,Aldh2,FALSE,FALSE,FALSE,FALSE,0.3275620815017947,FALSE,FALSE,0.08776999667700622
Kcnd1,-0.6446024830716017,0.1840909250164079,-0.1883755522512922,0.705860334460487,-0.149525487546307,0.8328401526503639,Kcnd1,FALSE,FALSE,FALSE,FALSE,0.32750117428973363,FALSE,FALSE,0.08775352812830707
Cdh12,0.33944024028055964,0.34875836216228345,0.32335091819932327,0.39912788584944175,0.31968535726059466,0.5286235070453442,Cdh12,FALSE,FALSE,FALSE,FALSE,0.3274921719134925,FALSE,FALSE,0.08775109399831625
Efna5,0.45248350230789747,0.02300251776828198,0.32856508695053765,0.10095931193905984,0.2013895309083482,0.3784241570270433,Efna5,FALSE,FALSE,FALSE,FALSE,0.3274793733889278,FALSE,FALSE,0.08774763343727694
Rbm12b2,0.43575827846282866,0.08921627248202822,0.37449125897944935,0.1751640242634439,0.17206723375415844,0.6400006280402369,Rbm12b2,FALSE,FALSE,FALSE,FALSE,0.3274389237321455,FALSE,FALSE,0.08773669635577147
Zscan2,-0.41009494478495645,0.1626282235804013,-0.35263634916924635,0.2453956623766937,-0.21925783912998664,0.5816040457170253,Zscan2,FALSE,FALSE,FALSE,FALSE,0.32732971102806313,FALSE,FALSE,0.08770716660592932
Cenpb,-0.41036480913244144,0.03265995868152927,-0.3436358757954263,0.09952388076120047,-0.22793747647561347,0.3303209207285182,Cenpb,FALSE,FALSE,FALSE,FALSE,0.32731272046782706,FALSE,FALSE,0.08770257257085196
Zfp799,0.46138332267532967,0.023938103706369018,0.27721379448174055,0.15289262433005546,0.24334056300250317,0.30580971891383374,Zfp799,FALSE,FALSE,FALSE,FALSE,0.32731256005319115,FALSE,FALSE,0.08770252919673986
Pag1,-0.23163694080454,0.2737687759342776,-0.4161069766512888,0.10638366584973132,-0.33418034720599366,0.2537731950522274,Pag1,FALSE,FALSE,FALSE,FALSE,0.3273080882206075,FALSE,FALSE,0.08770132006911463
Slc19a1,-0.3367453320812288,0.14602945113107324,-0.4976186467348036,0.08933407989514035,-0.1473736007381108,0.6430879831106097,Slc19a1,FALSE,FALSE,FALSE,FALSE,0.32724585985138105,FALSE,FALSE,0.08768449429603464
Gpr182,-0.7432734364367348,0.08396899523904655,0.16030571525130233,0.6851830986463259,0.07794986355092104,0.8982555297858797,Gpr182,FALSE,FALSE,FALSE,FALSE,0.32717633841298605,FALSE,FALSE,0.08766569656822706
Api5,0.4551043738738283,0.049875228145824374,0.3752744423068499,0.13385386958283618,0.1510483636719684,0.6352446466639203,Api5,FALSE,FALSE,FALSE,FALSE,0.3271423932842155,FALSE,FALSE,0.08765651822977848
Snapc5,-0.2931407566022619,0.20576544658858617,-0.36978784829215394,0.15150547165811015,-0.31849239279971053,0.3071675109910543,Snapc5,FALSE,FALSE,FALSE,FALSE,0.3271403325647088,FALSE,FALSE,0.08765596103698631
Sass6,0.31636474259256975,0.24225105084274823,0.2291984941221603,0.4248825180746054,0.43556463039700977,0.2236299509843916,Sass6,FALSE,FALSE,FALSE,FALSE,0.32704262237057996,FALSE,FALSE,0.08762954142203495
Mpnd,-0.35416495823367367,0.08492797703544032,-0.4116371494977331,0.09266349833969459,-0.2152271633887839,0.4288803284742357,Mpnd,FALSE,FALSE,FALSE,FALSE,0.3270097570400636,FALSE,FALSE,0.08762065504753501
Aqp4,0.4297194016232373,0.05072823235271685,0.2881284190951581,0.19673928510121272,0.26312817117668974,0.35196324091850933,Aqp4,FALSE,FALSE,FALSE,FALSE,0.3269919972983617,FALSE,FALSE,0.08761585303540534
Echdc1,0.4888248635854753,0.04887644909870258,0.31751527314328065,0.20423494948495502,0.17456316729468035,0.6040907740219245,Echdc1,FALSE,FALSE,FALSE,FALSE,0.3269677680078121,FALSE,FALSE,0.08760930173814743
Usp40,0.33421239285989746,0.10487447457965735,0.3356859525666245,0.14100161741353892,0.3109648854729832,0.2576590212120603,Usp40,FALSE,FALSE,FALSE,FALSE,0.326954410299835,FALSE,FALSE,0.08760568998090416
Arrdc2,-0.590122313570768,0.19672069719442825,0.22964951023206792,0.598530189492936,0.16103968344136943,0.7961083597876001,Arrdc2,FALSE,FALSE,FALSE,FALSE,0.3269371690814018,FALSE,FALSE,0.08760102817098393
D730003I15Rik,-0.25496002473229273,0.3345826977092734,-0.27294313436815454,0.3230764040766529,-0.4527707530196512,0.2145426862844112,D730003I15Rik,FALSE,FALSE,FALSE,FALSE,0.3268913040400328,FALSE,FALSE,0.08758862683718759
Tigd3,0.4192516978461644,0.40294862366112427,-0.3217568676304388,0.5892991741979997,-0.23960498405573277,0.77204217412256,Tigd3,FALSE,FALSE,FALSE,FALSE,0.32687118317744535,FALSE,FALSE,0.08758318640748843
Gm15500,0.5083868665143108,0.07609276074433094,0.34349257809012723,0.24918558108032418,-0.12855476689037282,0.7715507907867037,Gm15500,FALSE,FALSE,FALSE,FALSE,0.3268114038316036,FALSE,FALSE,0.08756702281971478
Atg4c,0.37276951651248114,0.03831333094046757,0.3177381544721789,0.10211259847939146,0.2892945381435994,0.19052896495955174,Atg4c,FALSE,FALSE,FALSE,FALSE,0.3266007363760865,FALSE,FALSE,0.087510060973439
Golga7b,-0.5056549720110342,0.27635386637915266,-0.3466941656787048,0.4694796660260479,-0.12730127689672033,0.8602812591895372,Golga7b,FALSE,FALSE,FALSE,FALSE,0.32655013819548645,FALSE,FALSE,0.08749637985796675
Etnppl,0.17455955447821836,0.7361341683534366,0.5792027358001678,0.2234191368567493,0.22586819129793934,0.7464469040878334,Etnppl,FALSE,FALSE,FALSE,FALSE,0.3265434938587752,FALSE,FALSE,0.08749458331238535
Pfkfb3,-0.3414703499788385,0.19165381893650363,-0.22190687075341664,0.41015141596898735,-0.41598015273673017,0.23872736474709036,Pfkfb3,FALSE,FALSE,FALSE,FALSE,0.3264524578229951,FALSE,FALSE,0.08746996830641335
Wdr76,0.3941146755031939,0.09651986621113183,0.185752933524034,0.45759836993882463,0.3994809675793345,0.19999072086906083,Wdr76,FALSE,FALSE,FALSE,FALSE,0.3264495255355208,FALSE,FALSE,0.08746917545253881
Ppp1r12a,0.38175631294486845,0.049369776587001805,0.3607466952655267,0.10195650914669147,0.23675947080993964,0.3460113497139144,Ppp1r12a,FALSE,FALSE,FALSE,FALSE,0.3264208263401116,FALSE,FALSE,0.08746141554888817
Tk1,0.37266843277882056,0.31887915303485187,0.18319949676589853,0.6659437600953967,0.4231869075909507,0.39896100830122505,Tk1,FALSE,FALSE,FALSE,FALSE,0.3263516123785566,FALSE,FALSE,0.08744270095897415
Cul7,-0.3635018102855989,0.12171410967139998,-0.3686771727271898,0.15707798547897103,-0.24672893826963804,0.4471474922198249,Cul7,FALSE,FALSE,FALSE,FALSE,0.3263026404274756,FALSE,FALSE,0.08742945955563326
Tmem130,-0.4364333836848955,0.08268718497387187,-0.30417309612708987,0.24898515650683883,-0.23822606922343148,0.4895290636965754,Tmem130,FALSE,FALSE,FALSE,FALSE,0.32627751634513896,FALSE,FALSE,0.08742266631786255
Shisa6,-0.9416921709326613,0.29612719022200196,-0.002931165887955667,0.9974611149306359,0.033990694179504496,0.9812050334728056,Shisa6,FALSE,FALSE,FALSE,FALSE,0.3262046770000405,FALSE,FALSE,0.08740297146956175
Gm37313,0.6270932163357874,0.183775965371442,0.33498846026699525,0.5213437303939021,0.016531650583683444,0.9847544527698506,Gm37313,FALSE,FALSE,FALSE,FALSE,0.3262044423954887,FALSE,FALSE,0.08740290803542387
Rpl31-ps12,-0.4898183322241038,0.4534740059238146,0.030596345378232526,0.9673384813303357,-0.45806114614557175,0.6131233655009791,Rpl31-ps12,FALSE,FALSE,FALSE,FALSE,0.32615860791596935,FALSE,FALSE,0.08739051496516961
Rnf39,-0.5437099354238378,0.2163957271968903,-0.35771012908921107,0.41847236756080014,0.07688633993376626,0.9091821783793774,Rnf39,FALSE,FALSE,FALSE,FALSE,0.32610213481560507,FALSE,FALSE,0.08737524534483945
Ergic2,0.5201660985510062,0.026428813291045263,0.3081008103451932,0.16968813537426067,0.14993431197542506,0.6104686544306196,Ergic2,FALSE,FALSE,FALSE,FALSE,0.3260670736238748,FALSE,FALSE,0.08736576523691922
Iglon5,-0.4518113291378305,0.09663577873088855,-0.41158825061284254,0.1520578330457242,0.1147710960709114,0.7504677895464228,Iglon5,FALSE,FALSE,FALSE,FALSE,0.32605689194052817,FALSE,FALSE,0.08736301223703039
Slc22a17,-0.511525575899495,0.05550740713080407,-0.30778200455480054,0.2557856333799155,-0.1587925402436241,0.6677356565884597,Slc22a17,FALSE,FALSE,FALSE,FALSE,0.32603337356597323,FALSE,FALSE,0.0873566531625698
Hnmt,0.43887283412723166,0.02993462107179225,0.2792671957958093,0.15770178933733603,0.2599248098668885,0.28315990045604944,Hnmt,FALSE,FALSE,FALSE,FALSE,0.3260216132633098,FALSE,FALSE,0.0873534733237531
Gm4247,-0.6940324670792558,0.2133052439623154,0.08823718693145198,0.8815522004446139,-0.19566115023630298,0.8071531985447219,Gm4247,FALSE,FALSE,FALSE,FALSE,0.3259769347490036,FALSE,FALSE,0.08734139281204095
Dact3,-0.05079529356710655,0.933088150187557,-0.7823025512513198,0.19673928510121272,0.14474878033104677,0.8568420482154497,Dact3,FALSE,FALSE,FALSE,FALSE,0.32594887504982434,FALSE,FALSE,0.08733380582017612
Zfp449,0.49918531019151224,0.05947258509512984,0.32450189046191014,0.2321626374560444,0.15415659437393625,0.6818115202915482,Zfp449,FALSE,FALSE,FALSE,FALSE,0.32594793167578623,FALSE,FALSE,0.08733355074362997
Cbr1,-0.3404169153801533,0.03963153330317198,-0.33035790679740007,0.08521930057579834,-0.3069367313854956,0.13813008404078156,Cbr1,FALSE,FALSE,FALSE,FALSE,0.325903851187683,FALSE,FALSE,0.0873216319307268
Usp28,0.253760054915559,0.1229929656058024,0.4168699143295598,0.0704576830990092,0.3069472673903886,0.1621464839574011,Usp28,FALSE,FALSE,FALSE,FALSE,0.32585907887850246,FALSE,FALSE,0.08730952605805323
Irf8,-0.48202739605005407,0.09584054237171401,-0.4203594284175878,0.163682471217063,-0.07505768310068195,0.8613064216025911,Irf8,FALSE,FALSE,FALSE,FALSE,0.32581483585610793,FALSE,FALSE,0.08729756329790964
Tmem35b,-0.4875648365843688,0.13346033667075255,-0.28750566383831977,0.3729180454661237,-0.20230774684180952,0.6432195949364319,Tmem35b,FALSE,FALSE,FALSE,FALSE,0.325792749088166,FALSE,FALSE,0.08729159131197974
Arl4a,0.4129710510917608,0.06416887339932756,0.3648571957647402,0.1361723802795055,0.19952479859752792,0.508965033564087,Arl4a,FALSE,FALSE,FALSE,FALSE,0.3257843484846763,FALSE,FALSE,0.08728931989381773
4930550C14Rik,0.5427456197112603,0.08824527816884245,0.42909351922103167,0.1998017032809088,-0.00548011539988269,0.9919267225243149,4930550C14Rik,FALSE,FALSE,FALSE,FALSE,0.3257730847773916,FALSE,FALSE,0.08728627432818314
Gm11611,0.3704920169918745,0.4935489554702369,0.3685568116494998,0.5097180556217675,0.23801541384420263,0.7681228036900202,Gm11611,FALSE,FALSE,FALSE,FALSE,0.32568808082852563,FALSE,FALSE,0.08726329032310154
Map3k2,0.38791145597928534,0.051188058943134156,0.37339452089970226,0.1006225792865134,0.21559062079369085,0.40712384659711043,Map3k2,FALSE,FALSE,FALSE,FALSE,0.32563219922422615,FALSE,FALSE,0.08724818063591261
C1d,0.49063258049155056,0.08662210331807084,0.32863225656162776,0.272120583713831,0.15759843597450818,0.7079935197228722,C1d,FALSE,FALSE,FALSE,FALSE,0.3256210910092288,FALSE,FALSE,0.08724517711344862
Rpl19-ps11,-0.36759787627661256,0.1685647534163031,-0.23536466340979456,0.38199299413996557,-0.37380150166757176,0.289054293552995,Rpl19-ps11,FALSE,FALSE,FALSE,FALSE,0.3255880137846596,FALSE,FALSE,0.08723623344544583
Dusp15,0.13908745776047107,0.8096796429298456,-0.11374642645317026,0.8560840101572115,-0.7237318241190319,0.3588235537097898,Dusp15,FALSE,FALSE,FALSE,FALSE,0.32552190277755777,FALSE,FALSE,0.0872183578556238
1700001L19Rik,0.5381549069503031,0.19662636783724557,-0.12070418347371492,0.8219258048129209,0.31725651585268094,0.6001673948468551,1700001L19Rik,FALSE,FALSE,FALSE,FALSE,0.3253718687588997,FALSE,FALSE,0.08717779053265519
Agmo,0.36962633626367225,0.5200432340623994,0.32280605585595556,0.5975235283814393,0.2835259826106151,0.7345236267077065,Agmo,FALSE,FALSE,FALSE,FALSE,0.3253194582434143,FALSE,FALSE,0.08716361938448716
Sema3e,-0.662842285602129,0.043716579416909096,-0.17266584058951207,0.5898251138003908,-0.14036816425579257,0.7504694413323157,Sema3e,FALSE,FALSE,FALSE,FALSE,0.3252920968158112,FALSE,FALSE,0.08715622119652697
Hist1h3i,-0.43873232313939425,0.2741987495648397,-0.534743713420502,0.21267009318399457,0.0022271799362330036,0.9965517213952446,Hist1h3i,FALSE,FALSE,FALSE,FALSE,0.32523440549870974,FALSE,FALSE,0.08714062218562083
Cemip,0.31603233284131127,0.30184409103071336,-0.30181473050123575,0.3809614447562318,0.35777677190364754,0.3947918499857234,Cemip,FALSE,FALSE,FALSE,FALSE,0.32520794508206485,FALSE,FALSE,0.08713346761975957
Hist1h1b,-0.2855675447996573,0.5023971864005596,-0.5167569011703529,0.2498995153172256,0.1732711515052816,0.7645198466863341,Hist1h1b,FALSE,FALSE,FALSE,FALSE,0.32519853249176395,FALSE,FALSE,0.08713092257301536
Pgbd1,0.43658228277558564,0.05787463296902891,0.36252597786483376,0.13848905133909886,0.17629486857661103,0.5753048836359105,Pgbd1,FALSE,FALSE,FALSE,FALSE,0.32513437640567683,FALSE,FALSE,0.08711357556939593
Senp7,0.4933453732819544,0.021473886887012395,0.21547156784179133,0.24712783338123562,0.26643578372045074,0.25997990847586583,Senp7,FALSE,FALSE,FALSE,FALSE,0.32508424161473215,FALSE,FALSE,0.08710001974869336
Apba2,-0.5078880761553661,0.27684135324964665,-0.4085027209981371,0.3954892631840488,0.058552618661247724,0.938562079385877,Apba2,FALSE,FALSE,FALSE,FALSE,0.324981138604917,FALSE,FALSE,0.08707214198379966
Tbx20,-0.09927173122350925,0.8789265168506243,-0.7404042898631048,0.2576996153791396,0.1352577035759147,0.8823830433067267,Tbx20,FALSE,FALSE,FALSE,FALSE,0.32497790822084294,FALSE,FALSE,0.08707126852833123
Nxph1,-0.6846026351233319,0.2740816682497817,-0.26648445073697047,0.6817866857861835,-0.023837263240621742,0.9812328423861192,Nxph1,FALSE,FALSE,FALSE,FALSE,0.32497478303364136,FALSE,FALSE,0.087070423516782
Emsy,0.2971155463347426,0.0611025727756371,0.34501428537982815,0.08327563612248727,0.33277841429861343,0.12049300589085365,Emsy,FALSE,FALSE,FALSE,FALSE,0.32496941533772805,FALSE,FALSE,0.08706897215891224
Tceal6,-0.44390904168260326,0.09497733541715993,-0.3247557038112414,0.223947717436717,-0.20623959558469096,0.5528493575251785,Tceal6,FALSE,FALSE,FALSE,FALSE,0.32496811369284523,FALSE,FALSE,0.08706862021040866
Gng7,-0.5832304313643188,0.13587599748770576,-0.37289299649005603,0.3355337154844925,0.018588844943816518,0.9767925257879803,Gng7,FALSE,FALSE,FALSE,FALSE,0.3249040909327305,FALSE,FALSE,0.08705130925646537
Sqstm1,-0.4116018677535589,0.06023112229315726,-0.33062036320122523,0.15818787315777064,-0.23243062817732962,0.4275419410061626,Sqstm1,FALSE,FALSE,FALSE,FALSE,0.32488428637737127,FALSE,FALSE,0.08704595435228635
Plbd1,-0.49399810216770634,0.16046588725983216,-0.39661763836372455,0.2678227029584661,-0.0836897119449076,0.8761546103293756,Plbd1,FALSE,FALSE,FALSE,FALSE,0.3247684841587795,FALSE,FALSE,0.08701464288010084
Mettl4,0.5221016049916125,0.02238658138102193,0.30830720814130075,0.1446130572952673,0.14357107336677188,0.5962790906154769,Mettl4,FALSE,FALSE,FALSE,FALSE,0.32465996216656173,FALSE,FALSE,0.08698529989011182
Nexmif,0.4192697822280893,0.27315175277607473,0.41324356490728587,0.31901723668752946,0.14143509223958706,0.8198018737302082,Nexmif,FALSE,FALSE,FALSE,FALSE,0.3246494797916541,FALSE,FALSE,0.08698246558698404
Fam84b,0.44598766983547034,0.025153054687407857,0.3341542722558808,0.10211259847939146,0.1938041632192551,0.4124058764772356,Fam84b,FALSE,FALSE,FALSE,FALSE,0.32464870177020205,FALSE,FALSE,0.08698225521970998
Pkd1l3,0.5110920617230795,0.3573465983342387,0.35735340478548033,0.5577036965967371,0.10523313836501741,0.9178856859800993,Pkd1l3,FALSE,FALSE,FALSE,FALSE,0.3245595349578591,FALSE,FALSE,0.08695814562838695
Atp7b,-0.41942944383576464,0.2913603300530787,-0.30125548783988854,0.4611555726101895,-0.2528711746144845,0.6442905195745641,Atp7b,FALSE,FALSE,FALSE,FALSE,0.3245187020967126,FALSE,FALSE,0.08694710493321209
Gm43254,0.3650749483007387,0.21864932117356495,0.37905921561688904,0.22886671199389508,0.22926097701458614,0.5905854956963476,Gm43254,FALSE,FALSE,FALSE,FALSE,0.32446504697740464,FALSE,FALSE,0.086932597259730085
Gm32284,-0.5724940593887191,0.5239445423794058,-0.07996732814440244,0.9349370391237514,-0.320853020861373,0.8046623902982157,Gm32284,FALSE,FALSE,FALSE,FALSE,0.3244381361314982,FALSE,FALSE,0.08692532090342762
Gm42595,0.4444021866168594,0.16046588725983216,0.32960345620053577,0.3259296206221766,0.19928523379296925,0.6692229348201579,Gm42595,FALSE,FALSE,FALSE,FALSE,0.3244302922034548,FALSE,FALSE,0.08692320000334694
Fam196a,0.4650357821585842,0.1257084099455372,0.32371345006191343,0.31175969145327015,0.18444600975883518,0.6818589317860393,Fam196a,FALSE,FALSE,FALSE,FALSE,0.3243984139931109,FALSE,FALSE,0.08691458053380097
Six3,0.3174715810078954,0.06617720257417423,0.2625379236236274,0.1541848750853232,0.3931344017519036,0.10022784058966161,Six3,FALSE,FALSE,FALSE,FALSE,0.3243813021278088,FALSE,FALSE,0.08690995369935026
Sec11c,-0.19761157806360785,0.3471295099541979,-0.4164499133561952,0.10394173157614646,-0.35904637488726276,0.21666895771141415,Sec11c,FALSE,FALSE,FALSE,FALSE,0.32436928876902194,FALSE,FALSE,0.08690670543732139
Comt,-0.39671919766567676,0.11393795995486249,-0.3255876126435666,0.22238736465439132,-0.25078081844720046,0.4666448581849822,Comt,FALSE,FALSE,FALSE,FALSE,0.3243625429188146,FALSE,FALSE,0.08690488144375975
Pomp,-0.2502028396745777,0.08577165674603626,-0.2906307265119361,0.09547027221721828,-0.4318786450738443,0.058047400370533166,Pomp,FALSE,FALSE,FALSE,FALSE,0.3242374037534527,FALSE,FALSE,0.08687104537789507
Snora21,0.014325732206808883,0.9834917455015093,0.20812394039475052,0.7544806270347066,-0.7502503907795699,0.4142543315995353,Snora21,FALSE,FALSE,FALSE,FALSE,0.32423335446037643,FALSE,FALSE,0.0868699504996702
Zfp869,0.3943758405186282,0.07391413984556996,0.4065995025378193,0.11046218497743455,0.17171349584917106,0.5778141190300434,Zfp869,FALSE,FALSE,FALSE,FALSE,0.3242296129685395,FALSE,FALSE,0.08686893884705241
Crhr1,-0.5083919531422012,0.08898316530939879,-0.34947972355380763,0.2397064691583677,-0.11480456958727991,0.7839033333427435,Crhr1,FALSE,FALSE,FALSE,FALSE,0.3242254154277629,FALSE,FALSE,0.0868678038845027
Lgr4,0.35639619072988893,0.0544366164167499,0.36235817637780254,0.09388400621872277,0.25372002586134546,0.2916039292166117,Lgr4,FALSE,FALSE,FALSE,FALSE,0.324158130989679,FALSE,FALSE,0.08684961101361298
Zfp788,0.4386720443084764,0.04529800063681137,0.3746855969921965,0.11648197128551506,0.15909402336134715,0.5869831066754727,Zfp788,FALSE,FALSE,FALSE,FALSE,0.32415055488734,FALSE,FALSE,0.0868475625302545
Pabpc1l,-0.29019042230494607,0.5924772964154744,-0.37200904985637484,0.4981487779001926,-0.310168796641316,0.6765392028715754,Pabpc1l,FALSE,FALSE,FALSE,FALSE,0.32412275626754566,FALSE,FALSE,0.0868400461309914
Gm26890,0.3981483911390026,0.5606754216078622,0.13572569999292217,0.8657283681631889,0.4384329947832374,0.640250482980962,Gm26890,FALSE,FALSE,FALSE,FALSE,0.3241023619717207,FALSE,FALSE,0.0868345317683632
5830408C22Rik,-0.07019270814707718,0.942455569745003,-0.8304760995894016,0.373121097723003,-0.07150471995406238,0.9630623165232519,5830408C22Rik,FALSE,FALSE,FALSE,FALSE,0.3240578425635137,FALSE,FALSE,0.0868224942769512
2500002B13Rik,-0.1925189660108244,0.6937822128351924,0.24569754796960103,0.5961253569872115,-0.5338354682790778,0.40907075139548416,2500002B13Rik,FALSE,FALSE,FALSE,FALSE,0.3240173274198344,FALSE,FALSE,0.08681153948860747
Pola2,-0.33707701389547395,0.23032196285758985,-0.3836903435029515,0.2011709830200725,-0.25125924950554124,0.5095809025106622,Pola2,FALSE,FALSE,FALSE,FALSE,0.3240088689679889,FALSE,FALSE,0.08680925242897326
Zfp266,0.5068430840430462,0.031116557088811402,0.36363981197775885,0.13078105459057643,0.1010645168995552,0.7503192744090388,Zfp266,FALSE,FALSE,FALSE,FALSE,0.3238491376401201,FALSE,FALSE,0.08676606307482666
Ldb1,-0.4108731050853436,0.0652058504143575,-0.36291189366548515,0.1357546036361949,-0.19771969915376175,0.5074717917790663,Ldb1,FALSE,FALSE,FALSE,FALSE,0.32383489930153014,FALSE,FALSE,0.08676221320607504
1700048O20Rik,-0.026770027362319704,0.9608908006792275,0.26285890318086014,0.5784448382882817,-0.6817575771233053,0.31828442732920825,1700048O20Rik,FALSE,FALSE,FALSE,FALSE,0.32379550255549505,FALSE,FALSE,0.08675156081847246
Ttc9,-0.28782237585227977,0.1967993582978564,-0.20286004936797175,0.37708436455554445,-0.4805764100359027,0.1271905710602574,Ttc9,FALSE,FALSE,FALSE,FALSE,0.3237529450853847,FALSE,FALSE,0.08674005381059428
Klf6,0.37601925546804704,0.0491949323243061,0.44306781264162254,0.07346255419668397,0.15216326011029047,0.5528493575251785,Klf6,FALSE,FALSE,FALSE,FALSE,0.32375010940665333,FALSE,FALSE,0.08673928707851605
Bnip3l,0.482495976675974,0.04529800063681137,0.33924889053634644,0.17094139962751986,0.14936090324397533,0.6475588759678969,Bnip3l,FALSE,FALSE,FALSE,FALSE,0.3237019234854319,FALSE,FALSE,0.0867262582078225
Caprin2,0.2758702760669145,0.25758050186745496,0.3042276129549082,0.23686773843319203,0.3909856804575398,0.22759860510210728,Caprin2,FALSE,FALSE,FALSE,FALSE,0.3236945231597875,FALSE,FALSE,0.0867242572522847
Gm11767,-0.5197045194336654,0.3842458011856701,-0.15154096401246275,0.8190937235509336,-0.2996849804211841,0.7244553840900645,Gm11767,FALSE,FALSE,FALSE,FALSE,0.32364348795577075,FALSE,FALSE,0.08671045797114411
4933431C10Rik,0.04442861673353504,0.9464984512843121,0.33900402820215225,0.5501827305736446,0.5872797889452365,0.39825548550079243,4933431C10Rik,FALSE,FALSE,FALSE,FALSE,0.32357081129364124,FALSE,FALSE,0.0866908071102843
Prr7,-0.32495615515539056,0.34164019300448434,-0.6232197483989861,0.12552548316231654,0.022518280570985816,0.9693175565461654,Prr7,FALSE,FALSE,FALSE,FALSE,0.3235647280417875,FALSE,FALSE,0.08668916227503388
Parvg,0.4943326229447446,0.4709270603503372,0.37127339516617813,0.6177360005963392,0.10505928457885261,0.9333761742486896,Parvg,FALSE,FALSE,FALSE,FALSE,0.3235551008965918,FALSE,FALSE,0.0866865592153284
Rnf2,0.4263715573807634,0.09857289085956088,0.3920546780129648,0.16579757742966875,0.15211484165502132,0.6867045081950023,Rnf2,FALSE,FALSE,FALSE,FALSE,0.32351369234958316,FALSE,FALSE,0.08667536286189348
Ppp2r5d,-0.3348645402977093,0.11963764787100273,-0.4997594731920243,0.07978550165448961,-0.1358603858591776,0.6559364401879924,Ppp2r5d,FALSE,FALSE,FALSE,FALSE,0.3234947997829704,FALSE,FALSE,0.08667025454807012
Nipal3,-0.41928001157691686,0.12226225564278945,-0.38881900978199546,0.18783989589220543,-0.1622083039461648,0.6831724968112778,Nipal3,FALSE,FALSE,FALSE,FALSE,0.32343577510169236,FALSE,FALSE,0.0866542950121599
Rab8a,-0.3333778524660138,0.05555543220267723,-0.3656036482141385,0.08521930057579834,-0.2713127552187222,0.22713352939888906,Rab8a,FALSE,FALSE,FALSE,FALSE,0.32343141863295816,FALSE,FALSE,0.08665311707747733
Rdh14,0.5488115026029918,0.05004367791759385,0.33428887523330886,0.23694148442561905,0.08706161850498795,0.8416216884610147,Rdh14,FALSE,FALSE,FALSE,FALSE,0.32338733211376286,FALSE,FALSE,0.08664119663384226
H2-M3,-0.380086670142481,0.05653573737483817,-0.4044735460646658,0.08552652808667177,-0.18552956325854453,0.45520489533214187,H2-M3,FALSE,FALSE,FALSE,FALSE,0.3233632598218971,FALSE,FALSE,0.08663468778706573
Rtl4,0.41738001012086334,0.20453282894607147,0.36607904425355686,0.29180194629167827,0.18652154906485707,0.7051409073930409,Rtl4,FALSE,FALSE,FALSE,FALSE,0.32332686781309244,FALSE,FALSE,0.086624847842846
Pwwp2a,0.25501241705012756,0.19297419149493383,0.3896742908159494,0.09749789641905506,0.32521069288267057,0.21853789315329375,Pwwp2a,FALSE,FALSE,FALSE,FALSE,0.32329913358291584,FALSE,FALSE,0.0866173488537306
A930002H24Rik,-0.26545064078627345,0.6585852167737012,-0.5601927107640868,0.36028169857970405,-0.14372472224988653,0.8755321893415421,A930002H24Rik,FALSE,FALSE,FALSE,FALSE,0.3231226912667489,FALSE,FALSE,0.08656964105726354
Tnfaip3,-0.43413815355413243,0.2053251331266015,-0.4392818158678482,0.2243774747428097,-0.09560632166697758,0.8563132512776508,Tnfaip3,FALSE,FALSE,FALSE,FALSE,0.3230087636963194,FALSE,FALSE,0.08653883646650486
Per3,-0.014884654544109921,0.9690626529452263,0.3069387143185809,0.3570237923620079,0.6470462427738068,0.13788509850760652,Per3,FALSE,FALSE,FALSE,FALSE,0.3229565372121659,FALSE,FALSE,0.08652471507810827
1110019D14Rik,0.4641248667857556,0.09292827590777145,0.31070646466297047,0.27986782268072213,0.19383875331812117,0.6251741968610248,1110019D14Rik,FALSE,FALSE,FALSE,FALSE,0.32289002825561575,FALSE,FALSE,0.08650673188773046
Ptprr,-0.49129704659371054,0.11799523068644262,-0.4295484986045368,0.19025808232305622,-0.047794405594171696,0.9260668732862938,Ptprr,FALSE,FALSE,FALSE,FALSE,0.322879983597473,FALSE,FALSE,0.08650401593774372
Dcaf6,0.47809363172293207,0.014455723425594891,0.3005652585797094,0.08453473759992562,0.18989304512637606,0.29967468005522857,Dcaf6,FALSE,FALSE,FALSE,FALSE,0.3228506451430058,FALSE,FALSE,0.08649608318643562
Zfp366,0.3682203566976856,0.3016890550363891,0.23506106486352607,0.5496270288782675,0.3651882309288015,0.45580933335024437,Zfp366,FALSE,FALSE,FALSE,FALSE,0.32282321749667103,FALSE,FALSE,0.08648866709375821
Gm20208,-0.16271559585955142,0.6278223838307129,-0.30630587655366215,0.3656957365212001,-0.49918740665663863,0.2649621374136752,Gm20208,FALSE,FALSE,FALSE,FALSE,0.32273629302328405,FALSE,FALSE,0.08646516380285588
Plcb2,0.20017802493342163,0.7586499982032202,0.3485194250258308,0.5785340575463717,0.41950836387163193,0.6058900302146935,Plcb2,FALSE,FALSE,FALSE,FALSE,0.32273527127696144,FALSE,FALSE,0.08646488753542379
Nt5c,-0.3906137612291807,0.05686890690087941,-0.3405300853300752,0.1211090393816723,-0.23704357417722166,0.3518759267843116,Nt5c,FALSE,FALSE,FALSE,FALSE,0.32272914024549254,FALSE,FALSE,0.08646322978116276
Rchy1,0.4224487021045942,0.07131046109334778,0.37446197773655765,0.14337252454995544,0.17111851283827395,0.6015576764279847,Rchy1,FALSE,FALSE,FALSE,FALSE,0.3226763975598086,FALSE,FALSE,0.08644896881832573
Fbxl5,0.3921782193814245,0.1497425530440712,0.4029965327952416,0.18240679175426122,0.17270643598222524,0.6677356565884597,Fbxl5,FALSE,FALSE,FALSE,FALSE,0.32262706271963043,FALSE,FALSE,0.08643562929430969
Spry2,-0.49298368632958933,0.01661440266828112,-0.2906816651636346,0.09993305936367947,-0.18404660833672004,0.3507246761524638,Spry2,FALSE,FALSE,FALSE,FALSE,0.32257065327664797,FALSE,FALSE,0.08642037688613975
Cnn3,-0.4322194829610728,0.05634855248543648,-0.20661643515069716,0.3651755561451283,-0.3287405509109531,0.26316911693416595,Cnn3,FALSE,FALSE,FALSE,FALSE,0.32252548967424105,FALSE,FALSE,0.0864081652126696
Siah2,-0.31057227840636736,0.08280852293763669,-0.2604430137596019,0.16496195946766667,-0.3964007730804844,0.10540374727501567,Siah2,FALSE,FALSE,FALSE,FALSE,0.3224720217488179,FALSE,FALSE,0.08639370815407381
Crym,0.19177538781481152,0.6625073752898618,-0.6354613676326277,0.20196449138564118,-0.13998672460460437,0.8393204122456593,Crym,FALSE,FALSE,FALSE,FALSE,0.3224078266840145,FALSE,FALSE,0.0863763506110968
Pak6,-0.6617691159735415,0.0934625796866441,-0.24871647995387347,0.5225663767597744,-0.05667724062289192,0.9287476641906607,Pak6,FALSE,FALSE,FALSE,FALSE,0.32238761218343565,FALSE,FALSE,0.0863708848628554
Gprc5a,-0.5009290037493332,0.495185075853303,0.18426525641352254,0.8050047561187881,-0.2819128349209369,0.787969696283249,Gprc5a,FALSE,FALSE,FALSE,FALSE,0.3223690316945976,FALSE,FALSE,0.08636586093096081
Polg2,0.29469310778640434,0.32436761633866973,0.18214199638312834,0.5780267014838187,0.4902228208299053,0.2109313330574632,Polg2,FALSE,FALSE,FALSE,FALSE,0.3223526416664793,FALSE,FALSE,0.08636142927226044
Elof1,-0.3302956897949967,0.044767369355548835,-0.32413727787837754,0.08967000640739733,-0.31259998457506466,0.1382447252913647,Elof1,FALSE,FALSE,FALSE,FALSE,0.3223443174161463,FALSE,FALSE,0.08635917849903746
Rtn4rl1,-0.6020845550114369,0.11424188554696285,-0.35146903142032393,0.34970110131577925,0.013205382996093196,0.982372458535442,Rtn4rl1,FALSE,FALSE,FALSE,FALSE,0.3222529898092847,FALSE,FALSE,0.08633448465589014
Gm14685,-0.6030839192832765,0.46459879233188117,0.09145928301345174,0.9175796096391189,-0.2721937661082021,0.8212216742936621,Gm14685,FALSE,FALSE,FALSE,FALSE,0.3222456561349768,FALSE,FALSE,0.08633250172204049
Tex10,0.3460640447498662,0.08110136452577156,0.366189165545733,0.10881888673248968,0.25446934208987226,0.3332157601112203,Tex10,FALSE,FALSE,FALSE,FALSE,0.32224085079515713,FALSE,FALSE,0.08633120241822806
1700013F07Rik,-0.26191794962517084,0.6875090959902354,-0.4195076873220491,0.5258420446042926,0.2849196989906683,0.7344428480171139,1700013F07Rik,FALSE,FALSE,FALSE,FALSE,0.3221151119792961,FALSE,FALSE,0.08629720421436504
Trip10,-0.420399580566551,0.08573952576223419,-0.2847056191807007,0.24185946255488433,-0.2611504594796026,0.4041419092061173,Trip10,FALSE,FALSE,FALSE,FALSE,0.32208521974228477,FALSE,FALSE,0.0862891217271802
Tmem163,-0.513123326093003,0.2994042920797169,-0.2436166835674718,0.635761398228668,-0.20945106815328707,0.7681228036900202,Tmem163,FALSE,FALSE,FALSE,FALSE,0.3220636926045873,FALSE,FALSE,0.08628330105827207
4933407L21Rik,0.1840748614285901,0.6602648849467625,-0.47473516653144787,0.29913348655956795,-0.30735333718391744,0.6082944726950605,4933407L21Rik,FALSE,FALSE,FALSE,FALSE,0.32205445504798513,FALSE,FALSE,0.08628080333845178
B230219D22Rik,0.4771187998256945,0.061310859174074465,0.33904486472047335,0.20174334097102042,0.1497034521759799,0.677823832582134,B230219D22Rik,FALSE,FALSE,FALSE,FALSE,0.32195570557404923,FALSE,FALSE,0.08625410271523334
Dopey1,0.34868428145463604,0.051959226913709,0.3291136625017481,0.10524654679254204,0.2877404134774961,0.2157661235667044,Dopey1,FALSE,FALSE,FALSE,FALSE,0.32184611914462674,FALSE,FALSE,0.08622447191473143
Bcs1l,-0.33470077831094036,0.16754846641184357,-0.4730885100734241,0.10381114606151486,-0.15773256418821635,0.6369248322801008,Bcs1l,FALSE,FALSE,FALSE,FALSE,0.32184061752419363,FALSE,FALSE,0.08622298434534578
Postn,0.6393860933762785,0.2649383576481941,0.16782940709733718,0.8159164896321595,0.15798461760125249,0.8766490443993098,Postn,FALSE,FALSE,FALSE,FALSE,0.3217333726916227,FALSE,FALSE,0.08619398668335865
Gm43172,-0.11659858300572368,0.7541824154686082,-0.042190039469604645,0.9158821494394758,-0.8063942938254547,0.12265175799014481,Gm43172,FALSE,FALSE,FALSE,FALSE,0.32172763876692767,FALSE,FALSE,0.08619243630180477
Tatdn2,-0.40325870373887085,0.03840555690550564,-0.3179538611877408,0.11648197128551506,-0.24394289904519706,0.29707755412989917,Tatdn2,FALSE,FALSE,FALSE,FALSE,0.32171848799060293,FALSE,FALSE,0.0861899620462866
Bbc3,0.36364323474798876,0.6087379233918041,0.1487573269418132,0.8538550504410823,0.4526942661815143,0.6367574325962324,Bbc3,FALSE,FALSE,FALSE,FALSE,0.32169827595710543,FALSE,FALSE,0.08618449696511314
Sema6c,-0.40035311290867304,0.3713484196031849,-0.4852268026367952,0.3004723393648204,-0.07940952847611671,0.9128217139126331,Sema6c,FALSE,FALSE,FALSE,FALSE,0.321663148007195,FALSE,FALSE,0.08617499880661555
Myh14,-0.43810351050563234,0.13428174337993865,-0.332061118269281,0.27663937689617657,-0.1947638834561678,0.6372343955628968,Myh14,FALSE,FALSE,FALSE,FALSE,0.32164283741036037,FALSE,FALSE,0.08616950707514796
Cotl1,-0.38367884340580805,0.1610835134014809,-0.3876782002615915,0.1887247555678563,-0.19355333934922392,0.613576434981426,Cotl1,FALSE,FALSE,FALSE,FALSE,0.3216367943388745,FALSE,FALSE,0.0861678731041667
1810064F22Rik,-0.05766514463735106,0.9590482871509404,0.5440733727954328,0.5655852989377683,0.36268948733525375,0.7927797519038418,1810064F22Rik,FALSE,FALSE,FALSE,FALSE,0.32147600158934586,FALSE,FALSE,0.08612439675487285
Cdk4,-0.3058015186111458,0.07536040132121372,-0.37768256286514656,0.08451455445915308,-0.2807606885311005,0.22077398546550772,Cdk4,FALSE,FALSE,FALSE,FALSE,0.32141492333579763,FALSE,FALSE,0.08610788195869387
Ccs,-0.28948489099602615,0.19795390199895813,-0.36373246560160677,0.14909274234166467,-0.31061082580463895,0.3063636413538097,Ccs,FALSE,FALSE,FALSE,FALSE,0.32127606080075727,FALSE,FALSE,0.08607033526523324
Tmem28,-0.21667543988328752,0.2710013347842036,-0.44321726868466715,0.08521930057579834,-0.3037748687102986,0.2559256479015123,Tmem28,FALSE,FALSE,FALSE,FALSE,0.32122252575941773,FALSE,FALSE,0.08605586005933272
Fam135b,-0.3605136444335688,0.26855528868289563,-0.5558172154678487,0.13820967438382178,-0.047243421953039544,0.9314174367946311,Fam135b,FALSE,FALSE,FALSE,FALSE,0.32119142728481903,FALSE,FALSE,0.086047451420584245
Pcsk4,-0.3717578145233055,0.545132269696446,-0.33782737228232756,0.5978439661085683,-0.2539753040792307,0.7749891809461196,Pcsk4,FALSE,FALSE,FALSE,FALSE,0.3211868302949546,FALSE,FALSE,0.08604620845199497
Asphd1,-0.3581892243949474,0.13374185379620454,-0.40963590682302486,0.1288049914175184,-0.19567438105078994,0.5412508422525819,Asphd1,FALSE,FALSE,FALSE,FALSE,0.3211665040895874,FALSE,FALSE,0.0860407125001753
Gpcpd1,0.36318577936144525,0.19151741645568937,0.3767090587115156,0.2153682252700693,0.22355874819919208,0.5816040457170253,Gpcpd1,FALSE,FALSE,FALSE,FALSE,0.32115119542405096,FALSE,FALSE,0.08603657322839821
Kif20a,0.33832511133633836,0.405113162219308,0.15438080335313686,0.739101486813277,0.47037737503664245,0.3784396276043878,Kif20a,FALSE,FALSE,FALSE,FALSE,0.32102776324203924,FALSE,FALSE,0.08600319870949126
Ubxn8,0.4222825160533574,0.09956463029686724,0.29718540005782934,0.27019320325592727,0.24357887868721306,0.4918152224753389,Ubxn8,FALSE,FALSE,FALSE,FALSE,0.3210155982661333,FALSE,FALSE,0.08599990945208887
Actb,-0.3830165643773302,0.029423192277617305,-0.2626419831720028,0.13719591813254925,-0.31712613150384605,0.1396697986803263,Actb,FALSE,FALSE,FALSE,FALSE,0.3209282263510597,FALSE,FALSE,0.08597628517854825
Jak3,-0.4464460778706849,0.3178749792710864,-0.18973016881208915,0.6891019203831725,0.3265885503261605,0.5528493575251785,Jak3,FALSE,FALSE,FALSE,FALSE,0.3209215990029782,FALSE,FALSE,0.08597449322647994
Gm45137,0.46853164549297,0.3280211983249626,0.39427464128893797,0.4393282392027686,0.09963794393640624,0.9068543727518614,Gm45137,FALSE,FALSE,FALSE,FALSE,0.3208147435727714,FALSE,FALSE,0.08594560085402389
Polr2i,-0.27707870743581875,0.1955492077558948,-0.3958675274106973,0.115927933735433,-0.2894294187938442,0.3152345322285272,Polr2i,FALSE,FALSE,FALSE,FALSE,0.32079188454678675,FALSE,FALSE,0.08593942005917375
Dnase1l1,0.48825476668131385,0.15101465370733244,0.19531157684357636,0.6115704437426042,0.278595117677766,0.5671797586813652,Dnase1l1,FALSE,FALSE,FALSE,FALSE,0.3207204870675521,FALSE,FALSE,0.08592011507337678
Ikzf1,0.1790410770995179,0.6959603792131347,0.37030693347822474,0.3961106997194968,0.412805921276747,0.4642198353352169,Ikzf1,FALSE,FALSE,FALSE,FALSE,0.32071797728482987,FALSE,FALSE,0.08591943645950519
U2af1,-0.47377251603591564,0.02672464206529116,-0.19595607719144859,0.2954783693021104,-0.2923779163125335,0.22904472089267144,U2af1,FALSE,FALSE,FALSE,FALSE,0.3207021698466326,FALSE,FALSE,0.08591516232583608
Gxylt2,0.18933490987735846,0.5480043995361176,0.4783914411883363,0.14217675146862493,0.2938338265426159,0.473163377575771,Gxylt2,FALSE,FALSE,FALSE,FALSE,0.3205200592027702,FALSE,FALSE,0.08586592188442378
Kars,-0.34674645655657343,0.08917104976056213,-0.35161902258712896,0.1286611338631953,-0.26305762523368337,0.3356363749792366,Kars,FALSE,FALSE,FALSE,FALSE,0.3204743681257953,FALSE,FALSE,0.08585356758842475
Pold2,-0.23668262671732077,0.3085893846409121,-0.4364261383912762,0.11601268445501388,-0.2882354226289854,0.36698460031113583,Pold2,FALSE,FALSE,FALSE,FALSE,0.3204480625791941,FALSE,FALSE,0.08584645489748718
Txnip,-0.39368541621554876,0.18557366008210385,-0.24710598160234998,0.44412079536502663,-0.3201536936674243,0.44653217569857523,Txnip,FALSE,FALSE,FALSE,FALSE,0.3203150304951077,FALSE,FALSE,0.08581048468507409
Lsp1,-0.4769671742801911,0.10705199622741393,-0.19609597859207373,0.5025162065933422,-0.2878722429416716,0.4506333374984107,Lsp1,FALSE,FALSE,FALSE,FALSE,0.3203117986046455,FALSE,FALSE,0.08580961082229716
Ccp110,0.32307971218368436,0.10031343436224324,0.31262326087827574,0.1488453954620767,0.32496948539140913,0.21615380298575965,Ccp110,FALSE,FALSE,FALSE,FALSE,0.32022415281778976,FALSE,FALSE,0.08578591249725051
Sgpp1,0.45993200227445374,0.05947258509512984,0.32364961257309055,0.20127782561883614,0.17707892795743696,0.5994797980557469,Sgpp1,FALSE,FALSE,FALSE,FALSE,0.32022018093499377,FALSE,FALSE,0.08578483854979765
Smndc1,0.4147553290033468,0.09747175539783108,0.3500939223911175,0.19025808232305622,0.1955465501505982,0.5814768853913868,Smndc1,FALSE,FALSE,FALSE,FALSE,0.32013193384835414,FALSE,FALSE,0.0857609776408067
Gm43817,0.608017414933204,0.2681381681305782,0.05554944593315825,0.939033064613968,0.29673787120699763,0.7273086735987276,Gm43817,FALSE,FALSE,FALSE,FALSE,0.32010157735778666,FALSE,FALSE,0.08575276962526422
Lrrc23,-0.312563523867857,0.4327190422793569,-0.38960533318533264,0.343414630465812,-0.2579405887293764,0.6388746135393064,Lrrc23,FALSE,FALSE,FALSE,FALSE,0.32003648192752204,FALSE,FALSE,0.08573516863472258
Taok1,0.4101951193731921,0.022196427619339296,0.3200028789409881,0.08619756464540504,0.22981088284902995,0.25130623079703895,Taok1,FALSE,FALSE,FALSE,FALSE,0.32000296038773673,FALSE,FALSE,0.08572610482944003
Mafk,-0.36270991495083127,0.08644443979024696,-0.3367079040498684,0.13900697057134365,-0.2604127932519513,0.33603587949649616,Mafk,FALSE,FALSE,FALSE,FALSE,0.31994353741755033,FALSE,FALSE,0.08571003760118828
Camk1d,0.3727530452284604,0.051798044467034995,0.28705935211270983,0.15202031156578022,0.29982563125001427,0.22020032701282463,Camk1d,FALSE,FALSE,FALSE,FALSE,0.31987934286372816,FALSE,FALSE,0.08569268019637422
Rfesd,0.545822415508673,0.017823060973944406,0.1902268784510186,0.3069559002496942,0.2235486431447571,0.3517081752524017,Rfesd,FALSE,FALSE,FALSE,FALSE,0.31986597903481623,FALSE,FALSE,0.08568906678410668
9130230N09Rik,0.45268356245679237,0.26067486632081366,0.10483809163442387,0.8320381306956754,0.4019753858479102,0.4667244131672179,9130230N09Rik,FALSE,FALSE,FALSE,FALSE,0.3198323466463755,FALSE,FALSE,0.0856799730067335
Csnk1g2,-0.3963690364839412,0.05004367791759385,-0.34438916838516853,0.12061995108359509,-0.21842306277640855,0.40608108524542064,Csnk1g2,FALSE,FALSE,FALSE,FALSE,0.31972708921517273,FALSE,FALSE,0.08565151271323045
Aldh7a1,-0.36531574318838356,0.06538512097456183,-0.3832248858252587,0.09749789641905506,-0.21063764099884974,0.4189948331474485,Aldh7a1,FALSE,FALSE,FALSE,FALSE,0.319726090004164,FALSE,FALSE,0.0856512425390655
Chaf1a,-0.0892375605279514,0.8532584719999663,-0.7305009365693214,0.15726336280535058,-0.13936714029703468,0.8389202690980034,Chaf1a,FALSE,FALSE,FALSE,FALSE,0.31970187913143583,FALSE,FALSE,0.08564469622175627
Man2a1,0.34645306402389586,0.03994617398770833,0.3630724523880513,0.0794588707975626,0.24937869508514865,0.23743423907696548,Man2a1,FALSE,FALSE,FALSE,FALSE,0.3196347371656986,FALSE,FALSE,0.08562654187360795
2700081O15Rik,-0.2613213535987686,0.26415305948725065,-0.48425971808606505,0.09641372151789832,-0.21314358073825712,0.5192732798414886,2700081O15Rik,FALSE,FALSE,FALSE,FALSE,0.31957488414103025,FALSE,FALSE,0.08561035836400069
Kif18a,0.31088766014840186,0.676491957592076,0.5862392224339628,0.42783330415778276,0.06157361703964881,0.9645037666394128,Kif18a,FALSE,FALSE,FALSE,FALSE,0.3195668332073378,FALSE,FALSE,0.08560818149218041
Ap1m2,-0.37776900634271104,0.0408077391264366,-0.32511349848461357,0.10430132864445578,-0.2556081639167065,0.2596272457328866,Ap1m2,FALSE,FALSE,FALSE,FALSE,0.3194968895813437,FALSE,FALSE,0.08558926961012407
Btbd2,-0.3964183770909546,0.10885242165713828,-0.34028270830015295,0.1951463739665055,-0.22166771727357037,0.5115438366847329,Btbd2,FALSE,FALSE,FALSE,FALSE,0.31945626755489265,FALSE,FALSE,0.08557828592201508
Arxes2,0.5238308096265465,0.07077151227774482,0.40392687688518336,0.18862725831771443,0.030505972015254734,0.9531333652183723,Arxes2,FALSE,FALSE,FALSE,FALSE,0.3194212195089949,FALSE,FALSE,0.0855688093685636
Med21,0.4893257362984915,0.08267061705165717,0.3741575520829832,0.20604908208124217,-0.09476999329754054,0.8369176274335286,Med21,FALSE,FALSE,FALSE,FALSE,0.31941776055967175,FALSE,FALSE,0.08556787411190929
Adtrp,0.6520416451007321,0.0700974947161656,0.2608691974968017,0.4972293066377403,-0.04531480896935214,0.947181725229002,Adtrp,FALSE,FALSE,FALSE,FALSE,0.31940855052229533,FALSE,FALSE,0.0855653838329436
Zbtb8b,-0.7151522005150435,0.06524546050058339,0.09220205402037984,0.8029229949142384,-0.1508366334227098,0.7618521586830532,Zbtb8b,FALSE,FALSE,FALSE,FALSE,0.31939696265271106,FALSE,FALSE,0.0855622506178758
Dusp1,-0.39118564553668467,0.4744131452173374,0.3257194587526948,0.5729093088276478,0.24113856543610268,0.7672013539909329,Dusp1,FALSE,FALSE,FALSE,FALSE,0.31934788990849405,FALSE,FALSE,0.08554898196133101
Gm48069,0.2848196254514803,0.41902807724605057,-0.060548863386302665,0.8885405066575393,-0.6124921777649738,0.25091809259518183,Gm48069,FALSE,FALSE,FALSE,FALSE,0.3192868888675856,FALSE,FALSE,0.08553248804248455
Pclaf,0.3457146571245423,0.36834633274939305,-0.12257132021953676,0.7962366847144552,0.4891325218637984,0.33006881779689473,Pclaf,FALSE,FALSE,FALSE,FALSE,0.3191394997359592,FALSE,FALSE,0.08549263586390378
2310011J03Rik,-0.3185318023048209,0.10584461278870665,-0.4095108355536108,0.09085111530551959,-0.22926751796214884,0.3784241570270433,2310011J03Rik,FALSE,FALSE,FALSE,FALSE,0.31910338527352683,FALSE,FALSE,0.08548287096475335
Cables1,-0.569009870701148,0.06798177993854086,-0.25651683771732214,0.3887122615038653,-0.13178226392247883,0.7532323228074294,Cables1,FALSE,FALSE,FALSE,FALSE,0.3191029907803163,FALSE,FALSE,0.08548276429872104
Tfg,0.4357767483440016,0.042767762262635456,0.2758348667130157,0.1998017032809088,0.24565304627432916,0.36959195331488187,Tfg,FALSE,FALSE,FALSE,FALSE,0.31908822044378216,FALSE,FALSE,0.08547877058437615
Syt13,-0.4167709932582042,0.029722091288910495,-0.17334659119280005,0.33362737486196564,-0.36702623978359217,0.12398760476110553,Syt13,FALSE,FALSE,FALSE,FALSE,0.31904794141153214,FALSE,FALSE,0.08546787963761113
Mapk3,-0.47720999092519456,0.023478178854300733,-0.36924763024279184,0.09049223225030942,-0.110357522578588,0.6592130259753674,Mapk3,FALSE,FALSE,FALSE,FALSE,0.31893838124885815,FALSE,FALSE,0.08543825593930962
Ifih1,0.5690464410007348,0.02300251776828198,0.185462238975445,0.40637158535659085,0.20216217146439508,0.4910600558093444,Ifih1,FALSE,FALSE,FALSE,FALSE,0.31889028381352497,FALSE,FALSE,0.08542525099409402
Gm22973,0.7438833213749565,0.17417555957089836,-0.07945290239540093,0.9137819294902204,0.13318375606532218,0.8940782692699701,Gm22973,FALSE,FALSE,FALSE,FALSE,0.3188399932785599,FALSE,FALSE,0.08541165306215538
Ppil4,0.3700636088434859,0.10261022084930371,0.38286361317060624,0.13566209777593033,0.20340968774281443,0.522520516299896,Ppil4,FALSE,FALSE,FALSE,FALSE,0.31877896991896887,FALSE,FALSE,0.08539515310861619
Ube2t,0.4965585204302798,0.2836845468399208,0.08479167934230247,0.8841631230666537,0.3747442119819923,0.5732538720885044,Ube2t,FALSE,FALSE,FALSE,FALSE,0.31869813725152485,FALSE,FALSE,0.08537329696588306
Ipp,0.4583459595023136,0.023495574798305448,0.22742684560341075,0.21614949566884728,0.2702431592049832,0.24340161750380987,Ipp,FALSE,FALSE,FALSE,FALSE,0.31867198810356917,FALSE,FALSE,0.08536622656318399
Slx1b,-0.340385408088383,0.17137243114802744,-0.4090353611461026,0.1419230921171942,-0.20655098870714372,0.5410643009544094,Slx1b,FALSE,FALSE,FALSE,FALSE,0.3186572526472098,FALSE,FALSE,0.08536224228000229
Rnaset2b,-0.3462873036241575,0.36605139288593286,-0.15171969289518938,0.7137078664539014,-0.45761580783695843,0.3836885337087907,Rnaset2b,FALSE,FALSE,FALSE,FALSE,0.3185409347854351,FALSE,FALSE,0.08533079138434652
Unc13c,-0.19265902958815717,0.5783578980731556,0.35962796299071753,0.2641401878761584,0.4030864706965467,0.3250867372160071,Unc13c,FALSE,FALSE,FALSE,FALSE,0.31845782109180715,FALSE,FALSE,0.0853083184806499
BC034090,-0.36593131150917646,0.34875836216228345,-0.276228898979082,0.5084633928380342,-0.3126754610404916,0.5739581774354638,BC034090,FALSE,FALSE,FALSE,FALSE,0.31827855717625003,FALSE,FALSE,0.08525984775898246
Ntmt1,-0.29175725135457675,0.07956917390559567,-0.3000958022028555,0.11036521115468788,-0.36239964359811827,0.10959681489933279,Ntmt1,FALSE,FALSE,FALSE,FALSE,0.3180842323851835,FALSE,FALSE,0.08520730476486345
Hist1h4h,-0.31563991150400916,0.17136996694980702,-0.4056734525645167,0.1312222907616581,-0.23284334855924094,0.4739405573515179,Hist1h4h,FALSE,FALSE,FALSE,FALSE,0.31805223754258893,FALSE,FALSE,0.085198653759415
Dll1,-0.5102352463993536,0.21779122235171638,-0.23797356786102175,0.5696252687866621,-0.20573649072021283,0.7190754103339823,Dll1,FALSE,FALSE,FALSE,FALSE,0.3179817683268627,FALSE,FALSE,0.08517959976446585
Kif21b,-0.5734069203431051,0.21998089651400432,-0.2621742055284617,0.5979234642233446,-0.11832885368096768,0.8752993193659248,Kif21b,FALSE,FALSE,FALSE,FALSE,0.3179699931841782,FALSE,FALSE,0.08517641591309297
Dpys,-0.4744206482114479,0.2609407494619977,-0.16700078064809465,0.705860334460487,-0.3123515683830529,0.5834334459747711,Dpys,FALSE,FALSE,FALSE,FALSE,0.3179243324141985,FALSE,FALSE,0.08516406981172656
Tap2,-0.3860415590996036,0.19850640520933538,-0.4887367448396027,0.14935605673107266,-0.07858362843513333,0.8724691799258102,Tap2,FALSE,FALSE,FALSE,FALSE,0.31778731079144656,FALSE,FALSE,0.08512702087793422
Stra6,-0.3732278732394936,0.5123337986972751,-0.2522952508213654,0.6731767091206791,0.3277780724270294,0.6408282459841037,Stra6,FALSE,FALSE,FALSE,FALSE,0.3177670654959628,FALSE,FALSE,0.08512154680313552
Sdk1,-0.35047972352450696,0.10254451951277406,-0.2528409845082935,0.2654012800475271,-0.3499754132538433,0.22978373398317414,Sdk1,FALSE,FALSE,FALSE,FALSE,0.3177653737622146,FALSE,FALSE,0.08512108937947951
Fundc1,0.48326783514510474,0.046397830532258925,0.2888697691837123,0.23459865647985764,0.18104456377560219,0.5781907897834089,Fundc1,FALSE,FALSE,FALSE,FALSE,0.31772738936813977,FALSE,FALSE,0.08511081887419022
Zbtb17,-0.47298246529958377,0.026213437932539482,-0.3051443128071476,0.12871934164900037,-0.1747410578290709,0.46186011699147894,Zbtb17,FALSE,FALSE,FALSE,FALSE,0.31762261197860076,FALSE,FALSE,0.08508248837795175
Stxbp4,0.3881939625081259,0.02724807363047442,0.2808580053934717,0.11641587758194481,0.2837163774189655,0.1748775832390268,Stxbp4,FALSE,FALSE,FALSE,FALSE,0.3175894484401877,FALSE,FALSE,0.08507352137176463
Chaf1b,0.5730028131895347,0.45726963074937754,0.12574735091822897,0.8942870835493888,0.25398275629780476,0.8426818235002771,Chaf1b,FALSE,FALSE,FALSE,FALSE,0.31757764013518947,FALSE,FALSE,0.0850703285537167
AC151284.1,0.5067500854490756,0.23052192445732292,-0.1424745489841851,0.7889620663751197,0.30348749522286844,0.6228987385080171,AC151284.1,FALSE,FALSE,FALSE,FALSE,0.3175707098853764,FALSE,FALSE,0.08506845470080697
Card19,-0.25517896657293404,0.32880259242860915,-0.39620307955440737,0.1708847594760277,-0.30116642724855724,0.39722881370005314,Card19,FALSE,FALSE,FALSE,FALSE,0.31751615779196624,FALSE,FALSE,0.0850537044967414
Hs6st3,-0.6472595073509788,0.2091745503831927,-0.2949554546874753,0.5683424070917398,0.010180560113958625,0.990145510057062,Hs6st3,FALSE,FALSE,FALSE,FALSE,0.31746517405080427,FALSE,FALSE,0.08503991913051337
0610038B21Rik,-0.0609744370755243,0.9385370335333622,-0.05555556469838091,0.9450066226439887,-0.8358583771919936,0.3992222049085774,0610038B21Rik,FALSE,FALSE,FALSE,FALSE,0.31746279298863295,FALSE,FALSE,0.08503927532106952
Slc38a10,-0.24649498919745838,0.2578078919339569,-0.4016191347357747,0.12061995108359509,-0.30372909171246576,0.3189734919776665,Slc38a10,FALSE,FALSE,FALSE,FALSE,0.31728107188189963,FALSE,FALSE,0.08499014020562703
Skor1,-0.09891510486501032,0.9111506871560572,0.4966933638762714,0.5021197273624595,0.3561948232391777,0.7351420034823858,Skor1,FALSE,FALSE,FALSE,FALSE,0.3172677639934865,FALSE,FALSE,0.08498654191897101
March9,-0.35685214391547415,0.1269310565492815,-0.43886879835502945,0.11025421348490946,-0.1558486564241326,0.6330958818922747,March9,FALSE,FALSE,FALSE,FALSE,0.3171898662315454,FALSE,FALSE,0.08496547933799464
Nedd8,-0.28867170846520906,0.07456160021944185,-0.2298471126048316,0.17812959620448013,-0.4329547003899519,0.06889532714463079,Nedd8,FALSE,FALSE,FALSE,FALSE,0.3171578404866642,FALSE,FALSE,0.08495681997695421
Rps24-ps3,0.39603994581245294,0.4791501671530319,0.012796447589797116,0.9853137679604925,-0.5424635166487233,0.5308160731120343,Rps24-ps3,FALSE,FALSE,FALSE,FALSE,0.3170999700169911,FALSE,FALSE,0.08494117252543242
Gm24146,-0.13066456295740458,0.6537857901412254,-0.009579863773041097,0.9780742577866532,-0.8110348904835396,0.06750873220157737,Gm24146,FALSE,FALSE,FALSE,FALSE,0.3170931057379951,FALSE,FALSE,0.08493931651020688
Xkr6,0.2975039871123104,0.26056510997592985,0.4064801244841463,0.16111279969247416,0.2467787429668058,0.505296080716293,Xkr6,FALSE,FALSE,FALSE,FALSE,0.3169209515210875,FALSE,FALSE,0.08489276816217113
Ypel2,0.3264983768399352,0.183775965371442,0.28036609578675886,0.2839455677067419,0.34379274342964994,0.30355895948253264,Ypel2,FALSE,FALSE,FALSE,FALSE,0.316885738685448,FALSE,FALSE,0.08488324705163364
Gm44065,0.39362168763084837,0.46031153691647947,-0.26045451361728,0.6844257869352715,-0.2962782718236031,0.7273086735987276,Gm44065,FALSE,FALSE,FALSE,FALSE,0.3167848243572438,FALSE,FALSE,0.08485596107888535
Dhx9,0.4627836950135036,0.04032781043639071,0.33935678965555294,0.14634275549323916,0.1481385361645211,0.6211200957336809,Dhx9,FALSE,FALSE,FALSE,FALSE,0.31675967361119256,FALSE,FALSE,0.08484916063157955
Bclaf1,0.3648335840307695,0.07285632773310015,0.4159534442320574,0.09180503249903499,0.16933742861387202,0.5486593447622244,Bclaf1,FALSE,FALSE,FALSE,FALSE,0.316708152292233,FALSE,FALSE,0.08483522991103565
Tgfb3,-0.40452534571979104,0.0863619020959633,-0.36752699351196627,0.14563399502307858,-0.17806096529549809,0.5690370719367028,Tgfb3,FALSE,FALSE,FALSE,FALSE,0.31670443484241845,FALSE,FALSE,0.08483422475908016
Zfp354a,0.34417433689165255,0.15596583599542088,0.4156493345724206,0.12943991205363276,0.1896641198377247,0.5849668338186974,Zfp354a,FALSE,FALSE,FALSE,FALSE,0.3164959304339326,FALSE,FALSE,0.08477784777367992
Plekhf2,0.4687443663072779,0.03763663419858371,0.3165758784175132,0.16044553576584047,0.16409978608729858,0.5760065847775668,Plekhf2,FALSE,FALSE,FALSE,FALSE,0.3164733436040299,FALSE,FALSE,0.08477174057724744
Cd164,0.4442621083791263,0.02959778845780778,0.34284582413066467,0.10991940223882853,0.16182907927621493,0.5241423730394623,Cd164,FALSE,FALSE,FALSE,FALSE,0.316312337262002,FALSE,FALSE,0.08472820647521204
Gsta3,0.10200517040491108,0.8541962363638702,0.44187969115493886,0.3675432830559229,0.4050130411149909,0.536826266972932,Gsta3,FALSE,FALSE,FALSE,FALSE,0.3162993008916136,FALSE,FALSE,0.0847246816036355
Arhgap6,0.28354907378130045,0.2759882513169772,0.33050743095051294,0.22928353074146865,0.3347523561790724,0.3356363749792366,Arhgap6,FALSE,FALSE,FALSE,FALSE,0.3162696203036286,FALSE,FALSE,0.0847166563437014
Rxfp2,-0.3670753721722244,0.593670955812881,0.11271039750274792,0.8754489657956062,-0.4689259409831027,0.6170766229271049,Rxfp2,FALSE,FALSE,FALSE,FALSE,0.316237236886025,FALSE,FALSE,0.08470790027242836
Sgsm2,-0.40282013911574666,0.04496076382878858,-0.38629970972742367,0.09180503249903499,-0.1594318230869094,0.5436953257203301,Sgsm2,FALSE,FALSE,FALSE,FALSE,0.3161838906433599,FALSE,FALSE,0.0846934761153291
Nrxn2,-0.42980162208856054,0.18456088002017879,-0.44935366712175107,0.19737130604079642,0.06935959168866201,0.8959090063511614,Nrxn2,FALSE,FALSE,FALSE,FALSE,0.31617162696632456,FALSE,FALSE,0.08469016017037524
Samd9l,0.43238979398630484,0.04702599362715995,0.34485917222328943,0.1358500709504262,0.1712416733850528,0.5556506983565164,Samd9l,FALSE,FALSE,FALSE,FALSE,0.31616354653154904,FALSE,FALSE,0.08468797532183091
Ppp1r16a,-0.42304541355009295,0.06908607395486904,-0.3679049639438352,0.14133563152964893,-0.15746559744628374,0.6170750206578537,Ppp1r16a,FALSE,FALSE,FALSE,FALSE,0.316138658313404,FALSE,FALSE,0.0846812458587889
Chn2,-0.42575758622110316,0.22314858241835625,-0.2576847831438074,0.47706121468634555,-0.2649486143154718,0.584110244496168,Chn2,FALSE,FALSE,FALSE,FALSE,0.3161303278934608,FALSE,FALSE,0.08467899341738047
Eid2b,0.33770884049817607,0.08110758335255355,0.21650141635308584,0.2771631643248451,0.3941260860676139,0.1269334791545328,Eid2b,FALSE,FALSE,FALSE,FALSE,0.31611211430629194,FALSE,FALSE,0.08467406869111035
Tbcc,-0.40699618849091657,0.06057188323532129,-0.31328299080395583,0.15886810850969899,-0.2279485359513136,0.40608108524542064,Tbcc,FALSE,FALSE,FALSE,FALSE,0.316075905082062,FALSE,FALSE,0.08466427816955453
Gm4319,0.1055517394489972,0.8867229368354668,0.05800866919129544,0.9412949165653217,-0.7846661717079679,0.43632924887427343,Gm4319,FALSE,FALSE,FALSE,FALSE,0.3160755267827535,FALSE,FALSE,0.08466417588215089
Slain2,0.4511857429043511,0.040457000377134976,0.3147450807835819,0.15980664847787227,0.1822184358504133,0.5236469664215565,Slain2,FALSE,FALSE,FALSE,FALSE,0.3160497531794488,FALSE,FALSE,0.0846572070220305
Gm26792,0.35401026165265176,0.5839921798845921,0.4172303997514131,0.522829519524485,0.17675111166334856,0.8644954366559483,Gm26792,FALSE,FALSE,FALSE,FALSE,0.3159972576891378,FALSE,FALSE,0.08464301289773196
Frrs1l,0.38222626171482066,0.5824652450499517,-0.0330159277711739,0.9700906586173547,0.5325454381930963,0.5634866745309353,Frrs1l,FALSE,FALSE,FALSE,FALSE,0.31592920922636364,FALSE,FALSE,0.0846246134441176
Tmcc3,-0.3798505198508275,0.18708454072408,-0.14624481387740662,0.6452247938646366,-0.4216605908483242,0.2846468327168071,Tmcc3,FALSE,FALSE,FALSE,FALSE,0.31591864152551946,FALSE,FALSE,0.0846217560699233
1700125H03Rik,0.2570943605407877,0.5479344349952474,0.510575179262282,0.2256117727521928,0.17994508200362513,0.7749891809461196,1700125H03Rik,FALSE,FALSE,FALSE,FALSE,0.3158715406022316,FALSE,FALSE,0.08460902056910669
Tuba1b,-0.3230071083282171,0.04707681261833981,-0.3087190651598988,0.09612752046026397,-0.31537391447397045,0.1368467972435788,Tuba1b,FALSE,FALSE,FALSE,FALSE,0.31570002932069546,FALSE,FALSE,0.08456264606275761
Tpgs1,-0.4494549056008319,0.036258336569021644,-0.34148020056160044,0.11601268445501388,-0.1560418938125676,0.5412508422525819,Tpgs1,FALSE,FALSE,FALSE,FALSE,0.31565899999166663,FALSE,FALSE,0.08455155224512355
Acox2,-0.1825746505242341,0.7576650592677394,-0.11366482280780968,0.8545632069043684,-0.6505801672619511,0.40675168762319996,Acox2,FALSE,FALSE,FALSE,FALSE,0.31560654686466494,FALSE,FALSE,0.08453736957533424
Gm25939,0.16671781983333123,0.7525741982172984,-0.09904710106842884,0.8655122895556379,-0.6810464512265844,0.30995639629376925,Gm25939,FALSE,FALSE,FALSE,FALSE,0.31560379070944816,FALSE,FALSE,0.08453662434542018
Lncpint,0.276809753063171,0.4682085126714719,0.4815905062962793,0.22706342722971493,0.18830484398513825,0.7407904590137936,Lncpint,FALSE,FALSE,FALSE,FALSE,0.3155683677815295,FALSE,FALSE,0.0845270464285569
Chst15,0.011326260424629364,0.981322414078138,0.5544917907686093,0.1846518904164374,0.3807412633388223,0.4818259849402591,Chst15,FALSE,FALSE,FALSE,FALSE,0.315519771510687,FALSE,FALSE,0.08451390660445587
Rundc3b,0.44196034703064857,0.03989274916517326,0.2857836290544977,0.1821971665436358,0.21880551488509203,0.4208663784636532,Rundc3b,FALSE,FALSE,FALSE,FALSE,0.31551649699007944,FALSE,FALSE,0.08451302121502058
Plek2,0.21537929433209901,0.7390264069076042,0.2870686624700973,0.65646722497473875,0.4440472131442829,0.5816040457170253,Plek2,FALSE,FALSE,FALSE,FALSE,0.31549838998215973,FALSE,FALSE,0.08450812530644702
Creld1,-0.38306159166448506,0.06979211038260964,-0.3671885376804065,0.12061995108359509,-0.19622108619695044,0.48481238182758035,Creld1,FALSE,FALSE,FALSE,FALSE,0.315490405180614,FALSE,FALSE,0.08450596631593245
Rora,0.3827082603546579,0.0276268578995836,0.2869864533560369,0.11072458956577719,0.27673610916789393,0.18233544799713558,Rora,FALSE,FALSE,FALSE,FALSE,0.31547694095952955,FALSE,FALSE,0.08450232575887652
Rnf181,-0.390040542913372,0.05686890690087941,-0.35225976060489383,0.11785504756847434,-0.20388806904463141,0.441179262246431,Rnf181,FALSE,FALSE,FALSE,FALSE,0.3153961241876324,FALSE,FALSE,0.08448047391410055
Slc16a7,0.5753242999360788,0.03199299932373977,0.23071456607966212,0.36483117275060584,0.1394191679005683,0.6960483820481858,Slc16a7,FALSE,FALSE,FALSE,FALSE,0.31515267797210306,FALSE,FALSE,0.08441464910090687
Smg8,-0.3513899248835548,0.07012066486598523,-0.26468071898337975,0.18182135302044117,-0.32930975929649664,0.18650588684365324,Smg8,FALSE,FALSE,FALSE,FALSE,0.31512680105447705,FALSE,FALSE,0.08440765230588561
Ahsa1,-0.35863286735207733,0.059601225454916404,-0.22282120556901397,0.25176447809632213,-0.3636663483690601,0.14825283123670416,Ahsa1,FALSE,FALSE,FALSE,FALSE,0.31504014043005046,FALSE,FALSE,0.08438422035644362
Zkscan14,-0.29892846313994825,0.10328778930358475,-0.3566336469152591,0.09955301218514566,-0.2892799994591866,0.2293506928884567,Zkscan14,FALSE,FALSE,FALSE,FALSE,0.3149473698381313,FALSE,FALSE,0.08435913634817646
Nespas,0.15321290757080075,0.7466871456571769,0.5069066643102936,0.24574130092921584,0.2845210690427037,0.6400006280402369,Nespas,FALSE,FALSE,FALSE,FALSE,0.314880213641266,FALSE,FALSE,0.08434097815210903
Proser3,0.11123760042257302,0.8219145930130007,0.28167546042967406,0.5380896637691184,0.5516149455026165,0.32201455206454216,Proser3,FALSE,FALSE,FALSE,FALSE,0.31484266878495454,FALSE,FALSE,0.084330826492336
Kat5,-0.40133964137658396,0.06965279669630187,-0.28786244843013087,0.2017441717947724,-0.25526332911890837,0.3721681753359853,Kat5,FALSE,FALSE,FALSE,FALSE,0.31482180630854106,FALSE,FALSE,0.0843251855395297
Sdhaf3,0.4336909351356226,0.10218108972187473,0.29853957462909353,0.281859711184324,0.21198165326317886,0.5711601376426727,Sdhaf3,FALSE,FALSE,FALSE,FALSE,0.314737387675965,FALSE,FALSE,0.08430235979665543
Katnb1,-0.340511061102887,0.11079995712960997,-0.41890876818887923,0.09955301218514566,-0.18466373842278827,0.5205629943718222,Katnb1,FALSE,FALSE,FALSE,FALSE,0.31469452257151814,FALSE,FALSE,0.08429076960829861
Cpxm2,-0.37233334921034,0.27918232267439863,-0.13723189746183095,0.7296384937143758,-0.43426369557945677,0.3669246121980078,Cpxm2,FALSE,FALSE,FALSE,FALSE,0.31460964741720926,FALSE,FALSE,0.08426782042765507
Itga8,0.5084782733727766,0.22431485296519416,0.39630024966259647,0.37439536383074074,0.038965379782055276,0.9630623165232519,Itga8,FALSE,FALSE,FALSE,FALSE,0.31458130093914277,FALSE,FALSE,0.08426015589436435
Fibp,-0.5165161058784058,0.05158729991443725,-0.23422744515794136,0.34432151937824074,-0.1925884337306245,0.55939969366364,Fibp,FALSE,FALSE,FALSE,FALSE,0.3144439949223239,FALSE,FALSE,0.08422303006397171
AI837181,-0.41430933097270284,0.05550740713080407,-0.257822436342777,0.2234191368567493,-0.2710264854013662,0.3168404957395442,AI837181,FALSE,FALSE,FALSE,FALSE,0.3143860842389487,FALSE,FALSE,0.0842073717391676
Mex3a,-0.32126728020501627,0.19380328459494414,-0.438785795940277,0.12537116833606057,-0.18301682894889781,0.5929569686707988,Mex3a,FALSE,FALSE,FALSE,FALSE,0.31435663503139705,FALSE,FALSE,0.08419940904161005
Mcm8,0.5442696660536788,0.05775442637382814,0.17864520533989525,0.5572900866543801,0.22011712449469423,0.5790923971786179,Mcm8,FALSE,FALSE,FALSE,FALSE,0.31434399862942275,FALSE,FALSE,0.0841959923164924
Gm45605,0.4891507803238324,0.23670928855615536,0.29191910888483286,0.5185979424085582,0.16194271563728185,0.8089390730409027,Gm45605,FALSE,FALSE,FALSE,FALSE,0.314337534948649,FALSE,FALSE,0.08419424461801801
Setd2,0.39042854615564426,0.02993462107179225,0.3541480070270948,0.08521930057579834,0.19839290409992927,0.3648542577851419,Setd2,FALSE,FALSE,FALSE,FALSE,0.3143231524275561,FALSE,FALSE,0.0841903557641201
Eea1,0.3698770479050797,0.06478302795564658,0.3127194450632391,0.14950553527659238,0.25999434271907873,0.32645087460844596,Eea1,FALSE,FALSE,FALSE,FALSE,0.3141969452291325,FALSE,FALSE,0.08415623091546773
Smad9,0.45273437074777423,0.10045156892207788,0.28780735379379285,0.31770042548183,0.20199857253717157,0.607488208241083,Smad9,FALSE,FALSE,FALSE,FALSE,0.3141800990262462,FALSE,FALSE,0.08415167591281303
Dll3,-0.4153954784636915,0.45660103898677545,-0.34951856961270744,0.5429833964259143,-0.17748406368011604,0.831761936042151,Dll3,FALSE,FALSE,FALSE,FALSE,0.31413270391883835,FALSE,FALSE,0.08413886086828816
Pld3,-0.40793342021066437,0.07084334676230199,-0.3348821243962945,0.1688765638806634,-0.19942714534874995,0.5212893631595337,Pld3,FALSE,FALSE,FALSE,FALSE,0.3140808966519029,FALSE,FALSE,0.08412485283098643
Lrrc3b,0.1831666782488024,0.5537207406420382,0.22951879059294655,0.46076428402895114,0.5294791041712088,0.16691319394929177,Lrrc3b,FALSE,FALSE,FALSE,FALSE,0.3140548576709859,FALSE,FALSE,0.08411781221607735
Lin28b,-0.619583679977942,0.20008915236596803,0.07303183692768855,0.8853038123474083,0.2494667280124112,0.678296370864743,Lin28b,FALSE,FALSE,FALSE,FALSE,0.31402741497268055,FALSE,FALSE,0.08411039205353528
D130043K22Rik,-0.5425018182309942,0.036602288743575066,-0.256781970885513,0.27253231970131003,-0.14270079246362677,0.6525933530845317,D130043K22Rik,FALSE,FALSE,FALSE,FALSE,0.31399486052671133,FALSE,FALSE,0.0841015897383303
Surf1,-0.35760826280480007,0.05792927191402524,-0.2708491358687031,0.16510374129124628,-0.31343483222387913,0.1957227309825472,Surf1,FALSE,FALSE,FALSE,FALSE,0.3139640769657941,FALSE,FALSE,0.08409326624830435
Sez6l2,-0.41162066166086664,0.0975840409816778,-0.31666301772741257,0.23156258513960362,-0.21358571065954912,0.5426023190650333,Sez6l2,FALSE,FALSE,FALSE,FALSE,0.3139564633492761,FALSE,FALSE,0.08409120762158086
Gm24276,0.6423667650731149,0.3895956782345089,0.12031993541614838,0.8978256472763775,-0.17916965565017862,0.8981139092189269,Gm24276,FALSE,FALSE,FALSE,FALSE,0.31395211871314727,FALSE,FALSE,0.08409003288628684
Rhbdd3,-0.47430042876303213,0.10559869387942075,-0.335805785667195,0.2522924373187414,-0.13160159687701212,0.7442027519434565,Rhbdd3,FALSE,FALSE,FALSE,FALSE,0.31390260376907975,FALSE,FALSE,0.08407664466443071
Mfsd13a,-0.4478559445745738,0.1895370460763121,-0.11732774307947436,0.7458644774828005,-0.37651408498468797,0.409082037651014,Mfsd13a,FALSE,FALSE,FALSE,FALSE,0.31389925754624537,FALSE,FALSE,0.08407573988760969
Dkk2,0.5617106309478499,0.4251346498576905,-0.29553264311996086,0.7375753377592498,0.0844522008380987,0.9496150391622402,Dkk2,FALSE,FALSE,FALSE,FALSE,0.31389849163530315,FALSE,FALSE,0.08407553279486608
Papln,-0.4650792085010127,0.13374686196302354,-0.40204459379175406,0.20879337333605225,-0.07453248111209865,0.8761166282108077,Papln,FALSE,FALSE,FALSE,FALSE,0.3138854278016218,FALSE,FALSE,0.08407200049755846
Tmem184c,0.5035529451794787,0.04909649914282852,0.27045351604498524,0.2908778103398009,0.16737541641117737,0.6330295414080954,Tmem184c,FALSE,FALSE,FALSE,FALSE,0.3137939592118804,FALSE,FALSE,0.08404726853440296
Fhdc1,-0.4082835291881288,0.07315743998042609,-0.3041357923056509,0.18596126975786742,-0.22855986398539097,0.4245546263275381,Fhdc1,FALSE,FALSE,FALSE,FALSE,0.3136597284930569,FALSE,FALSE,0.0840109742261419
Vmn2r57,0.23291565249469115,0.6050912864340597,0.3041459964671155,0.5012147967491686,0.4038847615862522,0.4831030718126321,Vmn2r57,FALSE,FALSE,FALSE,FALSE,0.3136488035160196,FALSE,FALSE,0.08400802024893152
Cyp1b1,0.27472134119243385,0.590507691917566,0.2709390559906537,0.6132303951816417,0.39508816484137865,0.5599787778067897,Cyp1b1,FALSE,FALSE,FALSE,FALSE,0.3135828540081554,FALSE,FALSE,0.08399018832648435
Ptbp3,0.3436916911429124,0.06887879335536105,0.38741418868386734,0.09086133986812034,0.20946506793452002,0.40960449431764545,Ptbp3,FALSE,FALSE,FALSE,FALSE,0.3135236492537666,FALSE,FALSE,0.08397418010105621
Espn,-0.4511117496268948,0.21023974715301677,-0.21728738688581428,0.5572900866543801,-0.27212465583208534,0.5807198893921539,Espn,FALSE,FALSE,FALSE,FALSE,0.31350793078159817,FALSE,FALSE,0.0839699300226891
Psen2,-0.3451829008464431,0.0544324822431178,-0.17766552136337843,0.3178817580314587,-0.417605722888414,0.0945307768205195,Psen2,FALSE,FALSE,FALSE,FALSE,0.31348471503274516,FALSE,FALSE,0.08396365277443499
Rab11fip2,0.5237634696591398,0.02005871878534375,0.25310613543651783,0.19319649001917574,0.16351095865019705,0.5161960844348376,Rab11fip2,FALSE,FALSE,FALSE,FALSE,0.3134601879152849,FALSE,FALSE,0.0839570209485038
Slc45a1,-0.5841482812072063,0.06875045818445631,-0.22130279133272168,0.46492074143768464,-0.1346860716537348,0.7504677895464228,Slc45a1,FALSE,FALSE,FALSE,FALSE,0.31337904806455424,FALSE,FALSE,0.08393508174725026
Mbtps2,0.37195376119130596,0.04178226443439048,0.3020786327133447,0.12061995108359509,0.2660600741200767,0.24200848289713714,Mbtps2,FALSE,FALSE,FALSE,FALSE,0.31336415600824247,FALSE,FALSE,0.0839310551213992
2210408I21Rik,0.47323098160418553,0.05428956408387389,0.33352639831607167,0.1887247555678563,0.13331798435741327,0.7024748625539515,2210408I21Rik,FALSE,FALSE,FALSE,FALSE,0.31335845475922347,FALSE,FALSE,0.08392951357493962
Ssr2,-0.20653553704412975,0.35816136710346497,-0.3368495851674611,0.17995212463848295,-0.3965567719209453,0.20615231993569727,Ssr2,FALSE,FALSE,FALSE,FALSE,0.3133139647108454,FALSE,FALSE,0.08391748402205831
Pfdn6,-0.3480588578580064,0.10450051137263593,-0.3311569896210602,0.15345187967322974,-0.26070038056076683,0.35658801347738983,Pfdn6,FALSE,FALSE,FALSE,FALSE,0.31330540934661116,FALSE,FALSE,0.08391517075852577
Hspb8,-0.36360347328557374,0.09782508434398499,-0.2831427922825709,0.21375507874496646,-0.2929395473188725,0.31164353373365333,Hspb8,FALSE,FALSE,FALSE,FALSE,0.3132286042956724,FALSE,FALSE,0.0838944036329437
Ppp1r14b,-0.3361735648658861,0.10763645922293553,-0.2539634842411962,0.23634666062356025,-0.3491344094137796,0.20719138194232964,Ppp1r14b,FALSE,FALSE,FALSE,FALSE,0.3130904861736206,FALSE,FALSE,0.08385705821944878
Cacng8,0.4111132055015272,0.3875976071450276,0.03481984100034796,0.9549263233738063,0.49317233838959407,0.4411605554614927,Cacng8,FALSE,FALSE,FALSE,FALSE,0.3130351282971564,FALSE,FALSE,0.08384209014171902
Grina,-0.40908358511102616,0.13927020505162757,-0.38515070687772646,0.19862348791688939,-0.1448535383724474,0.7277650765318794,Grina,FALSE,FALSE,FALSE,FALSE,0.31302927678706666,FALSE,FALSE,0.08384050796654444
Klk1b26,-0.7649459360329396,0.1539109359258738,-0.1628668884811597,0.7653446960267313,-0.011262070800801105,0.9890612592287737,Klk1b26,FALSE,FALSE,FALSE,FALSE,0.3130249651049668,FALSE,FALSE,0.08383934214160788
Zfp68,0.45512655822741,0.031068801781632394,0.3834587630659181,0.09534608160389985,0.10032500702280434,0.722494768535982,Zfp68,FALSE,FALSE,FALSE,FALSE,0.3129701094387108,FALSE,FALSE,0.08382450985523997
Clcf1,0.1378497482037193,0.863985212006017,0.44269806308730886,0.5457981762272467,0.35816084356793954,0.7246051110730207,Clcf1,FALSE,FALSE,FALSE,FALSE,0.31290288495298924,FALSE,FALSE,0.08380633319471953
Tet1,0.4543356967140433,0.023896409943832048,0.23707930511037922,0.1995812088419037,0.24717609540178742,0.289054293552995,Tet1,FALSE,FALSE,FALSE,FALSE,0.3128636990754033,FALSE,FALSE,0.08379573782330939
Jmjd6,-0.3087667445652471,0.04981338696929231,-0.26247071184070325,0.1212335433577694,-0.36733290339929603,0.0893504597692248,Jmjd6,FALSE,FALSE,FALSE,FALSE,0.3128567866017488,FALSE,FALSE,0.08379386877685072
Rnf41,-0.38389890570881846,0.028862531926961057,-0.26728678251876214,0.128627962815894,-0.28731930530356564,0.1678925825124592,Rnf41,FALSE,FALSE,FALSE,FALSE,0.31283499784371543,FALSE,FALSE,0.08378797736907447
Tnfsf13,0.35926677953987096,0.6197390680860767,0.038474116889335774,0.965968932971312,0.5405859734531457,0.5686131970566686,Tnfsf13,FALSE,FALSE,FALSE,FALSE,0.3127756232941175,FALSE,FALSE,0.0837719232331445
Dna2,0.43038447070787444,0.21144676701275616,0.2060143220118964,0.5922783401389444,0.3017514523418442,0.5351792545190366,Dna2,FALSE,FALSE,FALSE,FALSE,0.3127167483538717,FALSE,FALSE,0.08375600418533741
Commd3,0.4297138315936033,0.02841488208966092,0.3133336951415746,0.11785504756847434,0.1950787433296428,0.4118234644521751,Commd3,FALSE,FALSE,FALSE,FALSE,0.3127087566882736,FALSE,FALSE,0.08375384333886887
Cerk,-0.48676789630443373,0.04282492705268315,-0.16084191771048406,0.4857352386848641,-0.29029809556106834,0.32743415582017643,Cerk,FALSE,FALSE,FALSE,FALSE,0.31263596985866204,FALSE,FALSE,0.0837341626900992
Hmgb2,0.3998750104451716,0.1471541814828775,0.25077414126976594,0.3924992044429225,0.2871905840522615,0.44970352573488714,Hmgb2,FALSE,FALSE,FALSE,FALSE,0.31261324525573303,FALSE,FALSE,0.0837280182415628
Srcap,0.39863264956460265,0.14665079113169927,0.1075892035231889,0.7352609662297419,0.4315490089191294,0.2384019621494323,Srcap,FALSE,FALSE,FALSE,FALSE,0.3125902873356403,FALSE,FALSE,0.08372181070698217
Tgfbr3l,-0.548266044533974,0.09550718448155796,-0.27213832245524383,0.3918140030010104,-0.11675903124093123,0.7983917031109229,Tgfbr3l,FALSE,FALSE,FALSE,FALSE,0.3123877994100497,FALSE,FALSE,0.0836670605033407
Oaz1-ps,-0.2938070388266748,0.5855178971470482,-0.3981804304104045,0.46893809604346426,-0.24504832057120496,0.7479185016252407,Oaz1-ps,FALSE,FALSE,FALSE,FALSE,0.3123452632694281,FALSE,FALSE,0.08365555926268962
Ube2cbp,-0.2699490317606996,0.34268060112098264,-0.42880129990197524,0.17346254836982197,-0.23826633263491903,0.541217482229437,Ube2cbp,FALSE,FALSE,FALSE,FALSE,0.31233888809919796,FALSE,FALSE,0.0836538354963597
Tmod1,-0.47131282587187995,0.06637702392931645,-0.08173969420806593,0.7521718545944488,-0.3836536304172262,0.23012577650616975,Tmod1,FALSE,FALSE,FALSE,FALSE,0.3122353834990574,FALSE,FALSE,0.08362584914646257
Gm26586,0.11814485917099815,0.91755513006079,0.38768174780766396,0.7104765409446194,0.43086768397254016,0.7580104819866298,Gm26586,FALSE,FALSE,FALSE,FALSE,0.3122314303170674,FALSE,FALSE,0.08362478025547386
Ptpre,0.49286640721138664,0.253740389997572,-0.062419848102910014,0.9104786693334908,0.38122457490177675,0.5303308013997673,Ptpre,FALSE,FALSE,FALSE,FALSE,0.31217027673869113,FALSE,FALSE,0.08360824509240308
Pi15,0.3910637602681426,0.3885117340246765,0.28180928117397297,0.5681811902270523,0.26353786382239575,0.6908879401977226,Pi15,FALSE,FALSE,FALSE,FALSE,0.3121369684215038,FALSE,FALSE,0.08359923893984537
Grin2a,0.3436749581258187,0.29344847672382796,0.21296988297247488,0.5556042199502617,0.3797535458975645,0.4001236564232621,Grin2a,FALSE,FALSE,FALSE,FALSE,0.312132795665286,FALSE,FALSE,0.08359811067873053
Nr1h4,-0.05966711613355047,0.9100762166539483,-0.48314904195014297,0.33046891101016757,-0.39340048416621587,0.5463078115212798,Nr1h4,FALSE,FALSE,FALSE,FALSE,0.3120722140833031,FALSE,FALSE,0.0835817301763336
Mertk,-0.1982179349659039,0.6425237363568023,0.2653624335296789,0.5071837315744592,0.47250750979158207,0.3356363749792366,Mertk,FALSE,FALSE,FALSE,FALSE,0.3120292927623883,FALSE,FALSE,0.08357012478774663
Tle3,-0.5826019704299696,0.026095247257312715,-0.17716337510471458,0.4501727812479166,-0.1761670244339424,0.5758533518644542,Tle3,FALSE,FALSE,FALSE,FALSE,0.31197745665620885,FALSE,FALSE,0.08355610895267386
Npdc1,-0.3826333149223018,0.057517289178451184,-0.3279275000578128,0.13460721094597888,-0.2252413834846143,0.39648884399324824,Npdc1,FALSE,FALSE,FALSE,FALSE,0.31193406615490965,FALSE,FALSE,0.0835443767035765
Tmem255b,-0.6167478069508575,0.198504847257763,0.1757004224913864,0.7099366111423115,-0.14332418611955222,0.8402197939488796,Tmem255b,FALSE,FALSE,FALSE,FALSE,0.3119241385205987,FALSE,FALSE,0.08354169239537088
Fgf10,-0.3540463782497105,0.3761155695099934,-0.17039273310447678,0.6976517582530983,0.4111447251343341,0.4169495874309355,Fgf10,FALSE,FALSE,FALSE,FALSE,0.31186127882950715,FALSE,FALSE,0.08352469592075115
Fam234b,-0.4633295725445299,0.05290039666258237,-0.31007812683087277,0.19357019101902626,-0.16189393741391633,0.6040907740219245,Fam234b,FALSE,FALSE,FALSE,FALSE,0.31176721226310633,FALSE,FALSE,0.083499261497186
Ccdc138,0.31634560199153317,0.27499423779615373,0.33217090059914023,0.2751346941568714,0.2867739015647186,0.4717841768914504,Ccdc138,FALSE,FALSE,FALSE,FALSE,0.31176346805179733,FALSE,FALSE,0.08349824910925698
Etfbkmt,0.466964975808946,0.08861253762385753,0.41487749653675454,0.15770925883084566,0.05340893448688577,0.9104295434466736,Etfbkmt,FALSE,FALSE,FALSE,FALSE,0.31175046894419545,FALSE,FALSE,0.08349473431307204
Arhgdia,-0.4512465753796837,0.03240630181585546,-0.2919375170759553,0.1604939646751314,-0.19202429571738477,0.46186011699147894,Arhgdia,FALSE,FALSE,FALSE,FALSE,0.3117361293910079,FALSE,FALSE,0.08349085707715856
Gtf2a1,0.3596328758067706,0.023240227542512155,0.28480825825835865,0.08932363389894,0.2906083311555472,0.12049300589085365,Gtf2a1,FALSE,FALSE,FALSE,FALSE,0.3116831550735588,FALSE,FALSE,0.08347653348398802
Ints8,0.40291306257874115,0.05610535921633608,0.3741133311422802,0.11432686890313623,0.15800558092995054,0.5836005308957887,Ints8,FALSE,FALSE,FALSE,FALSE,0.3116773248836573,FALSE,FALSE,0.08347495707352579
Henmt1,-0.5581012063361458,0.23277658273955631,-0.3618473163278499,0.4447803242870797,-0.0149465760085985,0.9835987005967498,Henmt1,FALSE,FALSE,FALSE,FALSE,0.3116316995575314,FALSE,FALSE,0.08346262055573435
Gm26316,0.4872644428250682,0.3506064866644667,0.3616703207657891,0.5248357391192737,0.08588000159217313,0.9301326179938325,Gm26316,FALSE,FALSE,FALSE,FALSE,0.3116049217276768,FALSE,FALSE,0.08345538016530939
Thap2,0.38203632268355214,0.05947258509512984,0.3071504547687649,0.15445522626864652,0.24548192618181108,0.3560603151549478,Thap2,FALSE,FALSE,FALSE,FALSE,0.3115562345447094,FALSE,FALSE,0.08344221575970633
2410002F23Rik,-0.4327906944998796,0.026414250229909987,-0.2964025283909706,0.12426441805216319,-0.2053547982645556,0.3679569574144351,2410002F23Rik,FALSE,FALSE,FALSE,FALSE,0.31151600705180194,FALSE,FALSE,0.0834313387485352
Adhfe1,-0.3614090634830664,0.5623288384178464,-0.10939758802290772,0.8732511781214899,0.4637202403683598,0.5327958338652045,Adhfe1,FALSE,FALSE,FALSE,FALSE,0.3115089639581113,FALSE,FALSE,0.08342943438405172
Alpk3,0.3797429166022466,0.625521989093445,-0.259318776998305,0.7807131456918387,-0.2953739013939288,0.8160706567923424,Alpk3,FALSE,FALSE,FALSE,FALSE,0.3114785316648268,FALSE,FALSE,0.08342120587240223
Ubxn6,-0.3987712457318855,0.05614965365676467,-0.27090714237363267,0.19025808232305622,-0.2646138925797321,0.3069935193989426,Ubxn6,FALSE,FALSE,FALSE,FALSE,0.31143076022841676,FALSE,FALSE,0.08340828907321993
Sardh,-0.5218561415195677,0.061310859174074465,-0.21936939167377245,0.4019113429042777,-0.1929994549045695,0.5819837462150098,Sardh,FALSE,FALSE,FALSE,FALSE,0.3114083293659699,FALSE,FALSE,0.08340222404843764
Gm3636,0.3903185723701502,0.4714943400708401,0.38720577633182585,0.4923145824033823,0.15643236674511318,0.8608733854455557,Gm3636,FALSE,FALSE,FALSE,FALSE,0.31131890514902977,FALSE,FALSE,0.08337804485812952
Eno3,0.4833247362653976,0.2510473030544368,0.3215425380098056,0.48100456632327154,0.12895027531255376,0.8564606779317214,Eno3,FALSE,FALSE,FALSE,FALSE,0.3112725165292523,FALSE,FALSE,0.08336550195527714
Gm14486,-0.12910985428446092,0.8455979379701634,-0.2990188207912163,0.6512489009035097,-0.5055009845678193,0.556822008539511,Gm14486,FALSE,FALSE,FALSE,FALSE,0.31120988654783216,FALSE,FALSE,0.0833485675912808
Srsf7,0.3876636185339519,0.20780009095303217,0.394321095365294,0.23997428517533576,0.15146869446971856,0.7504677895464228,Srsf7,FALSE,FALSE,FALSE,FALSE,0.31115113612298817,FALSE,FALSE,0.0833326822108817
Efna2,-0.5037905508562908,0.38571092284721176,-0.22590373046350185,0.7144916469297542,0.20362553499393288,0.7990074966759532,Efna2,FALSE,FALSE,FALSE,FALSE,0.31110660543790847,FALSE,FALSE,0.08332064167034431
Ogfrl1,0.4130696438088073,0.04953665242712705,0.2608064952535054,0.21888645753195632,0.2594287432382112,0.3352200891458386,Ogfrl1,FALSE,FALSE,FALSE,FALSE,0.31110162743350794,FALSE,FALSE,0.0833192956801878
Zfp74,0.349381799904827,0.03994263921548932,0.3772222648538044,0.07346255419668397,0.20665993888489087,0.32856826596063826,Zfp74,FALSE,FALSE,FALSE,FALSE,0.3110880012145074,FALSE,FALSE,0.08331561132092062
Cept1,0.46054764222328437,0.02300251776828198,0.32807209367281054,0.10430132864445578,0.14432027737679842,0.5497493158342655,Cept1,FALSE,FALSE,FALSE,FALSE,0.3109800044242978,FALSE,FALSE,0.0832864103389887
Usp5,-0.28173761955020993,0.05273948396062499,-0.38451203191556793,0.0704576830990092,-0.26665424477157185,0.15883623617793824,Usp5,FALSE,FALSE,FALSE,FALSE,0.3109679654124499,FALSE,FALSE,0.08328315514069284
Sf3b5,-0.17945212227283136,0.20453282894607147,-0.38432092087356473,0.0704576830990092,-0.36910848783149053,0.08302092690990023,Sf3b5,FALSE,FALSE,FALSE,FALSE,0.3109605103259622,FALSE,FALSE,0.08328113937850765
Ttc22,-0.318399434799562,0.27333713602777104,-0.4562229592389877,0.15886810850969899,-0.15824897575833274,0.7037044683489674,Ttc22,FALSE,FALSE,FALSE,FALSE,0.31095712326562747,FALSE,FALSE,0.08328022355973705
Srp14,-0.3152687570080044,0.04953665242712705,-0.29439565866243367,0.10308340098128635,-0.3230331247153453,0.1266702443402615,Srp14,FALSE,FALSE,FALSE,FALSE,0.31089918012859447,FALSE,FALSE,0.08326455645986959
Ninl,-0.4677409571521305,0.02724807363047442,-0.2655272768780139,0.16302530163183637,-0.19912829106438013,0.39585659733983325,Ninl,FALSE,FALSE,FALSE,FALSE,0.31079884169817484,FALSE,FALSE,0.08323742620268257
Smim5,-0.29193248958753054,0.6197390680860767,0.16055691808728356,0.7891484855739436,0.47963080338589437,0.4834810130866619,Smim5,FALSE,FALSE,FALSE,FALSE,0.31070673702023616,FALSE,FALSE,0.08321252224923069
Gm30074,0.5458661582431902,0.41551561708994333,0.37840251378050777,0.61000362694947,-0.00784280042475849,0.9946967334510257,Gm30074,FALSE,FALSE,FALSE,FALSE,0.3107038241494855,FALSE,FALSE,0.08321173464539548
Trps1,0.5735296639178902,0.014455723425594891,0.30846311547152805,0.11257441442077495,0.04996283393910961,0.8537132223151842,Trps1,FALSE,FALSE,FALSE,FALSE,0.31065187110950926,FALSE,FALSE,0.08319768719288592
Ncmap,0.11223824467430166,0.9026983910221476,0.6864521690176745,0.3662928988246969,-0.1330976851092318,0.9248627502252181,Ncmap,FALSE,FALSE,FALSE,FALSE,0.310596032933736,FALSE,FALSE,0.08318258924822755
Rp9,-0.4017877142388615,0.1644110316303592,-0.31554642734385663,0.2943639823243652,-0.21444110150556117,0.5950207078559016,Rp9,FALSE,FALSE,FALSE,FALSE,0.3105917476960931,FALSE,FALSE,0.08318143057354156
Nradd,-0.6598535647753907,0.0777238041885872,-0.1950390580139325,0.5821053722723082,-0.07679343611951417,0.8859438143347875,Nradd,FALSE,FALSE,FALSE,FALSE,0.3105620196362791,FALSE,FALSE,0.08317339247781841
Csnk2b,-0.41989502691422764,0.0477807385576688,-0.23783700567398558,0.25072760760925006,-0.2738971915849282,0.30114218577050056,Csnk2b,FALSE,FALSE,FALSE,FALSE,0.3105430747243805,FALSE,FALSE,0.08316827001048414
Zc3hc1,-0.43159748657880037,0.0900966269702164,-0.29763393732051435,0.24145468895197927,-0.20231991066437915,0.5403758976649078,Zc3hc1,FALSE,FALSE,FALSE,FALSE,0.3105171115212313,FALSE,FALSE,0.08316124988493613
Proser1,0.2743291826798986,0.14139478463581345,0.22933039072379113,0.24462375398822525,0.4275580131223622,0.1002620105675008,Proser1,FALSE,FALSE,FALSE,FALSE,0.31040586217535066,FALSE,FALSE,0.08313116945261316
Trim36,0.0609129553246127,0.9185621471263703,0.44770553340457536,0.36833597979706445,0.4225332455998298,0.5212893631595337,Trim36,FALSE,FALSE,FALSE,FALSE,0.310383911443006,FALSE,FALSE,0.08312523424900808
Mindy3,0.47943624493172354,0.09230460330460367,0.3890141044855078,0.1977353512548245,0.06265293591806298,0.8988443503559427,Mindy3,FALSE,FALSE,FALSE,FALSE,0.31036776177843145,FALSE,FALSE,0.08312086758160499
Syn1,0.3616043831527884,0.05497083575495276,0.26111501070454946,0.18184581122353816,0.3082409242684667,0.20641585165761314,Syn1,FALSE,FALSE,FALSE,FALSE,0.3103201060419349,FALSE,FALSE,0.08310798206623285
Stat5b,-0.26474448474988765,0.15151558791063413,-0.3505233038748763,0.11278448655616846,-0.3156620609367131,0.21630363760838192,Stat5b,FALSE,FALSE,FALSE,FALSE,0.3103099498538257,FALSE,FALSE,0.08310523595993749
Mthfd2l,0.3683478632544368,0.2228927954825003,0.2571503841404743,0.4281459436670258,0.3053542528831663,0.4691096351702487,Mthfd2l,FALSE,FALSE,FALSE,FALSE,0.31028416675935916,FALSE,FALSE,0.0830982645335256
Qsox1,-0.24829284726742085,0.25402604463825934,-0.4038385184069133,0.11882706904036362,-0.2785827951440094,0.35850693890724955,Qsox1,FALSE,FALSE,FALSE,FALSE,0.3102380536061145,FALSE,FALSE,0.08308579611337989
Gm34653,-0.48181057647127035,0.6636525573944406,-0.10861781576204144,0.9306273582385759,0.3400308439813453,0.8256031384808236,Gm34653,FALSE,FALSE,FALSE,FALSE,0.310153078738219,FALSE,FALSE,0.08306281997142914
Bmpr1b,0.26545815492430336,0.5907477888416193,-0.16040939246203456,0.7824344771669626,0.5041878285131418,0.4141341885317196,Bmpr1b,FALSE,FALSE,FALSE,FALSE,0.3100184586331599,FALSE,FALSE,0.08302642037799794
Lrfn1,-0.39960059632544365,0.22627488703013818,-0.37363172029804126,0.27716795387485016,-0.15658244246620123,0.7418555811886296,Lrfn1,FALSE,FALSE,FALSE,FALSE,0.30993825302989536,FALSE,FALSE,0.0830047337855796
Agpat2,-0.3849383710776486,0.17335852188337034,-0.32048686496136813,0.2704164987298018,-0.22427341947942603,0.556702553310686,Agpat2,FALSE,FALSE,FALSE,FALSE,0.3098995518394809,FALSE,FALSE,0.08299426946752124
Chst1,0.3366047611386578,0.4299761520732134,0.1277952816354957,0.7998118566062874,0.46504915760701904,0.41131473290419535,Chst1,FALSE,FALSE,FALSE,FALSE,0.3098164001270575,FALSE,FALSE,0.08297178628401763
Ugdh,0.46335133734345657,0.05503611051032145,0.25063732625935753,0.3032806784906179,0.21535316901299595,0.5033931716280139,Ugdh,FALSE,FALSE,FALSE,FALSE,0.3097806108719367,FALSE,FALSE,0.08296210931685859
Cttn,-0.3948064648381928,0.058154938440980776,-0.24273939754153862,0.25483301736318936,-0.2916167827831053,0.2843331898942369,Cttn,FALSE,FALSE,FALSE,FALSE,0.3097208817209456,FALSE,FALSE,0.08294595930114503
Rpe,0.5198407349579588,0.03636194355613853,0.28898659858442777,0.22899082743933905,0.12017195843776918,0.7228636498567831,Rpe,FALSE,FALSE,FALSE,FALSE,0.3096664306600519,FALSE,FALSE,0.08293123641500884
Gm31126,0.7293429127176237,0.052093698003800544,0.01500289551122417,0.974903071791718,0.18464547372539725,0.7399063347114023,Gm31126,FALSE,FALSE,FALSE,FALSE,0.30966376065141504,FALSE,FALSE,0.08293051447805301
C1qtnf6,0.5918116758225435,0.11518754429983756,-0.1606420352857435,0.7283878889536912,-0.17622321157385734,0.7798302632672283,C1qtnf6,FALSE,FALSE,FALSE,FALSE,0.30955897422738143,FALSE,FALSE,0.08290218153900014
Shisa4,-0.4491832232390305,0.22613580192859598,-0.34808332890261795,0.3595620044610672,-0.1311343731118697,0.8110978596669324,Shisa4,FALSE,FALSE,FALSE,FALSE,0.30946697508450605,FALSE,FALSE,0.08287730612091002
Mrpl1,0.45920065965335954,0.029633515864581787,0.334549302828548,0.12160078926679321,0.13452446340504043,0.617663766828984,Mrpl1,FALSE,FALSE,FALSE,FALSE,0.30942480862898264,FALSE,FALSE,0.0828659048384878
Mdfi,-0.6589057616228315,0.3135759792559651,0.1481411186580532,0.8266645561793221,0.12115842597340296,0.9031232493234957,Mdfi,FALSE,FALSE,FALSE,FALSE,0.3094017687514292,FALSE,FALSE,0.08285967514363442
Thap6,0.299475733657256,0.18730225334561107,0.30235871617082877,0.20887571122746074,0.32628637310611897,0.28226235557434615,Thap6,FALSE,FALSE,FALSE,FALSE,0.3093736076447346,FALSE,FALSE,0.08285206073244519
Nedd9,-0.48128384117627787,0.06710886742837954,0.009492923875273895,0.9739006072883146,-0.43730655592820966,0.1888283766164475,Nedd9,FALSE,FALSE,FALSE,FALSE,0.3093611069932538,FALSE,FALSE,0.08284868071256388
Alad,-0.37680928213623055,0.1263280940225207,-0.3647704137857226,0.168236891018763,-0.18620401919976182,0.5789883390646107,Alad,FALSE,FALSE,FALSE,FALSE,0.309261238373905,FALSE,FALSE,0.08282167748641697
4930556M19Rik,-0.06025475338548203,0.9445262237994538,0.12218769458339951,0.8836727456948127,0.7452785633231183,0.4039491867541203,4930556M19Rik,FALSE,FALSE,FALSE,FALSE,0.3092403370973333,FALSE,FALSE,0.08281602604253294
Efcab1,0.5700469600325784,0.05800076642892327,0.33630579914098746,0.27297362600828773,-0.02127593088768709,0.9688448947437457,Efcab1,FALSE,FALSE,FALSE,FALSE,0.309209563353751,FALSE,FALSE,0.08280770520699163
Lmntd2,-0.2314641104271643,0.6167473705286388,-0.585458096302395,0.23271347098983267,-0.11070145104390838,0.8768790048946203,Lmntd2,FALSE,FALSE,FALSE,FALSE,0.3092078859244892,FALSE,FALSE,0.08280725165108993
Ctsa,-0.3986292423710509,0.03997235378245406,-0.3651436042946292,0.09266349833969459,-0.1637775000751347,0.5063999953312208,Ctsa,FALSE,FALSE,FALSE,FALSE,0.30918344891360494,FALSE,FALSE,0.08280064418885039
Cyba,-0.3290610800957059,0.26230305353193,-0.5125104642351013,0.13194198036716423,0.08596553386484951,0.8460079407423705,Cyba,FALSE,FALSE,FALSE,FALSE,0.3091790260652189,FALSE,FALSE,0.08279944830593981
Wnk4,0.3075446281496985,0.639407345082891,0.49123231590444855,0.44313286904945803,0.12874412847712843,0.9057514884053787,Wnk4,FALSE,FALSE,FALSE,FALSE,0.3091736908437585,FALSE,FALSE,0.08279800572875612
Ints2,0.36670818876866473,0.11947546204932527,0.3449244729965173,0.1802897981069247,0.21563223379925311,0.5138195973015232,Ints2,FALSE,FALSE,FALSE,FALSE,0.3090882985214784,FALSE,FALSE,0.08277491671235863
Lpp,0.4495471466635408,0.016531461885642206,0.2591480602652467,0.1150811320341958,0.21849162389245969,0.25213501024433027,Lpp,FALSE,FALSE,FALSE,FALSE,0.3090622769404157,FALSE,FALSE,0.08276788080215264
Higd2a,-0.32764527506162455,0.09538646781898426,-0.34729072759809565,0.1186408289080409,-0.25194197830132214,0.32856826596063826,Higd2a,FALSE,FALSE,FALSE,FALSE,0.3089593269870141,FALSE,FALSE,0.08274004442179969
Rbm3os,0.3728994429905596,0.42761627995732443,-0.42275966804029685,0.43739290961795535,-0.13107164653187017,0.8724691799258102,Rbm3os,FALSE,FALSE,FALSE,FALSE,0.30891025252090887,FALSE,FALSE,0.08272677529967787
Tmem126a,0.5126189926535032,0.04521102848369096,0.2910319550103466,0.2523705404310421,0.1230138078762435,0.7342904374456407,Tmem126a,FALSE,FALSE,FALSE,FALSE,0.30888825184669777,FALSE,FALSE,0.08272082659241646
Taf10,-0.4107607875207284,0.02402884468577471,-0.3444449783773891,0.0832332456633127,-0.1713115812395083,0.40633492597030013,Taf10,FALSE,FALSE,FALSE,FALSE,0.3088391157125419,FALSE,FALSE,0.08270754079602469
Abcc1,-0.4211789560391095,0.022606933826155737,-0.25330089904575104,0.1342732532566593,-0.2520368421924477,0.2142264092705122,Abcc1,FALSE,FALSE,FALSE,FALSE,0.30883889909243606,FALSE,FALSE,0.08270748222465618
Hebp2,-0.1502005573064753,0.6580237119263024,-0.36260754928501804,0.2924578036298034,-0.4137081923333734,0.3530416814783562,Hebp2,FALSE,FALSE,FALSE,FALSE,0.30883876630828894,FALSE,FALSE,0.08270744632148283
Galns,-0.5190613156066606,0.029887603850818716,-0.29356843416764944,0.17652470115952873,-0.11386378452591783,0.686813506456624,Galns,FALSE,FALSE,FALSE,FALSE,0.30883117810007593,FALSE,FALSE,0.08270539456484734
Arl5a,0.34695116715947183,0.056372716037947086,0.30860436300208605,0.12399227181825058,0.2709289997406126,0.2522575208173455,Arl5a,FALSE,FALSE,FALSE,FALSE,0.3088281766340568,FALSE,FALSE,0.08270458300595912
Entpd2,-0.6137997558642174,0.2073767801530104,0.02879620743113831,0.9571889931022003,-0.2837913966107243,0.6659769329187936,Entpd2,FALSE,FALSE,FALSE,FALSE,0.30879578663536,FALSE,FALSE,0.08269582515524074
Gm42944,0.3030500395458886,0.14974126184683947,0.44411109368655133,0.08726623232768742,0.1790881407025302,0.5476556305090331,Gm42944,FALSE,FALSE,FALSE,FALSE,0.3087497579783234,FALSE,FALSE,0.08268337958181335
Nfatc2,-0.24775942290969377,0.453021852151237,0.3092855401365662,0.32353850903206177,0.3689928091096921,0.3579947376999649,Nfatc2,FALSE,FALSE,FALSE,FALSE,0.3086792573853174,FALSE,FALSE,0.08266431710284003
Use1,-0.31223206470454734,0.06965279669630187,-0.27328217124964205,0.14536795913915812,-0.34032959498025317,0.1396697986803263,Use1,FALSE,FALSE,FALSE,FALSE,0.30861461031148085,FALSE,FALSE,0.08264683734227134
Medag,0.5373531409153318,0.15563422825353826,-0.1543675277090628,0.7375967575610445,-0.2338109999686666,0.698115092698876,Medag,FALSE,FALSE,FALSE,FALSE,0.3085105561976871,FALSE,FALSE,0.0826187024107522
Col15a1,0.2950459617049539,0.31706616674239885,-0.17379138395003135,0.6108450475321608,0.45653824132332366,0.2447201135662734,Col15a1,FALSE,FALSE,FALSE,FALSE,0.30845852899276965,FALSE,FALSE,0.08260463490496973
Ano10,-0.43299063076544897,0.031127836262948128,-0.2771007953120508,0.1544493242038216,-0.21522632547423015,0.3669470795533279,Ano10,FALSE,FALSE,FALSE,FALSE,0.3084392505172433,FALSE,FALSE,0.08259942224620065
Tspan31,-0.27375446837922635,0.1465913363742851,-0.38261252265084167,0.09808137538130882,-0.2687303824925156,0.29707755412989917,Tspan31,FALSE,FALSE,FALSE,FALSE,0.30836579117419455,FALSE,FALSE,0.08257955975820509
Rogdi,-0.3560917427218566,0.09664968865051357,-0.3382306262822077,0.14795876091439553,-0.23072646002466346,0.41852794595672804,Rogdi,FALSE,FALSE,FALSE,FALSE,0.3083496096762426,FALSE,FALSE,0.0825751844834547
Psmb7,-0.36767009200749534,0.024270611013764994,-0.2556924562551366,0.11278448655616846,-0.3012221314648702,0.12049300589085365,Psmb7,FALSE,FALSE,FALSE,FALSE,0.3081948932425007,FALSE,FALSE,0.08253335109398546
Gm33091,-0.2572725287114909,0.7015117408559508,-0.43094962811210363,0.5270507754257763,-0.23627799090026086,0.80660148337424,Gm33091,FALSE,FALSE,FALSE,FALSE,0.3081667159079518,FALSE,FALSE,0.08252573229498732
Mfsd6l,-0.37159515634514495,0.2542198300741111,-0.2969749450391259,0.37421500027528637,-0.25591406269054406,0.5672925498562474,Mfsd6l,FALSE,FALSE,FALSE,FALSE,0.3081613880249383,FALSE,FALSE,0.08252429170202794
Gm29216,0.2599146947085198,0.39949643590041817,0.31254086445825546,0.328912536789489,-0.35187868594153526,0.4396746481875857,Gm29216,FALSE,FALSE,FALSE,FALSE,0.3081114150361035,FALSE,FALSE,0.08251077963059307
Lilra6,0.08292525391047012,0.8810808313378379,-0.28871169235306104,0.5987899286949154,-0.552318040214915,0.44405590818333823,Lilra6,FALSE,FALSE,FALSE,FALSE,0.3079849954928154,FALSE,FALSE,0.082476597366544
Cxcl12,0.38150967463250396,0.20372854296641627,0.3065531265156034,0.33898154090022253,0.23579729296837737,0.5875937812117462,Cxcl12,FALSE,FALSE,FALSE,FALSE,0.3079533647054949,FALSE,FALSE,0.08246804479709036
Lrp10,-0.38711632220629877,0.0771803725031002,-0.29250809014518797,0.20347091595920547,-0.24417559225734298,0.4081648763702787,Lrp10,FALSE,FALSE,FALSE,FALSE,0.3079333348696099,FALSE,FALSE,0.08246262897987355
Junos,0.33066710401362065,0.43973068480119726,0.32701989233323725,0.46460378796168317,0.26580921497495036,0.6639649189738192,Junos,FALSE,FALSE,FALSE,FALSE,0.30783207044060273,FALSE,FALSE,0.082435248344245
Gm26888,-0.28934910083313625,0.5879984444199426,0.5082217831490604,0.2857152756860367,-0.12591995407753986,0.8776414134397387,Gm26888,FALSE,FALSE,FALSE,FALSE,0.30783027935324553,FALSE,FALSE,0.08243476405661519
H1f0,-0.2224367695217504,0.41953210388747,-0.4574498756128653,0.14438466649919943,-0.2435435427251571,0.5362398361134953,H1f0,FALSE,FALSE,FALSE,FALSE,0.3078100626199243,FALSE,FALSE,0.08242929770466816
Slc41a3,-0.31279317016554176,0.498456290693565,-0.39997056617160043,0.3994141748142066,-0.21061705160253075,0.7499518999892152,Slc41a3,FALSE,FALSE,FALSE,FALSE,0.307793595979891,FALSE,FALSE,0.08242484533106373
Ciapin1,-0.4223542650488765,0.04210605635563245,-0.21306718785905598,0.2729200424569962,-0.2878068448225033,0.2511398158114848,Ciapin1,FALSE,FALSE,FALSE,FALSE,0.30774276591014527,FALSE,FALSE,0.0824111015156655
C5ar1,0.2612655845089137,0.6818119266454072,0.2344166714903923,0.7270725251890764,0.4275367605972362,0.60351082939343,C5ar1,FALSE,FALSE,FALSE,FALSE,0.3077396721988474,FALSE,FALSE,0.08241026501480714
Particl,-0.31310748410959643,0.3553000482510673,-0.5625384708947121,0.14795876091439553,-0.047503506826757524,0.9338189684089776,Particl,FALSE,FALSE,FALSE,FALSE,0.307716487277022,FALSE,FALSE,0.0824039961017959
Arf4,0.4885860013197405,0.0413627575063542,0.27853742037113527,0.238415169634957,0.15594030549709093,0.6262787131906913,Arf4,FALSE,FALSE,FALSE,FALSE,0.3076879090626556,FALSE,FALSE,0.08239626890990677
M5C1000I18Rik,0.1454571939901009,0.7994608572652767,0.33015429424157805,0.5400929637828866,-0.44733326533868245,0.5700228149435639,M5C1000I18Rik,FALSE,FALSE,FALSE,FALSE,0.30764825119012046,FALSE,FALSE,0.08238554591696311
Ppib,-0.3336951219600106,0.07609276074433094,-0.2576594522779594,0.18852070861539796,-0.3315560423726094,0.17981836922664804,Ppib,FALSE,FALSE,FALSE,FALSE,0.3076368722035265,FALSE,FALSE,0.08238246918124448
Cit,-0.20599111710664664,0.47341222830901203,-0.6037326415013524,0.0940880714084882,0.11296965102520584,0.7850435928194189,Cit,FALSE,FALSE,FALSE,FALSE,0.30756446987773495,FALSE,FALSE,0.0823628924975008
Tbx19,-0.7241615030950408,0.023478178854300733,-0.09196504198628208,0.7620723303355719,-0.10639762640437045,0.7965465873015468,Tbx19,FALSE,FALSE,FALSE,FALSE,0.3075080571618978,FALSE,FALSE,0.08234763920439186
Lrrn2,-0.5813852936569202,0.13034511701489507,-0.3129455131793373,0.42315086954532966,0.02817981124885094,0.9674806741726476,Lrrn2,FALSE,FALSE,FALSE,FALSE,0.30750353936170277,FALSE,FALSE,0.0823464176476992
Lactb,0.15442644228657176,0.5781961102119464,0.41962565785686,0.14374366628244586,0.34830562124609976,0.3190476864790385,Lactb,FALSE,FALSE,FALSE,FALSE,0.30745257379651053,FALSE,FALSE,0.08233263719602615
Dcaf17,0.4437161919317516,0.03989274916517326,0.2577255620494814,0.22313417276152472,0.22071149410239688,0.41852794595672804,Dcaf17,FALSE,FALSE,FALSE,FALSE,0.30738441602787664,FALSE,FALSE,0.08231420818747381
Megf9,0.4226975844776364,0.028371941411417384,0.3610481770739167,0.08932363389894,0.13821031844697984,0.5674670232538525,Megf9,FALSE,FALSE,FALSE,FALSE,0.3073186933328443,FALSE,FALSE,0.08229643759238084
C330013E15Rik,0.21455207850360725,0.622820890244838,-0.4588336934896628,0.33898154090022253,0.24850621958565255,0.6741104851416437,C330013E15Rik,FALSE,FALSE,FALSE,FALSE,0.30729733052630753,FALSE,FALSE,0.08229066135656415
4930505A04Rik,0.14872969745332393,0.7372694124262656,0.5726625281375297,0.1696384291254824,0.20031939271750926,0.7375481966833609,4930505A04Rik,FALSE,FALSE,FALSE,FALSE,0.30723720610278765,FALSE,FALSE,0.08227440446410038
Hist1h4n,-0.1999675265466232,0.4198518298833363,-0.41911247142065555,0.13849670483220658,-0.30262684861950007,0.3729885663587031,Hist1h4n,FALSE,FALSE,FALSE,FALSE,0.30723561552892625,FALSE,FALSE,0.0822739743928131
D730045B01Rik,-0.4121498530957093,0.5334681704474374,0.1729685865210342,0.7981710852428181,-0.3365163262710653,0.7130781784286742,D730045B01Rik,FALSE,FALSE,FALSE,FALSE,0.3072115886292696,FALSE,FALSE,0.08226747781952243
Nectin3,0.33163455294676414,0.1371594180652716,0.37354069580785243,0.13811054460570651,0.2162727336994088,0.4876608243615787,Nectin3,FALSE,FALSE,FALSE,FALSE,0.3071493274846751,FALSE,FALSE,0.08225064318439267
Trim33,0.3821573848912152,0.047304943841657954,0.29884792320652664,0.14219133257756708,0.24037509143368396,0.33006881779689473,Trim33,FALSE,FALSE,FALSE,FALSE,0.3071267998438086,FALSE,FALSE,0.0822445519919356
Ccdc58,-0.30424442418167663,0.2004992888166624,-0.30503050661463993,0.22366438848135464,-0.3120684183172271,0.32722722173139984,Ccdc58,FALSE,FALSE,FALSE,FALSE,0.30711444970451457,FALSE,FALSE,0.08224121266866793
Dusp4,-0.6595254151772567,0.10540238884788394,-0.16256577905445435,0.6891287043316529,0.09921495693103544,0.8621637413413279,Dusp4,FALSE,FALSE,FALSE,FALSE,0.30710205038758215,FALSE,FALSE,0.08223786004838164
Bet1,0.4788418046993659,0.049156722307058996,0.2878455944913041,0.24081099782149937,0.15365055717395038,0.6444753230168732,Bet1,FALSE,FALSE,FALSE,FALSE,0.3067793187882068,FALSE,FALSE,0.0821505974585961
Resp18,-0.43234383648844243,0.17048326733492522,-0.31449471906860804,0.35462659823353737,-0.17349791260521208,0.7186756725575926,Resp18,FALSE,FALSE,FALSE,FALSE,0.3067788227207542,FALSE,FALSE,0.08215046332815858
Fis1,-0.3070446573622876,0.043852808068040997,-0.3239082394390973,0.08120675934582743,-0.2893384152559113,0.13846274326631194,Fis1,FALSE,FALSE,FALSE,FALSE,0.3067637706857654,FALSE,FALSE,0.08214639344607326
Tspan33,-0.4375636237213496,0.2648168894569048,-0.4708610193361995,0.25496162769046354,-0.011865013372520217,0.9847544527698506,Tspan33,FALSE,FALSE,FALSE,FALSE,0.3067632188100231,FALSE,FALSE,0.08214624422577192
Gm27970,-0.10705762322274559,0.886300981778948,0.4375090092823672,0.49550943592385416,0.37546585483068784,0.6678204308472412,Gm27970,FALSE,FALSE,FALSE,FALSE,0.3066774957786002,FALSE,FALSE,0.08212306578975664
Lrp8os3,0.37065619593554233,0.46416473336962727,0.26835716088187545,0.6242292361161936,0.2809363998743871,0.7016917066467218,Lrp8os3,FALSE,FALSE,FALSE,FALSE,0.3066499188972683,FALSE,FALSE,0.0821156093458017
Nadk2,0.41931677500128917,0.10045156892207788,0.3506257437397533,0.19786657873886096,0.14994228990972136,0.6874527970583217,Nadk2,FALSE,FALSE,FALSE,FALSE,0.30662826955025463,FALSE,FALSE,0.0821097556330223
1700008J07Rik,-0.5618045092789057,0.14451309952434502,-0.14864848746372328,0.705860334460487,-0.20941059602946477,0.6831724968112778,1700008J07Rik,FALSE,FALSE,FALSE,FALSE,0.3066211975906979,FALSE,FALSE,0.0821078434635695
Ppp2r1a,-0.3600103847907654,0.04709133959033497,-0.31754397124364875,0.11340944553885948,-0.24217537513206366,0.29608240338247127,Ppp2r1a,FALSE,FALSE,FALSE,FALSE,0.3065765770554926,FALSE,FALSE,0.08209577862868142
Jph3,-0.1404081715311163,0.7275706494842854,-0.6785294004817621,0.13223655395769185,-0.1007162768124279,0.8692966030428528,Jph3,FALSE,FALSE,FALSE,FALSE,0.30655128294176875,FALSE,FALSE,0.08208893941654928
Gm31793,0.34391192904488443,0.533378516829366,0.3730062646281491,0.5108991074157299,0.20263307145343268,0.8099330912936741,Gm31793,FALSE,FALSE,FALSE,FALSE,0.30651708837548874,FALSE,FALSE,0.08207969363331652
Chd1l,-0.2907771742133276,0.1790816253827793,-0.36006358272031136,0.13849670483220658,-0.2685948878803974,0.3530416814783562,Chd1l,FALSE,FALSE,FALSE,FALSE,0.30647854827134546,FALSE,FALSE,0.08206927287097203
Lingo1,-0.10704754206033762,0.8531412585457278,-0.4412545509585961,0.43470373663080175,0.3709937659251672,0.582956997099467,Lingo1,FALSE,FALSE,FALSE,FALSE,0.306431952981367,FALSE,FALSE,0.08205667408708102
Gm10419,0.3932856586006921,0.2583279549718336,0.11154336496929207,0.7898138633181723,0.414459512229846,0.3758240347301949,Gm10419,FALSE,FALSE,FALSE,FALSE,0.3064295119332767,FALSE,FALSE,0.0820560140581946
Sdr42e1,-0.2906956532484575,0.1465913363742851,-0.29631414239147524,0.17026313196676432,-0.3321155282699064,0.2157661235667044,Sdr42e1,FALSE,FALSE,FALSE,FALSE,0.3063751079699464,FALSE,FALSE,0.08204130390665074
Arsa,-0.40595088985170413,0.11573763711294745,-0.40608804290223954,0.15202031156578022,-0.10707114362794456,0.781625710296795,Arsa,FALSE,FALSE,FALSE,FALSE,0.3063700254606294,FALSE,FALSE,0.08203992965967132
Eif5b,0.312443059099933,0.16723495564019167,0.3172192892270642,0.1992199383844262,0.2893947777618484,0.3566922191199575,Eif5b,FALSE,FALSE,FALSE,FALSE,0.3063523753629485,FALSE,FALSE,0.08203515729391418
Lamp2,0.4262928741725194,0.04270558426698573,0.3208403300408387,0.14466633271592472,0.17181764606044236,0.5340572342099397,Lamp2,FALSE,FALSE,FALSE,FALSE,0.3063169500912668,FALSE,FALSE,0.08202557874332668
4932438A13Rik,0.29093257428959696,0.08763271298372903,0.40654998836265754,0.07556490478840473,0.22145011667612913,0.3351862354367106,4932438A13Rik,FALSE,FALSE,FALSE,FALSE,0.3063108931094612,FALSE,FALSE,0.08202394101116886
D17Wsu92e,-0.48258029503654676,0.018647158665054384,-0.22312963589495016,0.19226839497108306,-0.2132059894676761,0.3225638205250668,D17Wsu92e,FALSE,FALSE,FALSE,FALSE,0.30630530679972434,FALSE,FALSE,0.08202243054285424
Lgals4,0.32416656364491725,0.6757279811734129,0.4289655710230116,0.5802433459312303,0.16548608478786053,0.8943337748557165,Lgals4,FALSE,FALSE,FALSE,FALSE,0.30620607315192977,FALSE,FALSE,0.0819955990050774
Ptbp1,-0.39820652727996375,0.04788006747963228,-0.23651884773420306,0.24110116874424262,-0.28383607728714555,0.2677770325853278,Ptbp1,FALSE,FALSE,FALSE,FALSE,0.3061871507671041,FALSE,FALSE,0.08199048262878204
Atg4b,-0.41131114831998694,0.02504287528015629,-0.2833582836830191,0.11713048511995162,-0.22380647256310038,0.28655887239452893,Atg4b,FALSE,FALSE,FALSE,FALSE,0.3061586348553688,FALSE,FALSE,0.08198277228274548
Abcf2,-0.37090608929890934,0.019108275622710627,-0.27108188882781725,0.08453473759992562,-0.27636562996826974,0.10937260069594278,Abcf2,FALSE,FALSE,FALSE,FALSE,0.3061178693649988,FALSE,FALSE,0.08197174980378634
Gm16675,-0.3145579428590345,0.6626007389744983,0.36149680797394346,0.585708869837165,-0.2420914044002057,0.8156459934397056,Gm16675,FALSE,FALSE,FALSE,FALSE,0.30604871841106124,FALSE,FALSE,0.08195305225034437
Ppara,0.3429132080936331,0.30246862375733585,0.26609896378383524,0.45282030447178295,0.30890770160329517,0.5013661036838792,Ppara,FALSE,FALSE,FALSE,FALSE,0.3059732911602545,FALSE,FALSE,0.0819326576646932
Rps27a,0.4482270008116771,0.12006536395896934,0.29192396347597693,0.3410043386007869,-0.1777275174785924,0.6734996583807101,Rps27a,FALSE,FALSE,FALSE,FALSE,0.30595949392208216,FALSE,FALSE,0.08192892706397999
Gm1821,-0.4473403815275213,0.44339384841116464,-0.3786729734596148,0.5312312523955143,-0.09169388599896028,0.9245947116617411,Gm1821,FALSE,FALSE,FALSE,FALSE,0.30590241366203214,FALSE,FALSE,0.08191349327526132
Smyd2,-0.3669388602830894,0.047587046247528415,-0.217789733131184,0.22470835068797287,-0.33292173632936617,0.1521466001677968,Smyd2,FALSE,FALSE,FALSE,FALSE,0.30588344324787986,FALSE,FALSE,0.08190836391243649
Atp10d,0.14756687081610098,0.7054727130962144,0.44145043427655806,0.22779082598084113,0.3285984931250142,0.4953771129853779,Atp10d,FALSE,FALSE,FALSE,FALSE,0.3058719327392244,FALSE,FALSE,0.0819052516147967
Bex2,-0.37842670919684807,0.022606933826155737,-0.23921646566315857,0.13078105459057643,-0.2998540268044927,0.12134744182846555,Bex2,FALSE,FALSE,FALSE,FALSE,0.30583240055483313,FALSE,FALSE,0.08189456260635582
Zmynd10,0.24561294607316594,0.5937550614000596,0.19928028792719538,0.686861094245623,0.4723843903120742,0.4172772790189841,Zmynd10,FALSE,FALSE,FALSE,FALSE,0.30575920810414514,FALSE,FALSE,0.08187477228271801
Trhde,-0.3516857381941916,0.5474955647748634,-0.5425263580748599,0.369824269575643,-0.022766804184111256,0.9812050334728056,Trhde,FALSE,FALSE,FALSE,FALSE,0.30565963348438757,FALSE,FALSE,0.08184784855038509
Lama1,-0.3016425988418714,0.25615571411517224,-0.28081100808096693,0.3162530583243335,-0.3344474445109462,0.3574572286911746,Lama1,FALSE,FALSE,FALSE,FALSE,0.3056336838112615,FALSE,FALSE,0.08184083208318618
Abcb1a,0.3663765938293886,0.4215119484642013,0.2993229063683196,0.5408777857251592,0.25108890078204116,0.7088382059094462,Abcb1a,FALSE,FALSE,FALSE,FALSE,0.30559613365991645,FALSE,FALSE,0.08183067899170227
Mettl26,-0.33939234867179024,0.0939099688637941,-0.33721130968474267,0.13371534873841176,-0.24015574781026672,0.3699733663106828,Mettl26,FALSE,FALSE,FALSE,FALSE,0.3055864687222665,FALSE,FALSE,0.08182806571338963
Gm17018,-0.4340724799376994,0.040047514712064296,-0.29423225969272604,0.1545207656078913,-0.1884304271841053,0.4582542446353049,Gm17018,FALSE,FALSE,FALSE,FALSE,0.3055783889381769,FALSE,FALSE,0.08182588104078263
Pmm1,-0.42984297272677363,0.058748640568550205,-0.361836994796108,0.13460721094597888,-0.12500897635604513,0.68236676006956265,Pmm1,FALSE,FALSE,FALSE,FALSE,0.3055629812929756,FALSE,FALSE,0.08182171500614158
Slc30a4,0.4257286154139148,0.07891730219490482,0.34206967010605727,0.18617772242478256,0.14879216108148885,0.667304825320646,Slc30a4,FALSE,FALSE,FALSE,FALSE,0.30553014886715363,FALSE,FALSE,0.08181283752865963
Rps6ka5,0.4402460333469467,0.06490926339909174,0.3183375329579512,0.20116227477483198,0.15796457983181433,0.6372343955628968,Rps6ka5,FALSE,FALSE,FALSE,FALSE,0.3055160487122374,FALSE,FALSE,0.08180902502304584
Cntn3,0.46414643160762625,0.28405116753491877,-0.25119107340420865,0.6344500450947996,0.20085127177916884,0.7669696688057195,Cntn3,FALSE,FALSE,FALSE,FALSE,0.30539625893033456,FALSE,FALSE,0.08177663536359223
Kifc2,0.338447139354781,0.315274392603472,-0.1663011420478111,0.6812239154638908,0.4113714675114477,0.36452411371933907,Kifc2,FALSE,FALSE,FALSE,FALSE,0.30537324963801327,FALSE,FALSE,0.08177041393860324
Paip1,0.40556123194653804,0.10303721710844499,0.3562825875985549,0.18714316511102974,0.15420894687421427,0.6696479533644326,Paip1,FALSE,FALSE,FALSE,FALSE,0.30535092213976905,FALSE,FALSE,0.08176437686220912
Hist1h4a,-0.3584425323040388,0.3141510399333476,-0.36512251839264165,0.32517600587260753,-0.19240078415567607,0.7037178753758783,Hist1h4a,FALSE,FALSE,FALSE,FALSE,0.3053219449507855,FALSE,FALSE,0.08175654179257137
Thop1,-0.3455813996316719,0.04319097603834823,-0.42576333070984784,0.0704576830990092,-0.14450965432961116,0.5013401313807128,Thop1,FALSE,FALSE,FALSE,FALSE,0.30528479489037696,FALSE,FALSE,0.08174649688067488
Cap1,-0.34458787288560533,0.029145667209587757,-0.2460608984669106,0.12486603803841076,-0.3251400355494303,0.10101098238561386,Cap1,FALSE,FALSE,FALSE,FALSE,0.30526293563398205,FALSE,FALSE,0.08174058641102301
Lrrc46,-0.09080730332682044,0.8556732028696301,-0.34401273024487944,0.4772354996990939,-0.4808720809503533,0.450453791715306,Lrrc46,FALSE,FALSE,FALSE,FALSE,0.3052307048406844,FALSE,FALSE,0.08173187160745422
Muc5b,0.43244876142044214,0.5806521809352628,0.09214442810020135,0.9222699718503002,-0.39088264189452326,0.7542311804984544,Muc5b,FALSE,FALSE,FALSE,FALSE,0.30515861047172227,FALSE,FALSE,0.08171237819138724
Vav1,-0.3315599128951776,0.3944380758494169,-0.4266761847643792,0.29508023323567045,-0.15713172711176115,0.7842715445684607,Vav1,FALSE,FALSE,FALSE,FALSE,0.30512260825710597,FALSE,FALSE,0.08170264364264297
H3f3a,-0.39636330525356644,0.028862531926961057,-0.2886198449970161,0.12032630107413,-0.23030363612363391,0.2875721650212734,H3f3a,FALSE,FALSE,FALSE,FALSE,0.30509559545807213,FALSE,FALSE,0.08169533971948946
Trappc3,-0.36355289660426227,0.027655801964198284,-0.27118351197726565,0.10727133316288569,-0.28048273876807617,0.14878932115340962,Trappc3,FALSE,FALSE,FALSE,FALSE,0.3050730491165347,FALSE,FALSE,0.08168924347060477
Usp53,0.36474066329710375,0.1455376831934861,0.40201843958426053,0.1544812483096782,0.14790137095736355,0.6930940634580646,Usp53,FALSE,FALSE,FALSE,FALSE,0.3048868246129093,FALSE,FALSE,0.08163889069294267
Hba-a2,0.49484408830983906,0.3994768319428058,0.02150096745286234,0.9774569122878872,0.3979729801676344,0.6430879831106097,Hba-a2,FALSE,FALSE,FALSE,FALSE,0.30477267864344526,FALSE,FALSE,0.0816080270498154
Spag4,0.0637456349330694,0.9351342099980415,0.6721278391498084,0.2913687912323456,0.17813905117378148,0.8667306917353391,Spag4,FALSE,FALSE,FALSE,FALSE,0.30467084175221976,FALSE,FALSE,0.08158049162755975
Ccdc13,-0.5265008074621497,0.24608204099123582,0.212093619531749,0.6275883291249957,0.1754104459924245,0.7749891809461196,Ccdc13,FALSE,FALSE,FALSE,FALSE,0.30466829099544107,FALSE,FALSE,0.08157980193481552
Ccl27a,-0.20245774051316623,0.4209450107910909,-0.2950021849115214,0.2662471023596863,-0.4164153571150635,0.22783761787033308,Ccl27a,FALSE,FALSE,FALSE,FALSE,0.30462509417991707,FALSE,FALSE,0.08156812205593038
Txn2,-0.26135749329591373,0.047705456792804406,-0.27709863164355397,0.08414847600606047,-0.37531071500244995,0.05475877694670262,Txn2,FALSE,FALSE,FALSE,FALSE,0.3045889466473059,FALSE,FALSE,0.08155834821501702
Gm15545,-0.3006635336642992,0.5023707741874207,-0.3330123362444892,0.47004906214433556,-0.280030884537135,0.6539032510393108,Gm15545,FALSE,FALSE,FALSE,FALSE,0.3045689181486411,FALSE,FALSE,0.08155293275936784
Ankdd1b,-0.23029854712326236,0.769803293626257,0.27076099540867926,0.7128690229464102,0.4125744710732461,0.6559264842423667,Ankdd1b,FALSE,FALSE,FALSE,FALSE,0.30454467120172923,FALSE,FALSE,0.08154637668805031
Actr1b,-0.27921876647359856,0.10159607246222006,-0.35302989793698814,0.09180503249903499,-0.2813328126390884,0.2252565824659257,Actr1b,FALSE,FALSE,FALSE,FALSE,0.30452715901655836,FALSE,FALSE,0.08154164161211176
Ndor1,-0.4648743685330816,0.09227267271813612,-0.18956331229980172,0.4813498317004146,-0.2589919706837789,0.46163282083593965,Ndor1,FALSE,FALSE,FALSE,FALSE,0.30447655050555406,FALSE,FALSE,0.08152795770342736
Ephx2,-0.5487787569869527,0.12830019175150933,-0.2638304120488484,0.4594605114346908,-0.10036329019554113,0.8513275863241275,Ephx2,FALSE,FALSE,FALSE,FALSE,0.3043241530771141,FALSE,FALSE,0.0814867513440003
Kif12,0.6494886868596073,0.2707509419514067,0.2561222573117683,0.7125631015134561,0.007249372498976281,0.9944579342792622,Kif12,FALSE,FALSE,FALSE,FALSE,0.30428677222345063,FALSE,FALSE,0.08147664402849299
Slc16a3,-0.6712095587063287,0.04535458321584738,-0.23195592217131833,0.4341265152179286,-0.009492495230856601,0.9838869890402369,Slc16a3,FALSE,FALSE,FALSE,FALSE,0.3042193253695012,FALSE,FALSE,0.08145840724238369
Fam83c,0.5001759818921971,0.25871637524934893,0.38125926207085836,0.41955941237361744,0.031202024204623535,0.9703486891162046,Fam83c,FALSE,FALSE,FALSE,FALSE,0.30421242272255966,FALSE,FALSE,0.08145654085294536
Oscp1,-0.37305758269050227,0.08398737895003384,-0.23059755771547596,0.2829813579899916,-0.3088965192903621,0.263937480222375,Oscp1,FALSE,FALSE,FALSE,FALSE,0.30418388656544676,FALSE,FALSE,0.08144882503281178
9030612E09Rik,-0.4329185441993979,0.15190688489185455,-0.15949458787019366,0.606975963462011,-0.32011668508002544,0.4224306863463716,9030612E09Rik,FALSE,FALSE,FALSE,FALSE,0.304176605716539,FALSE,FALSE,0.08144685638228993
Smtn,0.24707039661342534,0.5495020372899903,0.29553592487409275,0.4802761185377658,0.3698174811115782,0.4918152224753389,Smtn,FALSE,FALSE,FALSE,FALSE,0.3041412675330321,FALSE,FALSE,0.08143730137925616
Ttll7,0.5263927541498958,0.027910305702979202,0.30855042181526837,0.17996766021774446,0.07731468331071412,0.8162230695333773,Ttll7,FALSE,FALSE,FALSE,FALSE,0.30408595309195946,FALSE,FALSE,0.08142234504591328
Ctla2a,0.47128528461779584,0.3782875622231946,0.280761924880346,0.6409008310470077,-0.16019742354947486,0.8667306917353391,Ctla2a,FALSE,FALSE,FALSE,FALSE,0.3040815443492056,FALSE,FALSE,0.08142115297698929
Zbed3,0.37637206821370794,0.04469511801971611,0.17287628858189708,0.3477728721694165,0.3628195144329118,0.12751977623026692,Zbed3,FALSE,FALSE,FALSE,FALSE,0.30402262374283895,FALSE,FALSE,0.08140522158163402
Sms,0.33219646561019545,0.10683629907733029,0.2668161955002022,0.22061046713397056,0.31303221886987753,0.2546139087629604,Sms,FALSE,FALSE,FALSE,FALSE,0.30401495999342504,FALSE,FALSE,0.0814031493996022
Hrh1,0.3749728699604748,0.4299761520732134,0.06634733107300408,0.9091651128347881,0.47054165079832294,0.45629973648142663,Hrh1,FALSE,FALSE,FALSE,FALSE,0.3039539506106006,FALSE,FALSE,0.08138665322520595
1810041H14Rik,0.6268522995090461,0.18284179343632606,0.18964078608789658,0.7334278660169984,-0.09526579706775629,0.9137155754780841,1810041H14Rik,FALSE,FALSE,FALSE,FALSE,0.30391962755489965,FALSE,FALSE,0.0813773727000401
Tmem18,0.4070331186257743,0.05274178539993674,0.23003671694845718,0.2760659150674768,0.27459175167904437,0.30994114027169833,Tmem18,FALSE,FALSE,FALSE,FALSE,0.30388719575109197,FALSE,FALSE,0.08136860354574238
Srp19,0.5216607408053378,0.07481980243459208,0.36695894855245736,0.2289194397308168,0.023038340027565773,0.9672576142655462,Srp19,FALSE,FALSE,FALSE,FALSE,0.3038860097951203,FALSE,FALSE,0.08136828287807407
Nipsnap1,-0.4014390592593351,0.03546235054414237,-0.25042793075438574,0.1751640242634439,-0.25962874163953487,0.25542934587792965,Nipsnap1,FALSE,FALSE,FALSE,FALSE,0.3038319105510852,FALSE,FALSE,0.08135365511881815
2410131K14Rik,-0.3299465349876529,0.08711971703255927,-0.3425554327930733,0.11785504756847434,-0.23879518610077,0.34934931468959735,2410131K14Rik,FALSE,FALSE,FALSE,FALSE,0.3037657179604987,FALSE,FALSE,0.08133575746984181
Ccdc92,-0.3809829204490027,0.12520789134279095,-0.39123472177019014,0.1520578330457242,-0.13905588769670985,0.6946632333128433,Ccdc92,FALSE,FALSE,FALSE,FALSE,0.3037578433053009,FALSE,FALSE,0.08133362826152271
Abhd11os,-0.11040111001225561,0.8867355766709529,0.29808332743944166,0.6738425810907146,0.5027115565596769,0.565034693231984,Abhd11os,FALSE,FALSE,FALSE,FALSE,0.3037319980037914,FALSE,FALSE,0.08132664001510409
Lin7b,0.23680923767820716,0.516890939865482,-0.4101922853803954,0.3180005601478314,-0.26418089317518356,0.6274826732165347,Lin7b,FALSE,FALSE,FALSE,FALSE,0.3037274720779287,FALSE,FALSE,0.08132541626133248
Gm2423,-0.7063562955240195,0.27706542728790007,-0.13441202799366797,0.8468771031142535,-0.07027552712425772,0.947181725229002,Gm2423,FALSE,FALSE,FALSE,FALSE,0.30368128354731505,FALSE,FALSE,0.08131292746008853
Uchl1,-0.4753778412527909,0.02300251776828198,-0.3188269312527172,0.1156090072283418,-0.1164788528251055,0.6408282459841037,Uchl1,FALSE,FALSE,FALSE,FALSE,0.3035612084435379,FALSE,FALSE,0.08128046065316712
Ofd1,0.5161149597316497,0.025674156201095685,0.233934977576026,0.27110775784098745,0.1605278599947484,0.5753048836359105,Ofd1,FALSE,FALSE,FALSE,FALSE,0.30352593243414133,FALSE,FALSE,0.08127092246123548
Tfip11,-0.4329943609853846,0.028782156505429733,-0.20712494326882425,0.25072760760925006,-0.2703051577950646,0.2415883753498387,Tfip11,FALSE,FALSE,FALSE,FALSE,0.3034748206830911,FALSE,FALSE,0.081257102482734
Ptk7,-0.383889361695787,0.10915090517007948,-0.3428915960028478,0.18329357836478216,-0.18351074479452834,0.582725202961002,Ptk7,FALSE,FALSE,FALSE,FALSE,0.30343056749772107,FALSE,FALSE,0.08124513697464888
Zmat2,-0.3545275051075176,0.040146893909211764,-0.26936183850863404,0.13346607118761325,-0.28613933898523936,0.18233544799713558,Zmat2,FALSE,FALSE,FALSE,FALSE,0.3033428942004637,FALSE,FALSE,0.08122143121113354
Oplah,-0.47148364852522606,0.042680913280327644,-0.36661208589435956,0.12486603803841076,-0.07179650018067374,0.8218866922150716,Oplah,FALSE,FALSE,FALSE,FALSE,0.30329741153341977,FALSE,FALSE,0.08120913326657439
Ccbe1,-0.06622534408962699,0.9007022751716732,0.1641800280661847,0.7386774626094684,0.6794532016134089,0.21657941379412043,Ccbe1,FALSE,FALSE,FALSE,FALSE,0.3032861912564069,FALSE,FALSE,0.08120609944394236
Rhoc,-0.33455438276342164,0.11475684339286657,-0.22859803751355212,0.2969353341735995,-0.34666752278850765,0.22438733303947161,Rhoc,FALSE,FALSE,FALSE,FALSE,0.3032733143551605,FALSE,FALSE,0.08120261769082816
Togaram1,0.3564475912115048,0.10202062357472737,0.36977349004981264,0.13507794153901104,0.1834841794533446,0.552359896973369,Togaram1,FALSE,FALSE,FALSE,FALSE,0.3032350869048874,FALSE,FALSE,0.08119228146618147
Zfp574,-0.40162949117388713,0.08514568980978891,-0.3127538018939271,0.19357019101902626,-0.195038901072893,0.5293244089977212,Zfp574,FALSE,FALSE,FALSE,FALSE,0.30314073138023573,FALSE,FALSE,0.08116676891191778
Dazap1,-0.3320400481660144,0.12965840929962819,-0.39191095484725835,0.12061995108359509,-0.1854567480636513,0.5372004012064351,Dazap1,FALSE,FALSE,FALSE,FALSE,0.30313591702564135,FALSE,FALSE,0.08116546717062295
Ppdpf,-0.3549136041087353,0.16352859557393667,-0.28285378692739815,0.2883805002121975,-0.27136016465418855,0.4342476156200617,Ppdpf,FALSE,FALSE,FALSE,FALSE,0.30304251856344067,FALSE,FALSE,0.0811402133940811
Col4a5,0.29128469508565935,0.33028938129255075,0.23722675929811565,0.46018698242880485,0.380615808358268,0.3503597242989102,Col4a5,FALSE,FALSE,FALSE,FALSE,0.30304242091401434,FALSE,FALSE,0.081140186990897
Sumo2,-0.33064831035365394,0.034951996629719685,-0.2695886444185476,0.10430132864445578,-0.3087008521099168,0.11795749549407653,Sumo2,FALSE,FALSE,FALSE,FALSE,0.3029792689607061,FALSE,FALSE,0.08112311149222765
Cercam,-0.5463810132656924,0.2807654011985543,-0.285739372336578,0.583107572467148,-0.0767557119755462,0.9260668732862938,Cercam,FALSE,FALSE,FALSE,FALSE,0.30295869919260554,FALSE,FALSE,0.08111754968408981
Copz1,-0.3062457176629776,0.11449567217573732,-0.30322249618764197,0.15864351100306665,-0.2993439593460625,0.25716025112894175,Copz1,FALSE,FALSE,FALSE,FALSE,0.30293739106556067,FALSE,FALSE,0.08111178823292416
Alg6,0.46138507830660336,0.02095553687999382,0.1917073289334721,0.2615712330041375,0.25555301816865805,0.23811993020171965,Alg6,FALSE,FALSE,FALSE,FALSE,0.30288180846957785,FALSE,FALSE,0.08109675939384595
L3mbtl4,-0.6331683156112438,0.6263614403708772,0.22679502093065632,0.8586333019155533,-0.04860651621450873,0.9812050334728056,L3mbtl4,FALSE,FALSE,FALSE,FALSE,0.3028566175854696,FALSE,FALSE,0.08108994809371133
Eid1,0.4698424761776776,0.0866431771998863,0.2909709503909914,0.3098042707990291,0.14763240284197643,0.7143606280199408,Eid1,FALSE,FALSE,FALSE,FALSE,0.30281527647021517,FALSE,FALSE,0.0810787699729797
Oprm1,-0.18964819534615174,0.7590120907739849,-0.19996596610286985,0.7551711448084103,-0.5188005134955217,0.5298595407555036,Oprm1,FALSE,FALSE,FALSE,FALSE,0.3028048916481811,FALSE,FALSE,0.08107596204692936
Dnttip1,-0.359729876521246,0.08334092050500178,-0.3268424659461058,0.14062898365709017,-0.22182011538498658,0.40608108524542064,Dnttip1,FALSE,FALSE,FALSE,FALSE,0.30279748595077943,FALSE,FALSE,0.08107395963893559
Gpat4,-0.35279824889916434,0.040986524960017416,-0.2640377418846098,0.14076780587307383,-0.29148770587784156,0.17991730657020547,Gpat4,FALSE,FALSE,FALSE,FALSE,0.3027745655538719,FALSE,FALSE,0.08106776225015513
Gm15510,0.03337687774638316,0.9647529566687915,-0.6525146481925754,0.3716464508925747,0.2224088442178383,0.8187156095783097,Gm15510,FALSE,FALSE,FALSE,FALSE,0.30276679005226564,FALSE,FALSE,0.08106565985172759
Acsl4,0.3230817242061752,0.1572282204458033,0.3620298404544897,0.15770178933733603,0.22312399754277656,0.4895290636965754,Acsl4,FALSE,FALSE,FALSE,FALSE,0.30274518740114714,FALSE,FALSE,0.08105981876493448
Dab2,0.09056796131653311,0.7803511619363525,0.506985727585596,0.12061995108359509,0.3106607579785736,0.42976837247681743,Dab2,FALSE,FALSE,FALSE,FALSE,0.30273814896023427,FALSE,FALSE,0.08105791565850394
Ssbp1,0.4224955671112687,0.03832246279062812,0.2892511143545624,0.15772600433963196,0.19630427905498404,0.4452625450864419,Ssbp1,FALSE,FALSE,FALSE,FALSE,0.3026836535069384,FALSE,FALSE,0.08104318076921717
Atp5d,-0.44982561988418635,0.02300251776828198,-0.12886205220733338,0.46453248732374247,-0.3292582932392998,0.14825283123670416,Atp5d,FALSE,FALSE,FALSE,FALSE,0.30264865511027317,FALSE,FALSE,0.08103371764029747
Gm26804,0.2069058471487183,0.7400262401432495,0.4964372740901698,0.3870728038254774,0.20433126353293563,0.8166219510788234,Gm26804,FALSE,FALSE,FALSE,FALSE,0.30255812825727457,FALSE,FALSE,0.08100924031098394
Krt8,-0.3383049762413357,0.11017004208497047,-0.21565021127000428,0.33347106045451885,-0.3537131730158478,0.22047785603122869,Krt8,FALSE,FALSE,FALSE,FALSE,0.30255612017572925,FALSE,FALSE,0.08100869735083847
Ces2e,-0.07424527696362287,0.9229860356865932,-0.32102311495802144,0.666202267264656,-0.5123826655886268,0.6004853062189887,Ces2e,FALSE,FALSE,FALSE,FALSE,0.3025503525034237,FALSE,FALSE,0.08100713784435262
Erich3,-0.31022388820929425,0.15695424192012283,-0.3867926151119132,0.1286611338631953,-0.21053375275864905,0.4917013957233672,Erich3,FALSE,FALSE,FALSE,FALSE,0.3025167520266188,FALSE,FALSE,0.08099805269548682
2610507I01Rik,-0.4219913221957212,0.13715592023351678,-0.1856253990492358,0.5160626214823194,-0.2998704124908642,0.4203354653610545,2610507I01Rik,FALSE,FALSE,FALSE,FALSE,0.30249571124527375,FALSE,FALSE,0.08099236353125612
Gm43931,-0.15899864649597595,0.8735079107473803,0.34955825026728693,0.7042377193227982,-0.3988362500185839,0.7711798907702347,Gm43931,FALSE,FALSE,FALSE,FALSE,0.3024643822606156,FALSE,FALSE,0.08098389256546934
Arl13b,0.35742376523394626,0.07164125748642097,0.37153185452803417,0.10430132864445578,0.1784102892846171,0.5081910929107631,Arl13b,FALSE,FALSE,FALSE,FALSE,0.30245530301553253,FALSE,FALSE,0.08098143765110465
Cdc25b,-0.43269239544015914,0.23188337073078172,-0.3497202819332301,0.3560584337408121,-0.12457509629750874,0.824323366081102,Cdc25b,FALSE,FALSE,FALSE,FALSE,0.30232925789029935,FALSE,FALSE,0.08094735662501679
Ptprt,-0.24278750625515233,0.5146039114745962,-0.40489683029395485,0.2957730185554255,0.25900048546186394,0.5941949330120894,Ptprt,FALSE,FALSE,FALSE,FALSE,0.30222827400365704,FALSE,FALSE,0.08092005184453642
Plxnc1,-0.5199282933145808,0.051609680506440665,-0.37197916337735126,0.1688765638806634,0.014695436877887325,0.9733478957736887,Plxnc1,FALSE,FALSE,FALSE,FALSE,0.3022009645232731,FALSE,FALSE,0.08091266770245485
Isoc2a,-0.3239045769638764,0.10776418598100346,-0.3906005540043007,0.09968431829754035,-0.19195541477530265,0.4653466312395885,Isoc2a,FALSE,FALSE,FALSE,FALSE,0.3021535152478266,FALSE,FALSE,0.08089983801156954
Sh2b2,-0.3921728984773868,0.5290095355838288,0.010563151615819666,0.9872386800326817,0.5036829352410863,0.49763907169335814,Sh2b2,FALSE,FALSE,FALSE,FALSE,0.3021396617780976,FALSE,FALSE,0.0808960922065464
Gla,-0.2785595205417879,0.124246487360822,-0.2653785454560582,0.17502422655608488,-0.36238619637863945,0.14114928896260334,Gla,FALSE,FALSE,FALSE,FALSE,0.3021080874588285,FALSE,FALSE,0.08088755490534791
Klf3,0.3518348572600516,0.10049162037408749,0.26824925548278067,0.23815042089556535,0.2861531686225005,0.3253600376290708,Klf3,FALSE,FALSE,FALSE,FALSE,0.3020790937884443,FALSE,FALSE,0.08087971537934545
Poc1a,-0.19961651038663064,0.6185992204305817,-0.6102039901378324,0.16648780582271683,0.09641230375474896,0.8722920238991596,Poc1a,FALSE,FALSE,FALSE,FALSE,0.302077601426404,FALSE,FALSE,0.08087931186330678
Pcp4,-0.11397342720857062,0.7367833713023026,-0.4250103991685652,0.2167118482980791,-0.36699782482240306,0.3990218814716802,Pcp4,FALSE,FALSE,FALSE,FALSE,0.30199388373317965,FALSE,FALSE,0.08085667564567031
Lonp1,-0.3965546878173827,0.029633515864581787,-0.26503680410311325,0.14062898365709017,-0.24433722502725974,0.2596272457328866,Lonp1,FALSE,FALSE,FALSE,FALSE,0.30197623898258524,FALSE,FALSE,0.08085190472569852
Ndufaf3,-0.348164112265652,0.10302009335139935,-0.411300983644451,0.10095931193905984,-0.14640505450349117,0.6145965318459304,Ndufaf3,FALSE,FALSE,FALSE,FALSE,0.3019567168045314,FALSE,FALSE,0.08084662617281269
Xrra1,-0.0832248443851189,0.8672075006212515,-0.4850014939453835,0.3165188523730102,-0.3375491889244201,0.5983384258198506,Xrra1,FALSE,FALSE,FALSE,FALSE,0.30192517575164085,FALSE,FALSE,0.08083809786642707
Endou,0.18673755941897485,0.7345702846610904,-0.26571562266007676,0.6550084877994476,-0.4532677815783579,0.5599787778067897,Endou,FALSE,FALSE,FALSE,FALSE,0.30190698788580317,FALSE,FALSE,0.08083318009488336
1700018L02Rik,-0.3640876100849961,0.466503272086283,-0.18934609004131664,0.7215004392314425,-0.35225983274159467,0.6080566140115197,1700018L02Rik,FALSE,FALSE,FALSE,FALSE,0.3018978442893025,FALSE,FALSE,0.08083070778069984
Pip5k1c,-0.4448110727867425,0.05501175218210653,-0.3186668037830023,0.1853663579839753,-0.14211808290106376,0.657085548727619,Pip5k1c,FALSE,FALSE,FALSE,FALSE,0.3018653198236028,FALSE,FALSE,0.08082191357178495
Cers5,-0.46990255457560437,0.014989859019986373,-0.2229083307035138,0.14245759520038395,-0.21276569219569286,0.2449745403066099,Cers5,FALSE,FALSE,FALSE,FALSE,0.3018588591582703,FALSE,FALSE,0.08082016668864818
Ctgf,-0.6189357083793547,0.36047018776794115,0.1823222497831649,0.8081420796178124,-0.10431273216775505,0.9282933071065265,Ctgf,FALSE,FALSE,FALSE,FALSE,0.30185689677675825,FALSE,FALSE,0.08081963608522037
2300009A05Rik,0.4788670370593753,0.07894136584660481,0.4135711214259201,0.15559766000181793,0.012938863262542899,0.9793278079387262,2300009A05Rik,FALSE,FALSE,FALSE,FALSE,0.3017923405826128,FALSE,FALSE,0.08080218089738399
Tmem67,0.35401810826985614,0.02729861715777409,0.24015691977437914,0.13144440679314048,0.3111619394936058,0.11289515180952109,Tmem67,FALSE,FALSE,FALSE,FALSE,0.30177898917928037,FALSE,FALSE,0.08079857084483781
Kmt5a,-0.4386070844203358,0.08624426867460085,-0.22930061859795892,0.35878001822012523,-0.23742311903557,0.46750574491071817,Kmt5a,FALSE,FALSE,FALSE,FALSE,0.3017769406846216,FALSE,FALSE,0.08079801695749168
Pbx3,0.20239488921524496,0.23583389252414375,0.29665388270471427,0.12563562523247213,0.40627528796586754,0.0945307768205195,Pbx3,FALSE,FALSE,FALSE,FALSE,0.3017746866286089,FALSE,FALSE,0.08079740748892533
Cblb,0.2965572255688036,0.09040739329995418,0.32640856591695755,0.11025421348490946,0.28233721095854136,0.22972941281898646,Cblb,FALSE,FALSE,FALSE,FALSE,0.3017676674814342,FALSE,FALSE,0.08079550959928039
Sgk1,-0.4812999701106597,0.36167898071901894,0.1882246499404685,0.739101486813277,-0.23565696432183447,0.76396457272146,Sgk1,FALSE,FALSE,FALSE,FALSE,0.3017271947909876,FALSE,FALSE,0.08078456628976005
Gm7331,-0.7125385404592193,0.238492373011703,-0.07302592555443738,0.911355214025614,-0.11952932222808882,0.899722477455269,Gm7331,FALSE,FALSE,FALSE,FALSE,0.30169792941391516,FALSE,FALSE,0.0807766532976659
Fbxl19,-0.3543152849481457,0.085544325732411,-0.3887319412852448,0.1020986691192792,-0.16186875706653314,0.5528493575251785,Fbxl19,FALSE,FALSE,FALSE,FALSE,0.30163866109997456,FALSE,FALSE,0.08076062788652955
Snx16,0.2912953444542197,0.22087025018725395,0.41373759810668,0.128740417194296,0.19978124617830684,0.5570229928595926,Snx16,FALSE,FALSE,FALSE,FALSE,0.3016047295797355,FALSE,FALSE,0.08075145322765774
Panx1,-0.1951140260104678,0.41710300809365897,-0.36570804002132595,0.16829999198366957,-0.3439439090769332,0.2905546843384887,Panx1,FALSE,FALSE,FALSE,FALSE,0.30158865836957566,FALSE,FALSE,0.08074710777334757
Ror1,0.244740551460902,0.38970193752964644,0.39609900186345826,0.18598641846202824,0.2639223044334278,0.49499899883399556,Ror1,FALSE,FALSE,FALSE,FALSE,0.3015872859192627,FALSE,FALSE,0.08074673667994088
Shisa3,0.6185079788946599,0.4466809962216887,0.22100690293581216,0.8235399363566743,0.0648636412338186,0.9681737727548064,Shisa3,FALSE,FALSE,FALSE,FALSE,0.3014595076880969,FALSE,FALSE,0.08071218704367555
Slc44a4,-0.320617056874829,0.4379497124033255,-0.09991375842723094,0.8260453287167234,-0.48369660427888284,0.39068104797992104,Slc44a4,FALSE,FALSE,FALSE,FALSE,0.30140913986031426,FALSE,FALSE,0.08069856821272534
Gm35558.2,-0.3170710706402702,0.39677632331107426,-0.4287238637288525,0.27770029846172556,-0.15837160858096494,0.7712035767092684,Gm35558.2,FALSE,FALSE,FALSE,FALSE,0.3013888476500292,FALSE,FALSE,0.08069308145275088
Angpt2,0.6191268403865653,0.02584660685929393,0.13545223685400165,0.6202991293181928,0.14952470510978788,0.678296370864743,Angpt2,FALSE,FALSE,FALSE,FALSE,0.30136792745011826,FALSE,FALSE,0.0806874248922325
Thoc1,0.40182824660370997,0.09673031852464276,0.3381880820961456,0.19157596201585197,0.16408657540820393,0.6372343955628968,Thoc1,FALSE,FALSE,FALSE,FALSE,0.3013676347026865,FALSE,FALSE,0.08068734573698678
Myl6,-0.24891604102713938,0.08050663766433559,-0.2730592199841828,0.10354561839397618,-0.38203563687463493,0.07072404792980423,Myl6,FALSE,FALSE,FALSE,FALSE,0.3013369659619857,FALSE,FALSE,0.08067905329291192
Rbfox1,0.3257709040180231,0.6645659756103651,-0.10598179053928669,0.9059589266713349,0.4722434096363376,0.635161059465654,Rbfox1,FALSE,FALSE,FALSE,FALSE,0.3013320347312158,FALSE,FALSE,0.08067771994976038
H6pd,-0.26365897698757923,0.2894818859691354,-0.4903870813717006,0.10638366584973132,-0.14987354681466591,0.6849317259436086,H6pd,FALSE,FALSE,FALSE,FALSE,0.30130653505798194,FALSE,FALSE,0.08067082515690657
Fpgt,0.4530743779154136,0.03921674470274224,0.3399207465562375,0.1361723802795055,0.11075363449954345,0.7124687176113046,Fpgt,FALSE,FALSE,FALSE,FALSE,0.3012495863237315,FALSE,FALSE,0.08065542693111981
Gm44045,0.13516943776317003,0.8542109463903297,0.5741195733074378,0.3765690475633432,-0.1943953723371421,0.8628784281024926,Gm44045,FALSE,FALSE,FALSE,FALSE,0.3012281278025833,FALSE,FALSE,0.0806496248152688
Adgb,0.2165059586019975,0.4247998515075859,0.29731506374332817,0.2862846957775629,0.3897786439182145,0.26669296121677394,Adgb,FALSE,FALSE,FALSE,FALSE,0.30119988875451337,FALSE,FALSE,0.08064198932970609
Eprs,-0.30275848631572444,0.458058693867045,0.17431972324117595,0.7071839211579121,-0.4263999481536036,0.451989420787895,Eprs,FALSE,FALSE,FALSE,FALSE,0.30115938590350133,FALSE,FALSE,0.08063103786514592
Mnat1,0.33211822387646794,0.06848703651233247,0.34756955271575407,0.09955301218514566,0.22372474892004401,0.3509449722402551,Mnat1,FALSE,FALSE,FALSE,FALSE,0.30113750850408866,FALSE,FALSE,0.08062512248984886
Jpt1,-0.249224651655525,0.13855829794307029,-0.3233780466526843,0.10715411074758187,-0.3307799302357832,0.1523300829965553,Jpt1,FALSE,FALSE,FALSE,FALSE,0.30112754284799753,FALSE,FALSE,0.0806224279010292
Ssrp1,-0.38148835798453007,0.04843182292059848,-0.2764724868692525,0.16735829250672757,-0.24539791728748206,0.3220163915503734,Ssrp1,FALSE,FALSE,FALSE,FALSE,0.30111958738042155,FALSE,FALSE,0.08062027684205333
Fbxw8,-0.36011176599582306,0.06941390522982045,-0.3076999242461218,0.15197534624995201,-0.23544588290498147,0.37196772930315614,Fbxw8,FALSE,FALSE,FALSE,FALSE,0.3010858577156421,FALSE,FALSE,0.08061115676237428
Btbd7,0.3355574805290802,0.02584660685929393,0.3134664485006846,0.07556490478840473,0.2542141710710535,0.1545779944069366,Btbd7,FALSE,FALSE,FALSE,FALSE,0.30107936670027274,FALSE,FALSE,0.08060940167296697
Epb41l4b,-0.5568621516122043,0.05680961022878276,-0.18018745761457122,0.5362779838505993,-0.16587185441009478,0.6731131720188287,Epb41l4b,FALSE,FALSE,FALSE,FALSE,0.3009738212122901,FALSE,FALSE,0.08058086349251185
Dmrta1,0.54983701722802,0.25758050186745496,0.349972627238718,0.5108991074157299,-0.0029513095993447536,0.9965981392496323,Dmrta1,FALSE,FALSE,FALSE,FALSE,0.3009203180220276,FALSE,FALSE,0.08056639689874437
Shisa5,-0.4522618925893891,0.04687867283681176,-0.2665000359522729,0.23657587488263995,-0.18398306786870489,0.5366259856518361,Shisa5,FALSE,FALSE,FALSE,FALSE,0.3009149988034556,FALSE,FALSE,0.08056495864854164
Psmd4,-0.3897403067387639,0.03845760621921136,-0.2879723555204565,0.13670779375254333,-0.2249812419945867,0.3323108627355814,Psmd4,FALSE,FALSE,FALSE,FALSE,0.3008979680846024,FALSE,FALSE,0.08056035375507624
Syngr1,-0.3643737202350339,0.19607284107854384,-0.37327186242907917,0.21830855397045326,-0.1649976317476014,0.686813506456624,Syngr1,FALSE,FALSE,FALSE,FALSE,0.30088107147057147,FALSE,FALSE,0.08055578512187825
Lrrc8e,0.03768142769573202,0.9347482483355534,-0.6742993712229246,0.15412885058219658,-0.1906512407482246,0.746712452465362,Lrrc8e,FALSE,FALSE,FALSE,FALSE,0.3008773465556271,FALSE,FALSE,0.08055477795144497
Mta3,-0.3065743758702508,0.20921195213879842,-0.4048659504009491,0.14467768684462856,-0.19090297151907354,0.582654613205264,Mta3,FALSE,FALSE,FALSE,FALSE,0.3007810992634245,FALSE,FALSE,0.08052875388688575
Zfp472,0.41184384698416165,0.16199132268605498,0.38715228825805204,0.2185472426578392,-0.10304083914386775,0.8356426531394597,Zfp472,FALSE,FALSE,FALSE,FALSE,0.30067899146202715,FALSE,FALSE,0.08050114521390644
Rtl8c,-0.4083157169815248,0.057866366417955666,-0.3388983280251763,0.13709244228844267,-0.15480110419009652,0.5835671446005056,Rtl8c,FALSE,FALSE,FALSE,FALSE,0.30067171639893253,FALSE,FALSE,0.08049917812779614
Limk2,-0.4057332958945965,0.07683055424831345,-0.3148885606464029,0.18968093479987613,-0.18137055273991365,0.5603327662620621,Limk2,FALSE,FALSE,FALSE,FALSE,0.30066413642697104,FALSE,FALSE,0.0804971285981401
Ppp1r17,-0.6150587147349005,0.07458445247706183,-0.2539139454154915,0.43766877217182637,-0.0329072308990761,0.9525391049149642,Ppp1r17,FALSE,FALSE,FALSE,FALSE,0.3006266303498227,FALSE,FALSE,0.08048698742376796
Lcn2,-0.6197405656795496,0.08602640390421634,0.2677169392584515,0.40311398002074655,-0.01436517505473267,0.9798913391874379,Lcn2,FALSE,FALSE,FALSE,FALSE,0.30060755999757793,FALSE,FALSE,0.08048183103893233
Slc4a3,-0.4047972032611318,0.03212357593654226,-0.3157620016079088,0.10956679750621234,-0.18110110797566215,0.42815386672935,Slc4a3,FALSE,FALSE,FALSE,FALSE,0.3005534376149009,FALSE,FALSE,0.0804671970232769
Ghsr,0.10390728663562454,0.8488731316952847,0.46053371338829807,0.33806547626706696,-0.3370796080993286,0.6440346170487203,Ghsr,FALSE,FALSE,FALSE,FALSE,0.30050686937441706,FALSE,FALSE,0.08045460555323107
Neurod1,0.27124476896953587,0.5839921798845921,0.5075604044205559,0.2933319356075591,0.12265561750102938,0.8776229971007429,Neurod1,FALSE,FALSE,FALSE,FALSE,0.3004869302970404,FALSE,FALSE,0.08044921427598029
Gm43445,0.37065218197341127,0.597646178079792,0.372130865434876,0.6127413926046394,0.1586097092383178,0.8910329044496753,Gm43445,FALSE,FALSE,FALSE,FALSE,0.300464252215535,FALSE,FALSE,0.08044308240625524
Zfp131,0.4062677984204619,0.09906077173772845,0.32497944312814475,0.2138550876532609,0.17009395978022557,0.6317252402524346,Zfp131,FALSE,FALSE,FALSE,FALSE,0.3004470671096107,FALSE,FALSE,0.08043843576845591
Prpf4b,0.40938462677730314,0.09382525547531007,0.37302569655008444,0.16302366272243765,0.11892155957657735,0.7460856492790526,Prpf4b,FALSE,FALSE,FALSE,FALSE,0.3004439609679883,FALSE,FALSE,0.08043759590659319
Tstd2,-0.33662989815737365,0.07142712671608568,-0.3131978992992668,0.12652931320825933,-0.2514865380995781,0.29608240338247127,Tstd2,FALSE,FALSE,FALSE,FALSE,0.30043811185207286,FALSE,FALSE,0.0804360143787734
Vaultrc5,-0.13353329537797665,0.7304509889861338,-0.0930241123440676,0.8219258048129209,-0.6747139611328101,0.1957227309825472,Vaultrc5,FALSE,FALSE,FALSE,FALSE,0.3004237896182848,FALSE,FALSE,0.08043214182580902
Msc,-0.570548465624594,0.29331260800669695,-0.008331494285781227,0.9881742510898567,-0.3221772302616194,0.6677356565884597,Msc,FALSE,FALSE,FALSE,FALSE,0.3003523967239982,FALSE,FALSE,0.08041283807972469
Fbxo45,0.4076097710522868,0.022606933826155737,0.3493871457873894,0.07693255898992134,0.1438639163219353,0.4852773642745287,Fbxo45,FALSE,FALSE,FALSE,FALSE,0.3002869443872038,FALSE,FALSE,0.08039514058611931
Arf3,-0.41946804666429305,0.025520442629065665,-0.2715320720388501,0.13849670483220658,-0.20975166909696963,0.3437701280356783,Arf3,FALSE,FALSE,FALSE,FALSE,0.30025059593337095,FALSE,FALSE,0.08038531241861946
Trim7,-0.3976300365013077,0.48018608248248745,-0.4469386144503683,0.4414045628840372,0.0559759925343839,0.9525391049149642,Trim7,FALSE,FALSE,FALSE,FALSE,0.3001815478286866,FALSE,FALSE,0.08036664267432977
Ptpn18,0.054323475157249224,0.9134797496178544,0.5960033560231335,0.16399675219991716,-0.25018613828707625,0.6960677190389922,Ptpn18,FALSE,FALSE,FALSE,FALSE,0.3001709898224863,FALSE,FALSE,0.08036378792144598
Nfkbib,-0.35553228846430196,0.08534217574295343,-0.3283587987938339,0.1377974504204584,-0.21647994329318632,0.41208181177190123,Nfkbib,FALSE,FALSE,FALSE,FALSE,0.3001236768504407,FALSE,FALSE,0.08035099508529625
Ddx52,0.377804981342023,0.045166739880074996,0.2716512449947883,0.15993398030374678,0.250911639246544,0.29152801104282167,Ddx52,FALSE,FALSE,FALSE,FALSE,0.30012262186111843,FALSE,FALSE,0.08035070982937263
Rbm19,-0.42993509791694917,0.09399615261192887,-0.16535993672790283,0.514781433204728,-0.3049719007786327,0.3528838380244068,Rbm19,FALSE,FALSE,FALSE,FALSE,0.3000889784744949,FALSE,FALSE,0.08034161307822832
B4galt3,-0.3672513090731355,0.10540238884788394,-0.3173867369594294,0.18714316511102974,-0.21559262521294276,0.4803017475926207,B4galt3,FALSE,FALSE,FALSE,FALSE,0.3000768904151692,FALSE,FALSE,0.08033834461810764
Tubb4b,-0.3210968840138806,0.06384174153351509,-0.2624708462884797,0.15770178933733603,-0.31643147366164204,0.16732403498244977,Tubb4b,FALSE,FALSE,FALSE,FALSE,0.29999973465466745,FALSE,FALSE,0.0803174826650442
Sync,-0.41948003623166125,0.31753409426449625,0.20569970913963498,0.6227094338532371,0.27444718304112586,0.6082944726950605,Sync,FALSE,FALSE,FALSE,FALSE,0.2998756428041407,FALSE,FALSE,0.08028392978001775
Slc6a6,-0.5699017219208704,0.03994617398770833,-0.22616894366343132,0.40189770426842714,-0.10339877232442429,0.7948686692663985,Slc6a6,FALSE,FALSE,FALSE,FALSE,0.2998231459695753,FALSE,FALSE,0.08026973529224964
Gm45640,0.1667856920803903,0.6602695957228838,-0.3725812324990323,0.357273571790801,-0.36008009925492757,0.4990025911900669,Gm45640,FALSE,FALSE,FALSE,FALSE,0.29981567461145003,FALSE,FALSE,0.08026771513041704
Adap2,0.2295222430297683,0.5390279276970117,0.3088024880622833,0.4111036326228149,0.3610996311916277,0.45580933335024437,Adap2,FALSE,FALSE,FALSE,FALSE,0.2998081207612264,FALSE,FALSE,0.08026567266375235
Psme2,-0.3370167956021586,0.049369776587001805,-0.3621308254075517,0.08414847600606047,-0.20027612072160306,0.3588235537097898,Psme2,FALSE,FALSE,FALSE,FALSE,0.29980791391043776,FALSE,FALSE,0.08026561673388509
2210016L21Rik,-0.39072153295084977,0.04871537335396722,-0.3443235434165999,0.11036521115468788,-0.16407800838054953,0.5136451318462426,2210016L21Rik,FALSE,FALSE,FALSE,FALSE,0.29970769491599974,FALSE,FALSE,0.08023851877069434
Cpsf1,-0.42195175594876577,0.05129065847977124,-0.2978731229797633,0.17653426914519374,-0.17925771721667694,0.5238815518443666,Cpsf1,FALSE,FALSE,FALSE,FALSE,0.2996941987150687,FALSE,FALSE,0.0802348695666877
Atl3,0.43268345470924086,0.0380043780706344,0.2627945061925079,0.1995812088419037,0.2035122063988446,0.43997447008797846,Atl3,FALSE,FALSE,FALSE,FALSE,0.2996633891001978,FALSE,FALSE,0.0802265390319984
Nol8,0.3942428900663044,0.08575066174897954,0.3719155057624519,0.14175301147002217,0.13265276835583695,0.6893773649417326,Nol8,FALSE,FALSE,FALSE,FALSE,0.2996037213948644,FALSE,FALSE,0.0802104056304225
Ice2,0.2590140571889785,0.17859846094904355,0.3706125050674567,0.10430132864445578,0.2690024406181104,0.3037569258176577,Ice2,FALSE,FALSE,FALSE,FALSE,0.29954300095818187,FALSE,FALSE,0.08019398758345071
Socs7,-0.49749124224939933,0.019850968814593157,-0.24818599944906694,0.1752430485221149,-0.15293939525296185,0.5118118349290275,Socs7,FALSE,FALSE,FALSE,FALSE,0.2995388789838094,FALSE,FALSE,0.08019287305311197
Pycrl,-0.2743285009412304,0.06908039260571062,-0.3083901004379359,0.08898183009393343,-0.31585728287301107,0.12049300589085365,Pycrl,FALSE,FALSE,FALSE,FALSE,0.2995252947507258,FALSE,FALSE,0.08018920004631185
Snhg15,-0.19019755764189683,0.6475013580758275,-0.21269113613925983,0.6212490283772575,-0.4955465199264659,0.37073415209366395,Snhg15,FALSE,FALSE,FALSE,FALSE,0.29947840456920755,FALSE,FALSE,0.08017652152743511
Lin7c,0.4145141857181063,0.0782409355544878,0.3521711937872425,0.16732535388049358,0.13154551392848646,0.700682613974926,Lin7c,FALSE,FALSE,FALSE,FALSE,0.2994102978112784,FALSE,FALSE,0.08015810631153963
Tob1,0.37809658705572424,0.10132260342241298,0.2312321989614743,0.34183371636126963,0.2888499026954232,0.3588235537097898,Tob1,FALSE,FALSE,FALSE,FALSE,0.29939289623754056,FALSE,FALSE,0.08015340114354973
Hmgcll1,0.36676902032822944,0.07662369961463726,0.2852967701401772,0.19025808232305622,0.24592291236649721,0.37194227549994174,Hmgcll1,FALSE,FALSE,FALSE,FALSE,0.2993295676116346,FALSE,FALSE,0.08013627787481865
Gm24727,0.060839579902663976,0.9169736830780988,0.11592182720458832,0.8385585553666047,-0.7212229153440322,0.33208358919457537,Gm24727,FALSE,FALSE,FALSE,FALSE,0.2993281074837615,FALSE,FALSE,0.0801358830744958
Zfp991,0.5432145654330456,0.1465913363742851,0.31097779162192296,0.4424526168429689,0.04372243891541805,0.9515620989493591,Zfp991,FALSE,FALSE,FALSE,FALSE,0.29930493199012886,FALSE,FALSE,0.08012961671075003
Uhrf2,0.32527469506473317,0.04529800063681137,0.32185931118459976,0.08967000640739733,0.25074311729778476,0.2254765376051198,Uhrf2,FALSE,FALSE,FALSE,FALSE,0.2992923745157059,FALSE,FALSE,0.08012622132665552
Hccs,0.39739645646835076,0.09812614048306274,0.3190310901512179,0.20833035995769264,0.1813906455384391,0.5945391319915418,Hccs,FALSE,FALSE,FALSE,FALSE,0.2992727307193359,FALSE,FALSE,0.08012090988969744
Sin3b,-0.42140051365986864,0.019826893963781757,-0.27837299514083913,0.10218922768290042,-0.19792839040334886,0.30664459343901157,Sin3b,FALSE,FALSE,FALSE,FALSE,0.2992339664013522,FALSE,FALSE,0.08011042850273355
Akap11,0.33739844512697914,0.049369776587001805,0.36124454740241063,0.08508717706951348,0.19905381377110132,0.3715242216080237,Akap11,FALSE,FALSE,FALSE,FALSE,0.29923226876683034,FALSE,FALSE,0.08010996948358211
Dnajb2,-0.43401755303507095,0.04571502526579462,-0.19074126325666985,0.36833597979706445,-0.2728898455141149,0.3210596092378131,Dnajb2,FALSE,FALSE,FALSE,FALSE,0.2992162206019519,FALSE,FALSE,0.08010563026042793
Aebp2,0.2755866258015436,0.1610835134014809,0.4022964830541831,0.09660780210323533,0.21974968217681745,0.4245546263275381,Aebp2,FALSE,FALSE,FALSE,FALSE,0.2992109303441814,FALSE,FALSE,0.08010419984086387
Kif6,-0.3065230419526598,0.6178266723195968,0.05240457808888213,0.9386499742154301,-0.5386518877892376,0.5179191309160698,Kif6,FALSE,FALSE,FALSE,FALSE,0.2991931692769265,FALSE,FALSE,0.08009939747032123
Pax9,0.42707279226872685,0.5376462538727261,0.04869417764594261,0.955338571303155,0.4216273506470917,0.6584721442302853,Pax9,FALSE,FALSE,FALSE,FALSE,0.29913144018725374,FALSE,FALSE,0.08008270669619072
Ntn1,-0.512817029452008,0.061961687406834845,-0.2939068094609727,0.2783965464007964,-0.09013241768273073,0.8218866922150716,Ntn1,FALSE,FALSE,FALSE,FALSE,0.29895208553190383,FALSE,FALSE,0.08003421143961771
Siglech,0.20287617812588343,0.6566540814241387,-0.38639449709470186,0.43234684097561155,-0.30757560939118583,0.6423207840863889,Siglech,FALSE,FALSE,FALSE,FALSE,0.298948761537257,FALSE,FALSE,0.08003331267302072
Gm15535,0.11101512341512593,0.8603624423390122,0.32973978959579553,0.5744383916746166,0.4559928278582088,0.5412508422525819,Gm15535,FALSE,FALSE,FALSE,FALSE,0.29891591362304343,FALSE,FALSE,0.0800244310076713
Dusp5,-0.7205799161863922,0.13829305286587898,0.1535913706864136,0.7444184981587008,0.02247863857990451,0.9768235377710855,Dusp5,FALSE,FALSE,FALSE,FALSE,0.2988833084842368,FALSE,FALSE,0.08001561498575684
Gm49066,-0.25337662925623206,0.3346337820819009,-0.1803150987763278,0.5111782000661806,-0.4627742319023569,0.20226800695994418,Gm49066,FALSE,FALSE,FALSE,FALSE,0.2988219866449722,FALSE,FALSE,0.0799990343270454
Rtf2,-0.3513257139942647,0.03652150214521399,-0.2919304215435101,0.10317880250014048,-0.2530987692159252,0.214429045328152,Rtf2,FALSE,FALSE,FALSE,FALSE,0.29878496825123335,FALSE,FALSE,0.07998902501617033
Usp27x,-0.3305222676901747,0.0782409355544878,-0.21140348584348034,0.2602793568588211,-0.3543559573464843,0.15008742859157453,Usp27x,FALSE,FALSE,FALSE,FALSE,0.29876057029337977,FALSE,FALSE,0.07998242811338206
Lman2,-0.3175197112775434,0.07458445247706183,-0.2911202502406276,0.13890051294707056,-0.28751694653009086,0.22720949271668772,Lman2,FALSE,FALSE,FALSE,FALSE,0.2987189693494206,FALSE,FALSE,0.07997117973821699
Tax1bp3,-0.30171335948615186,0.2603357999753488,-0.2992657819047033,0.2847592434445976,-0.29517748116974607,0.41504127410235697,Tax1bp3,FALSE,FALSE,FALSE,FALSE,0.2987188741868671,FALSE,FALSE,0.07997115400745221
Snrnp48,0.24927837170340172,0.43114157132303904,0.3884052515367977,0.23802775548098032,0.2584010052996102,0.5572624935729553,Snrnp48,FALSE,FALSE,FALSE,FALSE,0.29869487617993656,FALSE,FALSE,0.07996466524639348
Sspo,0.030803434730830914,0.9636997403193435,0.4486594116801418,0.43235495566381127,0.4165188516015964,0.5886083323760776,Sspo,FALSE,FALSE,FALSE,FALSE,0.2986605660041897,FALSE,FALSE,0.0799553882038062
A530058N18Rik.1,0.3908803302001228,0.4078162175337869,0.19127237160919341,0.7239467996144686,0.3137816558117378,0.6430879831106097,A530058N18Rik.1,FALSE,FALSE,FALSE,FALSE,0.29864478587368465,FALSE,FALSE,0.07995112145379568
Vps72,-0.4280005717281883,0.04209061459922475,-0.3222020130243366,0.13277230751198113,-0.14567500496833308,0.579053990186208,Vps72,FALSE,FALSE,FALSE,FALSE,0.298625863240286,FALSE,FALSE,0.07994600501028931
2810455O05Rik,0.24920144745069497,0.6257568524711992,0.5674249573528073,0.24879505228091275,-0.07920985833528585,0.9294950688482757,2810455O05Rik,FALSE,FALSE,FALSE,FALSE,0.29861208771292935,FALSE,FALSE,0.07994228027990923
BC037032,0.2755013791934384,0.2603357999753488,0.33699567753287396,0.19513286283363523,0.2831915346641163,0.39379077406145113,BC037032,FALSE,FALSE,FALSE,FALSE,0.2985628637968096,FALSE,FALSE,0.07992897074837184
Robo2,0.4359710000932848,0.027022503434895078,0.31935082812429805,0.11429463603939145,0.14023327679734443,0.5675819772094107,Robo2,FALSE,FALSE,FALSE,FALSE,0.2985183683383091,FALSE,FALSE,0.07991693973266106
B4galnt1,-0.511156099027319,0.14220839085065445,-0.3222179391924862,0.3547725264727615,-0.06207601904012661,0.9096517207354082,B4galnt1,FALSE,FALSE,FALSE,FALSE,0.29848335241997725,FALSE,FALSE,0.07990747186610177
Mphosph8,0.21708222781940112,0.2147578464106987,0.3836068829257666,0.08525470443769087,0.2944692179277473,0.21920987253256827,Mphosph8,FALSE,FALSE,FALSE,FALSE,0.29838610955763833,FALSE,FALSE,0.07988117861182398
Hpf1,0.34947699730776494,0.061310859174074465,0.2858738677427497,0.15042119114497143,0.2594767188284375,0.28353098402318516,Hpf1,FALSE,FALSE,FALSE,FALSE,0.29827586129298406,FALSE,FALSE,0.07985136885934943
Tenm2,-0.3512971039093573,0.1802266087473724,-0.23219030748015967,0.39994172160440666,-0.31130537211567777,0.3859905709241194,Tenm2,FALSE,FALSE,FALSE,FALSE,0.29826426116839827,FALSE,FALSE,0.07984823233068243
Dhrs7,-0.2862112170016795,0.19007179899918494,-0.33805344205281784,0.16579757742966875,-0.2704757784165821,0.370809562392528,Dhrs7,FALSE,FALSE,FALSE,FALSE,0.29824681249035984,FALSE,FALSE,0.07984351442627853
Ttc34,0.4118377951230764,0.3034457339068438,-0.20188257198381548,0.6771162582032577,0.2808189982611127,0.628385690449761,Ttc34,FALSE,FALSE,FALSE,FALSE,0.2981797884560015,FALSE,FALSE,0.07982539196530074
Gucy1a1,0.5570206088768095,0.04571502526579462,0.24326326532133757,0.38179534840524687,0.09396766724508954,0.8243865507264321,Gucy1a1,FALSE,FALSE,FALSE,FALSE,0.29808384714774555,FALSE,FALSE,0.07979945063497537
Mfap3l,0.3114248872744314,0.08495972340231922,0.37442773188759393,0.08803823262798008,0.2083893760882134,0.3877901786542766,Mfap3l,FALSE,FALSE,FALSE,FALSE,0.2980806650834129,FALSE,FALSE,0.07979859024456096
Gsta4,-0.5539798755791909,0.040047514712064296,-0.13653420943750216,0.5827534880325388,-0.20370838477253628,0.5260666890406118,Gsta4,FALSE,FALSE,FALSE,FALSE,0.2980741565964098,FALSE,FALSE,0.07979683043104231
Cox6b2,-0.4221249967480458,0.6294158087120679,-0.10288710071728735,0.9122659930934655,0.3691965103850745,0.7365664190649,Cox6b2,FALSE,FALSE,FALSE,FALSE,0.2980695359501359,FALSE,FALSE,0.07979558106605567
Pcdha2,-0.177174042028863,0.7628250082797599,0.04450343839476356,0.9435046009359409,0.67244964377009,0.289054293552995,Pcdha2,FALSE,FALSE,FALSE,FALSE,0.29804237473123885,FALSE,FALSE,0.07978823701202663
Hist1h3h,-0.12585742108279452,0.7918482161338608,-0.4771512595300702,0.31282119422659854,0.2910391403031989,0.6105192888508725,Hist1h3h,FALSE,FALSE,FALSE,FALSE,0.29801594030535455,FALSE,FALSE,0.07978108947374211
Slc35e4,-0.38291353713098886,0.08900296927134747,-0.2922630509694475,0.20749772429406355,-0.21885550919926988,0.4618066899606207,Slc35e4,FALSE,FALSE,FALSE,FALSE,0.2980106990999021,FALSE,FALSE,0.07977967231731162
Rbm7,0.4368423665022618,0.07295663023056072,0.3278217535525396,0.20077036395090814,0.12921293953922053,0.716781694708183,Rbm7,FALSE,FALSE,FALSE,FALSE,0.297959019864674,FALSE,FALSE,0.07976569889818294
Agtrap,-0.37390673265908436,0.1277511918733802,-0.33655317507924654,0.2011709830200725,-0.1833319840367702,0.5985377692928441,Agtrap,FALSE,FALSE,FALSE,FALSE,0.2979306305917004,FALSE,FALSE,0.07975802279368434
Uba5,0.4379898692917257,0.0866431771998863,0.3074144010769748,0.2523705404310421,0.14826626452741465,0.6891969747868163,Uba5,FALSE,FALSE,FALSE,FALSE,0.29789017829870507,FALSE,FALSE,0.07974708499937982
Kcnq1,-0.5063582537016544,0.24481709146694652,-0.2134119526687721,0.6358226993314816,-0.17369436782043013,0.7794933771685367,Kcnq1,FALSE,FALSE,FALSE,FALSE,0.29782152473028556,FALSE,FALSE,0.0797285219327638
Abca6,0.001475393955923665,0.9979878043606287,0.38005523217171405,0.5043213605012007,0.5118726277843753,0.4793803885113061,Abca6,FALSE,FALSE,FALSE,FALSE,0.2978010846373377,FALSE,FALSE,0.07972299518716608
Nr3c2,0.4165094429936822,0.023478178854300733,0.2852608083890509,0.11660506728628543,0.19160070739280233,0.3683757381617897,Nr3c2,FALSE,FALSE,FALSE,FALSE,0.29779031959184515,FALSE,FALSE,0.079720084453446
Zfp747,-0.2628548089498941,0.17137243114802744,-0.3751422212560436,0.10381114606151486,-0.2549735933007282,0.3248219619173585,Zfp747,FALSE,FALSE,FALSE,FALSE,0.29765687450222195,FALSE,FALSE,0.07968400256949902
Phc3,0.3872060353056481,0.023298544871650877,0.26925368780303405,0.11278448655616846,0.2362537009690353,0.22883549576023568,Phc3,FALSE,FALSE,FALSE,FALSE,0.2975711413592392,FALSE,FALSE,0.07966082139944436
Homer3,-0.35947214993092347,0.33261330388365407,-0.18258352952021806,0.6418756390715776,-0.35064067714134073,0.48481238182758035,Homer3,FALSE,FALSE,FALSE,FALSE,0.2975654521974941,FALSE,FALSE,0.07965928312123254
Nudcd3,-0.322898948122023,0.06251180592307837,-0.3193742127663759,0.10805675285377522,-0.25012009116140277,0.268275498266197,Nudcd3,FALSE,FALSE,FALSE,FALSE,0.2974644173499339,FALSE,FALSE,0.07963196456155709
Adgrb2,-0.3963542386343466,0.1978322669391447,-0.3922432654112935,0.23278147441555527,0.10374943269711778,0.8270837424081617,Adgrb2,FALSE,FALSE,FALSE,FALSE,0.29744897891425265,FALSE,FALSE,0.07962779020155518
Tlr13,-0.15178170984438644,0.7850500605253145,0.5168481780574431,0.28172533037208597,0.22367451264248916,0.7512397136904151,Tlr13,FALSE,FALSE,FALSE,FALSE,0.2974348001814396,FALSE,FALSE,0.07962395644946044
Lcorl,0.38878597245376767,0.30184409103071336,0.4129684237634432,0.31075062795405345,0.09045746349253392,0.8901827965684321,Lcorl,FALSE,FALSE,FALSE,FALSE,0.2974039532365816,FALSE,FALSE,0.07961561582120932
Cnot7,0.39681660294425214,0.06293495602418972,0.35064090724985864,0.13491985356889308,0.1446630579807735,0.6282296160853685,Cnot7,FALSE,FALSE,FALSE,FALSE,0.2973735227249614,FALSE,FALSE,0.0796073877912996
Spata2,-0.29628025616411335,0.13054575837824178,-0.4290532462536274,0.08525470443769087,-0.1662211292555913,0.5313080892136965,Spata2,FALSE,FALSE,FALSE,FALSE,0.29718487722444403,FALSE,FALSE,0.07955638040634441
Elmod1,0.47558385290261196,0.026392833875682736,0.319736105307304,0.13277230751198113,0.09623446485208209,0.7311746409948466,Elmod1,FALSE,FALSE,FALSE,FALSE,0.2971848076873327,FALSE,FALSE,0.07955636160437884
Ephx4,0.6762936162718605,0.020563503979658112,0.17788594571374494,0.49020757311778435,0.03731054329148087,0.9330301710582226,Ephx4,FALSE,FALSE,FALSE,FALSE,0.2971633684256954,FALSE,FALSE,0.0795505646960588
Gspt2,-0.476548109960385,0.019282464252651503,-0.1447860660347997,0.3633130187722933,-0.26999293558004656,0.1935869377333868,Gspt2,FALSE,FALSE,FALSE,FALSE,0.29710903719174375,FALSE,FALSE,0.0795358742096297
Clk4,0.2910566417049463,0.2604287002350999,0.3786627373096598,0.18226428884297802,0.2214162856221975,0.5510282534209763,Clk4,FALSE,FALSE,FALSE,FALSE,0.2970452215456012,FALSE,FALSE,0.07951861925671522
Map3k11,-0.4461989906119115,0.05162925374563915,-0.29982521917774996,0.1931048080468359,-0.14505052393252704,0.6352446466639203,Map3k11,FALSE,FALSE,FALSE,FALSE,0.2970249112407295,FALSE,FALSE,0.07951312760419074
Snx8,-0.3332685644179043,0.1871728092637086,-0.24307138298136,0.34785560955803657,-0.314689596071434,0.35248228935837356,Snx8,FALSE,FALSE,FALSE,FALSE,0.2970098478235661,FALSE,FALSE,0.07950905464450769
Nrn1,-0.09127309803028605,0.9307639244236751,0.18832712515821548,0.8515462942269872,0.6111022545111916,0.598803497404075,Nrn1,FALSE,FALSE,FALSE,FALSE,0.2969008258998977,FALSE,FALSE,0.07947957647930441
Zfp281,0.45005518095836194,0.08308891755613992,0.33393114480658603,0.22141532666896793,0.10667666259254904,0.787969696283249,Zfp281,FALSE,FALSE,FALSE,FALSE,0.29688766278583234,FALSE,FALSE,0.07947601733782211
Apool,0.44362835421297087,0.05592661982153992,0.2096029517234519,0.3718259086467372,0.23737099295319597,0.4366664686673081,Apool,FALSE,FALSE,FALSE,FALSE,0.2968674329632062,FALSE,FALSE,0.07947054744669069
Ryr3,-0.7630561426816436,0.18421425394266763,-0.10982317123562524,0.853239939204169,0.017663102528535646,0.9835987005967498,Ryr3,FALSE,FALSE,FALSE,FALSE,0.29684747214860147,FALSE,FALSE,0.07946515029196517
Steap3,-0.1510519374276562,0.6068929673860473,-0.42680575761901185,0.1746713167438668,-0.31263165109420665,0.4245546263275381,Steap3,FALSE,FALSE,FALSE,FALSE,0.29682978204695826,FALSE,FALSE,0.07946036710963675
Lrrc27,-0.3209545742828226,0.15976520038355485,-0.3329939630032235,0.1755460247705263,-0.23643938314769564,0.43696528021659997,Lrrc27,FALSE,FALSE,FALSE,FALSE,0.2967959734779139,FALSE,FALSE,0.0794512256952309
Gm18529,0.1524647733926528,0.7548204125078137,0.3803690461739917,0.40211011800972374,0.3575373246737995,0.5563065276908937,Gm18529,FALSE,FALSE,FALSE,FALSE,0.29679038141348135,FALSE,FALSE,0.0794497136709185
Cspg5,-0.3743923366203421,0.3450172349031964,-0.42272403232759714,0.30934828867029823,0.09325074641626951,0.8798371927768469,Cspg5,FALSE,FALSE,FALSE,FALSE,0.29678903845473625,FALSE,FALSE,0.07944935055166306
Pgrmc1,0.41671493583863395,0.03763663419858371,0.30278348900645824,0.14100161741353892,0.1708383299370766,0.5027969816100225,Pgrmc1,FALSE,FALSE,FALSE,FALSE,0.29677891826072295,FALSE,FALSE,0.07944661417772124
B930082K07Rik,-0.38520008780798654,0.5970336906609619,0.4283554966883111,0.5155105287776534,0.07660405403628151,0.9482614276079533,B930082K07Rik,FALSE,FALSE,FALSE,FALSE,0.2967198795108597,FALSE,FALSE,0.07943065083784148
Pycr1,0.44826772522933833,0.29124773134388005,-0.3546077222543986,0.4657993893273176,-0.08719703838738191,0.9096517207354082,Pycr1,FALSE,FALSE,FALSE,FALSE,0.29669082862370627,FALSE,FALSE,0.07942279584113994
Tph2,0.6583307870126269,0.2038567850907144,0.014661989031575645,0.98353976528349,0.2169368305636892,0.7989359499371157,Tph2,FALSE,FALSE,FALSE,FALSE,0.2966432022026306,FALSE,FALSE,0.07940991825229111
Fmn1,0.4540806378108009,0.09022897114030357,0.09235458755082737,0.7670641321253646,0.34347795307931994,0.3332157601112203,Fmn1,FALSE,FALSE,FALSE,FALSE,0.29663772614698275,FALSE,FALSE,0.0794084375953038
Afap1l1,0.3183463011216223,0.43879643214389696,0.27544703594754516,0.5279356474917647,0.29592897804164364,0.607488208241083,Afap1l1,FALSE,FALSE,FALSE,FALSE,0.29657410503693704,FALSE,FALSE,0.07939123524251789
Pbld1,-0.6533994155193733,0.2622792170997384,0.16571281863117848,0.7785869538078545,0.07060232623896168,0.938907882023053,Pbld1,FALSE,FALSE,FALSE,FALSE,0.29657152012983784,FALSE,FALSE,0.07939053631595393
Kifc5b,0.1890314738427018,0.7173870612765072,0.20489984694952845,0.7013585524348225,0.4957782243253713,0.43208725836388395,Kifc5b,FALSE,FALSE,FALSE,FALSE,0.29656984837253386,FALSE,FALSE,0.07939008429367869
Cfap44,0.1139535559364504,0.8219145930130007,0.4915698476327577,0.273688756199674,0.2841702826117418,0.6537898753733887,Cfap44,FALSE,FALSE,FALSE,FALSE,0.2965645620603166,FALSE,FALSE,0.07938865494094291
Aplnr,0.705533551586977,0.07966104064908655,-0.07458641650410014,0.8836727456948127,0.10955071834432673,0.8743018494319442,Aplnr,FALSE,FALSE,FALSE,FALSE,0.2965568954784679,FALSE,FALSE,0.07938658199305614
Hist1h1d,0.4660193845437428,0.2060806068113145,-0.1906083082822443,0.6663539882381754,0.23303242593536044,0.6697532047625661,Hist1h1d,FALSE,FALSE,FALSE,FALSE,0.2965533729204492,FALSE,FALSE,0.07938562953740576
Mtx1,-0.34541979106932175,0.051194127976913736,-0.3993577982475669,0.07394508344349406,-0.14487537668877826,0.5115438366847329,Mtx1,FALSE,FALSE,FALSE,FALSE,0.2965509886685556,FALSE,FALSE,0.07938498486550087
Rnf40,-0.38706075112166705,0.040092613537548366,-0.27098824610085526,0.1554219416556397,-0.23145468801656843,0.3233280510811943,Rnf40,FALSE,FALSE,FALSE,FALSE,0.2965012284130302,FALSE,FALSE,0.07937153031449334
Gm15753,-0.15585771721553332,0.7721104809996294,-0.571158893654773,0.2917449702221051,-0.1624674509002808,0.8328401526503639,Gm15753,FALSE,FALSE,FALSE,FALSE,0.2964946872568624,FALSE,FALSE,0.07936976166764097
Ptprc,0.3047342681459888,0.25871637524934893,0.28386585279621634,0.31685663296764605,0.3004543026117319,0.41245719076191895,Ptprc,FALSE,FALSE,FALSE,FALSE,0.296351474517979,FALSE,FALSE,0.079331038733446
Gm43457,0.2664600870939395,0.6285007811185077,0.6015570782933736,0.2555016591680978,0.02083869194988275,0.9820279074263849,Gm43457,FALSE,FALSE,FALSE,FALSE,0.29628528577906527,FALSE,FALSE,0.07931314212591384
Chrna1,-0.3173516894305214,0.511129802214869,-0.13270725570906255,0.8021426530581721,-0.4387960261140697,0.5046303279894779,Chrna1,FALSE,FALSE,FALSE,FALSE,0.29628499041788453,FALSE,FALSE,0.07931306226394308
Kxd1,-0.20009324069142576,0.28613085597692334,-0.40051112792577737,0.09132508641051881,-0.2881842166554973,0.2608385322288701,Kxd1,FALSE,FALSE,FALSE,FALSE,0.29626286175756683,FALSE,FALSE,0.0793070789508385
Cfap36,0.47624850719047096,0.05927555903547881,0.33766905704917693,0.19798223216659347,0.07481764412996394,0.8519587778884545,Cfap36,FALSE,FALSE,FALSE,FALSE,0.2962450694565373,FALSE,FALSE,0.07930226813507366
Arpc3,-0.2751418575114961,0.06038840906767004,-0.2454194351921366,0.1288049914175184,-0.368153290788932,0.07945684796201677,Arpc3,FALSE,FALSE,FALSE,FALSE,0.2962381944975216,FALSE,FALSE,0.07930040923210432
Rps25-ps1,-0.4452741096311858,0.2478575201856139,-0.24076514688339357,0.5462037697356843,-0.2026523591194726,0.7083180929855255,Rps25-ps1,FALSE,FALSE,FALSE,FALSE,0.296230538544684,FALSE,FALSE,0.07929833915816928
Fam222a,-0.24013316667958984,0.5529350279848263,-0.4324035360650367,0.3006314438534572,-0.2161381489616785,0.7057522572795495,Fam222a,FALSE,FALSE,FALSE,FALSE,0.29622495056876835,FALSE,FALSE,0.07929682823934074
Dab2ip,-0.31045038511401213,0.11032552973925264,-0.3483584533209996,0.12288850697556022,-0.22986312366768757,0.3906282225321177,Dab2ip,FALSE,FALSE,FALSE,FALSE,0.29622398736756644,FALSE,FALSE,0.07929656780177737
Zfp961,0.4081399183641645,0.040457000377134976,0.3726424722327186,0.09278943644870202,0.1078537408956528,0.6893773649417326,Zfp961,FALSE,FALSE,FALSE,FALSE,0.2962120438308453,FALSE,FALSE,0.0792933384187622
4930544F09Rik,0.34534335497292235,0.47134223470477177,0.481742060030673,0.318697791268076,0.06153945615244483,0.9434530353461554,4930544F09Rik,FALSE,FALSE,FALSE,FALSE,0.29620829038534674,FALSE,FALSE,0.07929232353402373
Ssbp3,-0.36489122993353185,0.08758837286485231,-0.31826498601583886,0.16788999954272454,-0.20544164910898122,0.4802748256302139,Ssbp3,FALSE,FALSE,FALSE,FALSE,0.296199288352784,FALSE,FALSE,0.07928988949695924
Cactin,-0.4885748645945447,0.10277424314352014,-0.27663219142784357,0.35318532218206805,-0.12303911607394902,0.7730735839940973,Cactin,FALSE,FALSE,FALSE,FALSE,0.29608205736544574,FALSE,FALSE,0.07925819170356668
Spata33,-0.2700215457342061,0.35297774416374694,-0.33068356149747746,0.2797298326346747,-0.28751599661787575,0.4666448581849822,Spata33,FALSE,FALSE,FALSE,FALSE,0.29607370128318644,FALSE,FALSE,0.07925593232338879
Stc2,-0.4589685914561581,0.4803222659138737,-0.35898661497246165,0.589613069973149,-0.0701476793493403,0.9478530429673544,Stc2,FALSE,FALSE,FALSE,FALSE,0.29603429525932,FALSE,FALSE,0.07924527742717662
Yif1a,-0.28859369569692017,0.0920096038704162,-0.33223838864609334,0.10062210424956843,-0.26721154208652287,0.23882949069592688,Yif1a,FALSE,FALSE,FALSE,FALSE,0.2960145421431788,FALSE,FALSE,0.07923993643151907
Gpc4,0.35551331050585233,0.07973297150279592,0.09772384627029052,0.6606938866920491,0.4345704672875197,0.12102763859186647,Gpc4,FALSE,FALSE,FALSE,FALSE,0.2959358746878875,FALSE,FALSE,0.07921866573508325
Sf3b2,-0.36527118209365206,0.06025454499943422,-0.2749868411963199,0.1805877448834008,-0.2473029466027219,0.3333476334290978,Sf3b2,FALSE,FALSE,FALSE,FALSE,0.29585365663089797,FALSE,FALSE,0.07919643500033671
Flot2,-0.4141092028066833,0.05268865774388297,-0.3199043303734337,0.15070753687778124,-0.15349887292091502,0.5875937812117462,Flot2,FALSE,FALSE,FALSE,FALSE,0.295837468700344,FALSE,FALSE,0.07919205798629116
Ptgds,0.04616430801055493,0.9568626152808558,0.41963728003319734,0.6014181023355679,0.4216179040860739,0.6963753479700309,Ptgds,FALSE,FALSE,FALSE,FALSE,0.29580649737660875,FALSE,FALSE,0.07918368372754657
Chpf,-0.36604356984666353,0.08195197006558923,-0.29341475038685516,0.19049818271646915,-0.2279446105694669,0.4245546263275381,Chpf,FALSE,FALSE,FALSE,FALSE,0.29580097693432855,FALSE,FALSE,0.07918219106896879
Dhrs4,-0.34929532506700145,0.16643915309501706,-0.4173586956026294,0.1392040304410967,-0.1206620580511566,0.7375481966833609,Dhrs4,FALSE,FALSE,FALSE,FALSE,0.2957720262402625,FALSE,FALSE,0.07917436316322549
Itga3,-0.43683596095222654,0.13123083099639735,-0.27855483847588847,0.3647574863230212,-0.17192314273665854,0.686813506456624,Itga3,FALSE,FALSE,FALSE,FALSE,0.2957713140549245,FALSE,FALSE,0.07917417059721361
Josd1,-0.297289400906525,0.04606025036590062,-0.2481812490384705,0.12240252456424414,-0.34179861432783554,0.09426829161983405,Josd1,FALSE,FALSE,FALSE,FALSE,0.295756421424277,FALSE,FALSE,0.07917014381606935
Brdt,0.4323405542412613,0.08617622105057601,0.359354928643576,0.17812959620448013,0.09516800424878857,0.8089390730409027,Brdt,FALSE,FALSE,FALSE,FALSE,0.2956211623778753,FALSE,FALSE,0.07913357146088695
Rpn2,-0.23383599208631622,0.2639145922340004,-0.3674085662301536,0.13329311116485434,-0.28560450748610045,0.32856826596063826,Rpn2,FALSE,FALSE,FALSE,FALSE,0.29561635526752345,FALSE,FALSE,0.07913227167834475
Urah,0.5149781270904799,0.3346337820819009,-0.14394570157718534,0.8320381306956754,-0.22789725495957897,0.8007407999651911,Urah,FALSE,FALSE,FALSE,FALSE,0.29560702787574805,FALSE,FALSE,0.0791297496682167
2900026A02Rik,-0.4402936148389456,0.08033369240529972,-0.21730438157166532,0.4058096382653025,-0.22921006515358577,0.5061253882525248,2900026A02Rik,FALSE,FALSE,FALSE,FALSE,0.29560268718806554,FALSE,FALSE,0.07912857600053322
Arvcf,-0.3365326512056672,0.21698811455557343,-0.35282546392476544,0.22842575469431523,-0.19737078089111826,0.612367727599094,Arvcf,FALSE,FALSE,FALSE,FALSE,0.2955762986738503,FALSE,FALSE,0.07912144087619005
Prickle1,-0.44120635939044206,0.11170286494622342,-0.10824798821797277,0.7260984285256967,-0.3371057086574325,0.36965351671433244,Prickle1,FALSE,FALSE,FALSE,FALSE,0.29552001875528244,FALSE,FALSE,0.07910622348980255
Zfp58,0.3559065344555217,0.16849786082919574,0.4822313632216755,0.10890761169862719,-0.048269762316274,0.9189506147196018,Zfp58,FALSE,FALSE,FALSE,FALSE,0.2954692199978237,FALSE,FALSE,0.07909248814085526
Zfp874b,0.4091460636416153,0.07611384745331402,0.38195775707935553,0.13346607118761325,0.09521875694041793,0.7866121764372253,Zfp874b,FALSE,FALSE,FALSE,FALSE,0.2954408592204629,FALSE,FALSE,0.07908481974121412
Bicdl2,0.12438722941842953,0.8654153635292884,-0.3576240400428318,0.6355260668921416,-0.40429837461176105,0.6868188557589587,Bicdl2,FALSE,FALSE,FALSE,FALSE,0.29543654802434083,FALSE,FALSE,0.07908365404767988
Zfp955b,0.44900784412256467,0.06588702998894341,0.29662367314063953,0.23734411541864883,0.14051131835990383,0.6867045081950023,Zfp955b,FALSE,FALSE,FALSE,FALSE,0.2953809452077027,FALSE,FALSE,0.07906861974118927
Rictor,0.2932284486061345,0.07566807244544782,0.35442529374899134,0.08525470443769087,0.2383832269911883,0.27905960985566003,Rictor,FALSE,FALSE,FALSE,FALSE,0.29534565644877137,FALSE,FALSE,0.07905907810194283
Xpo4,0.39249903049937895,0.059584575477312746,0.3247105590386239,0.14859310527522157,0.1686936847647118,0.5538081417941548,Xpo4,FALSE,FALSE,FALSE,FALSE,0.2953010914342382,FALSE,FALSE,0.07904702827915039
Fam161b,0.3114911617168987,0.13021220015413357,0.1760447264071323,0.41913735870829794,0.39835117474808257,0.14496683563019952,Fam161b,FALSE,FALSE,FALSE,FALSE,0.29529568762403785,FALSE,FALSE,0.0790455671564289
Efr3b,-0.3741718740298525,0.1677466270637933,-0.32668774718123306,0.25383638809262404,-0.1848208782377645,0.6300148634601094,Efr3b,FALSE,FALSE,FALSE,FALSE,0.2952268331496167,FALSE,FALSE,0.07902694976734166
Kif26b,-0.1678346428647879,0.5966474984526148,0.1555076536797,0.6210458497470788,0.5623068988002651,0.13394247274527482,Kif26b,FALSE,FALSE,FALSE,FALSE,0.295216398448251,FALSE,FALSE,0.07902412835454363
Retreg1,0.44399925178648925,0.03421299746923567,0.29024278868701003,0.16286233946613668,0.15128348965510963,0.5741022733873479,Retreg1,FALSE,FALSE,FALSE,FALSE,0.2951751767095363,FALSE,FALSE,0.07901298251173595
Meaf6,-0.43607172654839665,0.04598045806588655,-0.2852354689685521,0.18208468921440862,-0.16416963819267938,0.5488215179412347,Meaf6,FALSE,FALSE,FALSE,FALSE,0.29515894456987607,FALSE,FALSE,0.07900859354410077
Fam160b2,-0.5172541951004801,0.09710172522929922,-0.3471099856985864,0.2619099061592897,-0.02109313081440156,0.9681997036345765,Fam160b2,FALSE,FALSE,FALSE,FALSE,0.29515243720448936,FALSE,FALSE,0.07900683403385315
Mitf,0.490452304830022,0.026285779611079727,0.2375932187935499,0.2458040094192524,0.15739382561557003,0.566243649836838,Mitf,FALSE,FALSE,FALSE,FALSE,0.29514644974638066,FALSE,FALSE,0.07900521510003382
Slc45a3,0.15443187880445852,0.7040628624631922,0.23591912654552027,0.5560890380472325,0.4950154752907272,0.30680584388598314,Slc45a3,FALSE,FALSE,FALSE,FALSE,0.2951221602135687,FALSE,FALSE,0.0789986475140213
Ak4,0.562341628689774,0.039365595251663506,0.11810320207491465,0.6799396826163678,0.20468853987803648,0.5692190310254651,Ak4,FALSE,FALSE,FALSE,FALSE,0.29504445688090836,FALSE,FALSE,0.07897763750429176
Zfp955a,0.5143338791937229,0.046754453245319856,0.35727265486267434,0.1773042269211828,-0.013373240894096305,0.976576459177527,Zfp955a,FALSE,FALSE,FALSE,FALSE,0.29499325831683115,FALSE,FALSE,0.0789637940526331
Gm37166,0.5073786033760307,0.574299192255533,0.01851538980056855,0.986181706741095,0.35905458518444766,0.7935418033670101,Gm37166,FALSE,FALSE,FALSE,FALSE,0.2949828594536823,FALSE,FALSE,0.07896098233004085
Tead4,0.384185768758863,0.5494052227872177,-0.2707663782072438,0.7200549700784775,0.22982295960555604,0.8160706567923424,Tead4,FALSE,FALSE,FALSE,FALSE,0.2949250355238876,FALSE,FALSE,0.07894534746232033
Usp16,0.38566260762487037,0.06376932579518337,0.3953617414975783,0.10129146595632706,0.10374348742418871,0.7324742330485581,Usp16,FALSE,FALSE,FALSE,FALSE,0.29492261218221244,FALSE,FALSE,0.07894469222102721
Sugt1,0.4426482777022107,0.039553942792223115,0.3216298049801054,0.1467138134029635,0.12044139295029233,0.6765392028715754,Sugt1,FALSE,FALSE,FALSE,FALSE,0.29490649187753615,FALSE,FALSE,0.07894033349217354
Gnpda2,0.45496005807390283,0.08564827580513065,0.3569177794901828,0.2008422315832144,0.07281036499666627,0.8681458594612189,Gnpda2,FALSE,FALSE,FALSE,FALSE,0.2948960675202506,FALSE,FALSE,0.07893751487628546
Ufc1,-0.23101185348214592,0.12118046006657077,-0.3189744919113684,0.08932363389894,-0.3346602965899077,0.11503532352487504,Ufc1,FALSE,FALSE,FALSE,FALSE,0.294882213994474,FALSE,FALSE,0.07893376905610774
Rwdd2b,-0.13789437825701167,0.5774807542151125,-0.3845779605724706,0.1551146534293681,-0.3619828623006054,0.2677770325853278,Rwdd2b,FALSE,FALSE,FALSE,FALSE,0.2948184003766959,FALSE,FALSE,0.07891651465163764
A230060F14Rik,0.2560586056906039,0.6641259206013722,0.5988873110194457,0.28375037562167504,0.0293145600457555,0.9773137750178806,A230060F14Rik,FALSE,FALSE,FALSE,FALSE,0.29475349225193503,FALSE,FALSE,0.0788989643061626
Tmx1,0.47290399879109124,0.036258336569021644,0.2319420741794449,0.28480543727913854,0.17928203050214453,0.5350274188384898,Tmx1,FALSE,FALSE,FALSE,FALSE,0.2947093678242269,FALSE,FALSE,0.07888703361253957
Trpc7,-0.4874470382952175,0.2509504907643819,-0.19185987462005039,0.6659979377710777,0.20475026102597926,0.7129067097194506,Trpc7,FALSE,FALSE,FALSE,FALSE,0.29468572464708237,FALSE,FALSE,0.078880640793019
Mc3r,-0.6962723502608876,0.1161961087221984,-0.020418395144887302,0.96646171554254,-0.16727568509643698,0.783446509362906,Mc3r,FALSE,FALSE,FALSE,FALSE,0.2946554768340706,FALSE,FALSE,0.07887246216252895
Gm8430,0.3994336717069131,0.3800002836289311,0.07758454672990178,0.8900489936831962,-0.40665915616011733,0.5678563445430064,Gm8430,FALSE,FALSE,FALSE,FALSE,0.29455912486564406,FALSE,FALSE,0.07884640979482739
Fbxo31,-0.3874167328627731,0.0866431771998863,-0.31477913718325734,0.18714316511102974,-0.1812672816656269,0.5572624935729553,Fbxo31,FALSE,FALSE,FALSE,FALSE,0.2944877172372191,FALSE,FALSE,0.07882710206481625
Il3ra,-0.4146770630741415,0.2581520657623216,-0.35923641425568736,0.34198813770430164,-0.1093137641446974,0.8449886751922291,Il3ra,FALSE,FALSE,FALSE,FALSE,0.29440908049150877,FALSE,FALSE,0.0788058396718672
Cavin3,-0.34443548209661357,0.11191810633482727,-0.17294136789170622,0.428065568511634,-0.3658037063030055,0.20291710289070308,Cavin3,FALSE,FALSE,FALSE,FALSE,0.2943935187637751,FALSE,FALSE,0.0788016319752357
Cdr2,-0.2674439869410694,0.17574607294384836,-0.15550103884432076,0.4643749834048076,-0.4600157213306675,0.10740167959497945,Cdr2,FALSE,FALSE,FALSE,FALSE,0.29432024903868587,FALSE,FALSE,0.07878182075756585
Hk3,0.2368249109237065,0.6038827098589326,-0.5198932701820639,0.30628840842591787,-0.1261522816480255,0.8662190796953145,Hk3,FALSE,FALSE,FALSE,FALSE,0.2942901542512653,FALSE,FALSE,0.07877368350328258
Otoa,-0.25948806232233596,0.7146124445955293,0.16512383141241566,0.8204493032521621,0.45821700167915574,0.5869831066754727,Otoa,FALSE,FALSE,FALSE,FALSE,0.29427629847130243,FALSE,FALSE,0.07876993707360107
Gm8186,0.016631876806826096,0.9709266674106342,-0.1806450107350861,0.6678274457855454,-0.6853456807148481,0.21748079165192427,Gm8186,FALSE,FALSE,FALSE,FALSE,0.2942075227522534,FALSE,FALSE,0.0787513409789819
Ccdc74a,0.7433817982996633,0.1347362984593035,-0.10982353086259461,0.8655906073549144,0.02914514602951472,0.976576459177527,Ccdc74a,FALSE,FALSE,FALSE,FALSE,0.2941168250639242,FALSE,FALSE,0.07872681745793071
Hnrnpr,0.40190372115489303,0.07539233805685423,0.3003328196353383,0.20622119745259915,0.1801039180805546,0.5682787914676843,Hnrnpr,FALSE,FALSE,FALSE,FALSE,0.29411348629026196,FALSE,FALSE,0.0787259146952727
Il15,0.3294851329591491,0.511689189561095,0.31954744877395863,0.5420693592483178,0.23282586680518297,0.7520055843307022,Il15,FALSE,FALSE,FALSE,FALSE,0.29395281617943025,FALSE,FALSE,0.0786824715059493
Cnot4,0.26800822264214386,0.08332206181508921,0.3582416513247333,0.07624695686650206,0.25555725227062176,0.21432651678753703,Cnot4,FALSE,FALSE,FALSE,FALSE,0.29393570874583297,FALSE,FALSE,0.07867784586977616
Cstf1,-0.3804835543219136,0.05789806379064433,-0.2637130757829258,0.19025808232305622,-0.23759020962286037,0.34766881727297455,Cstf1,FALSE,FALSE,FALSE,FALSE,0.2939289465758999,FALSE,FALSE,0.07867601746356472
Rprd2,0.31286697949260134,0.025846059005016353,0.27801778343546335,0.08181019512505758,0.29087917907018745,0.10022784058966161,Rprd2,FALSE,FALSE,FALSE,FALSE,0.2939213139994174,FALSE,FALSE,0.07867395371030383
Zc3hav1l,0.32795725867710335,0.07871303846249704,0.26623651557817674,0.17797327676743543,0.2874906931476602,0.23922238663759474,Zc3hav1l,FALSE,FALSE,FALSE,FALSE,0.29389482246764675,FALSE,FALSE,0.07866679073130158
Tbc1d30,-0.3295693995644111,0.21884894901306456,-0.25489898869051064,0.3621893055906952,-0.2969111802203108,0.4169495874309355,Tbc1d30,FALSE,FALSE,FALSE,FALSE,0.2937931894917442,FALSE,FALSE,0.07863931044519995
Kcnt1,-0.6091234741604952,0.038167379702754634,-0.2474223568502656,0.34183371636126963,-0.024665048705267534,0.9561016607246711,Kcnt1,FALSE,FALSE,FALSE,FALSE,0.29373695990534276,FALSE,FALSE,0.07862410666800101
Gm44129,0.17545286484503664,0.7885091566938685,0.2996967774036403,0.6422894389565286,0.40582321844445646,0.6211200957336809,Gm44129,FALSE,FALSE,FALSE,FALSE,0.29365762023104447,FALSE,FALSE,0.07860265421194958
Gm17484,0.37441199604352293,0.29450280464103473,0.2648502627896957,0.4909885333434505,0.241689356746298,0.6409726532544919,Gm17484,FALSE,FALSE,FALSE,FALSE,0.2936505385265055,FALSE,FALSE,0.07860073940757542
Tmem134,-0.36351491335393415,0.08969165069407142,-0.36240612722493193,0.1288049914175184,-0.15467361713542704,0.5965485349078742,Tmem134,FALSE,FALSE,FALSE,FALSE,0.29353155257143104,FALSE,FALSE,0.07856856709284701
Tm2d2,-0.2585659091694881,0.07863601658531666,-0.22857530801497017,0.1528795889478993,-0.3934098055017383,0.07072404792980423,Tm2d2,FALSE,FALSE,FALSE,FALSE,0.2935170075620655,FALSE,FALSE,0.07856463430415155
Snw1,-0.4143376018471532,0.0265581881447349,-0.2734564575640972,0.1336794898980985,-0.192632007049502,0.376084780912994,Snw1,FALSE,FALSE,FALSE,FALSE,0.29347535548691744,FALSE,FALSE,0.07855337210375221
Nutf2,-0.22400411025738975,0.31546149081043195,-0.3022653709822145,0.20623688387441186,-0.35411748761675366,0.24340161750380987,Nutf2,FALSE,FALSE,FALSE,FALSE,0.2934623229521193,FALSE,FALSE,0.07854984826927132
4933439K11Rik,-0.12218975657506925,0.7170887433876822,-0.09577645608734253,0.7878344251993196,-0.662381768626618,0.14782029754592185,4933439K11Rik,FALSE,FALSE,FALSE,FALSE,0.29344932709634325,FALSE,FALSE,0.07854633435233943
Faim2,-0.5007545041374115,0.11441037544914245,-0.3610771585349184,0.26940814973282334,0.018513503730616776,0.9732780826098703,Faim2,FALSE,FALSE,FALSE,FALSE,0.29344838880098223,FALSE,FALSE,0.07854608064900408
Ppa1,-0.20274544196755606,0.24270106502476466,-0.3050050450406694,0.13144440679314048,-0.37234902323315655,0.1306330155548047,Ppa1,FALSE,FALSE,FALSE,FALSE,0.293366503413794,FALSE,FALSE,0.07852393986401288
Csrp1,-0.39690330605294744,0.057425506690156475,-0.3339060358903527,0.13849670483220658,-0.14927797724892589,0.5999389162503753,Csrp1,FALSE,FALSE,FALSE,FALSE,0.293362439730742,FALSE,FALSE,0.07852284109491846
Sfn,-0.33522908313038835,0.3573745038414542,-0.23428034718636037,0.5370532747747121,-0.3101562061844563,0.5360624835920165,Sfn,FALSE,FALSE,FALSE,FALSE,0.293221878833735,FALSE,FALSE,0.07848483518561442
Pcdhgc4,-0.551717119351026,0.040047514712064296,-0.28010798264344494,0.2643376195868936,-0.047611251716802805,0.9052165136027727,Pcdhgc4,FALSE,FALSE,FALSE,FALSE,0.29314545123709124,FALSE,FALSE,0.0784641701189549
A530017D24Rik,0.556392830391599,0.051194127976913736,0.11572360973371065,0.7137078664539014,0.20725609913494591,0.597644460106093,A530017D24Rik,FALSE,FALSE,FALSE,FALSE,0.29312417975341853,FALSE,FALSE,0.07845841857569898
Rhbdf2,-0.3564773760573503,0.3392820824635016,-0.408200581252516,0.2940906381589807,-0.11417794545204085,0.8408866963245692,Rhbdf2,FALSE,FALSE,FALSE,FALSE,0.2929519675873024,FALSE,FALSE,0.0784118545589217
Pigs,-0.5236197500424185,0.02005871878534375,-0.18625013709813043,0.31310501101488347,-0.16881568717737938,0.4872459834987005,Pigs,FALSE,FALSE,FALSE,FALSE,0.2928951914393094,FALSE,FALSE,0.07839650299830135
B4galnt4,-0.3467015747159201,0.12830019175150933,-0.3861753574355453,0.13287841853167795,-0.14571126208633878,0.645989965404953,B4galnt4,FALSE,FALSE,FALSE,FALSE,0.2928627314126014,FALSE,FALSE,0.0783877262128842
Fkbp7,0.2860005754563879,0.21715882571460285,0.36229592480189776,0.15405691396796972,0.23013961418930506,0.47216897420637666,Fkbp7,FALSE,FALSE,FALSE,FALSE,0.29281203814919693,FALSE,FALSE,0.07837401938821033
Dpm1,0.3175833739142293,0.2690437611536026,0.3861342947570918,0.20462609758694458,0.17463930848483633,0.6799641825879892,Dpm1,FALSE,FALSE,FALSE,FALSE,0.2927856590520525,FALSE,FALSE,0.07836688681012538
Mettl27,-0.5222135073474337,0.17539891817254175,-0.28593374390549586,0.4630862287414723,-0.06989382249422471,0.9095075444166019,Mettl27,FALSE,FALSE,FALSE,FALSE,0.29268035791571806,FALSE,FALSE,0.07833841469930113
Gm10544,0.18733943028099054,0.6083448410870516,0.3667405073898897,0.29913348655956795,0.3237344664018411,0.4872459834987005,Gm10544,FALSE,FALSE,FALSE,FALSE,0.2926048013575738,FALSE,FALSE,0.07831798515056244
Crem,-0.16074378447677606,0.753377239669934,0.28556747216254674,0.5815534226304016,-0.43141428790706193,0.5188494791766933,Crem,FALSE,FALSE,FALSE,FALSE,0.2925751815154616,FALSE,FALSE,0.07830997631555293
1700029I15Rik,0.7921100561754815,0.14296828782390936,0.07327423067782968,0.9167119145366047,0.012274530158255637,0.9901796608639275,1700029I15Rik,FALSE,FALSE,FALSE,FALSE,0.2925529390038556,FALSE,FALSE,0.07830396221848333
Timp1,-0.11012108887501548,0.7732228032297453,-0.4838943410138874,0.21131351596952883,-0.2835088149949856,0.5656195682288591,Timp1,FALSE,FALSE,FALSE,FALSE,0.2925080816279628,FALSE,FALSE,0.07829183334483426
Chrm4,-0.23362363931486646,0.5815583845653073,-0.3357641358854928,0.4372517746434348,0.3081221865390634,0.5570229928595926,Chrm4,FALSE,FALSE,FALSE,FALSE,0.29250332057980755,FALSE,FALSE,0.07829054601693415
Napa,-0.41866061657680387,0.02584660685929393,-0.25063588397933234,0.16039410205092372,-0.20803800880200196,0.3460113497139144,Napa,FALSE,FALSE,FALSE,FALSE,0.29244483645271274,FALSE,FALSE,0.07827473264011726
Perm1,0.01027522542502357,0.9845245559595894,0.5280701414723188,0.2418725836381834,0.3389212587270487,0.5821024448198329,Perm1,FALSE,FALSE,FALSE,FALSE,0.29242220854146367,FALSE,FALSE,0.0782686143358023
Triqk,0.504718452124929,0.04926685976749378,0.18742858677308938,0.47146195192402135,0.1847512724225906,0.596242609438247,Triqk,FALSE,FALSE,FALSE,FALSE,0.2922994371068697,FALSE,FALSE,0.07823541847473665
2310043P16Rik,0.16352174609349218,0.7699222966521696,0.2841906351733762,0.5998818471268327,0.4291790548219318,0.52681363362745115,2310043P16Rik,FALSE,FALSE,FALSE,FALSE,0.2922971453629334,FALSE,FALSE,0.07823479881582693
Cnnm1,0.2594984963367416,0.6306507524532603,-0.0828006678318155,0.8960844905744875,0.5345908208816287,0.42622384861442497,Cnnm1,FALSE,FALSE,FALSE,FALSE,0.29229666168339524,FALSE,FALSE,0.07823466803492661
Sestd1,0.2838290021920189,0.05938451716834093,0.28521430017921023,0.10069442807404672,0.3077809085983034,0.1271905710602574,Sestd1,FALSE,FALSE,FALSE,FALSE,0.2922747369898442,FALSE,FALSE,0.0782287398718858
Syndig1l,-0.446103346838,0.2922605298653445,-0.19167056188670228,0.6685458723102012,0.2386507998156282,0.6630093655894229,Syndig1l,FALSE,FALSE,FALSE,FALSE,0.2921415695134435,FALSE,FALSE,0.07819273305108355
Msh3,0.4014463053584336,0.021218439507966206,0.2972415660425698,0.09008391513403423,0.1775951135389917,0.3566922191199575,Msh3,FALSE,FALSE,FALSE,FALSE,0.2920943283133317,FALSE,FALSE,0.07817995962116746
Cep83os,0.4761017217787762,0.016597869846991686,0.18362630786309264,0.2488582557438933,0.2165317839977945,0.2846468327168071,Cep83os,FALSE,FALSE,FALSE,FALSE,0.29208660454655444,FALSE,FALSE,0.07817787121119091
Csrp2,-0.3447774426102952,0.23052192445732292,-0.36161449397100354,0.23494538831592568,-0.169811115883844,0.6744914477940083,Csrp2,FALSE,FALSE,FALSE,FALSE,0.2920676841550476,FALSE,FALSE,0.07817275537386403
Ngef,-0.25964629240939985,0.5186503095697474,-0.34288335958738614,0.40711123850308206,0.27361277569693776,0.5929391820385298,Ngef,FALSE,FALSE,FALSE,FALSE,0.2920474758979079,FALSE,FALSE,0.07816729131377054
Ccdc66,0.3516231325407251,0.08415705029009461,0.2871690682265955,0.1829057598523067,0.23714270476373667,0.3804141190832194,Ccdc66,FALSE,FALSE,FALSE,FALSE,0.29197830184368573,FALSE,FALSE,0.0781485875143004
Ppp1r37,-0.38990346048882873,0.08515520355622162,-0.312817730424527,0.19269516935398567,-0.17317826750667908,0.5834334459747711,Ppp1r37,FALSE,FALSE,FALSE,FALSE,0.2919664861400116,FALSE,FALSE,0.07814539269574299
Gm9916,0.6716613255105722,0.27814105482523116,0.18202259010231403,0.8139425964181629,0.02220708707502861,0.9847097751008489,Gm9916,FALSE,FALSE,FALSE,FALSE,0.2919636675626383,FALSE,FALSE,0.07814463058765819
Ptgr2,-0.26233850756193355,0.1238201528977353,-0.30504350970704674,0.12005349104984249,-0.30832059494515107,0.1791681598851597,Ptgr2,FALSE,FALSE,FALSE,FALSE,0.29190087073804377,FALSE,FALSE,0.07812765111135332
Grin1,-0.515973661627366,0.03831333094046757,-0.20604589101185056,0.37862034112224363,-0.1534583833878589,0.631615109469474,Grin1,FALSE,FALSE,FALSE,FALSE,0.2918259786756918,FALSE,FALSE,0.07810740123396957
Fbxw5,-0.2984697479953846,0.18257386012335353,-0.3338445701843664,0.17731712766685262,-0.24311524398553086,0.4350904437662127,Fbxw5,FALSE,FALSE,FALSE,FALSE,0.29180985405509396,FALSE,FALSE,0.07810304133814468
Ret,-0.11467408112523025,0.7803511619363525,-0.5243650320655101,0.21131351596952883,-0.23607010885855095,0.6597432136353976,Ret,FALSE,FALSE,FALSE,FALSE,0.2917030740164304,FALSE,FALSE,0.0780741693506194
Polr3k,0.46733056620575386,0.02734049331395135,0.2649959429922202,0.18766910255454394,0.14247071628428465,0.5911764765603967,Polr3k,FALSE,FALSE,FALSE,FALSE,0.2915990751607529,FALSE,FALSE,0.07804604936020408
Nfia,0.27379009770726537,0.07299394562283804,0.2801486693600763,0.11250662187393885,0.32063159622470216,0.12595684420104247,Nfia,FALSE,FALSE,FALSE,FALSE,0.2915234544306813,FALSE,FALSE,0.0780256024601785
Sema3g,-0.35567174846690963,0.5239423930036009,-0.13585810217048477,0.8251865763389298,0.3829774662557676,0.5806814573102527,Sema3g,FALSE,FALSE,FALSE,FALSE,0.2915024389643873,FALSE,FALSE,0.07801992014082114
Lefty1,-0.5304095448370969,0.33728013747939073,-0.04473265466927934,0.9434387274732043,0.29925553461359033,0.6725815035924175,Lefty1,FALSE,FALSE,FALSE,FALSE,0.2914659113733222,FALSE,FALSE,0.0780100435368532
Ssr3,0.57130906986756,0.02975277561068989,0.2588474639117013,0.2940906381589807,0.04424084416120522,0.9127007735583098,Ssr3,FALSE,FALSE,FALSE,FALSE,0.2914657926468222,FALSE,FALSE,0.07801001143469188
Oit1,0.2643473018440343,0.5839921798845921,-0.3175418460980346,0.5551607428555877,-0.29239312660401184,0.6867045081950023,Oit1,FALSE,FALSE,FALSE,FALSE,0.2914274248486936,FALSE,FALSE,0.07799963726173965
Aph1a,-0.39593697664240945,0.02454000316854638,-0.29109649998306697,0.09955301218514566,-0.18723258030902645,0.3415234948545734,Aph1a,FALSE,FALSE,FALSE,FALSE,0.2914220189781676,FALSE,FALSE,0.07799817558193185
Ccdc17,0.4365708510151718,0.09247715687967153,0.2420802357282701,0.3696860509837999,0.19560364334523617,0.5934967446525026,Ccdc17,FALSE,FALSE,FALSE,FALSE,0.2914182433628927,FALSE,FALSE,0.07799715470276303
Chmp2a,-0.28648270198869596,0.0688541781421218,-0.2919026792849264,0.10839277302119467,-0.29584602200163523,0.1575788442217654,Chmp2a,FALSE,FALSE,FALSE,FALSE,0.2914104677584192,FALSE,FALSE,0.0779950522765215
Gm16638,0.3606542208823371,0.27636708159974227,0.20022589883668485,0.5869371571705967,0.3130675039902664,0.4952587334817706,Gm16638,FALSE,FALSE,FALSE,FALSE,0.29131587456976277,FALSE,FALSE,0.07796947546088208
Sema4a,-0.18157751602212446,0.672897289638748,-0.535470763344642,0.23297726659049384,0.156884009595619,0.787969696283249,Sema4a,FALSE,FALSE,FALSE,FALSE,0.29131076298746184,FALSE,FALSE,0.07796809335293126
Dact2,-0.010725324195507618,0.9885205236558865,-0.4643542279957159,0.5350168320269683,0.3987655452449894,0.6533990974778439,Dact2,FALSE,FALSE,FALSE,FALSE,0.2912816991454043,FALSE,FALSE,0.0779602348533856
Csdc2,-0.6085644280143678,0.08566949986189709,-0.12879951693973668,0.7197704229697133,-0.13647461368066383,0.781661193319943,Csdc2,FALSE,FALSE,FALSE,FALSE,0.29127951954492276,FALSE,FALSE,0.07795964551666405
Lnx1,-0.3055954669931782,0.14388282228462573,-0.3487334318317963,0.136422906112586,-0.2193918304259137,0.43245528704756403,Lnx1,FALSE,FALSE,FALSE,FALSE,0.2912402430836294,FALSE,FALSE,0.07794902565255188
Wnt5b,-0.6461627173642905,0.08683818482516448,-0.15327306747384206,0.6830782282704534,0.0742538679951874,0.8933521959354477,Wnt5b,FALSE,FALSE,FALSE,FALSE,0.29122988427777335,FALSE,FALSE,0.07794622476095082
Casc4,0.45370057289850596,0.02822996323863744,0.307241090783414,0.13670779375254333,0.11226808199248772,0.6718313669562516,Casc4,FALSE,FALSE,FALSE,FALSE,0.2910699152248026,FALSE,FALSE,0.07790297112890864
Zfp184,-0.14166256563772084,0.5945516468934541,-0.1491602973118149,0.5880432490339391,-0.5823715906889593,0.12049300589085365,Zfp184,FALSE,FALSE,FALSE,FALSE,0.29106481787949834,FALSE,FALSE,0.07790159287046372
Ttc39c,0.27476401961067465,0.2724505449374571,0.45196638972967884,0.11713048511995162,0.14641804552942617,0.6939223693913562,Ttc39c,FALSE,FALSE,FALSE,FALSE,0.2910494849565932,FALSE,FALSE,0.0778974470397974
Nup160,0.4022033780227199,0.043574260504325224,0.28517164320267874,0.16138574818528084,0.18563494836724725,0.4694170542674804,Nup160,FALSE,FALSE,FALSE,FALSE,0.2910033231975486,FALSE,FALSE,0.07788496547725104
Gm42725,0.31977367808846446,0.5377176786355589,0.4256688005445226,0.4152198248266785,0.12735754788638623,0.8818630830511478,Gm42725,FALSE,FALSE,FALSE,FALSE,0.29093334217312444,FALSE,FALSE,0.07786604348312676
Ebf4,-0.6125018509581364,0.1324322007881579,-0.23405951091020705,0.5645937130587171,-0.026103858299766247,0.968873768739113,Ebf4,FALSE,FALSE,FALSE,FALSE,0.2908884067227032,FALSE,FALSE,0.07785389349910125
Zmym6,0.30063110942174376,0.07043154394199586,0.2932544803220605,0.11638379818963077,0.2787043798280129,0.20095114471245928,Zmym6,FALSE,FALSE,FALSE,FALSE,0.2908633231906057,FALSE,FALSE,0.07784711122560825
Mllt11,-0.3560975116277958,0.12808874608982304,-0.28294217602471505,0.2451446698311445,-0.23345576854649153,0.4570186161614942,Mllt11,FALSE,FALSE,FALSE,FALSE,0.2908318187330008,FALSE,FALSE,0.07783859281413037
Snai1,0.3712018014290797,0.5271243503732178,-0.02508308448508495,0.9733757357800175,0.4761459854900332,0.5459011474508364,Snai1,FALSE,FALSE,FALSE,FALSE,0.29081029046806595,FALSE,FALSE,0.07783277184043136
Srrm4,-0.2346106928671059,0.6857543068398351,0.4819923172422014,0.3896378182979379,0.15579765947276236,0.8604422736486587,Srrm4,FALSE,FALSE,FALSE,FALSE,0.2908002231940232,FALSE,FALSE,0.07783004977538799
Glra2,0.5083349667776034,0.023495574798305448,0.2930607851033127,0.16258361318344572,0.07093033337869414,0.8142363946834172,Glra2,FALSE,FALSE,FALSE,FALSE,0.2907753617532034,FALSE,FALSE,0.07782332755259996
Itih5,0.3206914925361488,0.17703297168319168,0.20708603185191699,0.42051781033673435,0.34437635181303516,0.29685976023791694,Itih5,FALSE,FALSE,FALSE,FALSE,0.2907179587337003,FALSE,FALSE,0.07780780649376023
Sipa1l2,-0.5774524138482082,0.11297890048273908,-6.61815293995005e-4,0.9986046057287261,-0.29400735830246916,0.5675819772094107,Sipa1l2,FALSE,FALSE,FALSE,FALSE,0.2907071958148908,FALSE,FALSE,0.07780489633506864
Mob3a,-0.2842287418871856,0.3314277174252546,-0.3214070485969347,0.29443050654815767,-0.2663022051148465,0.506238722263778,Mob3a,FALSE,FALSE,FALSE,FALSE,0.29064599853298895,FALSE,FALSE,0.0777883493551109
Emc9,-0.23374119850132624,0.4827528655095598,-0.3618703239636063,0.2940906381589807,-0.2762492173112059,0.542651867324677,Emc9,FALSE,FALSE,FALSE,FALSE,0.29062024659204616,FALSE,FALSE,0.07778138635222237
Gm42930,0.28698681163594275,0.6871722810271194,0.09067377693649753,0.911355214025614,0.49406501716530316,0.587747417960354,Gm42930,FALSE,FALSE,FALSE,FALSE,0.2905752019125811,FALSE,FALSE,0.07776920683402898
Acy1,-0.3696604123088383,0.12266001720114508,-0.36220704712968876,0.15864351100306665,-0.13982660671654878,0.6685291169190181,Acy1,FALSE,FALSE,FALSE,FALSE,0.2905646887183586,FALSE,FALSE,0.07776636419774374
Orc3,0.4188502620458845,0.026886994149113802,0.27951734491543245,0.13538779083376862,0.17317391284078276,0.4479050700592937,Orc3,FALSE,FALSE,FALSE,FALSE,0.29051383993403324,FALSE,FALSE,0.07775261532215713
Slc5a6,-0.4336116165295749,0.07787714605366218,-0.3764383026185887,0.148729445107168,-0.06145525412092212,0.8693705562018125,Slc5a6,FALSE,FALSE,FALSE,FALSE,0.2905017244230286,FALSE,FALSE,0.07774933943944565
Lynx1,-0.3888055719507868,0.11079995712960997,-0.2591925962649979,0.301427601832131,-0.22345031317827413,0.4990025911900669,Lynx1,FALSE,FALSE,FALSE,FALSE,0.2904828271313529,FALSE,FALSE,0.07774422984802436
Spag7,-0.34135929627376704,0.08824527816884245,-0.23791231921109368,0.24879505228091275,-0.2919883678664572,0.26669296121677394,Spag7,FALSE,FALSE,FALSE,FALSE,0.2904199944504393,FALSE,FALSE,0.07772724067661907
Map3k21,-0.08903431023403119,0.7300646676243057,-0.4846758701150544,0.10228127377363995,-0.2973670926393175,0.36412059479701575,Map3k21,FALSE,FALSE,FALSE,FALSE,0.2903590909961344,FALSE,FALSE,0.07771077314397021
Trpm2,0.4867625353612705,0.244251424353404,0.36660960660235115,0.4125636080055313,0.017459703724193414,0.98191308644532,Trpm2,FALSE,FALSE,FALSE,FALSE,0.2902772818959384,FALSE,FALSE,0.07768865298602798
Ube2g2,-0.3427900792873393,0.05047746485637241,-0.22866627160833808,0.19357019101902626,-0.299271386575505,0.17891057821632086,Ube2g2,FALSE,FALSE,FALSE,FALSE,0.2902425791570608,FALSE,FALSE,0.07767926979927785
Rad23a,-0.2751826717986381,0.11188889772431364,-0.3878312789758507,0.08414847600606047,-0.20770774367338962,0.3729885663587031,Rad23a,FALSE,FALSE,FALSE,FALSE,0.29024056481595945,FALSE,FALSE,0.07767872514662667
Rpph1,0.46544278634350533,0.25721534564229875,0.3729165622662616,0.39321838305473567,-0.03232078544359296,0.9685803312029015,Rpph1,FALSE,FALSE,FALSE,FALSE,0.29022671135111994,FALSE,FALSE,0.0776749793429256
Uba6,0.33580786327134593,0.15044153772931307,0.3690019864772758,0.15911485505348774,0.16579680733683944,0.6288690343193462,Uba6,FALSE,FALSE,FALSE,FALSE,0.29020221902848703,FALSE,FALSE,0.07766835692508071
Fjx1,0.32138716264647865,0.6169384038983504,0.3441971537298498,0.6062127334024809,0.20501530404163903,0.8376562359892641,Fjx1,FALSE,FALSE,FALSE,FALSE,0.29019987347265586,FALSE,FALSE,0.07766772271610733
Def6,-0.19670165241418003,0.6585656218322817,-0.5266536773804524,0.2550861057234825,0.14705960287991715,0.8099447440709837,Def6,FALSE,FALSE,FALSE,FALSE,0.29013831089151654,FALSE,FALSE,0.07765107696380265
Eef1b2,-0.18586384729702576,0.0981592123578409,-0.3079382776071915,0.0704576830990092,-0.37657770955219494,0.05475877694670262,Eef1b2,FALSE,FALSE,FALSE,FALSE,0.29012661148547075,FALSE,FALSE,0.07764791359067004
Pomt1,-0.264127749425199,0.32301556936301545,-0.3131600003437276,0.2654012800475271,-0.29296078879881904,0.4216891844049998,Pomt1,FALSE,FALSE,FALSE,FALSE,0.29008284618924857,FALSE,FALSE,0.07763608000171106
Ackr4,-0.44951379167557826,0.17076080313562175,-0.11822802618573669,0.7318320270439066,-0.3024304986090667,0.48603282928825065,Ackr4,FALSE,FALSE,FALSE,FALSE,0.2900574388234605,FALSE,FALSE,0.0776292101676366
Kdm2b,-0.3932851707520264,0.08488525003316139,-0.3956704472291266,0.12032630107413,-0.08119944699447812,0.80660148337424,Kdm2b,FALSE,FALSE,FALSE,FALSE,0.2900516883252104,FALSE,FALSE,0.07762765530480063
Tmem143,-0.40839764177841875,0.07083968728809936,-0.31155409864465167,0.17812959620448013,-0.15015208283038417,0.6135281796563448,Tmem143,FALSE,FALSE,FALSE,FALSE,0.29003460775115153,FALSE,FALSE,0.0776230369311109
Nrip3,0.365544817896847,0.3316791415802841,0.37050240448951755,0.3515782998255423,0.1339396840131739,0.8266898493319572,Nrip3,FALSE,FALSE,FALSE,FALSE,0.2899956354665128,FALSE,FALSE,0.07761249931256342
Fbxw10,-0.1997745249895586,0.6068929673860473,-0.3914775880870782,0.32140812496899246,-0.2784516862800266,0.5966401879347538,Fbxw10,FALSE,FALSE,FALSE,FALSE,0.28990126645222114,FALSE,FALSE,0.0775869831108697
Gm26448,0.10941959617783859,0.7946473536206214,0.07825388912498621,0.8631774136283178,-0.6819977046767738,0.21666895771141415,Gm26448,FALSE,FALSE,FALSE,FALSE,0.2898903966598662,FALSE,FALSE,0.07758404405490753
Lgi4,0.41966423377385365,0.5017229943468509,0.24833669251201373,0.7227196257394568,0.2014941837248747,0.8415933332012977,Lgi4,FALSE,FALSE,FALSE,FALSE,0.28983170333691405,FALSE,FALSE,0.07756817411414611
Gm29054,0.09364001776395,0.8522051101502987,-0.6468246270612052,0.2177490471637209,-0.12889935358467183,0.8630078587834915,Gm29054,FALSE,FALSE,FALSE,FALSE,0.2897879994699424,FALSE,FALSE,0.07755635713488851
Stambp,0.36273442368147846,0.046955916837819585,0.17558413934339656,0.32918917960825034,0.33100307421618647,0.1508566315016059,Stambp,FALSE,FALSE,FALSE,FALSE,0.28977387908035385,FALSE,FALSE,0.0775525391580723
Elmo3,-0.3475329801429865,0.16515739838780052,-0.2783163883012536,0.2908778103398009,-0.2434295449561752,0.48128914376852533,Elmo3,FALSE,FALSE,FALSE,FALSE,0.2897596378001384,FALSE,FALSE,0.0775486884939419
Ceacam1,0.5076626476111987,0.15270417719930926,0.07171635549907962,0.8712438052325617,0.2897194378158954,0.5700228149435639,Ceacam1,FALSE,FALSE,FALSE,FALSE,0.28969948030872456,FALSE,FALSE,0.077532422660333
Adora1,-0.31016606103725897,0.24833733091225152,-0.38513682846346153,0.18598641846202824,-0.17375862612464799,0.6428558246388795,Adora1,FALSE,FALSE,FALSE,FALSE,0.28968717187512283,FALSE,FALSE,0.07752909461376313
Dbnl,-0.290894719935606,0.10495585662211865,-0.3591538185018148,0.09726449413911467,-0.21898242716584004,0.36587420909280643,Dbnl,FALSE,FALSE,FALSE,FALSE,0.2896769885344203,FALSE,FALSE,0.077526341165745985
2310014F06Rik,0.0039069918324741715,0.9937370840094825,0.3120505271860767,0.48667565941810964,0.5530032013292162,0.3187931521835489,2310014F06Rik,FALSE,FALSE,FALSE,FALSE,0.2896535734492557,FALSE,FALSE,0.07752001001944525
Naxd,-0.27194187135609393,0.08679604552879423,-0.34542474318421323,0.08453473759992562,-0.25146430867497216,0.23100077689872434,Naxd,FALSE,FALSE,FALSE,FALSE,0.28961030773842644,FALSE,FALSE,0.07750831151213088
Htr7,-0.12033454112690586,0.8942179676809057,-0.6983782273244977,0.4314246849788073,-0.05003677787398028,0.9709984408155377,Htr7,FALSE,FALSE,FALSE,FALSE,0.2895831821084613,FALSE,FALSE,0.0775009770809041
Sft2d3,0.31750991264824613,0.06587860507189215,0.34625045792242837,0.09026754474398681,0.20485832422348604,0.36452411371933907,Sft2d3,FALSE,FALSE,FALSE,FALSE,0.28953956493138683,FALSE,FALSE,0.07748918354151094
Otub1,-0.34447027645046013,0.04860264917722118,-0.30363298012782014,0.1136876774354766,-0.22051491309115967,0.3216401247097565,Otub1,FALSE,FALSE,FALSE,FALSE,0.2895393898898133,FALSE,FALSE,0.07748913621245777
Zfp64,-0.33499024630376173,0.07255548937684317,-0.319268502743264,0.12170321781334313,-0.21434785013806668,0.3730024733180667,Zfp64,FALSE,FALSE,FALSE,FALSE,0.2895355330616975,FALSE,FALSE,0.07748809337435207
Kctd9,0.37825743768248277,0.10143314412721462,0.24619034961054398,0.3067595974710554,0.2441182910683133,0.43795994411519684,Kctd9,FALSE,FALSE,FALSE,FALSE,0.2895220261204467,FALSE,FALSE,0.07748444126629725
Gm48684,0.1717387174761622,0.7866821917448096,0.5921978293149668,0.2957730185554255,-0.10459679832733948,0.9200303739004958,Gm48684,FALSE,FALSE,FALSE,FALSE,0.2895111150394895,FALSE,FALSE,0.0774814910464132
Crip1,-0.26870411550058293,0.1765524397992154,-0.3357474823621027,0.13640659457834797,-0.26403809615647633,0.3248219619173585,Crip1,FALSE,FALSE,FALSE,FALSE,0.289496564673054,FALSE,FALSE,0.077477556809233
Hcfc2,0.34295103805488303,0.05550740713080407,0.30714136614408893,0.12061995108359509,0.21822105969606653,0.350118164788311,Hcfc2,FALSE,FALSE,FALSE,FALSE,0.28943782129834617,FALSE,FALSE,0.07746167333510258
Cd68,-0.4444183140712932,0.2993416015363069,-0.31288988696873377,0.476940091903681,0.11099947755034845,0.8617790682297148,Cd68,FALSE,FALSE,FALSE,FALSE,0.28943589286345844,FALSE,FALSE,0.0774611519104176
Il31ra,0.4406052551719972,0.26588135647485217,0.1729827448589052,0.7076198515349987,0.2546179498895058,0.6641965863131121,Il31ra,FALSE,FALSE,FALSE,FALSE,0.2894019833068027,FALSE,FALSE,0.07745198319022414
Cdk17,0.32335988038284746,0.1264813383331903,0.34561539170706634,0.14768108866812987,0.19907446749134028,0.5036355683262428,Cdk17,FALSE,FALSE,FALSE,FALSE,0.28934991319375136,FALSE,FALSE,0.07743790408261869
Hbegf,-0.300771998702827,0.5548537087561551,0.17633096783037772,0.7295834761981626,-0.39093511345633536,0.5725178272339719,Hbegf,FALSE,FALSE,FALSE,FALSE,0.28934602666318004,FALSE,FALSE,0.07743685321334035
Npepl1,-0.37863868728655703,0.04594559816757264,-0.2940752342465167,0.13811054460570651,-0.1952465240541823,0.4169495874309355,Npepl1,FALSE,FALSE,FALSE,FALSE,0.28932014852908533,FALSE,FALSE,0.07742985608940116
Cers6,0.3229889077245982,0.037851277199815,0.31949654724233234,0.08414847600606047,0.2253430383988979,0.24200848289713714,Cers6,FALSE,FALSE,FALSE,FALSE,0.28927616445527615,FALSE,FALSE,0.07741796334571775
Evpl,-0.38691704449551256,0.27581161805675236,-0.43826441401291305,0.2430703201961083,-0.04263226066971049,0.9434224676814397,Evpl,FALSE,FALSE,FALSE,FALSE,0.28927123972604535,FALSE,FALSE,0.0774166317605011
Sertm1,0.4175381972659735,0.41953210388747,0.3357594990067585,0.5457218334969891,0.11447147749904274,0.8995004980731192,Sertm1,FALSE,FALSE,FALSE,FALSE,0.28925639125725827,FALSE,FALSE,0.0774126169201718
Gmfg,0.3484176107985051,0.5136120280931344,-0.3895274635608529,0.5235198031609412,0.12965173059532062,0.8839429245444224,Gmfg,FALSE,FALSE,FALSE,FALSE,0.28919893498489285,FALSE,FALSE,0.07739708146242384
Nectin1,-0.388787011945658,0.18651693772324537,-0.3889885634857584,0.21289811514563475,-0.08981151331836301,0.8450608388222353,Nectin1,FALSE,FALSE,FALSE,FALSE,0.28919569624992647,FALSE,FALSE,0.07739620574897854
Tbc1d2,-0.3215361002100141,0.3013429093789647,-0.43976330499970206,0.1930917307258565,0.10621238179073611,0.8150406290357329,Tbc1d2,FALSE,FALSE,FALSE,FALSE,0.2891705956668174,FALSE,FALSE,0.07738941886510518
Map4k3,0.3502706257332262,0.04926685976749378,0.3015466618005034,0.12194976791304074,0.21542636152573458,0.34934931468959735,Map4k3,FALSE,FALSE,FALSE,FALSE,0.2890812163531547,FALSE,FALSE,0.07736525181608192
3010003L21Rik,-0.5899272270306193,0.3411626072749655,-0.19623271705372375,0.7686231044847396,0.08102252571928048,0.9355352885294924,3010003L21Rik,FALSE,FALSE,FALSE,FALSE,0.2890608232678745,FALSE,FALSE,0.07735973778076988
Pdzk1ip1,-0.37103044237016203,0.17203974892575064,-0.3512719088707108,0.21895222545426285,-0.144755355280632,0.7068203574972085,Pdzk1ip1,FALSE,FALSE,FALSE,FALSE,0.2890192355071683,FALSE,FALSE,0.07734849297019158
Reep4,-0.4688600070684146,0.0641856971318735,-0.2538029811568032,0.2929970854862532,-0.14414243046648778,0.6573798774633489,Reep4,FALSE,FALSE,FALSE,FALSE,0.2889351395639019,FALSE,FALSE,0.07732575447847248
Stk40,-0.3364431557371841,0.10989125728025656,-0.32176173339874037,0.16082282596071226,-0.20854979881661162,0.4653466312395885,Stk40,FALSE,FALSE,FALSE,FALSE,0.28891822931751204,FALSE,FALSE,0.07732118215925508
Gm15672,-0.18543185218156913,0.7718848883624678,-0.1281462513671954,0.8488172066915461,-0.5529337486080491,0.5074702906868367,Gm15672,FALSE,FALSE,FALSE,FALSE,0.2888372840522712,FALSE,FALSE,0.07729929557148535
Pkp4,-0.3043694531857719,0.13071526387139806,-0.29304747804959774,0.18598641846202824,-0.26900998671020115,0.3324896286381041,Pkp4,FALSE,FALSE,FALSE,FALSE,0.2888089726485236,FALSE,FALSE,0.07729164052185197
Rps11-ps1,0.04897097212724877,0.9578276308603731,0.5136412798737628,0.5122246617882426,0.303735280630851,0.7936895045475404,Rps11-ps1,FALSE,FALSE,FALSE,FALSE,0.2887825108772875,FALSE,FALSE,0.07728448558972618
Unc13d,-0.3161669390290676,0.5880029723040127,-0.20767482440631507,0.7370471796739361,-0.34234123411745715,0.6725463573222703,Unc13d,FALSE,FALSE,FALSE,FALSE,0.2887276658509466,FALSE,FALSE,0.0772696561802583
4931414P19Rik,-0.3522546325740432,0.33224533453617927,-0.24390273223436187,0.5163952951039948,-0.2699669583250599,0.5911247404350782,4931414P19Rik,FALSE,FALSE,FALSE,FALSE,0.288708107711155,FALSE,FALSE,0.07726436790376816
Mfsd7a,-0.305279559737743,0.6168161301527433,0.2899765431209805,0.6211312282162286,0.270842239658511,0.7341612440001507,Mfsd7a,FALSE,FALSE,FALSE,FALSE,0.28869944750574483,FALSE,FALSE,0.07726202629249232
Gm10637,0.3109982208099412,0.7662079314843699,-0.31401531136287497,0.7910336611722222,-0.2409492535812494,0.8878604176193757,Gm10637,FALSE,FALSE,FALSE,FALSE,0.28865426191802185,FALSE,FALSE,0.07724980867446755
Hipk3,0.4352270522618511,0.029705322978435318,0.2790240749345667,0.1564280205671835,0.1517090501179208,0.5464351320001115,Hipk3,FALSE,FALSE,FALSE,FALSE,0.2886533924381129,FALSE,FALSE,0.07724957357797013
Traf5,-0.060043485235958316,0.9145962850611579,-0.10924884401742652,0.8432417858176801,0.6966012260014312,0.22077398546550772,Traf5,FALSE,FALSE,FALSE,FALSE,0.2886311850849387,FALSE,FALSE,0.07724356898730093
Gm25224,0.685053752253147,0.4204567036029415,0.1280961736974809,0.9055150088444389,-0.05270558820921922,0.9751963425512756,Gm25224,FALSE,FALSE,FALSE,FALSE,0.28861850471994904,FALSE,FALSE,0.07724014037513353
Psma5,-0.3016371326273539,0.06873232572712132,-0.2674014934828044,0.13793073677514825,-0.29678749754630296,0.17303893984822843,Psma5,FALSE,FALSE,FALSE,FALSE,0.2886087078854871,FALSE,FALSE,0.07723749143357186
Lag3,0.11623474667320033,0.7799992336416439,-0.28974703354434905,0.49393392130395114,-0.45977774180186903,0.41312498204229436,Lag3,FALSE,FALSE,FALSE,FALSE,0.2885865073398061,FALSE,FALSE,0.07723148868356373
Eif4h,-0.37403405035223347,0.027565352687285993,-0.24525164948858524,0.14245759520038395,-0.2463984577551539,0.22455190325108323,Eif4h,FALSE,FALSE,FALSE,FALSE,0.2885613858653242,FALSE,FALSE,0.07722469615092434
Gm16894,-0.2762298375486833,0.6438053168148659,-0.2941306252549283,0.6339296695872221,-0.2952298108363204,0.7248364473934602,Gm16894,FALSE,FALSE,FALSE,FALSE,0.28853009121331064,FALSE,FALSE,0.07721623446825543
Chrm3,0.38003783365915544,0.238492373011703,-0.13245956302161166,0.7346915365982326,0.35298812972297644,0.42291025035866886,Chrm3,FALSE,FALSE,FALSE,FALSE,0.28849517546791453,FALSE,FALSE,0.07720679368720562
Spry4,-0.6989288332789445,0.07429433920655693,-0.07670471623793729,0.8461608976153229,-0.08961843386716284,0.8726206570105425,Spry4,FALSE,FALSE,FALSE,FALSE,0.28841732779468154,FALSE,FALSE,0.07718574464958973
Mff,0.4633227500639565,0.04496076382878858,0.2772819562765507,0.22886671199389508,0.12456468753914329,0.695305471100535,Mff,FALSE,FALSE,FALSE,FALSE,0.2883897979598835,FALSE,FALSE,0.0771783009264294
Mllt6,-0.4572020746255365,0.06637702392931645,-0.3448999571031113,0.18714316511102974,-0.06303585340458451,0.8761166282108077,Mllt6,FALSE,FALSE,FALSE,FALSE,0.2883792950444108,FALSE,FALSE,0.0771754610693896
4930506C21Rik,0.05472026710540445,0.9399042217951533,-0.5964499865995196,0.38648344199559537,0.21386972713801075,0.8160706567923424,4930506C21Rik,FALSE,FALSE,FALSE,FALSE,0.2883466602809783,FALSE,FALSE,0.07716663703734665
Snrpn,-0.3026002364482654,0.10254396458316976,-0.3239424652132765,0.12365928409629509,-0.23828237050658885,0.333330206115141,Snrpn,FALSE,FALSE,FALSE,FALSE,0.2882750240560436,FALSE,FALSE,0.07714726749769713
Clpp,-0.31180361812587254,0.06885329030035559,-0.3847947530750888,0.0794588707975626,-0.16815692133757754,0.4548881771547283,Clpp,FALSE,FALSE,FALSE,FALSE,0.288251764179513,FALSE,FALSE,0.07714097831787066
Erfe,0.4592075662489301,0.08991611559735427,0.21969059526588675,0.44070283628348816,0.1857823396885805,0.632278712352999,Erfe,FALSE,FALSE,FALSE,FALSE,0.2882268337344658,FALSE,FALSE,0.07713423743720221
Rnf187,-0.39465234497198853,0.063956754068562785,-0.32457964511409454,0.1541848750853232,-0.1454188210244869,0.6211200957336809,Rnf187,FALSE,FALSE,FALSE,FALSE,0.28821693703685664,FALSE,FALSE,0.077131561493894
Dsc2,0.5703942937073241,0.025664562526706087,0.17757125461314605,0.45636245630861283,0.11643593568820032,0.7303752574601557,Dsc2,FALSE,FALSE,FALSE,FALSE,0.28813382800289017,FALSE,FALSE,0.0771090898501116
Amph,-0.38536740932609614,0.23448132465994112,-0.2455587194122284,0.4881121715679598,-0.2333085589828281,0.6252916060768726,Amph,FALSE,FALSE,FALSE,FALSE,0.28807822924038423,FALSE,FALSE,0.07709405663980765
Gnptg,-0.2752582267538468,0.11232917213564408,-0.30650124313793725,0.12563562523247213,-0.2824750583616895,0.23259446852918333,Gnptg,FALSE,FALSE,FALSE,FALSE,0.2880781760844912,FALSE,FALSE,0.0770940422671187
Commd10,-0.26528066711775145,0.23230649572421055,-0.28551100196671886,0.22624314298368003,-0.3133995849934528,0.29707755412989917,Commd10,FALSE,FALSE,FALSE,FALSE,0.2880637513593077,FALSE,FALSE,0.0770901420017623
B230119M05Rik,-0.3974441414181181,0.5529193495562452,-0.25274331402157507,0.7200200140130579,-0.21394988846173235,0.8282781612449489,B230119M05Rik,FALSE,FALSE,FALSE,FALSE,0.2880457813004752,FALSE,FALSE,0.07708528312250984
AC158605.1,-0.15725557952601538,0.7755909426883453,-0.11829617028319922,0.8385585553666047,0.5883936714760384,0.3356363749792366,AC158605.1,FALSE,FALSE,FALSE,FALSE,0.2879818070950843,FALSE,FALSE,0.07706798529715686
Xkr7,-0.5838058118108882,0.047304943841657954,-0.14486920213000776,0.5940459877566193,-0.13525905437786445,0.7129568795141371,Xkr7,FALSE,FALSE,FALSE,FALSE,0.2879780227729201,FALSE,FALSE,0.07706696206375403
Serhl,-0.40057161498156435,0.16238366289476527,-0.2329207910315505,0.4216245473087002,-0.23031491388034042,0.5504053033997752,Serhl,FALSE,FALSE,FALSE,FALSE,0.28793577329781844,FALSE,FALSE,0.07705553833387574
Akr7a5,-0.39222158339140156,0.07191778744893128,-0.3582788610428933,0.12874311328073743,-0.1131922759556443,0.7001415683918455,Akr7a5,FALSE,FALSE,FALSE,FALSE,0.2878975734633131,FALSE,FALSE,0.0770452095761874
Tmem51,-0.2043326437798929,0.505924869637317,-0.33571818451758784,0.2913687912323456,-0.32361865409594914,0.4353991998636434,Tmem51,FALSE,FALSE,FALSE,FALSE,0.2878898274644766,FALSE,FALSE,0.07704311515493999
Gm14167,-0.03790834517233274,0.9523858450763364,-0.499336300975808,0.39962229498369584,-0.3263326107581759,0.6803085016808491,Gm14167,FALSE,FALSE,FALSE,FALSE,0.2878590856354389,FALSE,FALSE,0.07703480294869254
Unc119b,-0.36201425727252357,0.037046899132513,-0.25785869036698905,0.1412681408730407,-0.24366815373968986,0.24960228297761264,Unc119b,FALSE,FALSE,FALSE,FALSE,0.2878470337930675,FALSE,FALSE,0.07703154428118353
Szrd1,-0.3309977840580176,0.023266677224490016,-0.30743523962592256,0.07139324434162915,-0.22479484315922615,0.17772869661514587,Szrd1,FALSE,FALSE,FALSE,FALSE,0.28774262228105546,FALSE,FALSE,0.077003312713654265
Timm50,-0.36080990865594265,0.04541726371127673,-0.33074463551575484,0.0960072945197005,-0.17166627683703872,0.4364099649809756,Timm50,FALSE,FALSE,FALSE,FALSE,0.2877402736695787,FALSE,FALSE,0.07700267767847252
4921534A09Rik,0.27251507930802715,0.6240203386586546,0.338081281867604,0.5461012020615116,0.25253018017054935,0.7475606709393224,4921534A09Rik,FALSE,FALSE,FALSE,FALSE,0.2877088471153935,FALSE,FALSE,0.07699418033110542
Igfbp4,-0.3146388399387332,0.3280095112094878,-0.3807937478045975,0.2719573862991408,0.1675547175834522,0.7305843520392913,Igfbp4,FALSE,FALSE,FALSE,FALSE,0.28766243510892764,FALSE,FALSE,0.07698163110478486
Mllt10,0.32280552136224916,0.057866366417955666,0.34237946694129917,0.09085111530551959,0.197538901241467,0.37551935445985263,Mllt10,FALSE,FALSE,FALSE,FALSE,0.2875746298483384,FALSE,FALSE,0.07695788966003436
Cptp,-0.33009328930464354,0.17325038992357666,-0.34528264654382923,0.18598641846202824,-0.18723366552666976,0.5753048836359105,Cptp,FALSE,FALSE,FALSE,FALSE,0.2875365337917142,FALSE,FALSE,0.07694758896258769
Shoc2,0.43158795618127677,0.0477807385576688,0.2638064178486754,0.22850619562619687,0.16718895531048528,0.5673109495875852,Shoc2,FALSE,FALSE,FALSE,FALSE,0.2875277764468125,FALSE,FALSE,0.07694522108600775
Zbtb46,0.1383784765997924,0.675030597751109,0.29048723635112284,0.3592243063817567,0.4336758999637147,0.2778549088978108,Zbtb46,FALSE,FALSE,FALSE,FALSE,0.2875138709715433,FALSE,FALSE,0.07694146121933669
Dnajc1,0.33478115557472865,0.05026892938085496,0.2976746428196462,0.11601268445501388,0.22998490523556825,0.29566160755623394,Dnajc1,FALSE,FALSE,FALSE,FALSE,0.28748023454331434,FALSE,FALSE,0.07693236634965527
Art3,0.026317163311233932,0.9662569108759924,0.5260476936544713,0.3002044607800979,0.30995794628869955,0.6646370375322505,Art3,FALSE,FALSE,FALSE,FALSE,0.28744093441813495,FALSE,FALSE,0.07692174008712416
Slc7a4,-0.33303785811736475,0.2239874974876684,-0.3458728269022835,0.23686773843319203,-0.18335650288899963,0.6388746135393064,Slc7a4,FALSE,FALSE,FALSE,FALSE,0.28742239596954927,FALSE,FALSE,0.07691672752238825
Mblac2,0.48155013468438845,0.06525067524941121,0.33542478650652807,0.2143217879561058,0.04515965404965261,0.9215591810995162,Mblac2,FALSE,FALSE,FALSE,FALSE,0.28737819174685636,FALSE,FALSE,0.0769047752531989
Wwp2,-0.30249185455296956,0.15826865239840845,-0.3017955167649582,0.19447640933313137,-0.2578288258087502,0.3791915382525977,Wwp2,FALSE,FALSE,FALSE,FALSE,0.2873720657088927,FALSE,FALSE,0.07690311884911925
Hsf4,-0.12620689879611113,0.828542236166788,-0.3055271583911343,0.594294769166926,-0.4303251111234908,0.574730424264244,Hsf4,FALSE,FALSE,FALSE,FALSE,0.28735305610357875,FALSE,FALSE,0.07689797888949428
Cd151,-0.3421302554921368,0.03994263921548932,-0.24457749267866813,0.15027891097725224,-0.2752013628130534,0.18650588684365324,Cd151,FALSE,FALSE,FALSE,FALSE,0.28730303699461945,FALSE,FALSE,0.07688445434775433
Mab21l3,0.5274687662345547,0.2994042920797169,0.07495136796154522,0.907039973799885,0.25946904528783854,0.7407746195976205,Mab21l3,FALSE,FALSE,FALSE,FALSE,0.28729639316131284,FALSE,FALSE,0.07688265793828726
Paqr6,-0.8018680955414605,0.21077651519724683,-0.052114335019461444,0.9401432957589513,-0.007863512791824553,0.9933578034428145,Paqr6,FALSE,FALSE,FALSE,FALSE,0.2872819811175822,FALSE,FALSE,0.07687876110183718
Lrp1b,0.37455146816184115,0.051798044467034995,0.30583682133768786,0.13849670483220658,0.18140489829688544,0.47644690130966866,Lrp1b,FALSE,FALSE,FALSE,FALSE,0.28726439593213815,FALSE,FALSE,0.07687400628753739
Krtcap3,-0.3139263103688643,0.20605620406599554,-0.26694680779590296,0.29913348655956795,-0.2809108826147777,0.4035074698269948,Krtcap3,FALSE,FALSE,FALSE,FALSE,0.2872613335931817,FALSE,FALSE,0.07687317826936792
Knstrn,0.3350558368782555,0.49861334380000466,-0.25489254926939936,0.6594326571482461,0.27180524774420983,0.7031722180629213,Knstrn,FALSE,FALSE,FALSE,FALSE,0.28725121129728826,FALSE,FALSE,0.076870441327104
Tmem97,-0.2514053560233229,0.2625020466441287,-0.2205205752611583,0.34277846902007575,-0.38970181525470604,0.20556681167675855,Tmem97,FALSE,FALSE,FALSE,FALSE,0.28720924884639576,FALSE,FALSE,0.07685909520498359
Faim,-0.3831741568767013,0.10202062357472737,-0.2230162442868422,0.33737423045599096,-0.2553575773371888,0.40010315848032135,Faim,FALSE,FALSE,FALSE,FALSE,0.2871826595002441,FALSE,FALSE,0.07685190577819553
Lpl,0.3938665351393471,0.04333446072603403,0.19851026962339446,0.2998956254423904,0.2688792535427744,0.2748462807794289,Lpl,FALSE,FALSE,FALSE,FALSE,0.28708535276850533,FALSE,FALSE,0.0768255952544305
Nelfcd,-0.26508701022520587,0.47152412653655507,-0.3596999444669491,0.353144205413638,-0.23628322757832088,0.657085548727619,Nelfcd,FALSE,FALSE,FALSE,FALSE,0.2870233940901586,FALSE,FALSE,0.0768088424023928
Vars2,-0.4643822636000712,0.029872478254573044,-0.33991568992832777,0.11199485735103275,-0.056644921577959195,0.8423323488805619,Vars2,FALSE,FALSE,FALSE,FALSE,0.28698095836878607,FALSE,FALSE,0.07679736831385127
Arl6ip6,0.3449868779184806,0.09435863923984696,0.3450405746948917,0.13346607118761325,0.170830095283927,0.5534654287261079,Arl6ip6,FALSE,FALSE,FALSE,FALSE,0.28695251596576643,FALSE,FALSE,0.07678967784365244
D330023K18Rik,-0.41519530951442185,0.1278682099195086,-0.07222911117687691,0.8063938531957354,0.37334151426029116,0.2418645072559596,D330023K18Rik,FALSE,FALSE,FALSE,FALSE,0.2869219783171966,FALSE,FALSE,0.07678142084525091
Ik,-0.3529226765889746,0.03922583536852753,-0.19035191605368418,0.2528890669011643,-0.3174843864710999,0.14010942427538695,Ik,FALSE,FALSE,FALSE,FALSE,0.2869196597045862,FALSE,FALSE,0.0767807939213876
Gm17251,-0.015739091463681243,0.9775527191570013,-0.42636092620951127,0.43219786100850843,-0.41848955991951176,0.5665884775804109,Gm17251,FALSE,FALSE,FALSE,FALSE,0.2868631925309014,FALSE,FALSE,0.0767655259035575
Tmem198b,-0.4476102769521516,0.12830019175150933,-0.41080607472932007,0.18415075673481834,-0.0020455233702285636,0.9958136259774507,Tmem198b,FALSE,FALSE,FALSE,FALSE,0.28682062501723343,FALSE,FALSE,0.07675401618002688
Smarcc2,-0.38173152564747515,0.07696692392872868,-0.28986395099215034,0.20196449138564118,-0.18886345400993765,0.5246044566562568,Smarcc2,FALSE,FALSE,FALSE,FALSE,0.2868196435498544,FALSE,FALSE,0.07675375080351758
Gabrg3,0.4396508084031907,0.1229929656058024,0.19755971779555637,0.5233999679484462,0.22317050580597497,0.5845286270681717,Gabrg3,FALSE,FALSE,FALSE,FALSE,0.28679367733490735,FALSE,FALSE,0.07674672986361708
Tgif2,-0.446635369094222,0.45093833774331454,-0.057359220136443956,0.9309406360441068,-0.35632239474309696,0.6619731999674429,Tgif2,FALSE,FALSE,FALSE,FALSE,0.2867723279912543,FALSE,FALSE,0.07674095726799585
Itga7,0.2738491078016422,0.4906123002340701,-0.315226099836064,0.4808832522720901,-0.27118223217960336,0.649894386994797,Itga7,FALSE,FALSE,FALSE,FALSE,0.2867524799391032,FALSE,FALSE,0.07673559060282809
Pon3,0.5153872600729428,0.02300251776828198,0.17285568308933597,0.3941215598423806,0.17183653992584036,0.5216991611982327,Pon3,FALSE,FALSE,FALSE,FALSE,0.28669316102937303,FALSE,FALSE,0.07671955151122277
Dgkz,-0.41177657571557535,0.07883659168967523,-0.3362324230767282,0.18019116583130015,-0.11203494811213233,0.7464469040878334,Dgkz,FALSE,FALSE,FALSE,FALSE,0.286681315634812,FALSE,FALSE,0.07671634866462074
Suox,-0.3198227224272854,0.13873707868923074,-0.34207139818347354,0.15383544683701847,-0.1981425100689833,0.5056637664193488,Suox,FALSE,FALSE,FALSE,FALSE,0.2866788768932474,FALSE,FALSE,0.07671568925939003
H3f3aos,0.23918269944806625,0.6123851908240491,0.4483806370303134,0.32384594481061574,0.1723775055960124,0.8049986712399015,H3f3aos,FALSE,FALSE,FALSE,FALSE,0.2866469473581307,FALSE,FALSE,0.07670705591226713
Tchh,0.1083528563633282,0.8809187613481486,0.3764454539187012,0.5663049356575247,-0.3746838654969088,0.7018838911735175,Tchh,FALSE,FALSE,FALSE,FALSE,0.2864940585929794,FALSE,FALSE,0.07666571670153588
Chrna1os,0.28665088088293356,0.49264663843481565,0.23306919112172242,0.6014181023355679,0.3397016386888625,0.5486481649391612,Chrna1os,FALSE,FALSE,FALSE,FALSE,0.28647390356450614,FALSE,FALSE,0.07666026703380832
Hcls1,-0.3355636842733998,0.3870611225848588,-0.4062989593530355,0.31568916041829176,-0.11733736489880364,0.8439428898523196,Hcls1,FALSE,FALSE,FALSE,FALSE,0.2864000028417463,FALSE,FALSE,0.07664028520225688
Itpripl1,0.1423488874962563,0.7766353031194596,0.39311108562946584,0.39143495994895156,0.32373468715223663,0.6034960649401053,Itpripl1,FALSE,FALSE,FALSE,FALSE,0.2863982200926529,FALSE,FALSE,0.07663980316918938
Cfap53,0.4840744518305406,0.3054183786852948,-0.31068889336050437,0.5864827707166094,0.06438368623768033,0.9423815786646674,Cfap53,FALSE,FALSE,FALSE,FALSE,0.2863823438095751,FALSE,FALSE,0.07663551042072526
Eloc,0.4899583840707997,0.09227267271813612,0.28770302929815195,0.344419665138917,0.08148558821151841,0.8663601734807829,Eloc,FALSE,FALSE,FALSE,FALSE,0.2863823338601567,FALSE,FALSE,0.07663550773052692
Add1,-0.3843074704241003,0.03845760621921136,-0.25759942512275913,0.16843640563959084,-0.21721676988768834,0.34984006942986096,Add1,FALSE,FALSE,FALSE,FALSE,0.2863745551448493,FALSE,FALSE,0.07663340446315475
Atp6v0e2,-0.35436865848703203,0.051519720140991765,-0.2503905037182834,0.18329357836478216,-0.2543167426334918,0.2785976102463643,Atp6v0e2,FALSE,FALSE,FALSE,FALSE,0.28635863494626906,FALSE,FALSE,0.07662909984048781
Ttc38,-0.31242032941596776,0.20250535985733512,-0.34612096417474003,0.19223527234040055,-0.2003195839091365,0.5576853470603367,Ttc38,FALSE,FALSE,FALSE,FALSE,0.2862869591666148,FALSE,FALSE,0.07660971960573659
Zfp871,0.3376266577600715,0.024720412701602988,0.351822734445169,0.0704576830990092,0.16938809419541645,0.33515950668532485,Zfp871,FALSE,FALSE,FALSE,FALSE,0.2862791621335523,FALSE,FALSE,0.07660761138547248
Fam98b,0.3457917796477985,0.06372917024986907,0.240629079374735,0.2086980333808792,0.27240657604619356,0.25916219418382946,Fam98b,FALSE,FALSE,FALSE,FALSE,0.28627581168957567,FALSE,FALSE,0.07660670546730736
Ormdl2,-0.29330896080686086,0.34914052942357365,-0.2560352419432572,0.42877055247429563,-0.3093700372606558,0.4665438164155701,Ormdl2,FALSE,FALSE,FALSE,FALSE,0.2862380800035913,FALSE,FALSE,0.07659650329112645
Rin1,0.2887748644272879,0.7031405277085755,0.05818734660604966,0.9481602416532544,0.5117310072532809,0.5947789437212593,Rin1,FALSE,FALSE,FALSE,FALSE,0.28623107276220616,FALSE,FALSE,0.07659460862065817
Mfsd8,0.3927465791399114,0.04571502526579462,0.24863402970897575,0.20464628301786264,0.21721046895870266,0.38534000768107324,Mfsd8,FALSE,FALSE,FALSE,FALSE,0.28619702593586327,FALSE,FALSE,0.07658540278445741
Dele1,-0.2399888181277614,0.151363757994544,-0.336628829346755,0.09952388076120047,-0.28191425837520256,0.21666895771141415,Dele1,FALSE,FALSE,FALSE,FALSE,0.2861773019499063,FALSE,FALSE,0.0765800696652375
Ptprf,-0.4632099347260903,0.06738093179555915,-0.2347131977625594,0.3662223528404213,-0.16059886277127067,0.6545556216063438,Ptprf,FALSE,FALSE,FALSE,FALSE,0.28617399841997343,FALSE,FALSE,0.07657917643204332
Prrt3,-0.4026717746302295,0.13448412232191181,-0.3640548282158247,0.1991512789425287,-0.09170854211632662,0.8208664365227808,Prrt3,FALSE,FALSE,FALSE,FALSE,0.2861450483207936,FALSE,FALSE,0.07657134868714982
Ehmt2,-0.41351007757969516,0.03770696974150215,-0.294445773545009,0.14688132953727356,-0.1503133047621512,0.5572624935729553,Ehmt2,FALSE,FALSE,FALSE,FALSE,0.2860897186289518,FALSE,FALSE,0.0765563882301896
Ctsz,-0.2905292670414372,0.17531373192184058,-0.36715852678118033,0.13771717364741717,-0.20042728769337437,0.5105018384175253,Ctsz,FALSE,FALSE,FALSE,FALSE,0.28603836050533066,FALSE,FALSE,0.07654250163562502
Tiam2,0.36159258114192827,0.14262996466358763,0.23282456416827912,0.37042149519781103,0.26349374465516995,0.43632924887427343,Tiam2,FALSE,FALSE,FALSE,FALSE,0.2859702966551258,FALSE,FALSE,0.07652409802144176
Ccdc155,-0.5160928874361767,0.38430595589994565,-0.25472153977065864,0.68333416064542,0.08698447845298707,0.9260668732862938,Ccdc155,FALSE,FALSE,FALSE,FALSE,0.2859329685532741,FALSE,FALSE,0.07651400496936486
Eppk1,-0.6004215225930016,0.08577832319922225,0.12627093086634567,0.7275484055727787,0.131091103260343,0.7922027402856598,Eppk1,FALSE,FALSE,FALSE,FALSE,0.28592785223989675,FALSE,FALSE,0.07651262158219012
Klf16,-0.46667311679859314,0.08824527816884245,-0.1523304737565141,0.5737141265329333,0.23850240368275166,0.4637710952718513,Klf16,FALSE,FALSE,FALSE,FALSE,0.28583533141261963,FALSE,FALSE,0.07648760510715968
Vps4a,-0.29587484144925735,0.07083968728809936,-0.27951601919900515,0.12523131247058483,-0.28209310444286473,0.19143047081998907,Vps4a,FALSE,FALSE,FALSE,FALSE,0.2858279883637091,FALSE,FALSE,0.07648561963853469
Gm11400,-0.4889861824375124,0.21936994601007098,-0.2570014516283945,0.5309907796820773,-0.11148011525455391,0.855259360092999,Gm11400,FALSE,FALSE,FALSE,FALSE,0.2858225831068203,FALSE,FALSE,0.07648415812464672
A730046J19Rik,0.21594933821224926,0.5823718990874756,0.12877571244161112,0.7655880140985618,0.5126040119701316,0.28716629245434133,A730046J19Rik,FALSE,FALSE,FALSE,FALSE,0.28577635420799735,FALSE,FALSE,0.07647165840834366
Eefsec,-0.3758224287500975,0.07339270347692496,-0.23466052634099022,0.25837177769179936,-0.24683461295921072,0.35439290731969714,Eefsec,FALSE,FALSE,FALSE,FALSE,0.28577252268343284,FALSE,FALSE,0.07647062241200189
Kcnj15,0.2774392603650716,0.7270505464268755,0.3775530481552435,0.635351485134835,-0.20230531693265802,0.8761166282108077,Kcnj15,FALSE,FALSE,FALSE,FALSE,0.28576587515099106,FALSE,FALSE,0.07646882500233493
Hist2h3c2,0.11278721114334589,0.7688203314952992,-0.6861433937010297,0.12486603803841076,-0.05828583080412386,0.9255119037359897,Hist2h3c2,FALSE,FALSE,FALSE,FALSE,0.2857388118828332,FALSE,FALSE,0.07646150743296122
Pfdn1,-0.2896553831052824,0.0353064094223174,-0.2680300286770301,0.08525470443769087,-0.2994623467843853,0.0945307768205195,Pfdn1,FALSE,FALSE,FALSE,FALSE,0.2857159195222326,FALSE,FALSE,0.07645531762484767
Capzb,-0.3107619319294388,0.06630242953670573,-0.2773772001622232,0.13460721094597888,-0.2689351899650507,0.22640384886677803,Capzb,FALSE,FALSE,FALSE,FALSE,0.2856914406855709,FALSE,FALSE,0.07644869885344081
Apcdd1,-0.29332820418710226,0.5753513535735558,-0.4654264784743963,0.38491606387837085,-0.09822562530335305,0.9052165136027727,Apcdd1,FALSE,FALSE,FALSE,FALSE,0.2856601026549505,FALSE,FALSE,0.07644022544173892
Ppp2r2c,-0.31449558138867495,0.08107810625547547,-0.31616491480128683,0.12288850697556022,-0.22630270697464816,0.34957674119544024,Ppp2r2c,FALSE,FALSE,FALSE,FALSE,0.28565440105487,FALSE,FALSE,0.0764386838003567
Snord118,0.34412416848847227,0.5729154320976919,0.40941920102569285,0.5094008148537162,-0.10341979899884252,0.9251554786967159,Snord118,FALSE,FALSE,FALSE,FALSE,0.28565438950433586,FALSE,FALSE,0.07643868067723668
Napepld,0.3079200503893804,0.14318972989121478,0.2136976732253011,0.3343208573142701,0.33531867258457737,0.23331648501588145,Napepld,FALSE,FALSE,FALSE,FALSE,0.28564546539975294,FALSE,FALSE,0.07643626771092371
Fbxl13,0.07699365658541235,0.9017964623548125,0.6287494867044372,0.2302062127245488,-0.15111307249204364,0.8660843062435627,Fbxl13,FALSE,FALSE,FALSE,FALSE,0.2856187385939644,FALSE,FALSE,0.07642904111676833
Ncoa7,0.4934272679427192,0.02217134170835429,0.24796022752313895,0.1939224151181437,0.11543799790268938,0.6539032510393108,Ncoa7,FALSE,FALSE,FALSE,FALSE,0.28560849778951586,FALSE,FALSE,0.07642627213127265
Tekt2,-0.32711589227336835,0.5722265923632536,-0.4008797422014785,0.49648474758025984,-0.12871980363700408,0.8859352840268091,Tekt2,FALSE,FALSE,FALSE,FALSE,0.2855718127039503,FALSE,FALSE,0.07641635294276075
Zfp59,0.3286638230954728,0.13432784542945497,0.33309333747034175,0.1649101459655804,0.19488684718344773,0.5282970063688004,Zfp59,FALSE,FALSE,FALSE,FALSE,0.28554800258308743,FALSE,FALSE,0.07640991498374582
Gpsm1,-0.3627191305708286,0.18100688120426672,-0.24387417743576645,0.38323071210232573,-0.25000514946225527,0.4979997449771047,Gpsm1,FALSE,FALSE,FALSE,FALSE,0.2855328191562834,FALSE,FALSE,0.07640580957495628
2810006K23Rik,-0.24798847214875863,0.31037528042022655,-0.40507535930309,0.1446236284091204,-0.20333940391250227,0.5493169636897167,2810006K23Rik,FALSE,FALSE,FALSE,FALSE,0.2854677451214503,FALSE,FALSE,0.07638821436947182
Syt15,0.1836684870177775,0.7081523246617254,0.35668512341112946,0.44595409806537917,0.3160082364876544,0.6170766229271049,Syt15,FALSE,FALSE,FALSE,FALSE,0.2854539489721871,FALSE,FALSE,0.07638448406318604
Rhoq,0.46586734923171846,0.022505162304206176,0.2515192087615814,0.17397006434975693,0.1389006795604395,0.5603327662620621,Rhoq,FALSE,FALSE,FALSE,FALSE,0.28542907918457977,FALSE,FALSE,0.07637775958353102
Plac8,-0.021733665865508248,0.9758135261052194,-0.30309270196911187,0.6597404297772514,-0.530856137964705,0.5558256851021292,Plac8,FALSE,FALSE,FALSE,FALSE,0.28522750193310836,FALSE,FALSE,0.07632325561478642
Lhfpl5,-0.35571108060560697,0.26929806925392064,-0.3903191434441382,0.25049551263056546,-0.10953983034292092,0.8210777185923199,Lhfpl5,FALSE,FALSE,FALSE,FALSE,0.2851900181308887,FALSE,FALSE,0.07631312046327653
Tnpo1,0.4018523206794722,0.03651606122964677,0.3422241267465225,0.10211259847939146,0.11123614487241262,0.6594702502858886,Tnpo1,FALSE,FALSE,FALSE,FALSE,0.2851041974328024,FALSE,FALSE,0.07628991561941648
Gm37352,0.285491867890463,0.4561809499925896,0.19164761432942345,0.6479078805231097,0.3781044914966214,0.45623173180865,Gm37352,FALSE,FALSE,FALSE,FALSE,0.2850813245721693,FALSE,FALSE,0.07628373108385035
Erlin1,0.4445626820020543,0.0489720586052495,0.30742914888205863,0.18467201179396067,0.10323690090273985,0.7500492749721234,Erlin1,FALSE,FALSE,FALSE,FALSE,0.2850762439289509,FALSE,FALSE,0.07628235734144065
Fbxl18,-0.4154602594044512,0.0408077391264366,-0.2678759535573425,0.17639839832461085,-0.1718758983267632,0.49116834666750675,Fbxl18,FALSE,FALSE,FALSE,FALSE,0.2850707037628523,FALSE,FALSE,0.07628085934978894
Kcnv2,0.2253900272624081,0.5197443756666312,0.3176279006216862,0.3653047330098055,0.31215054720104796,0.5013661036838792,Kcnv2,FALSE,FALSE,FALSE,FALSE,0.2850561583617141,FALSE,FALSE,0.07627692645516305
Usp10,-0.3851324920154582,0.029633515864581787,-0.19784803818923713,0.2237878448647094,-0.2720541216383303,0.19157284538373945,Usp10,FALSE,FALSE,FALSE,FALSE,0.28501155061434186,FALSE,FALSE,0.07626486507794515
Gm22068,0.4155874156180973,0.42838293509348313,0.08998929335354797,0.8889303401099635,-0.3492697734414846,0.6747720848864652,Gm22068,FALSE,FALSE,FALSE,FALSE,0.2849488274710433,FALSE,FALSE,0.07624790552414157
Rapgef6,0.3153366639325812,0.03199299932373977,0.37060929838650214,0.0704576830990092,0.16886290840292073,0.34718427606435837,Rapgef6,FALSE,FALSE,FALSE,FALSE,0.284936290240668,FALSE,FALSE,0.07624451561378447
Polr2h,-0.26486357307681807,0.1410611916731199,-0.28955510504094617,0.14563399502307858,-0.300332162813286,0.21430522751658732,Polr2h,FALSE,FALSE,FALSE,FALSE,0.28491694697701675,FALSE,FALSE,0.07623928543711636
Tmem64,0.45831221507709774,0.022606933826155737,0.20499518531103522,0.24936187148890213,0.19138635871923526,0.40608108524542064,Tmem64,FALSE,FALSE,FALSE,FALSE,0.2848979197024561,FALSE,FALSE,0.07623414069994797
Wdr34,-0.33451623081774784,0.09250819637498128,-0.28763502161725274,0.17319433251745492,-0.2324580339402056,0.3738932430442532,Wdr34,FALSE,FALSE,FALSE,FALSE,0.2848697621250687,FALSE,FALSE,0.0762265272430393
Man1b1,-0.3512670706023462,0.02454000316854638,-0.2377959863864456,0.1233329332563848,-0.2654209702761676,0.14800322637922628,Man1b1,FALSE,FALSE,FALSE,FALSE,0.2848280090883198,FALSE,FALSE,0.07621523774388528
Slitrk6,-0.20691780886751854,0.37247821194190994,0.3906264863415059,0.14185160340801345,0.2568195422149593,0.43208725836388395,Slitrk6,FALSE,FALSE,FALSE,FALSE,0.28478794580799455,FALSE,FALSE,0.07620440513374345
Alyref,-0.2951559291256567,0.05211356919846627,-0.24785349610837937,0.128740417194296,-0.3112374933658417,0.12049300589085365,Alyref,FALSE,FALSE,FALSE,FALSE,0.2847489728666259,FALSE,FALSE,0.07619386733762441
Tspoap1,-0.3927067289522288,0.09894311705239044,-0.3033611279406534,0.2211990976149194,-0.15815385756995326,0.6337270895617927,Tspoap1,FALSE,FALSE,FALSE,FALSE,0.28474057148761184,FALSE,FALSE,0.07619159570977031
Suds3,-0.40833400709147316,0.03350041850141886,-0.16594840225911334,0.35190310477649156,-0.27971666110843874,0.22640384886677803,Suds3,FALSE,FALSE,FALSE,FALSE,0.28466635681967506,FALSE,FALSE,0.07617152899136787
Bola2,-0.26331268641532857,0.07787714605366218,-0.35800462587585047,0.07242313242785868,-0.2326816497978328,0.22865199027736904,Bola2,FALSE,FALSE,FALSE,FALSE,0.2846663206963373,FALSE,FALSE,0.07617151922406894
Lrrc3,-0.2651429798444984,0.4752312420906382,-0.38510800555644,0.3158703676436332,-0.20357104194429043,0.6942284718936174,Lrrc3,FALSE,FALSE,FALSE,FALSE,0.28460734244840963,FALSE,FALSE,0.07615557224315618
Fbxl3,0.4164841678012374,0.029289698109985645,0.28365170811065177,0.13767629696144293,0.15350306548913917,0.5156202907674658,Fbxl3,FALSE,FALSE,FALSE,FALSE,0.2845463138003428,FALSE,FALSE,0.07613907085967922
Cyfip2,-0.1852172869776183,0.463521426417032,-0.326117343489174,0.2277267893337666,-0.34204042726029993,0.3219967355785621,Cyfip2,FALSE,FALSE,FALSE,FALSE,0.2844583525756974,FALSE,FALSE,0.07611528724419775
Gm1673,-0.27245084383899565,0.31696970161461197,-0.49392659599453514,0.12344328495802823,-0.08697604108478796,0.837758187833633,Gm1673,FALSE,FALSE,FALSE,FALSE,0.28445116030610623,FALSE,FALSE,0.07611334254441572
Rgs16,-0.2574040012130867,0.5321740603892977,-0.44946920428129333,0.2927177273289199,0.14646621549715277,0.8036409510142775,Rgs16,FALSE,FALSE,FALSE,FALSE,0.2844464736638443,FALSE,FALSE,0.07611207533493897
Cfdp1,-0.28259021310036303,0.04319097603834823,-0.19330973528164286,0.17170725789110783,-0.3774246989420078,0.06360574280816958,Cfdp1,FALSE,FALSE,FALSE,FALSE,0.28444154910800457,FALSE,FALSE,0.0761107437966051
Siglec1,0.2577932162508293,0.6494235669147621,0.29436654103447524,0.6122038674116347,-0.30104792197357194,0.7263850580028944,Siglec1,FALSE,FALSE,FALSE,FALSE,0.2844025597529588,FALSE,FALSE,0.07610020156243297
Glt1d1,-0.13634931995947364,0.6195504020374409,-0.36534662964916764,0.20242631026084787,-0.3513862159624832,0.32999170208633516,Glt1d1,FALSE,FALSE,FALSE,FALSE,0.2843607218570415,FALSE,FALSE,0.0760888891184207
Kcng2,-0.06094295909156655,0.9371042298057292,0.13003865535717407,0.8602446138388428,0.6620185011161274,0.41077440791105935,Kcng2,FALSE,FALSE,FALSE,FALSE,0.284333371854956,FALSE,FALSE,0.07608149401977762
Six3os1,-0.3894819210845517,0.08048359091151416,-0.29103455141540113,0.20290729912023153,-0.17234482588820033,0.564869940815699,Six3os1,FALSE,FALSE,FALSE,FALSE,0.28428709946271774,FALSE,FALSE,0.0760689825433988
Tmem91,-0.40155465779976607,0.23704031253886487,-0.36431255209524616,0.29785939480401974,-0.08693020048575795,0.8690848493278867,Tmem91,FALSE,FALSE,FALSE,FALSE,0.2842658034602567,FALSE,FALSE,0.07606322437056905
Slc26a2,0.3959441293820527,0.13544529909117556,0.2211848233453786,0.4367033286374905,0.23559177156276512,0.5327958338652045,Slc26a2,FALSE,FALSE,FALSE,FALSE,0.2842402414300655,FALSE,FALSE,0.07605631271717353
Tmem201,-0.4236913477178508,0.04139269294583608,-0.2522089191740555,0.20242631026084787,-0.17665392276889946,0.4872459834987005,Tmem201,FALSE,FALSE,FALSE,FALSE,0.28418472988693527,FALSE,FALSE,0.07604130308989838
Supt5,-0.36139705148544543,0.056062144153177756,-0.26300805066010113,0.1821971665436358,-0.2280609889423264,0.3560603151549478,Supt5,FALSE,FALSE,FALSE,FALSE,0.2841553636959577,FALSE,FALSE,0.076033362838984625
Angpt1,0.5683458623595756,0.1135114614612084,0.18555402153279488,0.6431140731300897,-0.09795635548731774,0.8713754329964963,Angpt1,FALSE,FALSE,FALSE,FALSE,0.2839520797932294,FALSE,FALSE,0.07597839741307616
Cpa2,-0.2829252341977222,0.2201574733294173,-0.1630851368420405,0.5059819137563725,-0.40582702840101526,0.20224708291880772,Cpa2,FALSE,FALSE,FALSE,FALSE,0.28394579981359264,FALSE,FALSE,0.07597669938509265
Il17re,-0.26884766593794884,0.34637598293104427,-0.2222243051597408,0.45230447162368564,-0.36029391673578504,0.3515002901808404,Il17re,FALSE,FALSE,FALSE,FALSE,0.2837886292778249,FALSE,FALSE,0.075934202437116
Col4a3,0.26303495470075333,0.21522179781552636,0.21130985653104828,0.34567971090287436,0.37696356914400164,0.18187677139784494,Col4a3,FALSE,FALSE,FALSE,FALSE,0.28376946012526777,FALSE,FALSE,0.07592901933791107
Gmfb,0.4294402533352075,0.05610535921633608,0.2841915238302066,0.2177490471637209,0.13757949589741703,0.6593689455770281,Gmfb,FALSE,FALSE,FALSE,FALSE,0.28373709102094374,FALSE,FALSE,0.07592026713676987
Dhrs1,-0.3855244238815754,0.04787474615062137,-0.25845001939090384,0.1838962819149906,-0.2071691157051596,0.39683724562334605,Dhrs1,FALSE,FALSE,FALSE,FALSE,0.28371451965921296,FALSE,FALSE,0.0759141641227377
Wdsub1,-0.4253754463659414,0.09573772878183752,-0.2959707379615484,0.25142571864827284,-0.1296956928310573,0.713667864202501,Wdsub1,FALSE,FALSE,FALSE,FALSE,0.2836806257195157,FALSE,FALSE,0.07590499962517458
Actr1a,-0.3622052037389931,0.05938451716834093,-0.2804163759400655,0.1679037910756812,-0.20833951270457352,0.41245719076191895,Actr1a,FALSE,FALSE,FALSE,FALSE,0.2836536974612107,FALSE,FALSE,0.07589771856077725
Ost4,-0.2369450478406092,0.20672658262876795,-0.24847468061653544,0.21608484427127894,-0.3654112416816089,0.15878594218553285,Ost4,FALSE,FALSE,FALSE,FALSE,0.28361032337958453,FALSE,FALSE,0.07588599075135419
Amdhd1,-0.4620915397527785,0.3591355173783138,-0.08665431538617252,0.8748895808335273,-0.3020734393198974,0.662610023684537,Amdhd1,FALSE,FALSE,FALSE,FALSE,0.2836064314862828,FALSE,FALSE,0.07588493843206058
Spast,0.42541260415805127,0.04185065573499435,0.309394983343088,0.15107250934188324,0.11597344225846662,0.6835092310064056,Spast,FALSE,FALSE,FALSE,FALSE,0.2835936765865353,FALSE,FALSE,0.07588148966662647
Klhl6,0.3972001100562327,0.5538900977870772,-0.035457891243329626,0.9665658378870856,-0.4177167482584448,0.6867045081950023,Klhl6,FALSE,FALSE,FALSE,FALSE,0.28345824985266904,FALSE,FALSE,0.07584487197085005
1500035N22Rik,0.09938983030998161,0.7840040358012701,-0.3550620865870191,0.3342330144840826,-0.395845749180765,0.4105879206882688,1500035N22Rik,FALSE,FALSE,FALSE,FALSE,0.2834325553592552,FALSE,FALSE,0.07583792450105516
Hace1,0.3775961709972844,0.067520639225485,0.3321976203509456,0.13949005050400584,0.14023486014129727,0.6288690343193462,Hace1,FALSE,FALSE,FALSE,FALSE,0.2833428838298424,FALSE,FALSE,0.07581367844054625
Spata6,0.39231101016975956,0.026655293844522025,0.26218663913003226,0.13329311116485434,0.1952331618116787,0.35187173539794747,Spata6,FALSE,FALSE,FALSE,FALSE,0.2832436037038235,FALSE,FALSE,0.0757868343356386
Podn,-0.13622669541828084,0.8369694763428169,0.5590749129744447,0.31880725521200803,0.15430183603313427,0.8681458594612189,Podn,FALSE,FALSE,FALSE,FALSE,0.28320114814195324,FALSE,FALSE,0.07577535488247451
Gm34121,0.3134617714863932,0.4718160501123627,-0.42447419479363663,0.3934887102055304,-0.11151023212835529,0.8817102844923025,Gm34121,FALSE,FALSE,FALSE,FALSE,0.28314873280279507,FALSE,FALSE,0.07576118243004568
Ppp4r4,-0.3039022059017529,0.29492097827987857,-0.3008400343221944,0.3197811727273806,-0.24469622727676787,0.5403758976649078,Ppp4r4,FALSE,FALSE,FALSE,FALSE,0.2831461558335717,FALSE,FALSE,0.07576048564978412
Dennd6a,0.3986689691561329,0.039876445289351914,0.31956985811417216,0.1219508113246877,0.13106580436950033,0.6082944726950605,Dennd6a,FALSE,FALSE,FALSE,FALSE,0.28310154387993514,FALSE,FALSE,0.07574842313524492
Armc1,0.38575220753225015,0.08575066174897954,0.2925889385762135,0.21644611689958615,0.1706702841569756,0.5902952201553159,Armc1,FALSE,FALSE,FALSE,FALSE,0.28300381008847975,FALSE,FALSE,0.07572199713987147
Pear1,0.10408918562980518,0.7936847096420291,0.27826014009837463,0.4493043936744108,0.4666599422495712,0.3075815705339458,Pear1,FALSE,FALSE,FALSE,FALSE,0.283003089325917,FALSE,FALSE,0.07572180225468525
Slc17a9,0.3802673937923111,0.16124207186176165,-0.29722702895158726,0.3328876153876953,-0.17144178799802123,0.6813412246544414,Slc17a9,FALSE,FALSE,FALSE,FALSE,0.2829787369139732,FALSE,FALSE,0.07571521766694159
Gm43568,-0.36762972634912405,0.49218415087621087,-0.08432453860004284,0.8865162626932748,-0.3969338941331524,0.5911764765603967,Gm43568,FALSE,FALSE,FALSE,FALSE,0.2829627196941064,FALSE,FALSE,0.07571088681093169
Yif1b,-0.22931705538045888,0.25871213845515273,-0.3193053333767448,0.15770178933733603,-0.3002451763887466,0.27693316459144207,Yif1b,FALSE,FALSE,FALSE,FALSE,0.2829558550486501,FALSE,FALSE,0.07570903069661987
Slc25a5,-0.2121834355778116,0.1666195202449061,-0.2944395022220254,0.110572080705277,-0.3422127413531344,0.12049300589085365,Slc25a5,FALSE,FALSE,FALSE,FALSE,0.2829452263843238,FALSE,FALSE,0.07570615683866214
Gm16907,-0.04962832846672938,0.9250809407439432,0.6178101017494708,0.16070940578664084,0.1813201161798499,0.7802960687397313,Gm16907,FALSE,FALSE,FALSE,FALSE,0.28291951546535005,FALSE,FALSE,0.07569920492760118
Eif3l,-0.3014648063536196,0.05789806379064433,-0.28511135470764337,0.11262040182664092,-0.26217975935271376,0.2079228557265757,Eif3l,FALSE,FALSE,FALSE,FALSE,0.28291864013799223,FALSE,FALSE,0.07569896825002669
Klc3,-0.30854655465075087,0.2916479092316823,-0.3285001092891884,0.2902846314415309,-0.21152048338031282,0.6113984544653795,Klc3,FALSE,FALSE,FALSE,FALSE,0.28285571577341734,FALSE,FALSE,0.07568195428850559
Tapbpl,-0.36960894422020196,0.08794090470776313,-0.30362985045255897,0.1846518904164374,-0.17530640748419302,0.5523020021361955,Tapbpl,FALSE,FALSE,FALSE,FALSE,0.28284840071898465,FALSE,FALSE,0.07567997638923743
Cracr2b,-0.3725594173464727,0.3632955998034709,-0.3491588656925947,0.4126787306671974,-0.12668993060155687,0.8403967525496364,Cracr2b,FALSE,FALSE,FALSE,FALSE,0.2828027378802081,FALSE,FALSE,0.07566762972849421
Gm25911,0.025035672256806585,0.9603047986705526,-0.06037976672057033,0.9047836169254968,0.7629179397233763,0.15243957447663298,Gm25911,FALSE,FALSE,FALSE,FALSE,0.28277779290025107,FALSE,FALSE,0.07566088491776786
Dnm1l,0.4170375080022435,0.049369776587001805,0.3024946370761388,0.1708847594760277,0.12872946376434502,0.6584721442302853,Dnm1l,FALSE,FALSE,FALSE,FALSE,0.2827538696142424,FALSE,FALSE,0.07565441636031227
Slc26a7,0.21486760019249918,0.706056445222596,0.39317837244319964,0.48263147690823754,0.24003668132972678,0.7669696688057195,Slc26a7,FALSE,FALSE,FALSE,FALSE,0.2826942179884752,FALSE,FALSE,0.07563828730645006
Gm45716,0.1389110116967449,0.7214755651883511,0.5018439280762486,0.17641203511061704,-0.20729370275635328,0.7049694723678703,Gm45716,FALSE,FALSE,FALSE,FALSE,0.2826828808431156,FALSE,FALSE,0.07563522188407812
Pofut2,-0.25494233050849324,0.1349239144245101,-0.3194589600588138,0.11458350834329417,-0.2734947816807596,0.24294435572602927,Pofut2,FALSE,FALSE,FALSE,FALSE,0.2826320240826889,FALSE,FALSE,0.07562147085185343
Tmem106b,0.5428638246991859,0.042115166113742594,0.21659775276200932,0.4097977903534271,0.0884269628249168,0.821948704418931,Tmem106b,FALSE,FALSE,FALSE,FALSE,0.282629513428704,FALSE,FALSE,0.07562079200240329
Rarres1,0.11164084609166625,0.8164361700975572,-0.17838605455224377,0.7231845651095535,-0.557843196165099,0.38738060474461117,Rarres1,FALSE,FALSE,FALSE,FALSE,0.282623365603003,FALSE,FALSE,0.07561912970719185
Uchl5,0.3359557960769184,0.14193815542113622,0.2778462744297707,0.25291949040099354,0.2338810823691828,0.460023447495747,Uchl5,FALSE,FALSE,FALSE,FALSE,0.282561050958624,FALSE,FALSE,0.07560228060638921
Cmc1,0.4981092154165889,0.0408077391264366,0.16069434811526362,0.5111467256490784,0.1887983906327424,0.5563065276908937,Cmc1,FALSE,FALSE,FALSE,FALSE,0.28253398472153163,FALSE,FALSE,0.07559496223425273
Dmtn,-0.39151284546617227,0.17475313356712982,-0.4023547029291423,0.19803605539449065,-0.053560859305125774,0.9141851175332956,Dmtn,FALSE,FALSE,FALSE,FALSE,0.2824761359001468,FALSE,FALSE,0.07557932063615744
Sox8,-0.24775321963106856,0.6140562775975715,-0.2976847237720269,0.5524961572919419,0.3015880066604919,0.6170766229271049,Sox8,FALSE,FALSE,FALSE,FALSE,0.28234198335452915,FALSE,FALSE,0.07554304746495394
Agpat5,0.38302876244080775,0.09858611323045881,0.28800453464617615,0.23952781949244425,0.17535124662809043,0.595009580398153,Agpat5,FALSE,FALSE,FALSE,FALSE,0.2821281812383581,FALSE,FALSE,0.07548523804562585
Sgta,-0.27562424895572235,0.04410473404245291,-0.31744033254974013,0.07177798693527772,-0.25320078489076003,0.1455702621190489,Sgta,FALSE,FALSE,FALSE,FALSE,0.2820884554654075,FALSE,FALSE,0.0754744966932587
Kiss1r,-0.32716893043837136,0.31608022332207797,-0.3692158494447113,0.28063390696879814,0.14983804629650432,0.7385870309616412,Kiss1r,FALSE,FALSE,FALSE,FALSE,0.2820742753931957,FALSE,FALSE,0.07547066257900728
Pigw,0.33616630534626335,0.2850541495936599,0.40148453533360806,0.22657869801253608,-0.10854928486535043,0.8393255684781104,Pigw,FALSE,FALSE,FALSE,FALSE,0.2820667085150739,FALSE,FALSE,0.07546861658976181
Rsrc2,0.3319093524261705,0.08633286470403993,0.34565041383084605,0.12032630107413,0.16858042390086858,0.5313080892136965,Rsrc2,FALSE,FALSE,FALSE,FALSE,0.28204673005262837,FALSE,FALSE,0.07546321466328078
Vsp35l,-0.36020620101937606,0.04843182292059848,-0.2508841890501081,0.17744904509496184,-0.2348494913465995,0.31050477581869357,Vsp35l,FALSE,FALSE,FALSE,FALSE,0.2819799604720279,FALSE,FALSE,0.075445161003418
Fcho1,-0.27954642527038764,0.35050631195540427,-0.4496345065737528,0.17582532679141047,-0.11675164481983158,0.7955229439764211,Fcho1,FALSE,FALSE,FALSE,FALSE,0.2819775255546573,FALSE,FALSE,0.07544450263220155
Tbc1d32,0.3940789722800462,0.03894994048142692,0.2951683232185305,0.13633927690126524,0.1566062395832848,0.5242699876689363,Tbc1d32,FALSE,FALSE,FALSE,FALSE,0.2819511783606205,FALSE,FALSE,0.07543737868031804
Dock11,0.34993641550027466,0.2714148685901899,0.3608191466935784,0.28652154808363495,0.13509130530587798,0.787969696283249,Dock11,FALSE,FALSE,FALSE,FALSE,0.2819489558332437,FALSE,FALSE,0.07543677773670067
Sh3gl2,0.1597721265242864,0.3815037270206168,0.2948712154724422,0.14782280552406027,0.3911739112468453,0.12265175799014481,Sh3gl2,FALSE,FALSE,FALSE,FALSE,0.28193908441452464,FALSE,FALSE,0.0754341086284883
Kctd10,-0.35907895923853816,0.09459303189460411,-0.29143636826044084,0.19204968915194606,-0.1952106500800861,0.4918152224753389,Kctd10,FALSE,FALSE,FALSE,FALSE,0.2819086591930217,FALSE,FALSE,0.07542588202896014
Bcl2l14,0.09597102357931231,0.9166069337851623,0.7027318297904848,0.34644923866207156,0.04692328981649363,0.9733478957736887,Bcl2l14,FALSE,FALSE,FALSE,FALSE,0.2818753810620969,FALSE,FALSE,0.07541688403839046
Ephb4,-0.34821397083891137,0.07115885481747779,-0.328410534122495,0.12255041318523377,-0.16891431311456362,0.5023023307145136,Ephb4,FALSE,FALSE,FALSE,FALSE,0.28184627269199,FALSE,FALSE,0.07540901349901692
Tonsl,0.38539691497012707,0.3103194041185661,-0.3593095693601338,0.4200005958002131,-0.10065652470705566,0.88237920237271406,Tonsl,FALSE,FALSE,FALSE,FALSE,0.2817876696791055,FALSE,FALSE,0.07539316797696878
Htr1b,0.070089176199527925,0.9283531920597763,-0.2611967342915349,0.7370471796739361,-0.5139576146197762,0.6131233655009791,Htr1b,FALSE,FALSE,FALSE,FALSE,0.281747841703613,FALSE,FALSE,0.075382398990312
Mfge8,-0.15699420031308442,0.6276151928463044,-0.38810481800034413,0.24571725306667863,-0.30005636303228744,0.4918152224753389,Mfge8,FALSE,FALSE,FALSE,FALSE,0.281718460448572,FALSE,FALSE,0.07537445466626383
Cnpy4,-0.30824681316231217,0.1463880198462747,-0.3030387739431202,0.18479079067833887,-0.23386650669453335,0.41401257646555706,Cnpy4,FALSE,FALSE,FALSE,FALSE,0.2817173645999886,FALSE,FALSE,0.07537415836250681
1110059G10Rik,0.35301267336176645,0.16472035460579498,0.3860724204382717,0.16513345155829665,0.105977533833574,0.7914172924437923,1110059G10Rik,FALSE,FALSE,FALSE,FALSE,0.2816875425445374,FALSE,FALSE,0.07536609485153845
Gm11934,0.03288463076830306,0.9744807484623376,0.2981156801648511,0.7515816557226704,0.5139045797210261,0.6575727746803302,Gm11934,FALSE,FALSE,FALSE,FALSE,0.28163496355139345,FALSE,FALSE,0.07535187814911781
Mapk8ip2,-0.3165523948089657,0.11575887413917411,-0.36240448026855265,0.12255041318523377,-0.16590677008510823,0.564172174803631,Mapk8ip2,FALSE,FALSE,FALSE,FALSE,0.28162121505420884,FALSE,FALSE,0.07534816072735834
Dnah7a,0.38524902514182613,0.31887915303485187,0.24853167931765507,0.5572900866543801,0.21104011000532297,0.716232446307076,Dnah7a,FALSE,FALSE,FALSE,FALSE,0.2816069381549347,FALSE,FALSE,0.07534430043227976
Fbxl6,-0.32115873406545736,0.09489402688256474,-0.35016416097967795,0.11072458956577719,-0.1734608904139523,0.4918152224753389,Fbxl6,FALSE,FALSE,FALSE,FALSE,0.2815945951530292,FALSE,FALSE,0.07534096303887271
Ncoa6,0.2683002818233797,0.085544325732411,0.2139270560248221,0.1958063180562044,0.362539819209343,0.1002620105675008,Ncoa6,FALSE,FALSE,FALSE,FALSE,0.2815890523525149,FALSE,FALSE,0.07533946433490794
Gm27008,0.5735726901418969,0.1750970250705473,0.24262450945015457,0.6147714651020414,-0.028507926083483126,0.9726429190106274,Gm27008,FALSE,FALSE,FALSE,FALSE,0.2815683752251782,FALSE,FALSE,0.07533387349817482
Rabl3,0.3744361965465113,0.06685610684488208,0.17060596447271248,0.4156653040339261,0.2996383433059453,0.25542934587792965,Rabl3,FALSE,FALSE,FALSE,FALSE,0.2815601681083897,FALSE,FALSE,0.07533165439639791
Bend6,0.1448687799452686,0.7231175043193293,-0.13335819074743882,0.7652017925653348,0.5662703090102725,0.23290716842092996,Bend6,FALSE,FALSE,FALSE,FALSE,0.28149909323432665,FALSE,FALSE,0.07531514051398948
Ero1l,0.3370036969540946,0.12830019175150933,0.27287785853148083,0.25072760760925006,0.2345450961925426,0.4471474922198249,Ero1l,FALSE,FALSE,FALSE,FALSE,0.2814755505593727,FALSE,FALSE,0.07530877486900481
Ptafr,-0.12954481869246418,0.7756801378523429,-0.42637069641255004,0.34183371636126963,-0.2884825607691823,0.6291686430700248,Ptafr,FALSE,FALSE,FALSE,FALSE,0.28146602529139886,FALSE,FALSE,0.07530619935562649
Ccl17,-0.4117335585268552,0.610761223666965,0.26957840415894774,0.7298138807247451,-0.16299576800614357,0.8950684151483171,Ccl17,FALSE,FALSE,FALSE,FALSE,0.28143591023064884,FALSE,FALSE,0.07529805661968839
Nyap1,-0.44533860384509083,0.08617622105057601,-0.24437501184573662,0.3512017651205743,-0.15393862444371376,0.6679837922852154,Nyap1,FALSE,FALSE,FALSE,FALSE,0.2812174133781804,FALSE,FALSE,0.07523897780235754
Ddr1,-0.4024950017732998,0.07458445247706183,-0.2607263567888731,0.2659914654216572,-0.1803354900396128,0.5665751120961448,Ddr1,FALSE,FALSE,FALSE,FALSE,0.28118561620059523,FALSE,FALSE,0.07523038024305649
C1rl,-0.3332429089663189,0.4492759502111123,0.08192137012062509,0.8637747229108074,0.4282035041254223,0.4169495874309355,C1rl,FALSE,FALSE,FALSE,FALSE,0.28112259440412213,FALSE,FALSE,0.07521333993716818
Btbd3,0.3346382943354902,0.1598346149113321,0.27312500669788875,0.28581823110857474,0.2355944580150524,0.4839837402451672,Btbd3,FALSE,FALSE,FALSE,FALSE,0.28111925301614377,FALSE,FALSE,0.07521243646763177
Col26a1,0.21764792765341634,0.6776508926905433,-0.3276291156262279,0.5655128206085437,-0.2980756801728853,0.6977040376369904,Col26a1,FALSE,FALSE,FALSE,FALSE,0.2811175744841765,FALSE,FALSE,0.07521198261357229
Smyd4,-0.20520503110257415,0.2811949314787945,-0.3490278994843248,0.12061995108359509,-0.2890149769261332,0.2649621374136752,Smyd4,FALSE,FALSE,FALSE,FALSE,0.2810826358376774,FALSE,FALSE,0.07520253564035054
1810044D09Rik,-0.37222707634030594,0.23610732998138795,0.050586738332303094,0.8836727456948127,-0.42039561630594857,0.3198924465078698,1810044D09Rik,FALSE,FALSE,FALSE,FALSE,0.2810698103261859,FALSE,FALSE,0.0751990677823836
Slc10a4,0.3341275033879545,0.22623502083039632,0.28475089705985246,0.3295078696652606,0.22415234336542644,0.5700228149435639,Slc10a4,FALSE,FALSE,FALSE,FALSE,0.2810102479377445,FALSE,FALSE,0.07518296285717867
Elmsan1,-0.37034250102919497,0.08921627248202822,-0.24741585572146363,0.2666534127864434,-0.22506440003320716,0.43751848322446485,Elmsan1,FALSE,FALSE,FALSE,FALSE,0.28094091892795525,FALSE,FALSE,0.0751642171596604
Pnkp,-0.29618584547978344,0.1359563964824613,-0.30531599480451277,0.1573045504333321,-0.24122108447065438,0.359624755872917,Pnkp,FALSE,FALSE,FALSE,FALSE,0.28090764158498355,FALSE,FALSE,0.07515521938214338
Rnf180,0.20273938588007656,0.3151760752452161,0.4850582461684114,0.07556490478840473,0.15490027120650485,0.5959454069893855,Rnf180,FALSE,FALSE,FALSE,FALSE,0.2808993010849976,FALSE,FALSE,0.0751529642152174
Kbtbd8,0.29399155101300467,0.30374384098371093,0.4334573004801645,0.163682471217063,-0.11522071204686934,0.8049391584543171,Kbtbd8,FALSE,FALSE,FALSE,FALSE,0.2808898545133462,FALSE,FALSE,0.07515040998034082
Nkain4,-0.06311223032164014,0.9290910139610514,-0.6108418513831257,0.36483117275060584,-0.16868952256700465,0.8650848309703667,Nkain4,FALSE,FALSE,FALSE,FALSE,0.28088120142392353,FALSE,FALSE,0.07514807029313905
Lipt2,0.4432492733871456,0.13829305286587898,0.2541627224684295,0.4269708101951634,0.14520959359890107,0.7520055843307022,Lipt2,FALSE,FALSE,FALSE,FALSE,0.28087386315149204,FALSE,FALSE,0.07514608611601427
Caly,-0.34883923959452545,0.1420056627142683,-0.32430909870837343,0.20251753899970637,-0.16947126512664124,0.615148422427231,Caly,FALSE,FALSE,FALSE,FALSE,0.28087320114318004,FALSE,FALSE,0.07514590711724292
Stbd1,-0.10481713694780481,0.7867644415849234,-0.28822364720601046,0.4475331524362874,-0.44956731897197244,0.36452411371933907,Stbd1,FALSE,FALSE,FALSE,FALSE,0.2808693677085959,FALSE,FALSE,0.07514487060445572
Ngly1,0.4697883639039908,0.014840024695314973,0.19806798456131158,0.18862725831771443,0.17435341228513934,0.358510174855588,Ngly1,FALSE,FALSE,FALSE,FALSE,0.2807365869168139,FALSE,FALSE,0.07510896833834017
Ptger4,0.10953108721200211,0.8348614021765678,0.22815804272377138,0.650262707401943,0.5044068716517417,0.39862297052912377,Ptger4,FALSE,FALSE,FALSE,FALSE,0.2806986671958384,FALSE,FALSE,0.07509871531984842
Scx,-0.444221081642024,0.22630873469677715,-0.2451093499066621,0.5140238377255578,0.1527546731839271,0.7629383410102039,Scx,FALSE,FALSE,FALSE,FALSE,0.28069503491087106,FALSE,FALSE,0.07509773319540289
Klhl41,-0.14689360305593624,0.7458727762342766,0.33561303922015306,0.40473077824708503,0.3595136993411183,0.49381781485423365,Klhl41,FALSE,FALSE,FALSE,FALSE,0.2806734472057359,FALSE,FALSE,0.07509189614981682
2310057M21Rik,0.20394510018101597,0.3753075626790212,0.3746982383967352,0.14076780587307383,0.26334240140587495,0.40048469660473834,2310057M21Rik,FALSE,FALSE,FALSE,FALSE,0.2806619133278754,FALSE,FALSE,0.07508877753343612
Txndc5,-0.3192687251566255,0.06856176607310703,-0.3018564338444536,0.12486603803841076,-0.22064162261046683,0.3437701280356783,Txndc5,FALSE,FALSE,FALSE,FALSE,0.28058892720384865,FALSE,FALSE,0.0750690429979481
Psmg1,-0.3318586970359516,0.08697277565600332,-0.13686193169023797,0.47786979820781855,-0.3729609876854969,0.1428727193465167,Psmg1,FALSE,FALSE,FALSE,FALSE,0.2805605388038955,FALSE,FALSE,0.07506136712950331
Med12,-0.41569168579905824,0.03353365904116094,-0.1680683224447188,0.35878001822012523,-0.25768652253387625,0.27487300435407636,Med12,FALSE,FALSE,FALSE,FALSE,0.28048217692588445,FALSE,FALSE,0.07504017905734385
Crbn,0.44216193093917777,0.02300251776828198,0.23631700761778607,0.18486213874014412,0.1629615015339798,0.4737056104533744,Crbn,FALSE,FALSE,FALSE,FALSE,0.28048014669698124,FALSE,FALSE,0.07503963010882969
Fhad1,-0.29289288787418144,0.4191932427292261,-0.4866436289715983,0.21356670178730303,0.06173914044498785,0.9185478344715188,Fhad1,FALSE,FALSE,FALSE,FALSE,0.28042521909692253,FALSE,FALSE,0.07502477837246081
Mal2,0.4314851565728022,0.06358052643923044,0.2908200625317283,0.2255409015418172,0.11896542604272398,0.7255789235387619,Mal2,FALSE,FALSE,FALSE,FALSE,0.2804235483824182,FALSE,FALSE,0.07502432663214557
Gbp11,0.4747649191174429,0.39724431184456166,0.07859227789787715,0.9104786693334908,0.28785068856402535,0.7348545265372894,Gbp11,FALSE,FALSE,FALSE,FALSE,0.2804026285264485,FALSE,FALSE,0.0750186701646246
Ccdc61,-0.36328947411591894,0.1566992872102743,-0.4284472757526172,0.13709244228844267,-0.04879055792081788,0.9053336823330553,Ccdc61,FALSE,FALSE,FALSE,FALSE,0.280175769263118,FALSE,FALSE,0.07495733025594081
Chadl,-0.08736150697158451,0.8539988703181723,-0.4634657832547224,0.31879902231970464,0.28968798249558736,0.6034044070266337,Chadl,FALSE,FALSE,FALSE,FALSE,0.28017175757396473,FALSE,FALSE,0.0749562455453466
Smarcd3,-0.35936614948174395,0.18946316287132242,-0.38647328116350854,0.18859720229045795,-0.09465411200620233,0.8171979380423273,Smarcd3,FALSE,FALSE,FALSE,FALSE,0.2801645142171516,FALSE,FALSE,0.07495428703221842
Adamts10,0.3258949499443222,0.2827158010808815,0.19223634169146564,0.5655128206085437,0.3223353349810658,0.43953232720730584,Adamts10,FALSE,FALSE,FALSE,FALSE,0.2801555422056179,FALSE,FALSE,0.07495186111246488
Golga2,-0.27408733967777277,0.23993824503688344,-0.3582340514900544,0.17169887741658704,-0.20808032781188945,0.5366259856518361,Golga2,FALSE,FALSE,FALSE,FALSE,0.2801339063265722,FALSE,FALSE,0.07494601104125566
Spint2,-0.33295748922502355,0.08472625730671694,-0.32206847416189177,0.13626437817637893,-0.18536734080170003,0.48481238182758035,Spint2,FALSE,FALSE,FALSE,FALSE,0.2801311013962051,FALSE,FALSE,0.07494525262315072
Gm8995,0.5515134301310929,0.19141862595138692,0.23179734993240841,0.6304577643538157,0.056866413919635095,0.9435981582098427,Gm8995,FALSE,FALSE,FALSE,FALSE,0.28005906466104546,FALSE,FALSE,0.0749257747905434
Mdm4,0.2623714527857759,0.0871851772315487,0.2988799665128212,0.10069442807404672,0.2788935146829319,0.17811174028367183,Mdm4,FALSE,FALSE,FALSE,FALSE,0.28004831132717634,FALSE,FALSE,0.07492286722349988
Dad1,-0.28139670562106556,0.16760333861824991,-0.2222907416219586,0.30901042283209795,-0.33642557272705087,0.23275281910636358,Dad1,FALSE,FALSE,FALSE,FALSE,0.2800376733233583,FALSE,FALSE,0.07491999084026034
Dusp28,-0.35735542753598004,0.13028306421497435,-0.28533727223984284,0.24350488231192613,-0.19731722401792862,0.5374640967791049,Dusp28,FALSE,FALSE,FALSE,FALSE,0.2800033079312505,FALSE,FALSE,0.07491069886785935
Bin2,-0.31088995479495996,0.5437811805159701,-0.44094359335177563,0.402031411326727,-0.08786617523065549,0.9147903157256035,Bin2,FALSE,FALSE,FALSE,FALSE,0.2798999077924637,FALSE,FALSE,0.07488274076300633
Cpt1c,-0.4174743062611288,0.02939232684025071,-0.30682217663614164,0.11025421348490946,-0.11537283677830956,0.6128015818221273,Cpt1c,FALSE,FALSE,FALSE,FALSE,0.2798897732251933,FALSE,FALSE,0.07488000050271548
Ston1,0.18034294059981093,0.356149450331634,0.2698010557257784,0.1930917307258565,0.38946003806751905,0.13646879630146722,Ston1,FALSE,FALSE,FALSE,FALSE,0.27986801146436946,FALSE,FALSE,0.07487411639464717
4930451G09Rik,-0.2834609424128265,0.3286528169454821,-0.4515208942497926,0.16238551794412065,-0.10447775892055544,0.8096467725030331,4930451G09Rik,FALSE,FALSE,FALSE,FALSE,0.2798198651943915,FALSE,FALSE,0.07486109824515415
Syt6,0.7219907807149633,0.048908718996034606,0.11009229677899768,0.7933267288697774,-0.007275089215032171,0.9906497636949133,Syt6,FALSE,FALSE,FALSE,FALSE,0.27978605556966435,FALSE,FALSE,0.07485195654530487
1110038F14Rik,-0.32161910743996636,0.1007349903518848,-0.41682867123493406,0.08692767987967741,-0.10087541264532085,0.7148802786815116,1110038F14Rik,FALSE,FALSE,FALSE,FALSE,0.2797743971067404,FALSE,FALSE,0.07484880424268055
Tex11,0.21554601107522608,0.6740200753869582,0.34127265141652297,0.49506907855971327,0.282475050345542,0.6784567948486867,Tex11,FALSE,FALSE,FALSE,FALSE,0.2797645709457637,FALSE,FALSE,0.07484614737159591
Rpl17-ps5,-0.10238161586612561,0.897794983120712,0.12190440511732398,0.8754489657956062,-0.6150057139429953,0.5443026288075345,Rpl17-ps5,FALSE,FALSE,FALSE,FALSE,0.2797639116421483,FALSE,FALSE,0.07484596910414071
Hdgfl2,-0.3693940031937615,0.05428956408387389,-0.28105634658076273,0.15551915393855992,-0.18883158034602499,0.4411571550032388,Hdgfl2,FALSE,FALSE,FALSE,FALSE,0.2797606433735164,FALSE,FALSE,0.07484508540516148
Arrdc1,-0.23872840584303967,0.3573465983342387,-0.3100105553157615,0.2591057418763741,-0.29049787506156566,0.4118234644521751,Arrdc1,FALSE,FALSE,FALSE,FALSE,0.2797456120734556,FALSE,FALSE,0.07484102112954147
E2f2,-0.13974828635377712,0.7127511195191676,-0.5392552482578927,0.17776703939425775,-0.16021130817352258,0.7639596208252041,E2f2,FALSE,FALSE,FALSE,FALSE,0.2797382809283975,FALSE,FALSE,0.07483903887956933
Gm1966,0.14126715878741325,0.8213500072602046,-0.2998899889275153,0.6441978470382899,-0.3979653601725315,0.6417720328427455,Gm1966,FALSE,FALSE,FALSE,FALSE,0.27970750262915334,FALSE,FALSE,0.07483071681223401
Pdp1,0.27020566619426045,0.39952241932576454,0.3747498256663784,0.27210327658761074,0.19397411398327602,0.6824119561917095,Pdp1,FALSE,FALSE,FALSE,FALSE,0.2796432019479716,FALSE,FALSE,0.07481333071190868
Ring1,-0.3442325495445431,0.07391413984556996,-0.2620998817025795,0.1846518904164374,-0.2324834918949623,0.3445313906620377,Ring1,FALSE,FALSE,FALSE,FALSE,0.2796053077140283,FALSE,FALSE,0.07480308458479182
Gm15381,0.11770956521657971,0.8856948108988039,0.29004614764035214,0.70836786721416245,0.4308344468882159,0.6575644461362093,Gm15381,FALSE,FALSE,FALSE,FALSE,0.2795300532483826,FALSE,FALSE,0.07478273671808808
Pnrc2,0.46409149679600237,0.040047514712064296,0.24669686621376385,0.26441955413661655,0.1277545856388249,0.6740082385324493,Pnrc2,FALSE,FALSE,FALSE,FALSE,0.27951431621619705,FALSE,FALSE,0.07477848162132437
Gdf11,-0.3788225474717324,0.10118921973444193,-0.3332887191351537,0.17457814464539315,-0.12641797162091262,0.694998456648106,Gdf11,FALSE,FALSE,FALSE,FALSE,0.2795097460759329,FALSE,FALSE,0.07477724591253135
Abi1,0.35721726323927694,0.0405960032877212,0.32923406392530286,0.09460201760456335,0.15205350391065764,0.49883722582828194,Abi1,FALSE,FALSE,FALSE,FALSE,0.2795016103584125,FALSE,FALSE,0.07477504611622393
Ephb1,-0.25867169298325754,0.5547617174047431,-0.318316836671407,0.477271883057607,0.2615021792031236,0.6353991793414071,Ephb1,FALSE,FALSE,FALSE,FALSE,0.27949690295259605,FALSE,FALSE,0.07477377329254162
Mcrs1,-0.2525906282099548,0.26418495607371817,-0.39404132271984427,0.1319072363857369,-0.19174976694389168,0.5432299667654307,Mcrs1,FALSE,FALSE,FALSE,FALSE,0.2794605726245636,FALSE,FALSE,0.0747639500260316
Coa4,-0.2720778224142335,0.31941480887726653,-0.23755894122618493,0.40245138341497266,-0.32874046485682484,0.37502430495615785,Coa4,FALSE,FALSE,FALSE,FALSE,0.2794590761657478,FALSE,FALSE,0.07476354540227605
Tpt1-ps3,0.503597226606078,0.04571502526579462,0.26500363114289893,0.2902846314415309,-0.06950394799789894,0.864362459202858,Tpt1-ps3,FALSE,FALSE,FALSE,FALSE,0.27936826858229197,FALSE,FALSE,0.07473899216695648
Rtl8a,-0.3010937509539775,0.2399105130969267,-0.35901941204226473,0.19447640933313137,-0.17772938340426014,0.6233849736559339,Rtl8a,FALSE,FALSE,FALSE,FALSE,0.27928084880016746,FALSE,FALSE,0.07471535495076372
B130024G19Rik,0.44870317294944867,0.4094841086340377,0.1185663557402869,0.8578026879680745,0.270114871582504,0.7418834144801255,B130024G19Rik,FALSE,FALSE,FALSE,FALSE,0.2791281334240799,FALSE,FALSE,0.07467406262226763
Esrrg,0.42415064888786924,0.03829026207806311,0.28840748844338426,0.15936436445683025,0.1245548543532351,0.645989965404953,Esrrg,FALSE,FALSE,FALSE,FALSE,0.27903766389482954,FALSE,FALSE,0.07464960079257899
Mgmt,-0.22035401558698653,0.5484610839076443,-0.5044541035914597,0.1995812088419037,-0.11222458184036732,0.8397569812035763,Mgmt,FALSE,FALSE,FALSE,FALSE,0.2790109003396045,FALSE,FALSE,0.0746423642618354
Pepd,-0.3863763278318606,0.061310859174074465,-0.23926435656461376,0.24898515650683883,-0.21136049188005934,0.43208725836388395,Pepd,FALSE,FALSE,FALSE,FALSE,0.2790003920921779,FALSE,FALSE,0.07463952296310195
Tesc,-0.2872077649518676,0.4814564131910181,-0.3741748262064437,0.373121097723003,0.17558627583824205,0.7520055843307022,Tesc,FALSE,FALSE,FALSE,FALSE,0.27898962233218444,FALSE,FALSE,0.07463661095463975
Arhgap23,-0.25456457937364263,0.35878739208194,-0.35755445426478083,0.2321301109232579,-0.22466234771974225,0.5700228149435639,Arhgap23,FALSE,FALSE,FALSE,FALSE,0.27892712711938855,FALSE,FALSE,0.07461971303039458
Klhl13,0.5322905765754102,0.013242504668656787,0.20492981408711142,0.1791656823242409,0.09954614784605198,0.6201811789712147,Klhl13,FALSE,FALSE,FALSE,FALSE,0.27892217950285786,FALSE,FALSE,0.07461837525673817
Sympk,-0.3401504996568985,0.09577435569740565,-0.28495365262131145,0.19319649001917574,-0.2114840480204716,0.44970352573488714,Sympk,FALSE,FALSE,FALSE,FALSE,0.27886273343289386,FALSE,FALSE,0.07460230178259536
Kcnmb2,0.2793484870808256,0.17182210362979033,0.2434628545902222,0.2628745718082684,0.3135631478576566,0.25531754747038526,Kcnmb2,FALSE,FALSE,FALSE,FALSE,0.27879149650956814,FALSE,FALSE,0.07458304020910894
Trpm3,-0.4737352838759348,0.04359896653838728,-0.29083801355046646,0.21078361522826058,-0.07172700423277423,0.8386142318421821,Trpm3,FALSE,FALSE,FALSE,FALSE,0.27876676721972515,FALSE,FALSE,0.07457635371829294
Rhov,-0.4371095372705296,0.5312993526196185,-0.05087972992368234,0.9477376772432287,-0.34829882731466877,0.7240019776725621,Rhov,FALSE,FALSE,FALSE,FALSE,0.2787626981696269,FALSE,FALSE,0.07457525349801632
Gm14004,-0.4098574963573953,0.29594726712095215,-0.31488701219705895,0.4353737285087054,0.1114936432596334,0.8481422373304873,Gm14004,FALSE,FALSE,FALSE,FALSE,0.27874605060469587,FALSE,FALSE,0.07457075220458141
Nudt14,-0.2596806226913966,0.1668203271023151,-0.3342403166567398,0.12255295163478655,-0.24224384676416166,0.33309557531644124,Nudt14,FALSE,FALSE,FALSE,FALSE,0.278721595370766,FALSE,FALSE,0.07456413981505816
Abcb6,0.24536602256313925,0.6962325693644429,0.2985277600768615,0.6424286131603064,0.2921096805789619,0.7353366155147849,Abcb6,FALSE,FALSE,FALSE,FALSE,0.27866782107298754,FALSE,FALSE,0.07454959991720765
Kin,-0.30847886520377,0.0971215762953265,-0.17571135106738955,0.3436844504726107,-0.3515983217157559,0.15243957447663298,Kin,FALSE,FALSE,FALSE,FALSE,0.2785961793289718,FALSE,FALSE,0.07453022888526759
Cmtm7,-0.3278248921964788,0.3166686932065417,-0.11481510345950552,0.7458644774828005,-0.39311677042327275,0.3729885663587031,Cmtm7,FALSE,FALSE,FALSE,FALSE,0.2785855886930857,FALSE,FALSE,0.07452736530972467
Cacng2,0.22688045401017098,0.6072532308680872,-0.02116631753728626,0.9688953789065581,0.5876356251530925,0.2715223289789071,Cacng2,FALSE,FALSE,FALSE,FALSE,0.27856079890018326,FALSE,FALSE,0.07452066245963779
Hmgn2,-0.28938873514447216,0.07156176321316753,-0.3228397075428946,0.09278943644870202,-0.22340067309139489,0.2944579359006843,Hmgn2,FALSE,FALSE,FALSE,FALSE,0.27854303859292057,FALSE,FALSE,0.07451586029458755
Cnnm4,-0.3292868673487628,0.11358847362900296,-0.22394666286304954,0.2880852540373553,-0.2822619500246324,0.29972969774926334,Cnnm4,FALSE,FALSE,FALSE,FALSE,0.2784984934121482,FALSE,FALSE,0.07450381583459607
Gm7598,-0.36485210112387123,0.5064019858577039,-0.15329948659269732,0.7993487761947599,0.31728866507079717,0.649039763527344,Gm7598,FALSE,FALSE,FALSE,FALSE,0.27848008426245524,FALSE,FALSE,0.0744988382306643
Fbxo27,-0.0543125562480839,0.9277417448833525,0.5159176649890803,0.2935888459858074,0.2649565743570588,0.7084240477306859,Fbxo27,FALSE,FALSE,FALSE,FALSE,0.27839559853140766,FALSE,FALSE,0.07447599434520218
Slc25a27,0.1740268222586372,0.432071431992573,0.3281363006603293,0.16138574818528084,0.33288677760671703,0.24678562090817668,Slc25a27,FALSE,FALSE,FALSE,FALSE,0.2783499668418945,FALSE,FALSE,0.07446365610683037
Wac,0.3144384322595144,0.042182165499354926,0.3032018799687135,0.09085111530551959,0.21735602214431804,0.2649621374136752,Wac,FALSE,FALSE,FALSE,FALSE,0.2783321114575153,FALSE,FALSE,0.07445882823411645
Tmem161a,-0.2970836728502402,0.11670933097790016,-0.37057316450538735,0.10181309857558601,-0.16726958922929303,0.5227451708357268,Tmem161a,FALSE,FALSE,FALSE,FALSE,0.27830880886164017,FALSE,FALSE,0.07445252750351329
Rtl6,-0.3500430231601639,0.12445227840735525,-0.3116205458726382,0.20318063033642203,-0.17322555420052943,0.5944368572799373,Rtl6,FALSE,FALSE,FALSE,FALSE,0.2782963744111105,FALSE,FALSE,0.07444916538354153
Col9a2,-0.5115714099920163,0.1184712980660881,-0.31713325450669094,0.32743492145386294,-0.00612304784173201,0.9901796608639275,Col9a2,FALSE,FALSE,FALSE,FALSE,0.27827590411347974,FALSE,FALSE,0.07444363047097517
Tlr6,0.46185906771097834,0.24657281109116386,-0.24195127624672255,0.6142315636064425,0.13076750936877818,0.8456575319761501,Tlr6,FALSE,FALSE,FALSE,FALSE,0.27819261777549303,FALSE,FALSE,0.0744211108864023
Sbk2,-0.14157169074278575,0.810273631006891,-0.5811529575933378,0.3231531881007759,0.11182188122468983,0.8945125634117448,Sbk2,FALSE,FALSE,FALSE,FALSE,0.27818217652027116,FALSE,FALSE,0.07441828770152348
Bcl7b,-0.32495477130739303,0.08587785667162219,-0.29111297803049485,0.15412885058219658,-0.2184649834300565,0.3821764052403008,Bcl7b,FALSE,FALSE,FALSE,FALSE,0.2781775775893148,FALSE,FALSE,0.07441704420808722
4930563E22Rik,-0.6270507267025072,0.17958534289777364,0.17300643911121527,0.7071839211579121,0.03352022616024941,0.9669037809700132,4930563E22Rik,FALSE,FALSE,FALSE,FALSE,0.2778591306579906,FALSE,FALSE,0.07433094013897719
Pomgnt2,-0.39232748315975563,0.03973996786498885,-0.23856648252423973,0.20237179998035418,-0.20262056099265813,0.3979923456886011,Pomgnt2,FALSE,FALSE,FALSE,FALSE,0.2778381755588845,FALSE,FALSE,0.07432527414215273
Gm45902,-0.4280697221797729,0.22712931281900747,-0.0063548222874505456,0.986769896023656,-0.3990341080980071,0.4052735736740306,Gm45902,FALSE,FALSE,FALSE,FALSE,0.27781955085507687,FALSE,FALSE,0.07432023825508315
Lmnb2,-0.36509936455962366,0.029887603850818716,-0.259431439862694,0.12061995108359509,-0.20883498797042677,0.282292407034341,Lmnb2,FALSE,FALSE,FALSE,FALSE,0.27778859746424817,FALSE,FALSE,0.0743118688451723
Tppp,0.30416715879465084,0.2918590630089555,0.06690098071127437,0.848562780682977,0.4622536022567991,0.23245739317768013,Tppp,FALSE,FALSE,FALSE,FALSE,0.2777739139209081,FALSE,FALSE,0.07430789859862202
Cc2d1b,-0.2839906385327806,0.12651407653024058,-0.3090740576888562,0.13849670483220658,-0.24021121049930017,0.33676407583719986,Cc2d1b,FALSE,FALSE,FALSE,FALSE,0.27775863557364566,FALSE,FALSE,0.07430376752452719
Fam198b,0.3772088750934006,0.34914052942357365,0.3133930182593605,0.46492074143768464,0.14227775067822557,0.8270181272744213,Fam198b,FALSE,FALSE,FALSE,FALSE,0.2776265480103289,FALSE,FALSE,0.07426805269872211
Tesk1,-0.42791850349306815,0.05445069234652258,-0.31538699573924456,0.16058007747434455,-0.08914000063164274,0.7694632530306135,Tesk1,FALSE,FALSE,FALSE,FALSE,0.27748183328798515,FALSE,FALSE,0.0742289236469768
Heg1,-0.4705919826576519,0.16612449326544076,-0.243512034676721,0.5122246617882426,-0.1182737394259723,0.8319664289070211,Heg1,FALSE,FALSE,FALSE,FALSE,0.2774592522534484,FALSE,FALSE,0.07422281801753881
Tcf12,0.289873890066918,0.06525067524941121,0.272865959718521,0.12268010846925678,0.2695125565377712,0.19584120125155932,Tcf12,FALSE,FALSE,FALSE,FALSE,0.2774174687744034,FALSE,FALSE,0.0742115202871685
Mtfp1,-0.1808524070260642,0.5996260283069879,-0.4376887803841001,0.22502507978579026,-0.2134467706903065,0.6512466246561556,Mtfp1,FALSE,FALSE,FALSE,FALSE,0.2773293193668236,FALSE,FALSE,0.07418768578937417
B4galt5,-0.35424053969532565,0.0347559481312044,-0.21401523660702182,0.18734420235759502,-0.2637056569480336,0.1970593743167831,B4galt5,FALSE,FALSE,FALSE,FALSE,0.277320477750127,FALSE,FALSE,0.07418529512675444
1500015A07Rik,-0.29104095130550567,0.15394608313364594,-0.2578360558806585,0.2268549681704006,-0.28304426733886334,0.29707755412989917,1500015A07Rik,FALSE,FALSE,FALSE,FALSE,0.2773070915083425,FALSE,FALSE,0.07418167565432635
Itgax,-0.3909939698870384,0.33955296328424867,-0.2129415189944608,0.6178163119371298,-0.22782265784749445,0.686813506456624,Itgax,FALSE,FALSE,FALSE,FALSE,0.2772527155763312,FALSE,FALSE,0.07416697308210071
Asb13,0.27988282406391995,0.10049162037408749,0.31465742172524713,0.11088012062719721,0.23720038262261323,0.29737310093175856,Asb13,FALSE,FALSE,FALSE,FALSE,0.2772468761372601,FALSE,FALSE,0.07416539417077866
Bsdc1,-0.2726276284926481,0.17168544614362838,-0.367989505873215,0.1188522374406061,-0.1910771756849634,0.4965041098625409,Bsdc1,FALSE,FALSE,FALSE,FALSE,0.27723143668360883,FALSE,FALSE,0.07416121953553038
Gm10657,-0.35961039344228707,0.5658092453644087,-0.07320409764436292,0.9158821494394758,-0.39880892518114197,0.6477599492831145,Gm10657,FALSE,FALSE,FALSE,FALSE,0.2772078054225973,FALSE,FALSE,0.07415482993798322
Spata5l1,-0.3188060088500042,0.22236637805129095,-0.17194664775557267,0.5244436109462429,0.3408539673186355,0.27951677347185105,Spata5l1,FALSE,FALSE,FALSE,FALSE,0.27720220797473744,FALSE,FALSE,0.07415331645805938
Agpat1,-0.34706413368200817,0.07295663023056072,-0.3189637822400577,0.1344698886810065,-0.1655391104841346,0.5283218456723442,Agpat1,FALSE,FALSE,FALSE,FALSE,0.2771890088020668,FALSE,FALSE,0.07414974756678101
Actl6b,-0.3550876214227139,0.246016496682225,-0.2644940969843792,0.40377108283506313,-0.2115757303663104,0.6211006271704324,Actl6b,FALSE,FALSE,FALSE,FALSE,0.2770524829244678,FALSE,FALSE,0.0741128326762804
Zfp524,0.13258398427613383,0.6530768211345477,-0.34430547071048934,0.2727330959124001,-0.35420891004737487,0.3784241570270433,Zfp524,FALSE,FALSE,FALSE,FALSE,0.277032788344666,FALSE,FALSE,0.0741075075081172
Arhgap31,0.2694850712795187,0.399874202249074,0.26135416926217303,0.4387769768151994,0.3001834021857981,0.49499899883399556,Arhgap31,FALSE,FALSE,FALSE,FALSE,0.27700754757582996,FALSE,FALSE,0.07410068271977584
Fam91a1,0.38980363044211597,0.07043154394199586,0.342630238333391,0.14681372242483423,0.09835168289895879,0.7588400258853942,Fam91a1,FALSE,FALSE,FALSE,FALSE,0.2769285172248219,FALSE,FALSE,0.07407931390087502
Spns2,0.25537791907413876,0.6560831405871339,0.11434668213154384,0.8598703013301553,0.4610486883148146,0.5305792848692118,Spns2,FALSE,FALSE,FALSE,FALSE,0.27692442984016574,FALSE,FALSE,0.07407820872316315
Dram2,0.41727551930354867,0.043716579416909096,0.2502644359261783,0.22369159846707723,0.1629651874934508,0.5510282534209763,Dram2,FALSE,FALSE,FALSE,FALSE,0.2768350475743926,FALSE,FALSE,0.07405404087592611
Pfn1,-0.2989999096907576,0.07297634376027008,-0.2698186483074503,0.1412681408730407,-0.26165584478841275,0.23732599087608175,Pfn1,FALSE,FALSE,FALSE,FALSE,0.27682480092887357,FALSE,FALSE,0.074051270311078
Hint2,-0.23378844508229202,0.34914052942357365,-0.4090941644958992,0.148729445107168,-0.18757969675268749,0.5939113230126288,Hint2,FALSE,FALSE,FALSE,FALSE,0.27682076877695955,FALSE,FALSE,0.0740501800676091
Nfatc1,0.16983727918085023,0.5186503095697474,0.22815735429790962,0.3888356643481509,0.4324448777724763,0.1938525712845065,Nfatc1,FALSE,FALSE,FALSE,FALSE,0.2768131704170787,FALSE,FALSE,0.07404812556608956
Gps2,-0.538553681420638,0.051798044467034995,-0.14473951592325118,0.5820198400812434,-0.14713935955013424,0.6752158259548068,Gps2,FALSE,FALSE,FALSE,FALSE,0.2768108522980078,FALSE,FALSE,0.07404749877567314
Hip1r,-0.328877125442788,0.10161598699730544,-0.319627552451748,0.15202031156578022,-0.18190020692429254,0.5164230396979175,Hip1r,FALSE,FALSE,FALSE,FALSE,0.27680162827294286,FALSE,FALSE,0.07404500471461135
Thoc6,-0.22709160077602686,0.28613085597692334,-0.3690039332678956,0.13329311116485434,-0.23420818872100435,0.4173718251426266,Thoc6,FALSE,FALSE,FALSE,FALSE,0.27676790758830894,FALSE,FALSE,0.07403588706305138
Enpp2,0.32074949641973216,0.04507719703981169,0.28498010835247367,0.10787465542139578,0.22437289765901802,0.26669296121677394,Enpp2,FALSE,FALSE,FALSE,FALSE,0.2767008341437413,FALSE,FALSE,0.07401775124217069
Nat14,-0.4068203295717119,0.04282492705268315,-0.24658957644644808,0.20237179998035418,-0.17661406550013314,0.47763770328727306,Nat14,FALSE,FALSE,FALSE,FALSE,0.27667465717276435,FALSE,FALSE,0.07401067331647451
Tmem170,0.2516352966607198,0.115952678187481,0.31952249534912003,0.09501036312464878,0.2587904797807381,0.22640406282588532,Tmem170,FALSE,FALSE,FALSE,FALSE,0.27664942393019265,FALSE,FALSE,0.07400385056314092
Mad2l2,-0.25896307577675026,0.24151350212235562,-0.3858146709770369,0.1299828378951678,-0.18506457677956734,0.541217482229437,Mad2l2,FALSE,FALSE,FALSE,FALSE,0.2766141078444515,FALSE,FALSE,0.07399430153506674
Spag9,0.43068123357274235,0.02857314439187261,0.27393019091617266,0.1544812483096782,0.1248564143867048,0.6150505511268062,Spag9,FALSE,FALSE,FALSE,FALSE,0.2764892796252066,FALSE,FALSE,0.07396054954514474
Dtx3,-0.1996596118443259,0.32301556936301545,-0.4681202403883473,0.08414847600606047,-0.16168620393155386,0.5747579581649425,Dtx3,FALSE,FALSE,FALSE,FALSE,0.2764886853880757,FALSE,FALSE,0.0739603888708535
Fchsd2,0.22299015727568428,0.24770328848022305,0.3008868180109374,0.15998790934982585,0.305451357355528,0.2447201135662734,Fchsd2,FALSE,FALSE,FALSE,FALSE,0.2764427775473832,FALSE,FALSE,0.07394797596465516
Efcab14,0.4540819192078409,0.016597869846991686,0.21847329755575373,0.16284112777286902,0.1564587619181932,0.4245546263275381,Efcab14,FALSE,FALSE,FALSE,FALSE,0.2763379928939293,FALSE,FALSE,0.07391964350434489
Prkaa2,0.3032542391417996,0.08052549431307705,0.3042995457146187,0.12061995108359509,0.2213910975938438,0.3356363749792366,Prkaa2,FALSE,FALSE,FALSE,FALSE,0.27631496081675405,FALSE,FALSE,0.07391341591861625
4930539J05Rik,0.2149052086481352,0.6806182907588818,0.24803185035017286,0.642490189513438,0.36596574795998704,0.584110244496168,4930539J05Rik,FALSE,FALSE,FALSE,FALSE,0.27630093565276503,FALSE,FALSE,0.07390962368961165
Rab3b,-0.4245359509397373,0.11191810633482727,-0.23527521699363074,0.3961846464283371,-0.1688860702687931,0.656098549630265,Rab3b,FALSE,FALSE,FALSE,FALSE,0.2762324127340537,FALSE,FALSE,0.07389109594904336
Ndfip2,0.31065818636700104,0.08515520355622162,0.32833083467495694,0.11340944553885948,0.18947416925815475,0.43953232720730584,Ndfip2,FALSE,FALSE,FALSE,FALSE,0.2761543967667042,FALSE,FALSE,0.07387000140680233
Lhfpl4,-0.36351634859844406,0.15234516222331843,-0.32074593430793197,0.23618665031644326,-0.14406945650796743,0.6978021416030433,Lhfpl4,FALSE,FALSE,FALSE,FALSE,0.27611057980478115,FALSE,FALSE,0.07385815384808375
Emc1,-0.36013448715235974,0.07289388405351964,-0.2846325425684384,0.18329357836478216,-0.18344798473642498,0.5024764730739101,Emc1,FALSE,FALSE,FALSE,FALSE,0.276071671485741,FALSE,FALSE,0.07384763352503446
Dgcr2,-0.34606823999657266,0.06587860507189215,-0.2931742307764793,0.14922249340217833,-0.18886083434814882,0.4513405787838978,Dgcr2,FALSE,FALSE,FALSE,FALSE,0.27603443504040026,FALSE,FALSE,0.07383756525573225
Cyp2f2,-0.6513945224651714,0.05820330721539625,-0.05354171228933868,0.8918933140428124,-0.12291370518324207,0.813711840931398,Cyp2f2,FALSE,FALSE,FALSE,FALSE,0.2759499799792507,FALSE,FALSE,0.07381472966302713
Zbtb10,0.3863350051307881,0.03370580140610914,0.276714663937649,0.13466087662941184,0.16476784327822624,0.4660203310052453,Zbtb10,FALSE,FALSE,FALSE,FALSE,0.27593917078222113,FALSE,FALSE,0.07381180699128341
Eif4ebp1,0.37460725425991614,0.37247821194190994,0.08814170512435093,0.8627808847967215,0.36495250147620206,0.5294000956125251,Eif4ebp1,FALSE,FALSE,FALSE,FALSE,0.27590048695348973,FALSE,FALSE,0.07380134736760709
Armc2,0.4457470719274823,0.16043413290108766,-0.07394760086997465,0.8523376933732237,0.30796394488377943,0.48603355437783735,Armc2,FALSE,FALSE,FALSE,FALSE,0.27588620589374546,FALSE,FALSE,0.0737974859475894
Tubb5,-0.24352672868748382,0.2149586926450559,-0.3191449275245386,0.15383544683701847,-0.2649381418884964,0.3332157601112203,Tubb5,FALSE,FALSE,FALSE,FALSE,0.27586993270017296,FALSE,FALSE,0.07379308587948957
H1fx,-0.26866590428777737,0.6020590292188388,-0.03907073558914287,0.9463630847394382,0.5198401628036419,0.3784887725981537,H1fx,FALSE,FALSE,FALSE,FALSE,0.27585893422685404,FALSE,FALSE,0.07379011202980348
H2-D1,-0.2635578105142926,0.13752218717425702,-0.34054699824083734,0.11016285583736615,-0.22334644797539482,0.36452411371933907,H2-D1,FALSE,FALSE,FALSE,FALSE,0.2758170855768416,FALSE,FALSE,0.07377879667801833
Zfp651,-0.3825746102639318,0.04319097603834823,-0.31443411669906673,0.11713048511995162,-0.130412269262143,0.5911764765603967,Zfp651,FALSE,FALSE,FALSE,FALSE,0.2758069987417138,FALSE,FALSE,0.07377606932390211
Fbf1,-0.3657190423672372,0.05428956408387389,-0.29091800102361187,0.14741010874715055,-0.17064012478077384,0.4918152224753389,Fbf1,FALSE,FALSE,FALSE,FALSE,0.27575905605720763,FALSE,FALSE,0.0737631062213755
Rps13-ps1,0.10395942571624917,0.8769222511571145,-0.06267923757143676,0.9306635341259843,-0.6605980256489722,0.4567316379416072,Rps13-ps1,FALSE,FALSE,FALSE,FALSE,0.275745562978886,FALSE,FALSE,0.07375945786168342
Mmp9,0.5913184751217836,0.4986642383815699,-0.012449699329032449,0.9903440033530366,0.22339561515369905,0.8801662231380971,Mmp9,FALSE,FALSE,FALSE,FALSE,0.27572126320150503,FALSE,FALSE,0.07375288750566751
4833418N02Rik,0.04862262313706567,0.8661076529865006,0.18461780124639082,0.48123413971855067,-0.5938271300699147,0.12450338916027465,4833418N02Rik,FALSE,FALSE,FALSE,FALSE,0.2756891848177904,FALSE,FALSE,0.07374421391174461
Oxsm,0.3742688215210208,0.0337878306094452,0.2465363536828784,0.15593333411628635,0.20599461632560434,0.33498049184934425,Oxsm,FALSE,FALSE,FALSE,FALSE,0.2755999305098345,FALSE,FALSE,0.07372008066270168
Chd4,-0.33869845549679667,0.11215194855023235,-0.28069965610326797,0.2214759022621969,-0.2073547612207598,0.4876608243615787,Chd4,FALSE,FALSE,FALSE,FALSE,0.2755842909402748,FALSE,FALSE,0.07371585191861356
Klhl7,0.4655974169320647,0.08107810625547547,0.2649992768024916,0.33898154090022253,0.09612485770944446,0.8166858620973544,Klhl7,FALSE,FALSE,FALSE,FALSE,0.2755738504813336,FALSE,FALSE,0.07371302894903907
Acadsb,0.3947922083030315,0.027655801964198284,0.25223174988658315,0.15048663712642013,0.17958459221203693,0.4075506835160714,Acadsb,FALSE,FALSE,FALSE,FALSE,0.2755361834672172,FALSE,FALSE,0.07370284425932276
Ifit3,0.2816616785278945,0.5498491851033201,0.051499411473991064,0.9269384130936885,0.4934022178684314,0.4149540571287777,Ifit3,FALSE,FALSE,FALSE,FALSE,0.275521102623439,FALSE,FALSE,0.07369876658770094
Tcf4,0.3650192794896423,0.025648093148095498,0.26413706299583417,0.11278448655616846,0.19739864380206829,0.3050824603472011,Tcf4,FALSE,FALSE,FALSE,FALSE,0.2755183287625149,FALSE,FALSE,0.07369801657038498
Gm43719,0.5336103069204281,0.4129135292218387,-0.10356874824621545,0.9009874203427063,0.18896219857739188,0.8646046611943099,Gm43719,FALSE,FALSE,FALSE,FALSE,0.2753804179146785,FALSE,FALSE,0.0736607272012466
Miga1,0.37016666126694364,0.026213437932539482,0.23647431672705022,0.14403030867861133,0.2193989323141281,0.2622348475625722,Miga1,FALSE,FALSE,FALSE,FALSE,0.275346636769374,FALSE,FALSE,0.07365159320187717
Mkln1,0.31317380967397757,0.045659442931202145,0.31327630492973313,0.08947579042150103,0.19952311820851865,0.31935325897778566,Mkln1,FALSE,FALSE,FALSE,FALSE,0.2753244109374098,FALSE,FALSE,0.07364558361477418
Mme,0.19090074733884865,0.2741987495648397,0.28951205284118675,0.14219133257756708,0.34547487605176475,0.14981775793419333,Mme,FALSE,FALSE,FALSE,FALSE,0.27529589207726674,FALSE,FALSE,0.073637872471525
Cdk5,-0.17616584148859005,0.41953210388747,-0.37491038808981614,0.1344698886810065,-0.27476207131796926,0.3574572286911746,Cdk5,FALSE,FALSE,FALSE,FALSE,0.27527943363212515,FALSE,FALSE,0.07363342231371686
Selenbp1,-0.4530012321053065,0.14012893520848135,-0.3139985758765884,0.31131470175312426,0.05880643144562825,0.9025516898743702,Selenbp1,FALSE,FALSE,FALSE,FALSE,0.27526874647584104,FALSE,FALSE,0.07363053264026499
Ggnbp2,0.3169979648660455,0.05587014866155406,0.31108901508403264,0.10211259847939146,0.19757350496924797,0.36320716261938657,Ggnbp2,FALSE,FALSE,FALSE,FALSE,0.27522016163977536,FALSE,FALSE,0.07361739590798466
Fam221a,-0.1297412051029877,0.8547263809219464,-0.6572492818951431,0.3520224686960751,0.0385797791138599,0.9717530665349686,Fam221a,FALSE,FALSE,FALSE,FALSE,0.2751900887039969,FALSE,FALSE,0.07360926456211224
Becn1,-0.3447776119732895,0.04139269294583608,-0.23915762998764567,0.15770178933733603,-0.2415144424666371,0.24458068268653627,Becn1,FALSE,FALSE,FALSE,FALSE,0.2751498948091908,FALSE,FALSE,0.07359839663544766
Ap3d1,-0.3720397521447385,0.0679404956072581,-0.29290529941525545,0.1773042269211828,-0.16020286871199918,0.5704799622540979,Ap3d1,FALSE,FALSE,FALSE,FALSE,0.275049306757331,FALSE,FALSE,0.07357119888374392
9430065F17Rik,0.7301142717917712,0.07299394562283804,0.01750602876047408,0.9739006072883146,0.07742649010691438,0.9162903148707165,9430065F17Rik,FALSE,FALSE,FALSE,FALSE,0.27501559688638655,FALSE,FALSE,0.07356208415607038
Tbx15,-0.28449224427524733,0.5014754629677477,-0.3337064298831842,0.44195900461676746,0.20657650933696425,0.7110876109567423,Tbx15,FALSE,FALSE,FALSE,FALSE,0.27492506116513193,FALSE,FALSE,0.07353760442889129
Atp6v1g2,0.3621376702352156,0.547935572479494,-0.0020791624569743705,0.9977002913849227,0.46053345925194045,0.5700228149435639,Atp6v1g2,FALSE,FALSE,FALSE,FALSE,0.2749167639813768,FALSE,FALSE,0.0735353609741326
Nefh,-0.5256523386343828,0.13113176829267867,-0.2625205554859704,0.4489161058369407,0.03647363705438966,0.9495981243661674,Nefh,FALSE,FALSE,FALSE,FALSE,0.27488217705824763,FALSE,FALSE,0.07352600910251293
Eif5a,-0.2904678777567993,0.06525067524941121,-0.24571066941252084,0.15027891097725224,-0.2881929442989408,0.16732403498244977,Eif5a,FALSE,FALSE,FALSE,FALSE,0.274790497156087,FALSE,FALSE,0.07350122000312104
9030407P20Rik,-0.13013166694982603,0.8406970225425879,-0.12327390985818687,0.852735488603863,-0.5709387304207849,0.5016175257503254,9030407P20Rik,FALSE,FALSE,FALSE,FALSE,0.2747814357429326,FALSE,FALSE,0.07349876991028693
Grasp,-0.4761114200923976,0.2508093096538628,-0.34352560882771654,0.41871634839626254,0.004540898762994017,0.9942437822308332,Grasp,FALSE,FALSE,FALSE,FALSE,0.27472597589436937,FALSE,FALSE,0.07348377426057644
Nudt6,0.3868115740280951,0.4419443124290482,-0.19928896455359413,0.7412384075755124,0.2379788072399601,0.7518364729918922,Nudt6,FALSE,FALSE,FALSE,FALSE,0.27469311527388307,FALSE,FALSE,0.07347488915960973
3110009E18Rik,-0.2895210433790164,0.4441697945544126,-0.4596870358672382,0.25142571864827284,-0.07486306356104144,0.9023575418873587,3110009E18Rik,FALSE,FALSE,FALSE,FALSE,0.27469038093576537,FALSE,FALSE,0.07347414982876652
Gm44899,-0.02387493432418153,0.957408045276901,0.1771705613812633,0.6592298262613572,0.6229483466308312,0.17659339163818713,Gm44899,FALSE,FALSE,FALSE,FALSE,0.27466461411209203,FALSE,FALSE,0.0734671828017737
Borcs7,0.45326600724676824,0.054635306882139086,0.1444561654865617,0.558085915950234,0.22615148508593697,0.46654021036801535,Borcs7,FALSE,FALSE,FALSE,FALSE,0.2746245526064223,FALSE,FALSE,0.07345635067147653
Gm34655,0.6351799873954278,0.2699103913581903,0.1118313414069414,0.8781640176836818,0.07673530344102086,0.9454537559727518,Gm34655,FALSE,FALSE,FALSE,FALSE,0.2745822107477967,FALSE,FALSE,0.07344490196224832
Selenow,-0.3408644009491635,0.02959778845780778,-0.2734157126717971,0.10035402473789132,-0.20937863095995368,0.26316911693416595,Selenow,FALSE,FALSE,FALSE,FALSE,0.27455291486030475,FALSE,FALSE,0.07343698072051816
Epn1,-0.34696480716962874,0.06630242953670573,-0.36930228430409606,0.0960072945197005,-0.10728785988062395,0.6860699920592607,Epn1,FALSE,FALSE,FALSE,FALSE,0.27451831711811625,FALSE,FALSE,0.07342762592356011
Hba-a1,0.36377214100813937,0.5405168564720765,0.1058183205058576,0.8800136356756216,0.35380935582369677,0.6806089081520733,Hba-a1,FALSE,FALSE,FALSE,FALSE,0.27446660577923127,FALSE,FALSE,0.07341364382400396
Megf10,0.2834431112700937,0.26770381930388143,0.3169066916539003,0.2405592560961573,0.2229180673711415,0.5360624835920165,Megf10,FALSE,FALSE,FALSE,FALSE,0.2744226234317118,FALSE,FALSE,0.07340175154708771
Smoc1,-0.2707593835146733,0.40902200341173434,-0.312007193703149,0.3647574863230212,-0.24021687928181112,0.6039733906475363,Smoc1,FALSE,FALSE,FALSE,FALSE,0.27432781883321117,FALSE,FALSE,0.07337611756886941
Eya4,0.3196075532108438,0.17303183755959395,0.38501026445742914,0.1406421877386392,0.11820566332731142,0.7409447009748852,Eya4,FALSE,FALSE,FALSE,FALSE,0.2742744936651948,FALSE,FALSE,0.0733616991100917
Trappc13,0.3876734342571062,0.0408077391264366,0.27563437206274166,0.15552494906570236,0.15942396042133833,0.5157799831459725,Trappc13,FALSE,FALSE,FALSE,FALSE,0.27424392224706207,FALSE,FALSE,0.07335343298082254
Sh3bp4,-0.48100769013975286,0.14231721758679244,-0.31817778919962203,0.3389633150214803,0.02343847156324408,0.9677541211626071,Sh3bp4,FALSE,FALSE,FALSE,FALSE,0.27420798363420634,FALSE,FALSE,0.07334371562919921
Gas8,-0.36828974178571716,0.05561087925028495,-0.22606718378810786,0.2277418424002558,-0.2280123415998796,0.3384084662095694,Gas8,FALSE,FALSE,FALSE,FALSE,0.27412308905790156,FALSE,FALSE,0.0733207611970908
Ube2r2,-0.31418348959332754,0.072403566856201,-0.2918180983588776,0.13346607118761325,-0.21621529580685017,0.3528985693680156,Ube2r2,FALSE,FALSE,FALSE,FALSE,0.2740722945863518,FALSE,FALSE,0.07330702700699972
Fkbp3,0.38401758567871713,0.16177978879851398,0.41379731239223805,0.1751640242634439,0.024210706685106054,0.9645037666394128,Fkbp3,FALSE,FALSE,FALSE,FALSE,0.2740085349186871,FALSE,FALSE,0.07328978718996582
Eif3c,-0.33235072491877826,0.05220973816635411,-0.2513541084462325,0.16152730085094416,-0.23826977264912585,0.2822301101789184,Eif3c,FALSE,FALSE,FALSE,FALSE,0.27399153533804554,FALSE,FALSE,0.07328519071588357
Gm17823,-0.35199936074685445,0.6103246279418797,0.3656869836799068,0.5724616014517631,0.10427863816305755,0.9238379561946951,Gm17823,FALSE,FALSE,FALSE,FALSE,0.2739883275299396,FALSE,FALSE,0.0732843233646747
Ncoa2,0.2522168410901173,0.09963804987305065,0.3404323314904305,0.08453473759992562,0.22928212286460425,0.2677770325853278,Ncoa2,FALSE,FALSE,FALSE,FALSE,0.27397709848171736,FALSE,FALSE,0.07328128717041732
4930432K21Rik,0.12809935555763652,0.8738875201010655,0.5511077739922765,0.43650144384227924,0.14259367597075512,0.9054114982218228,4930432K21Rik,FALSE,FALSE,FALSE,FALSE,0.2739336018402227,FALSE,FALSE,0.07326952622233804
Enkd1,-0.4016082908204921,0.29586519308616976,-0.31124148872180957,0.42771646881567016,-0.10893654682127085,0.8526761600338667,Enkd1,FALSE,FALSE,FALSE,FALSE,0.27392877545452415,FALSE,FALSE,0.07326822122798306
Fem1c,0.3699423572790508,0.0754471884074345,0.3171603654255186,0.15941278063208272,0.13466355800981233,0.649017966999906,Fem1c,FALSE,FALSE,FALSE,FALSE,0.2739220935714606,FALSE,FALSE,0.0732664145303374
Tti1,-0.3451779946210918,0.07502606097109621,-0.2581302122673659,0.19665389709616748,-0.21825292769908256,0.3893809453148289,Tti1,FALSE,FALSE,FALSE,FALSE,0.2738537115291801,FALSE,FALSE,0.07324792488099481
Cldn8,0.49908651069082666,0.12026457761742577,0.23773777300151266,0.49156966675445213,-0.08462880970393893,0.8773751772057953,Cldn8,FALSE,FALSE,FALSE,FALSE,0.2738176977987594,FALSE,FALSE,0.07323818721852102
Asgr1,0.02262864827249772,0.9774246292737,0.5121549263761275,0.4424526168429689,0.2864271072001995,0.7712035767092684,Asgr1,FALSE,FALSE,FALSE,FALSE,0.2737368939496082,FALSE,FALSE,0.07321633886789398
Satb1,0.3776805207158791,0.02300251776828198,0.18845910756402162,0.20763759129964685,0.25484040842759814,0.17992439997830081,Satb1,FALSE,FALSE,FALSE,FALSE,0.273660012235833,FALSE,FALSE,0.073195551013639365
Abce1,0.3467369375281253,0.21025256972225884,0.34790920571251416,0.24871547926149734,0.126145310650851,0.7714245997647146,Abce1,FALSE,FALSE,FALSE,FALSE,0.2735971512971635,FALSE,FALSE,0.07317855420169016
Coro2a,-0.017464463738658703,0.9825356742540379,0.3176883550192544,0.6600502396601323,0.48554107008494085,0.5911764765603967,Coro2a,FALSE,FALSE,FALSE,FALSE,0.2735646296142846,FALSE,FALSE,0.07316976074521522
Reep3,0.3010417758750812,0.08575066174897954,0.2829271524812871,0.14433008855347038,0.23652798731705804,0.31663906233590744,Reep3,FALSE,FALSE,FALSE,FALSE,0.2734989718911421,FALSE,FALSE,0.07315200771770898
Gm41231,0.35891639176317125,0.4458369605847635,-0.12031988339671833,0.8360813609060495,-0.3412549522901125,0.6419815092238697,Gm41231,FALSE,FALSE,FALSE,FALSE,0.2734970758166674,FALSE,FALSE,0.07315149504287513
Gm16174,-0.25193723155423764,0.742183552187002,-0.509724265606161,0.5079905841329913,0.05879716389901235,0.9630623165232519,Gm16174,FALSE,FALSE,FALSE,FALSE,0.273486220353137,FALSE,FALSE,0.073148559861248
Leng9,-0.32828142710203867,0.1368845711453523,-0.25977340965244533,0.25710768774392706,-0.23236421194059087,0.43326724633757063,Leng9,FALSE,FALSE,FALSE,FALSE,0.2734730162316916,FALSE,FALSE,0.0731449896318828
Gtpbp1,-0.3459296930534501,0.078790910548033,-0.27164313683473207,0.18478293080303365,-0.2026173475375126,0.43208725836388395,Gtpbp1,FALSE,FALSE,FALSE,FALSE,0.27339672580856494,FALSE,FALSE,0.07312436165522741
Cfap300,0.4190258396193256,0.1579206050302703,0.11575786041935343,0.7375753377592498,0.28535024021865674,0.48801082873370144,Cfap300,FALSE,FALSE,FALSE,FALSE,0.27337798008577857,FALSE,FALSE,0.07311929304613891
Mpp2,-0.36575912434144797,0.09894311705239044,-0.34408074221407237,0.15518880905879467,-0.1102899493966536,0.7342904374456407,Mpp2,FALSE,FALSE,FALSE,FALSE,0.27337660531739133,FALSE,FALSE,0.0731189213259539
Mogs,-0.2035348864581623,0.3089257536945126,-0.3221931126151123,0.15518880905879467,-0.2942168444050397,0.28849619760025713,Mogs,FALSE,FALSE,FALSE,FALSE,0.27331494782610477,FALSE,FALSE,0.07310224991113194
Phgdh,-0.1451810351870524,0.6127730303191148,-0.2954705144605221,0.31069643777401496,-0.37924010316988443,0.3175036548832349,Phgdh,FALSE,FALSE,FALSE,FALSE,0.27329721760581965,FALSE,FALSE,0.0730974558812243
Cald1,0.4598596758327975,0.02526940340353262,0.2195793351463866,0.24556291810838246,0.1403430147429372,0.5799459136414272,Cald1,FALSE,FALSE,FALSE,FALSE,0.27326067524070713,FALSE,FALSE,0.07308757528253865
Gramd2,0.40037468428537437,0.13612176654375133,-0.08502363393731782,0.7967529063502485,0.3343422942368468,0.3566922191199575,Gramd2,FALSE,FALSE,FALSE,FALSE,0.27324687081984633,FALSE,FALSE,0.07308384273971627
Mxra8,-0.4486315734862032,0.061727668151755,-0.2839948394589511,0.2321301109232579,-0.0869515718934073,0.7989359499371157,Mxra8,FALSE,FALSE,FALSE,FALSE,0.2731926616128539,FALSE,FALSE,0.07306918524785139
Zfp697,0.2985858718875112,0.2346702947214089,0.27600324590111835,0.2950610007860362,0.2449116194648524,0.4802323611650335,Zfp697,FALSE,FALSE,FALSE,FALSE,0.2731669124178273,FALSE,FALSE,0.07306222298742428
Psmg4,-0.14982011621378755,0.42081532060408144,-0.4107384116898696,0.08619756464540504,-0.2586984247403157,0.30114218577050056,Psmg4,FALSE,FALSE,FALSE,FALSE,0.27308565088132425,FALSE,FALSE,0.07304025088385915
Cpne3,0.34794835931863055,0.029308077781424705,0.2635640216206623,0.11265463224887727,0.2076644303564974,0.2789766784579049,Cpne3,FALSE,FALSE,FALSE,FALSE,0.27305893709859674,FALSE,FALSE,0.07303302781097668
Fxr2,-0.3914090043654497,0.022185208222215726,-0.23794917432081863,0.1341148074210982,-0.18979206673352245,0.3190476864790385,Fxr2,FALSE,FALSE,FALSE,FALSE,0.2730500818065969,FALSE,FALSE,0.0730306334507259
Cd163,-0.010268401011324979,0.9889873011389633,0.4178480305659029,0.5306362096717173,0.391018890445886,0.6630093655894229,Cd163,FALSE,FALSE,FALSE,FALSE,0.273045107341038,FALSE,FALSE,0.07302928841742791
Fhl4,0.497643917593491,0.07081365290638068,0.2585312285899417,0.3639392076898473,0.0629170303658877,0.8940782692699701,Fhl4,FALSE,FALSE,FALSE,FALSE,0.27303072551644014,FALSE,FALSE,0.07302539975185356
Fam53b,-0.1785659893245466,0.4991460859661198,-0.422227613291402,0.15028371529028317,-0.21815156106269562,0.5558389517164815,Fam53b,FALSE,FALSE,FALSE,FALSE,0.2729817212262147,FALSE,FALSE,0.07301214960441231
Bhlhe40,-0.5199114235471747,0.036545609911215846,-0.2022176488057239,0.3792635441378333,0.09672837553058233,0.7691335184593034,Bhlhe40,FALSE,FALSE,FALSE,FALSE,0.27295248262782695,FALSE,FALSE,0.07300424385293972
Scyl2,0.31313634551747427,0.08069222662746288,0.32645164014939887,0.11432686890313623,0.17916419506354853,0.4625483302083705,Scyl2,FALSE,FALSE,FALSE,FALSE,0.2729173935768072,FALSE,FALSE,0.07299475621221588
Gm17530,0.29981808921933906,0.43501955437754836,0.44667186065192743,0.25411300988038193,0.07212718225456882,0.9141851175332956,Gm17530,FALSE,FALSE,FALSE,FALSE,0.2728723773752784,FALSE,FALSE,0.07298258439410042
Pdia6,-0.23809654879502062,0.3685784782035619,-0.31698873240647885,0.26940814973282334,-0.26351336261574065,0.48479142422714816,Pdia6,FALSE,FALSE,FALSE,FALSE,0.2728662146057467,FALSE,FALSE,0.07298091805826398
Gm28437,0.3461708050749537,0.18088544058748462,0.3028666682896497,0.2714301298889309,-0.16939091599475065,0.6672326125389431,Gm28437,FALSE,FALSE,FALSE,FALSE,0.27280946311978466,FALSE,FALSE,0.07296557316594847
9330111N05Rik,0.37817737014315916,0.5023707741874207,0.041827890498411485,0.9531320273140969,0.3982366361757124,0.6058900302146935,9330111N05Rik,FALSE,FALSE,FALSE,FALSE,0.27274729893909433,FALSE,FALSE,0.07294876474864619
Fas,-0.3032199700490028,0.5887586468077354,0.3683070947184001,0.4739298403122708,-0.14666079151948713,0.8639879293071249,Fas,FALSE,FALSE,FALSE,FALSE,0.27272928542896335,FALSE,FALSE,0.07294389412070582
Ly6h,-0.39388322731739756,0.06416887339932756,-0.21540550779091916,0.3226251704945555,-0.2088902943932398,0.4642198353352169,Ly6h,FALSE,FALSE,FALSE,FALSE,0.2727263431671855,FALSE,FALSE,0.0729430985699043
Dennd2c,-0.735541428767674,0.13071526387139806,0.03430339897275281,0.947164147420348,-0.048277183082988784,0.9498958392426964,Dennd2c,FALSE,FALSE,FALSE,FALSE,0.2727073369411385,FALSE,FALSE,0.07293795952399085
Gm15821,0.3891042005838856,0.4778352098920009,-0.14960441470466349,0.8246822623697492,0.2790939061432385,0.7281231251795859,Gm15821,FALSE,FALSE,FALSE,FALSE,0.2726008404772625,FALSE,FALSE,0.07290916421154295
Ppp1r8,-0.3577925523978811,0.023478178854300733,-0.24351313233837857,0.1136876774354766,-0.21645516780135754,0.22455190325108323,Ppp1r8,FALSE,FALSE,FALSE,FALSE,0.2725869508458724,FALSE,FALSE,0.07290540862885873
Tmem86b,-0.33282996708347296,0.5405364092416441,0.44177378141413864,0.3669751178033186,-0.04312117797624396,0.9645037666394128,Tmem86b,FALSE,FALSE,FALSE,FALSE,0.2725749754912852,FALSE,FALSE,0.07290217064269032
Pigt,-0.432804403674937,0.051924420849092746,-0.21528044488136633,0.32064964441489785,-0.16949486982494744,0.5585891880472061,Pigt,FALSE,FALSE,FALSE,FALSE,0.27252657279375025,FALSE,FALSE,0.07288908315839167
Fhl1,0.17079298338315096,0.4775927233269306,0.3874869618870851,0.13820346377318976,0.25918630820285804,0.4193017507036091,Fhl1,FALSE,FALSE,FALSE,FALSE,0.27248875115769805,FALSE,FALSE,0.07287885666083696
Fcrls,0.2881066041773006,0.4925436529886889,0.2262771983428542,0.6148623433383642,0.3029922212748186,0.5985008766847209,Fcrls,FALSE,FALSE,FALSE,FALSE,0.27245867459832446,FALSE,FALSE,0.07287072433518971
Hddc3,-0.4167935272562615,0.3005328168980764,-0.08006115950267056,0.8571846732219707,-0.32050752215949485,0.563677949825113,Hddc3,FALSE,FALSE,FALSE,FALSE,0.27245406963947566,FALSE,FALSE,0.07286947921188669
Ttll13,-0.5264269333376927,0.2419723616107738,-0.2705279337699851,0.5570216326503417,-0.020399981204514583,0.9779166711917642,Ttll13,FALSE,FALSE,FALSE,FALSE,0.27245161610406415,FALSE,FALSE,0.07286881580658472
Caskin1,-0.4344609652726952,0.1276694327691446,-0.35152948592380096,0.23101770730557414,0.031260536835465924,0.9482743260079144,Caskin1,FALSE,FALSE,FALSE,FALSE,0.272416996010654,FALSE,FALSE,0.07285945496613577
Sfmbt1,0.29822185045989524,0.034827847886037294,0.22542925219584387,0.12352350119647071,0.29354816550805474,0.10331495777946066,Sfmbt1,FALSE,FALSE,FALSE,FALSE,0.27239975605459793,FALSE,FALSE,0.07285479349754653
Pacsin3,-0.4327812436050271,0.10099773815294157,-0.2114469220567181,0.4172461386508999,-0.1728014629582315,0.6233849736559339,Pacsin3,FALSE,FALSE,FALSE,FALSE,0.27234320953999225,FALSE,FALSE,0.07283950402692331
Mtpn,0.4078483065057492,0.04319097603834823,0.25945600744064823,0.1995812088419037,0.14956894668400533,0.5765246950619544,Mtpn,FALSE,FALSE,FALSE,FALSE,0.2722910868768009,FALSE,FALSE,0.07282541071041697
Mettl9,0.5047929425975859,0.06836672755644556,0.3104095426288369,0.2770088794265163,0.0016303318802997069,0.9965517213952446,Mettl9,FALSE,FALSE,FALSE,FALSE,0.27227760570224085,FALSE,FALSE,0.07282176556935319
Gm31812,0.4611090509365865,0.4411104694751351,-0.10003579272824759,0.893923524968231,0.2556761690127036,0.7820859027795313,Gm31812,FALSE,FALSE,FALSE,FALSE,0.2722736708925126,FALSE,FALSE,0.07282070164599437
Agrn,-0.41540985678928877,0.06836672755644556,-0.22450715052676173,0.3331090469718598,-0.17683608751809032,0.5725178272339719,Agrn,FALSE,FALSE,FALSE,FALSE,0.27225103161138026,FALSE,FALSE,0.07281458026740513
Gins2,-0.25124083646487294,0.569970174045659,-0.36862200070978784,0.4135220651528671,-0.19671081079112523,0.7523844813705393,Gins2,FALSE,FALSE,FALSE,FALSE,0.27219121598859536,FALSE,FALSE,0.07279840687079957
BC055324,0.2143771980422522,0.5598958572074512,0.26068153422821383,0.48208693075919157,0.34148916172838994,0.4712538993220941,BC055324,FALSE,FALSE,FALSE,FALSE,0.272182631332952,FALSE,FALSE,0.07279608568723617
Plet1,0.43231720795362066,0.4458369605847635,-0.2788043115519687,0.6865142785376445,0.10530550211294593,0.9181521764092243,Plet1,FALSE,FALSE,FALSE,FALSE,0.27214234053951175,FALSE,FALSE,0.07278519156039233
Mfap1b,0.40159190889096585,0.03578613757405807,0.2659938534358375,0.1614697989523934,0.14870444695505824,0.5432299667654307,Mfap1b,FALSE,FALSE,FALSE,FALSE,0.2720967364272872,FALSE,FALSE,0.0727728607785746
Tmem245,0.2356715913560894,0.17533477828044644,0.19509050518146598,0.2973412393816,0.3854480256685937,0.12111192359048781,Tmem245,FALSE,FALSE,FALSE,FALSE,0.27207004073538305,FALSE,FALSE,0.07276564259722458
Lhpp,-0.36050723072758695,0.2585287472293601,-0.2482255750070026,0.44768660656234655,-0.207450141759709,0.6386112816474349,Lhpp,FALSE,FALSE,FALSE,FALSE,0.2720609824980995,FALSE,FALSE,0.07276319336310626
Snrpa,-0.35271793047837985,0.14388282228462573,-0.21507844722951486,0.38701619396675313,-0.24830635599756157,0.44653217569857523,Snrpa,FALSE,FALSE,FALSE,FALSE,0.2720342445684854,FALSE,FALSE,0.0727559637612075
Zbtb11os1,-0.37287075577093187,0.3537822445325927,-0.37579991192244444,0.3664638280288702,-0.06735692208727717,0.9198851980195698,Zbtb11os1,FALSE,FALSE,FALSE,FALSE,0.27200919659355116,FALSE,FALSE,0.07274919110192692
Lrriq1,0.257358859299761,0.5325690848881998,0.398861078878597,0.32606536840398864,0.1597803281815332,0.796334006876275,Lrriq1,FALSE,FALSE,FALSE,FALSE,0.2720000887866304,FALSE,FALSE,0.07274672846479839
H2-Q6,-0.16310722147792633,0.58684219785799,-0.3983245320385471,0.20583553759115,-0.25450003474393545,0.52681363362745115,H2-Q6,FALSE,FALSE,FALSE,FALSE,0.2719772627534696,FALSE,FALSE,0.07274055659079537
Hook2,-0.43553012197578633,0.05734591115015519,-0.19714568063410276,0.3632461676627552,-0.18324659279254263,0.5238815518443666,Hook2,FALSE,FALSE,FALSE,FALSE,0.2719741318008106,FALSE,FALSE,0.07273971002033851
BC051142,-0.12898016742710516,0.7289583834276404,0.4971236232466094,0.15024592225889916,0.18976237267136287,0.6859667426109882,BC051142,FALSE,FALSE,FALSE,FALSE,0.2719553877816925,FALSE,FALSE,0.07273464187190061
Sowaha,0.1633994109067063,0.8044372482272745,-0.18499838985516637,0.7981251528923643,0.4672067774038715,0.5572624935729553,Sowaha,FALSE,FALSE,FALSE,FALSE,0.2718681927219147,FALSE,FALSE,0.07271106541782099
Tmem246,-0.27618784238260474,0.13346033667075255,-0.33129079191384925,0.12061995108359509,-0.2079766967155816,0.40678514931519116,Tmem246,FALSE,FALSE,FALSE,FALSE,0.27181844367067853,FALSE,FALSE,0.0726976138963132
Ppp2r2a,0.3311394325506054,0.12637295957700892,0.2995952622228524,0.20014518823107352,0.18452215366931313,0.5507131906397714,Ppp2r2a,FALSE,FALSE,FALSE,FALSE,0.27175228281425695,FALSE,FALSE,0.07267972482785832
Zfp329,0.3954726863175422,0.07164125748642097,0.3460160593668231,0.14876759934397402,-0.07368143077995448,0.8318627856958678,Zfp329,FALSE,FALSE,FALSE,FALSE,0.27172339215477326,FALSE,FALSE,0.07267191315471556
Ptpa,-0.32784664378184925,0.040047514712064296,-0.2664256313725195,0.11788203685772602,-0.22084153785401828,0.2643350443943524,Ptpa,FALSE,FALSE,FALSE,FALSE,0.27170460433612903,FALSE,FALSE,0.07266683316343338
Ndufaf8,-0.2825598037787693,0.1871595946070043,-0.308640093535161,0.18190853263306692,-0.2238814725515379,0.4374929518606913,Ndufaf8,FALSE,FALSE,FALSE,FALSE,0.2716937899551561,FALSE,FALSE,0.07266390909001616
Gm22513,0.03639127082676197,0.9445262237994538,-0.3300996342897875,0.48589288183461515,-0.44848524462556494,0.46487714951294146,Gm22513,FALSE,FALSE,FALSE,FALSE,0.2716587165807048,FALSE,FALSE,0.07265442568804047
Kat14,-0.2824782140305091,0.08754557010769749,-0.2529111976884595,0.1551146534293681,-0.27949521724984994,0.20208672388020057,Kat14,FALSE,FALSE,FALSE,FALSE,0.2716282096562728,FALSE,FALSE,0.07264617699706172
Rps3a2,-0.12242879170732657,0.7822494887273695,-0.36285297540925265,0.4022024116339983,-0.3294147264768089,0.5671797586813652,Rps3a2,FALSE,FALSE,FALSE,FALSE,0.2715654978644627,FALSE,FALSE,0.0726292205125587
Pde4b,-0.28086415978191326,0.16515300429281204,-0.2824992344179691,0.1939224151181437,-0.25110667096723294,0.358584299457362,Pde4b,FALSE,FALSE,FALSE,FALSE,0.27149002172237174,FALSE,FALSE,0.07260881270731549
1110006O24Rik,-0.6860929181168299,0.21300848858263838,-0.09967256155629217,0.8654102220600822,-0.028692590720766686,0.9749787126069684,1110006O24Rik,FALSE,FALSE,FALSE,FALSE,0.2714860234646296,FALSE,FALSE,0.07260773162840693
9030025P20Rik,0.4368760971144946,0.2938649570124578,0.31410851794084704,0.48508974643821834,0.06339536787556022,0.9354236320279655,9030025P20Rik,FALSE,FALSE,FALSE,FALSE,0.2714599943103006,FALSE,FALSE,0.0726006936704844
Snord17,0.2676602085970705,0.5942789049154079,0.16027219247467972,0.7785869538078545,-0.38636860641575943,0.5811431081036605,Snord17,FALSE,FALSE,FALSE,FALSE,0.2714336691625032,FALSE,FALSE,0.07259357567962843
Casr,-0.6145424534119619,0.18421425394266763,-0.08762845503420191,0.8639181158013309,-0.11212442203229411,0.8772593290639484,Casr,FALSE,FALSE,FALSE,FALSE,0.27143177682615266,FALSE,FALSE,0.07259306401553661
Ecsit,-0.2837212141902943,0.05576731727755199,-0.28882733010708295,0.09128107615097127,-0.24163553048635977,0.19570276115882002,Ecsit,FALSE,FALSE,FALSE,FALSE,0.271394691594579,FALSE,FALSE,0.0725830366325466
Tmem109,-0.28446548139584493,0.13595400877538305,-0.2692475904312337,0.19180465546682338,-0.2602544219313172,0.3171196489047632,Tmem109,FALSE,FALSE,FALSE,FALSE,0.2713224979194653,FALSE,FALSE,0.07256351636533771
Mrnip,-0.182394081469053,0.5945516468934541,-0.46521283343126973,0.1995899789855031,-0.16630681565472805,0.7298672384813677,Mrnip,FALSE,FALSE,FALSE,FALSE,0.2713045768516836,FALSE,FALSE,0.0725586707326529
Drd2,-0.48285275476435263,0.135788873820194,-0.21092523348544479,0.5523225126662916,-0.11990190558613012,0.816326635188023,Drd2,FALSE,FALSE,FALSE,FALSE,0.2712266312786425,FALSE,FALSE,0.07253759522415282
Slf2,0.3381176345401071,0.026886994149113802,0.28737028280610666,0.08803823262798008,0.1878053699176867,0.30053928198618685,Slf2,FALSE,FALSE,FALSE,FALSE,0.2710977624213002,FALSE,FALSE,0.07250275069620402
Ppp5c,-0.25937025400506286,0.0999833095098056,-0.3613050709057539,0.08098565570715252,-0.19236636378869765,0.36496809217652687,Ppp5c,FALSE,FALSE,FALSE,FALSE,0.27101389623317146,FALSE,FALSE,0.07248007432740183
H2-Aa,-0.18340574163705892,0.31277075837167,-0.31756260280917203,0.13277230751198113,-0.31200983792999715,0.2157661235667044,H2-Aa,FALSE,FALSE,FALSE,FALSE,0.2709927274587427,FALSE,FALSE,0.07247435055544144
Map3k9,-0.37317874864593703,0.25585103984517266,-0.3918237503319655,0.25559786306538573,0.047851330796291336,0.9298655398525311,Map3k9,FALSE,FALSE,FALSE,FALSE,0.27095127659139795,FALSE,FALSE,0.07246314275911668
Gpld1,-0.37343203755009124,0.08207892051945176,-0.29613674018334546,0.18581908014210194,-0.1432838119318811,0.6242900544963055,Gpld1,FALSE,FALSE,FALSE,FALSE,0.2709508632217726,FALSE,FALSE,0.0724630309891378
Chst3,0.4659357482051349,0.4561585639645696,-0.309805758326659,0.6819748734410187,-0.0369539815368376,0.9755716489156836,Chst3,FALSE,FALSE,FALSE,FALSE,0.2708984960228772,FALSE,FALSE,0.07244887155323418
Hpcal4,-0.30574573753222456,0.360964133103067,-0.4903735410675969,0.18598641846202824,-0.01651395219083973,0.9779166711917642,Hpcal4,FALSE,FALSE,FALSE,FALSE,0.27087774359688704,FALSE,FALSE,0.07244326035668654
Esr1,0.5022594382380028,0.04535458321584738,0.29111740789123,0.24530348704515773,-0.019190281590370617,0.9669037809700132,Esr1,FALSE,FALSE,FALSE,FALSE,0.2708557092398678,FALSE,FALSE,0.0724373025420149
Chmp1a,-0.3344714074194082,0.05854036548285223,-0.297494659882795,0.12606103640093502,-0.18060101961821484,0.43898237782849636,Chmp1a,FALSE,FALSE,FALSE,FALSE,0.27085569564013934,FALSE,FALSE,0.07243729886481834
Tor2a,-0.33379390532720166,0.13137923833942405,-0.34137987093949196,0.15770178933733603,-0.137350088450086,0.6584721442302853,Tor2a,FALSE,FALSE,FALSE,FALSE,0.27084128823892656,FALSE,FALSE,0.07243340328364706
Med11,-0.2517020991535701,0.2434327449444278,-0.35329742901192995,0.1461016191169466,-0.2074295646801283,0.4802323611650335,Med11,FALSE,FALSE,FALSE,FALSE,0.27080969761520945,FALSE,FALSE,0.07242486157392966
Dock4,0.341633125674659,0.1253698557382139,0.3137915224585184,0.19572777265854444,0.15696090655967687,0.6291388369633084,Dock4,FALSE,FALSE,FALSE,FALSE,0.27079518489761806,FALSE,FALSE,0.07242093751652622
Slurp2,-0.6220246663434424,0.3988747896549236,-0.06727081890844855,0.9339334819333573,0.12294237174952632,0.9117499625510901,Slurp2,FALSE,FALSE,FALSE,FALSE,0.2707459523338058,FALSE,FALSE,0.07240762564676088
Serf1,0.48201006907769983,0.07041310714213872,0.15166693836493295,0.6004568036783674,-0.17852549976679222,0.6559364401879924,Serf1,FALSE,FALSE,FALSE,FALSE,0.27073416906980835,FALSE,FALSE,0.07240443959948652
Aoah,0.22941087903633417,0.7165835415329362,0.4981490846833636,0.4004132969285429,0.08438715423235144,0.9356595057239877,Aoah,FALSE,FALSE,FALSE,FALSE,0.27064903931734974,FALSE,FALSE,0.07238142157868621
Rnf167,-0.277109241568958,0.1864744874102276,-0.27780742304162764,0.22296605081447377,-0.2570205800087706,0.3772786430063196,Rnf167,FALSE,FALSE,FALSE,FALSE,0.2706457482064521,FALSE,FALSE,0.07238053170344388
Gm24336,0.03185727875228883,0.9317369831991619,0.3033267840776057,0.34475961252827575,-0.476692701362067,0.28533013826582715,Gm24336,FALSE,FALSE,FALSE,FALSE,0.2706255880639872,FALSE,FALSE,0.07237508065295692
Cldn9,-0.22173224435017502,0.49343934183386823,-0.3751959307545656,0.2708176564916809,-0.2148888584845725,0.6428558246388795,Cldn9,FALSE,FALSE,FALSE,FALSE,0.27060567786310435,FALSE,FALSE,0.07236969718354906
Itgae,0.38054443365760326,0.568930681869462,0.10240037429704574,0.8960844905744875,0.32870519932736514,0.7320522012263125,Itgae,FALSE,FALSE,FALSE,FALSE,0.27055000242733807,FALSE,FALSE,0.07235464324175406
Golga1,0.33187716115730126,0.061041801780759256,0.26164634598159253,0.16302366272243765,0.21811210693555072,0.34934931468959735,Golga1,FALSE,FALSE,FALSE,FALSE,0.2705452046914815,FALSE,FALSE,0.07235334599395818
Tmem52,0.1817921769235038,0.7127550668765885,0.35551745354796305,0.445656637006935,0.27420661094094934,0.6684097359808432,Tmem52,FALSE,FALSE,FALSE,FALSE,0.27050541380413873,FALSE,FALSE,0.07234258703547343
Cadm4,-0.41503407518976276,0.0679404956072581,-0.2544496599209056,0.2585075929186777,-0.1418812916636183,0.6393291052440233,Cadm4,FALSE,FALSE,FALSE,FALSE,0.2704550089247622,FALSE,FALSE,0.07232895818623544
Ccdc189,-0.31069155915169633,0.24737241344507702,-0.3541308690080891,0.2143217879561058,-0.1465210540752393,0.7011342508281666,Ccdc189,FALSE,FALSE,FALSE,FALSE,0.2704478274116749,FALSE,FALSE,0.07232701639487757
Evl,-0.27857366590209587,0.12753705213631594,-0.3295112185756621,0.11785504756847434,-0.2031504747754016,0.406869233025473,Evl,FALSE,FALSE,FALSE,FALSE,0.27041178641771985,FALSE,FALSE,0.07231727136068491
Hmg20b,-0.13219952427667891,0.5249793985397859,-0.2868021296985197,0.1933518249316697,-0.39219341008995023,0.162978954396471,Hmg20b,FALSE,FALSE,FALSE,FALSE,0.27039835468838297,FALSE,FALSE,0.07231363958899134
Dchs1,-0.2588927601531741,0.29427328385721974,-0.46734789204563443,0.11432686890313623,-0.0848658306980874,0.8246727412403727,Dchs1,FALSE,FALSE,FALSE,FALSE,0.27036882763229864,FALSE,FALSE,0.0723056558421638
Tbc1d23,0.3969011624276728,0.03421299746923567,0.2898383725644713,0.13207611508594355,0.12422586753306053,0.6079902277970792,Tbc1d23,FALSE,FALSE,FALSE,FALSE,0.2703218008417349,FALSE,FALSE,0.07229294038590901
Med7,0.24517782587013004,0.3755354928269075,0.43319607997430865,0.15024592225889916,0.1325384734336308,0.7513356879837364,Med7,FALSE,FALSE,FALSE,FALSE,0.27030412642602314,FALSE,FALSE,0.07228816144486035
Crcp,-0.21163723512218224,0.32697950107149654,-0.35197327070175355,0.14928839994033127,-0.24701297126944155,0.4042146140201112,Crcp,FALSE,FALSE,FALSE,FALSE,0.27020782569779245,FALSE,FALSE,0.07226212293186718
Rad9a,-0.3902073459151807,0.14468589535117404,-0.15960121853298181,0.5577564352065747,-0.2607913506758135,0.4593520579263766,Rad9a,FALSE,FALSE,FALSE,FALSE,0.270199971707992,FALSE,FALSE,0.07225999931121316
Uaca,-0.30870183525109507,0.1379990968021279,-0.25038855126067805,0.2582025693430103,-0.251327719139149,0.37718551172705184,Uaca,FALSE,FALSE,FALSE,FALSE,0.27013936855030735,FALSE,FALSE,0.0722436129750162
Cd164l2,-0.5647968455442086,0.19435063295164465,-0.006118417729893966,0.9889213040694596,-0.2394570986539728,0.6867045081950023,Cd164l2,FALSE,FALSE,FALSE,FALSE,0.2701241206426918,FALSE,FALSE,0.07223949013142135
Lonrf1,-0.4613147838633056,0.2768491664404163,0.2959996541793535,0.47755864039888113,0.05294906897725582,0.9412518702728205,Lonrf1,FALSE,FALSE,FALSE,FALSE,0.27008783567330497,FALSE,FALSE,0.07222967912932204
Slc2a5,0.24909493318138565,0.7501193757729133,-0.15702293337087492,0.8590796851767837,-0.404130764682514,0.7303752574601557,Slc2a5,FALSE,FALSE,FALSE,FALSE,0.2700828770782582,FALSE,FALSE,0.07222833838721213
A930001M01Rik,0.4830653928257672,0.30675482878983173,0.3103762174234682,0.5531354276812297,-0.01674575056524019,0.9847097751008489,A930001M01Rik,FALSE,FALSE,FALSE,FALSE,0.2700624536048252,FALSE,FALSE,0.07222281613532348
Fam92b,-0.36591672761295424,0.3571658481984599,-0.40732546885767595,0.32606536840398864,-0.03692731605830568,0.9579336101530627,Fam92b,FALSE,FALSE,FALSE,FALSE,0.27005650417631194,FALSE,FALSE,0.07222120748423132
D630033A02Rik,-0.08746753914749716,0.9000934404799463,0.309915078093886,0.6162226702872411,0.4127774923980048,0.6011492295464709,D630033A02Rik,FALSE,FALSE,FALSE,FALSE,0.270053369879796,FALSE,FALSE,0.07222036000963737
Ssbp4,-0.3614875266509965,0.13034511701489507,-0.30224514259414104,0.22689090447567695,-0.1464090617974474,0.6617071207654013,Ssbp4,FALSE,FALSE,FALSE,FALSE,0.27004724368086164,FALSE,FALSE,0.07221870356203326
Rcc2,-0.47346630293197034,0.022606933826155737,-0.07406594251197607,0.7001186721685346,-0.2624921390515409,0.2581474283215736,Rcc2,FALSE,FALSE,FALSE,FALSE,0.27000812816516245,FALSE,FALSE,0.07220812721559766
Cyth2,-0.3831374524108089,0.06414349302311992,-0.23362868311835427,0.2585075929186777,-0.19302036215402296,0.473163377575771,Cyth2,FALSE,FALSE,FALSE,FALSE,0.26992883256106204,FALSE,FALSE,0.07218668667557677
Cbwd1,0.34335251790880505,0.10612865590705378,0.2688426526889591,0.2297998034057617,0.1973610422652401,0.5013661036838792,Cbwd1,FALSE,FALSE,FALSE,FALSE,0.2698520709543348,FALSE,FALSE,0.07216593129676638
Asb4,0.5029104581044326,0.028183907258821632,0.25238850110978106,0.24030878705650713,0.05422845799128506,0.8722920238991596,Asb4,FALSE,FALSE,FALSE,FALSE,0.2698424724018329,FALSE,FALSE,0.07216333596816786
Cox19,-0.308203914879452,0.12505613258698503,-0.25834176370706485,0.21455080831397347,-0.2428346098990981,0.35850693890724955,Cox19,FALSE,FALSE,FALSE,FALSE,0.26979342949520496,FALSE,FALSE,0.07215007537933414
Rangap1,-0.24877192576867735,0.1379990968021279,-0.2060210036476633,0.2540287634405606,-0.35447664126708833,0.13458663734282533,Rangap1,FALSE,FALSE,FALSE,FALSE,0.269756523561143,FALSE,FALSE,0.07214009647614977
Setdb2,0.12351815533963872,0.7423126995069955,0.47711649168359616,0.18152627612537217,0.20861108819293284,0.6679083423412865,Setdb2,FALSE,FALSE,FALSE,FALSE,0.26974857840538924,FALSE,FALSE,0.07213794820536172
Plxnb2,-0.3919426581337424,0.08689856175024005,-0.32155181485238593,0.19025808232305622,-0.09568468708500166,0.7856859702254747,Plxnb2,FALSE,FALSE,FALSE,FALSE,0.2697263866903767,FALSE,FALSE,0.07213194784305593
Nudt18,-0.26216022859433075,0.22496700331483913,-0.36246726627143344,0.13849670483220658,-0.18443768363715263,0.5366259856518361,Nudt18,FALSE,FALSE,FALSE,FALSE,0.2696883928343056,FALSE,FALSE,0.07212167477936116
Thoc7,0.3770570915074911,0.08552800375000867,0.31647013903218024,0.17719223144109253,0.11550915241074211,0.7207264661661053,Thoc7,FALSE,FALSE,FALSE,FALSE,0.26967879431680447,FALSE,FALSE,0.07211907946022639
Shld2,0.3601156349381789,0.056071649430426286,0.2149832740970008,0.257663050567592,0.2339247358023977,0.3332157601112203,Shld2,FALSE,FALSE,FALSE,FALSE,0.26967454827919246,FALSE,FALSE,0.07211793138473868
Pafah1b1,0.39064058686212455,0.03894994048142692,0.3057637357228167,0.12590662855927662,0.11240576091626586,0.6557869055880559,Pafah1b1,FALSE,FALSE,FALSE,FALSE,0.269603361167069,FALSE,FALSE,0.07209868327957863
Ccpg1os,-0.18726998674638473,0.3512647770881988,-0.3289233787132422,0.14705924493714864,-0.2925112691549856,0.284133330115507,Ccpg1os,FALSE,FALSE,FALSE,FALSE,0.26956821153820415,FALSE,FALSE,0.07208917925936281
Mavs,-0.3252956542603851,0.10810611439263021,-0.23685832990353628,0.259549472319911,-0.2465492538345435,0.36176065135519536,Mavs,FALSE,FALSE,FALSE,FALSE,0.2695677459994883,FALSE,FALSE,0.07208905338351407
Cyld,0.39366754500045165,0.036258336569021644,0.2650764814866253,0.15913965092570664,0.14990302410704714,0.5326523293572504,Cyld,FALSE,FALSE,FALSE,FALSE,0.26954901686470806,FALSE,FALSE,0.07208398925961504
Shroom3,-0.36136899556549906,0.16867929928057074,-0.313638662423509,0.26107344430991425,-0.13320801082006017,0.7337838436157511,Shroom3,FALSE,FALSE,FALSE,FALSE,0.2694052229363561,FALSE,FALSE,0.07204510917905363
Ttc19,0.30160524646289755,0.2653470030624103,0.38138381986059056,0.19673928510121272,0.12490465389276473,0.7681228036900202,Ttc19,FALSE,FALSE,FALSE,FALSE,0.2692979067387509,FALSE,FALSE,0.07201609222085341
Clec2d,0.21170955146286374,0.5773584187228904,0.5016680991808866,0.18714316511102974,0.09450930863824247,0.87788908615666,Clec2d,FALSE,FALSE,FALSE,FALSE,0.2692956530939976,FALSE,FALSE,0.07201548286348644
Hyou1,-0.19456005264056309,0.46140824124991064,-0.33104599953166947,0.24147384966338256,-0.2822008826510203,0.441179262246431,Hyou1,FALSE,FALSE,FALSE,FALSE,0.2692689782744176,FALSE,FALSE,0.07200827032575192
Rassf10,-0.37054653013571204,0.15685987802358983,-0.028531265005208084,0.9226556392504058,0.40862201166341494,0.19010625023039424,Rassf10,FALSE,FALSE,FALSE,FALSE,0.26923326893477834,FALSE,FALSE,0.07199861496674002
Gprin2,-0.2957384673995769,0.42723297101272883,-0.439814892619832,0.26263286791225277,-0.07205266201618943,0.9046866159210569,Gprin2,FALSE,FALSE,FALSE,FALSE,0.26920200734519945,FALSE,FALSE,0.07199016222374013
2610318N02Rik,-0.5913860939835618,0.46416473336962727,0.13893233492923568,0.869164204362831,0.07723630917042856,0.9528063179104878,2610318N02Rik,FALSE,FALSE,FALSE,FALSE,0.2691849126944087,FALSE,FALSE,0.07198554004387808
C530008M17Rik,0.3244713245751809,0.08050877914670372,0.20834563611614065,0.2791263493254736,0.2746555916996618,0.26392013675055404,C530008M17Rik,FALSE,FALSE,FALSE,FALSE,0.2691575174636611,FALSE,FALSE,0.0719781327159702
Bex4,-0.32915583139076254,0.04507719703981169,-0.1888161946772433,0.2370386758266454,-0.2894857821753165,0.15972445073481728,Bex4,FALSE,FALSE,FALSE,FALSE,0.26915260274777414,FALSE,FALSE,0.07197680383823654
Efr3a,0.3718134428331217,0.034951996629719685,0.328923276885388,0.09243044743855874,0.10671919372158989,0.6436806054672702,Efr3a,FALSE,FALSE,FALSE,FALSE,0.26915197114669986,FALSE,FALSE,0.07197663306120214
Sfxn4,0.19389205562455825,0.5307769396076721,0.31686911501700576,0.30292879934268824,0.29643626175550475,0.4622312960886969,Sfxn4,FALSE,FALSE,FALSE,FALSE,0.2690658107990229,FALSE,FALSE,0.07195333638033895
C030006K11Rik,-0.2078470121324103,0.36470723401317817,-0.3359283057828968,0.18285657238127678,-0.26330064669087383,0.4035074698269948,C030006K11Rik,FALSE,FALSE,FALSE,FALSE,0.26902532153539366,FALSE,FALSE,0.07194238858963721
Zfp454,0.5522469877928264,0.06694005316882559,0.1379114460724291,0.6837422565438184,0.11670328486219139,0.8039831148516488,Zfp454,FALSE,FALSE,FALSE,FALSE,0.26895390624248233,FALSE,FALSE,0.07192307878724477
Thbd,0.3304442833979655,0.4439022841329417,0.1508885892708527,0.7622017209520391,0.3255201030058732,0.598075811067657,Thbd,FALSE,FALSE,FALSE,FALSE,0.2689509918915638,FALSE,FALSE,0.07192229078319066
Safb,-0.37866492793283335,0.05333433753160921,-0.23806697295449286,0.22703251882727538,-0.1900742395766173,0.45565692452552997,Safb,FALSE,FALSE,FALSE,FALSE,0.26893538015464785,FALSE,FALSE,0.07191806956470145
Palm,-0.39610016109168367,0.05266447914150501,-0.31848708852576735,0.14105626959595555,-0.09213327065304533,0.7501573610949873,Palm,FALSE,FALSE,FALSE,FALSE,0.26890684009016547,FALSE,FALSE,0.07191035268806402
Tmppe,-0.2888977300538187,0.28193106225076164,-0.3017162557333628,0.2840777156603331,-0.21610395323657938,0.5599787778067897,Tmppe,FALSE,FALSE,FALSE,FALSE,0.26890597967458696,FALSE,FALSE,0.07191012004244823
Sfr1,0.406264311709025,0.0403330919229201,0.2761015707595247,0.1696384291254824,0.1243520441803323,0.6385669435786413,Sfr1,FALSE,FALSE,FALSE,FALSE,0.2689059755496273,FALSE,FALSE,0.0719101189271107
Cep120,-0.2126975177891337,0.16731940696605402,-0.26788743582624264,0.132447305132203,-0.3260482245005063,0.13412354915263233,Cep120,FALSE,FALSE,FALSE,FALSE,0.26887772603862753,FALSE,FALSE,0.07190248061250257
Erp29,-0.211526388217111,0.10099773815294157,-0.29306224635637523,0.08284060909925162,-0.3020234194475746,0.1002620105675008,Erp29,FALSE,FALSE,FALSE,FALSE,0.26887068467368697,FALSE,FALSE,0.0719005767154515
Zswim1,-0.33338025103719193,0.1112329253028643,-0.21426945400716724,0.311822147802712,-0.2588679987099587,0.34615778059711805,Zswim1,FALSE,FALSE,FALSE,FALSE,0.2688392345847726,FALSE,FALSE,0.07189207300458784
Echdc3,-0.1442316616680328,0.4935489554702369,-0.46344966827242295,0.08530305867552213,-0.198791457248646,0.48460845529476526,Echdc3,FALSE,FALSE,FALSE,FALSE,0.26882426239636725,FALSE,FALSE,0.07188802471202047
Pak7,0.32547047698528253,0.3942303081668911,0.33751220729873044,0.39981194816379556,0.1434775344934982,0.8129730381358007,Pak7,FALSE,FALSE,FALSE,FALSE,0.26882007292583704,FALSE,FALSE,0.0718868919315645
Hebp1,-0.22824661590272943,0.5409233270584194,-0.5030720871215069,0.20557954802080294,-0.07488881750770604,0.8995803947888638,Hebp1,FALSE,FALSE,FALSE,FALSE,0.2687358401773141,FALSE,FALSE,0.07186411644941434
Slco1a5,-0.704985362589104,0.10794361114664615,0.02879822725509329,0.9511236026183537,0.07238784758618799,0.9096517207354082,Slco1a5,FALSE,FALSE,FALSE,FALSE,0.2687238124767951,FALSE,FALSE,0.0718608643095604
Sfrp1,-0.3403361017287536,0.3434660475760473,-0.33317135339960124,0.36940496035348735,0.13266384006408205,0.7939582634127023,Sfrp1,FALSE,FALSE,FALSE,FALSE,0.26872376506414564,FALSE,FALSE,0.07186085148977273
Prkar1b,-0.3679833987497423,0.04790274062360657,-0.24782577935062733,0.19025808232305622,-0.19033965563488398,0.43126307357474863,Prkar1b,FALSE,FALSE,FALSE,FALSE,0.2687162779117512,FALSE,FALSE,0.07185882705736721
Piga,0.2291217460096644,0.5225177806993555,0.396762253869265,0.2678399651777587,0.18004960899882105,0.7277650765318794,Piga,FALSE,FALSE,FALSE,FALSE,0.2686445362925835,FALSE,FALSE,0.07183942902043468
Nedd1,0.33424276978798284,0.08495972340231922,0.23087362035993442,0.25114064671679254,0.24080735184379565,0.34934931468959735,Nedd1,FALSE,FALSE,FALSE,FALSE,0.268641247330571,FALSE,FALSE,0.07183853972622402
Lig1,-0.2773864875200971,0.1675987253512718,-0.3865680749852589,0.1060927084274755,-0.1417251985024195,0.6097256876417683,Lig1,FALSE,FALSE,FALSE,FALSE,0.2685599203359252,FALSE,FALSE,0.07181654992359546
Hyal2,-0.2915553369730648,0.17449391214589643,-0.3178879588156538,0.17486137420750272,-0.19622625730625431,0.5033783582763196,Hyal2,FALSE,FALSE,FALSE,FALSE,0.2685565176983243,FALSE,FALSE,0.07181562989292684
5330411O13Rik,0.6263832070091391,0.12407398019861132,0.05082288309413452,0.9220661357248053,0.128457011075095,0.853174697704432,5330411O13Rik,FALSE,FALSE,FALSE,FALSE,0.2685543670594562,FALSE,FALSE,0.07181504838706348
Sarm1,-0.34108481339164154,0.18708454072408,-0.3890441742166364,0.16938910728681528,-0.07536677553351989,0.8531900124785269,Sarm1,FALSE,FALSE,FALSE,FALSE,0.2684985877139326,FALSE,FALSE,0.07179996634936915
Pigq,-0.3203767527654984,0.06228456930552192,-0.26890262996338077,0.14468065675039016,-0.2161666744601698,0.3326914183824842,Pigq,FALSE,FALSE,FALSE,FALSE,0.26848201906301633,FALSE,FALSE,0.07179548639329729
Znhit2,-0.40664287529572585,0.07560561771710451,-0.32320677957951993,0.17144836790868273,-0.07548059617757019,0.8187156095783097,Znhit2,FALSE,FALSE,FALSE,FALSE,0.2684434170176053,FALSE,FALSE,0.07178504888280837
Hvcn1,0.24886316113476295,0.6317290609618018,-0.3782420415205596,0.5073471584423649,0.1781609277919606,0.81737415556582,Hvcn1,FALSE,FALSE,FALSE,FALSE,0.2684220434824277,FALSE,FALSE,0.07177926974610134
Creg2,0.11301110804627212,0.8593465430960455,-0.3131576024531273,0.6355260668921416,0.37903152669073625,0.6274826732165347,Creg2,FALSE,FALSE,FALSE,FALSE,0.26840007906337854,FALSE,FALSE,0.07177333084178247
Btg1,0.28893873647068347,0.10042164753429267,0.20549339624914698,0.2688625356359767,0.31076281670457817,0.1935793337310282,Btg1,FALSE,FALSE,FALSE,FALSE,0.2683983164748029,FALSE,FALSE,0.07177285425986693
Mbnl1,0.4746723740752863,0.16323193341495104,0.273346794915744,0.4588253434232601,-0.0571596863463828,0.9260668732862938,Mbnl1,FALSE,FALSE,FALSE,FALSE,0.2683929517791377,FALSE,FALSE,0.07177140371322674
Lama5,-0.47995763680048587,0.047626204228673086,-0.20893413489178325,0.3799996114011219,-0.11625970625346405,0.7308444640053898,Lama5,FALSE,FALSE,FALSE,FALSE,0.2683838259819111,FALSE,FALSE,0.0717689362117444
Zfp668,0.26683903167764544,0.1470083250593721,0.23431604871900635,0.22886671199389508,0.30389503241693205,0.21615380298575965,Zfp668,FALSE,FALSE,FALSE,FALSE,0.26835003760452797,FALSE,FALSE,0.07175980025691132
Pet100,0.35665591674173625,0.15214105683429816,0.2504380795011856,0.34306832468764253,-0.19781862133095718,0.5953368558260224,Pet100,FALSE,FALSE,FALSE,FALSE,0.26830420585795967,FALSE,FALSE,0.07174740792561286
Rsf1,0.308582290933038,0.03831333094046757,0.22759237424474765,0.13849670483220658,0.2686326390225666,0.1509383888453483,Rsf1,FALSE,FALSE,FALSE,FALSE,0.26826910140011745,FALSE,FALSE,0.07173791611907684
Cadm3,0.2393175337366671,0.7246939678369798,-0.06971742512709334,0.9294973785552761,0.4957541932278495,0.5582591958137605,Cadm3,FALSE,FALSE,FALSE,FALSE,0.2682630506972033,FALSE,FALSE,0.07173628008465278
Sult2b1,-0.4522518701827014,0.3830616499392404,0.24811484301459186,0.6197825330511085,0.10423969698803481,0.8945125634117448,Sult2b1,FALSE,FALSE,FALSE,FALSE,0.2682021367284427,FALSE,FALSE,0.07171980970902654
Ptrh1,-0.29568242928710975,0.4349119433095153,-0.4316732344117883,0.28063390696879814,-0.07720879748160403,0.899722477455269,Ptrh1,FALSE,FALSE,FALSE,FALSE,0.268188153726834,FALSE,FALSE,0.07171602888020251
Scel,-0.7124442382455802,0.10377072200899981,0.08246703125388533,0.8497879791611821,0.00958677673703523,0.98816385056721745,Scel,FALSE,FALSE,FALSE,FALSE,0.26816601541216695,FALSE,FALSE,0.07171004295668254
Stx2,-0.15238420997196034,0.34231218820697906,-0.41197267562403406,0.07169446715868752,-0.2401222085890602,0.2710842067017824,Stx2,FALSE,FALSE,FALSE,FALSE,0.2681596980616849,FALSE,FALSE,0.07170833482408966
1500002C15Rik,-0.22266345275693178,0.34249096876491686,-0.16080549369495367,0.5129086110438443,-0.4208708527235032,0.1947496228032622,1500002C15Rik,FALSE,FALSE,FALSE,FALSE,0.2681132663917962,FALSE,FALSE,0.07169578028102541
Lrrk2,0.07919330463431162,0.7962217495285469,0.5409254773465619,0.10272518377367301,0.18419402896885462,0.6487905668716706,Lrrk2,FALSE,FALSE,FALSE,FALSE,0.2681042703165761,FALSE,FALSE,0.07169334785475188
Clec5a,0.32990616908591536,0.6140562775975715,-0.3018868266755226,0.6902931329908059,-0.17237153152645557,0.8755497727608008,Clec5a,FALSE,FALSE,FALSE,FALSE,0.26805484242929783,FALSE,FALSE,0.07167998317196322
Wdr86,0.13043104662955662,0.8404692211497526,0.29673396988734324,0.6270254883117656,0.37699945338841045,0.6323909429312146,Wdr86,FALSE,FALSE,FALSE,FALSE,0.2680548233017701,FALSE,FALSE,0.07167997800011885
Pef1,-0.31512354427223155,0.07484486357098263,-0.20136937553216772,0.2633824951306681,-0.2875583122258014,0.2157661235667044,Pef1,FALSE,FALSE,FALSE,FALSE,0.26801707734340025,FALSE,FALSE,0.07166977196486335
Tmem123,0.4532710298927789,0.05090243471094275,0.2566769719783517,0.2709418370293235,0.09399186502180257,0.783446509362906,Tmem123,FALSE,FALSE,FALSE,FALSE,0.2679799556309777,FALSE,FALSE,0.07165973471790787
Tbrg1,-0.30166987145638924,0.07043154394199586,-0.24370614491638598,0.1715199907460093,-0.25855916453209815,0.24059549888574921,Tbrg1,FALSE,FALSE,FALSE,FALSE,0.2679783936349578,FALSE,FALSE,0.07165931237371166
Zic1,0.41147856516196635,0.5123337986972751,-0.058928054155301446,0.9412949165653217,0.3334297027448354,0.7130781784286742,Zic1,FALSE,FALSE,FALSE,FALSE,0.26794544068736775,FALSE,FALSE,0.07165040230865036
Retreg3,-0.22851267509321627,0.16416905900506654,-0.3505517731285499,0.09085111530551959,-0.224696177631027,0.3219967355785621,Retreg3,FALSE,FALSE,FALSE,FALSE,0.26792020861759774,FALSE,FALSE,0.07164357987242767
Cdk11b,-0.41111420683476574,0.035669092432450394,-0.18096276691819302,0.3180005601478314,-0.2115952262856915,0.36745861464853835,Cdk11b,FALSE,FALSE,FALSE,FALSE,0.26789073334621677,FALSE,FALSE,0.07163561012753653
Cul9,-0.3374111187659663,0.11387564832658478,-0.2944490117967913,0.1995812088419037,-0.1716763536064061,0.5711601376426727,Cul9,FALSE,FALSE,FALSE,FALSE,0.2678454947230546,FALSE,FALSE,0.07162337816939203
Shisa7,0.08783742810646156,0.8559545881271313,-0.21556658852062704,0.6643815813280439,0.5000859314144407,0.36039708807854065,Shisa7,FALSE,FALSE,FALSE,FALSE,0.2678299826805098,FALSE,FALSE,0.07161918390701442
Ift27,-0.21175448434447208,0.3047754427592631,-0.34470058863627884,0.1418123510168036,-0.24702047769812552,0.3784396276043878,Ift27,FALSE,FALSE,FALSE,FALSE,0.2678251835596255,FALSE,FALSE,0.07161788628472436
Ctbs,0.5305292346141268,0.04185065573499435,0.2323717551057216,0.364337246814455,0.040389621987968916,0.9265374778449096,Ctbs,FALSE,FALSE,FALSE,FALSE,0.2677635372359391,FALSE,FALSE,0.07160121788948187
Cfap206,0.38208198745275523,0.1945031699891786,0.2877765267103154,0.3553256693653276,0.13339356627472587,0.7715867692447308,Cfap206,FALSE,FALSE,FALSE,FALSE,0.2677506934792655,FALSE,FALSE,0.07159774509824579
Retreg2,-0.34251164279611057,0.0489720586052495,-0.30839049313592515,0.11199485735103275,-0.15226054989017612,0.5064022600079991,Retreg2,FALSE,FALSE,FALSE,FALSE,0.2677208952740706,FALSE,FALSE,0.07158968803608858
Zfp952,0.37968074058009904,0.07081156052306213,0.32808941363799526,0.14942689218103428,0.09532679058474436,0.7614020021813784,Zfp952,FALSE,FALSE,FALSE,FALSE,0.26769898160094624,FALSE,FALSE,0.07158376285283337
Kcnc4,0.18863905927683655,0.572234293587374,0.15434019329653603,0.6654975459911251,0.4600736745424512,0.26571103931869267,Kcnc4,FALSE,FALSE,FALSE,FALSE,0.2676843090386079,FALSE,FALSE,0.07157979557540868
Mcee,-0.2548527735455406,0.09710172522929922,-0.25646412739265845,0.13149725031883697,-0.29157946157488546,0.15262300443147547,Mcee,FALSE,FALSE,FALSE,FALSE,0.26763212083769483,FALSE,FALSE,0.07156568453832171
Pgam2,-0.1664506567554449,0.831179493275367,0.34516344269339033,0.6253900233874495,-0.29126275763930987,0.7856859702254747,Pgam2,FALSE,FALSE,FALSE,FALSE,0.2676256190293817,FALSE,FALSE,0.07156392653063734
Olfm2,-0.2936299039665251,0.4382922776336239,-0.32079183946943934,0.4153839264326638,-0.18833560095534185,0.7298672384813677,Olfm2,FALSE,FALSE,FALSE,FALSE,0.26758578146376877,FALSE,FALSE,0.0715531549509319
9930012K11Rik,0.316302197413254,0.6151318064537962,-0.16606467293345056,0.8231100795437898,-0.32029226775050706,0.7399279916301487,9930012K11Rik,FALSE,FALSE,FALSE,FALSE,0.2675530460324039,FALSE,FALSE,0.07154430369953854
Tcerg1l,0.5699513974624915,0.22730466778864286,-0.1874069537543428,0.7517880674915454,-0.04527025129806139,0.9630623165232519,Tcerg1l,FALSE,FALSE,FALSE,FALSE,0.2675428675049652,FALSE,FALSE,0.07154155155296778
Ggnbp1,-0.48385304895271375,0.19706135091630209,-0.2851269711560154,0.44839967595127056,0.033537812319444305,0.9576668293677965,Ggnbp1,FALSE,FALSE,FALSE,FALSE,0.2675059441427245,FALSE,FALSE,0.07153156793742176
Zfp13,-0.2621586695008489,0.19260587278580124,-0.2740862778663091,0.20196449138564118,-0.26627155116694334,0.32743415582017643,Zfp13,FALSE,FALSE,FALSE,FALSE,0.2675054995113671,FALSE,FALSE,0.07153144771466136
Sertad4,0.25871959354257434,0.19536999976690472,0.2717018637194517,0.20423494948495502,0.2719035415313673,0.3168404957395442,Sertad4,FALSE,FALSE,FALSE,FALSE,0.2674416662644645,FALSE,FALSE,0.07151418800272138
0610040B10Rik,0.2870194370692085,0.4494518111488562,0.21703301561906585,0.5971816020848197,0.29826640657001113,0.5686322897708336,0610040B10Rik,FALSE,FALSE,FALSE,FALSE,0.2674396197527618,FALSE,FALSE,0.07151363465154181
Psmc3ip,-0.5187729930109977,0.12347119792186818,-0.26483079788861796,0.4232650996929328,0.018689641340837726,0.9726519631189647,Psmc3ip,FALSE,FALSE,FALSE,FALSE,0.2674311440801511,FALSE,FALSE,0.07151134293562798
Ctsc,0.42316040903653507,0.10090539617897373,0.33425635407535603,0.21936134485315556,0.044824684966485506,0.9233321711285933,Ctsc,FALSE,FALSE,FALSE,FALSE,0.2674138160261255,FALSE,FALSE,0.07150665764644916
A430018G15Rik,-0.029149010214524096,0.9603047986705526,-0.22165952577212156,0.6944708391455173,-0.5513065903377511,0.44970352573488714,A430018G15Rik,FALSE,FALSE,FALSE,FALSE,0.26737170877479893,FALSE,FALSE,0.07149527237210163
A930024E05Rik,0.3329985938221425,0.3716092853276011,0.22808140082483175,0.5749353582378517,0.24098525854909592,0.6547585164169194,A930024E05Rik,FALSE,FALSE,FALSE,FALSE,0.26735508439869005,FALSE,FALSE,0.07149077734863432
Cys1,-0.2532918548461521,0.6390166155588232,0.28768157702995045,0.5704999720615114,0.26080089092270675,0.7052238284027338,Cys1,FALSE,FALSE,FALSE,FALSE,0.2672581075996031,FALSE,FALSE,0.07146455603453364
Phf23,-0.3474323851451988,0.07288115612224458,-0.27147127443591934,0.17996766021774446,-0.18281496849336776,0.473797922122546,Phf23,FALSE,FALSE,FALSE,FALSE,0.2672395426914953,FALSE,FALSE,0.07145953631547373
Cxxc1,-0.44941035644822147,0.05780784272707241,-0.2282992404522659,0.32229757877688053,-0.12400440656208556,0.6978294020344574,Cxxc1,FALSE,FALSE,FALSE,FALSE,0.267238001154191,FALSE,FALSE,0.07145911950305844
Rnps1,-0.38361754835821227,0.051798044467034995,-0.2931878763545539,0.15202031156578022,-0.12489108161232743,0.6353991793414071,Rnps1,FALSE,FALSE,FALSE,FALSE,0.2672321687750312,FALSE,FALSE,0.07145754250064815
Rbm34,0.34421925167192935,0.14791235254213572,0.21939872842642405,0.38525205319683026,0.23807762054160442,0.47054585492486795,Rbm34,FALSE,FALSE,FALSE,FALSE,0.26723186687998596,FALSE,FALSE,0.07145746087200211
Astn1,-0.4711438057578654,0.0474973240472792,-0.27199552576075803,0.24185946255488433,-0.05850744384884177,0.8713754329964963,Astn1,FALSE,FALSE,FALSE,FALSE,0.26721559178915505,FALSE,FALSE,0.07145306029090732
Cog3,0.35124844415331236,0.07567694749397921,0.262560527006765,0.20562307216288794,0.1878144874735952,0.48603355437783735,Cog3,FALSE,FALSE,FALSE,FALSE,0.2672078195445575,FALSE,FALSE,0.07145095877313423
Comp,0.3430695789327448,0.7781379204695213,0.21736557687754704,0.8693428991496887,0.24104380079382193,0.8989942400213359,Comp,FALSE,FALSE,FALSE,FALSE,0.2671596522013713,FALSE,FALSE,0.07143793492570914
Rad18,0.30926098062360463,0.16774081448347192,0.46529099728561185,0.09210289238487569,0.026921471577711742,0.9488555570407582,Rad18,FALSE,FALSE,FALSE,FALSE,0.26715781649564274,FALSE,FALSE,0.07143743857382953
Gm25395,0.44377191546578487,0.3195796468740498,0.1613042385121144,0.7583549110006271,-0.19598387410400164,0.7822361756485404,Gm25395,FALSE,FALSE,FALSE,FALSE,0.26702000936063364,FALSE,FALSE,0.07140017724734309
Rnf19b,-0.35073373267964847,0.029633515864581787,-0.2623892991126082,0.10856105603800123,-0.18768180895222653,0.31328821884839864,Rnf19b,FALSE,FALSE,FALSE,FALSE,0.2669349469148277,FALSE,FALSE,0.07137717742542021
Grid2,-0.462759504577718,0.17931897489445123,0.06176305445588781,0.867369479337912,0.27619615816456955,0.514963970170159,Grid2,FALSE,FALSE,FALSE,FALSE,0.2669062390660584,FALSE,FALSE,0.07136941518200919
Dync2li1,-0.23425188568841282,0.12379979394325144,-0.27057338862889946,0.1229331759077892,-0.2958269207844113,0.15450026661904256,Dync2li1,FALSE,FALSE,FALSE,FALSE,0.2668840650339079,FALSE,FALSE,0.07136341960092822
Smg1,0.27163874439505964,0.054019456589735816,0.29852637244536506,0.08508717706951348,0.23033441222603912,0.21104871359585534,Smg1,FALSE,FALSE,FALSE,FALSE,0.2668331763554879,FALSE,FALSE,0.07134965993847718
Gpr162,-0.4161818812498863,0.08210145525836775,-0.34944120307940807,0.16656781828054618,0.03485059481183317,0.9307249095541381,Gpr162,FALSE,FALSE,FALSE,FALSE,0.26682455971370916,FALSE,FALSE,0.07134733010626267
Tdrkh,0.45905004090906676,0.021566796746963397,0.20357741019343045,0.2418725836381834,0.1377891975744978,0.552359896973369,Tdrkh,FALSE,FALSE,FALSE,FALSE,0.2668055495589983,FALSE,FALSE,0.07134218999808763
Fam122a,-0.3124623863905005,0.206644238336218,-0.37020890387563865,0.17151637565130137,-0.11772475032545948,0.7424085677028015,Fam122a,FALSE,FALSE,FALSE,FALSE,0.26679868019719954,FALSE,FALSE,0.07134033260853577
Efnb2,0.15455838338271288,0.5156293499602493,0.4263439915052034,0.11785504756847434,0.21939288458592898,0.5027969816100225,Efnb2,FALSE,FALSE,FALSE,FALSE,0.2667650864912818,FALSE,FALSE,0.07133124929043319
Hspa2,-0.3517999536496017,0.15803665593195912,-0.27957859023237575,0.2878744608812983,-0.1686038042423439,0.6366197599518124,Hspa2,FALSE,FALSE,FALSE,FALSE,0.2666607827081071,FALSE,FALSE,0.07130304685143475
Phtf2,0.2422109325944639,0.34131512109995515,0.37960982291675016,0.17653426914519374,0.1780801409160926,0.6330295414080954,Phtf2,FALSE,FALSE,FALSE,FALSE,0.2666336321424356,FALSE,FALSE,0.07129570567790472
Cyb5rl,-0.42245424891352634,0.09717175267298034,-0.26285621983100027,0.2973140582711483,-0.11446031400483703,0.7458570462849016,Cyb5rl,FALSE,FALSE,FALSE,FALSE,0.26659026091645455,FALSE,FALSE,0.07128397864061242
Setx,0.2948443472030311,0.14239419739510287,0.32235858110840887,0.15518880905879467,0.1825075926955524,0.5248243761077283,Setx,FALSE,FALSE,FALSE,FALSE,0.26657017366899743,FALSE,FALSE,0.07127854730002425
Gnb1l,-0.5461244822134934,0.16773767456088307,-0.14648123494207188,0.7204215936841916,0.10676215796029753,0.8517335832867395,Gnb1l,FALSE,FALSE,FALSE,FALSE,0.2664559583719543,FALSE,FALSE,0.07124766491158631
Gm25099,0.42587585683616225,0.4187766364020462,0.16287178344401965,0.7962672342616983,-0.21059310590980274,0.8126019780198526,Gm25099,FALSE,FALSE,FALSE,FALSE,0.26644691539666154,FALSE,FALSE,0.07124521980411948
Nemf,0.37297541961923475,0.09440544115952373,0.31960171362042633,0.1853663579839753,0.10667073759775647,0.7503572766395441,Nemf,FALSE,FALSE,FALSE,FALSE,0.26641595694580583,FALSE,FALSE,0.07123684902604059
Atf1,0.32594195077994126,0.06525067524941121,0.20263047431195602,0.2623386303405981,0.270660142339751,0.23874631996851334,Atf1,FALSE,FALSE,FALSE,FALSE,0.2664108558105494,FALSE,FALSE,0.07123546974284
Mcrip2,-0.13223254450718613,0.7363811724772775,-0.4951249811692904,0.216604634138443,-0.17148012835298054,0.7480324067598075,Mcrip2,FALSE,FALSE,FALSE,FALSE,0.266279218009819,FALSE,FALSE,0.07119987652721549
Mchr1,-0.19732926652593252,0.7099805158603589,0.40957041871332334,0.3824334770899623,0.1916295210371115,0.7856058582996946,Mchr1,FALSE,FALSE,FALSE,FALSE,0.26617640209212245,FALSE,FALSE,0.07117207638844152
Fyb,0.32354917271494976,0.3523415747091917,0.307016411940084,0.40044267623456986,0.1677715508273463,0.7513176965500792,Fyb,FALSE,FALSE,FALSE,FALSE,0.26611237849412667,FALSE,FALSE,0.07115476520794567
Apmap,-0.2977819628568845,0.039365595251663506,-0.28760350269930157,0.08530305867552213,-0.21283589447130513,0.23290716842092996,Apmap,FALSE,FALSE,FALSE,FALSE,0.2660737866758304,FALSE,FALSE,0.07114433046274073
Psd2,0.012467293985834793,0.9821710939501346,-0.35160819190584314,0.5152573519114146,0.4341151821119136,0.4818397663255097,Psd2,FALSE,FALSE,FALSE,FALSE,0.2660635560011972,FALSE,FALSE,0.07114156421622048
Ascl1,-0.7403660361656303,0.047705456792804406,-0.025791370201971198,0.952198472514602,-0.03192494987475403,0.9614427519120068,Ascl1,FALSE,FALSE,FALSE,FALSE,0.2660274520807852,FALSE,FALSE,0.07113180216750055
Sntb2,-0.2579434196778738,0.2984733177330512,-0.28487476624018626,0.2848525347265725,0.2552524799996174,0.4551304573052538,Sntb2,FALSE,FALSE,FALSE,FALSE,0.2660235553058925,FALSE,FALSE,0.07113074852828578
Ccdc73,0.25829695159169797,0.3508970750522245,0.31678688910469477,0.27113658628901266,0.22294515911411317,0.5655563843929508,Ccdc73,FALSE,FALSE,FALSE,FALSE,0.26600966660350195,FALSE,FALSE,0.07112699319679142
Nlrc5,0.3733646304712517,0.32036068754109587,0.024477753400087288,0.95945827115141,0.400075036018928,0.43208725836388395,Nlrc5,FALSE,FALSE,FALSE,FALSE,0.26597247329675566,FALSE,FALSE,0.07111693659162585
Kdm8,-0.3543502033412713,0.23942429981093352,-0.23568363482818855,0.4439854450568012,-0.20787998476391256,0.6147300814706247,Kdm8,FALSE,FALSE,FALSE,FALSE,0.26597127431112416,FALSE,FALSE,0.07111661240090042
Itgb6,-0.41443218771100243,0.2010974214985963,0.1842166578171538,0.5590248144852829,0.19919059811698991,0.6328785685635795,Itgb6,FALSE,FALSE,FALSE,FALSE,0.2659464812150487,FALSE,FALSE,0.07110990865767684
Nell2,0.5708656426255692,0.019351832112294208,-0.14717076158131448,0.48254164404111843,0.07980215657158407,0.790781522904457,Nell2,FALSE,FALSE,FALSE,FALSE,0.2659461869261559,FALSE,FALSE,0.07110982908563934
Flvcr1,0.31153717132387904,0.11539591618588334,0.33646658765891235,0.1337309177711528,0.1498137375749442,0.5976545662870233,Flvcr1,FALSE,FALSE,FALSE,FALSE,0.2659391655192452,FALSE,FALSE,0.07110793058499003
Smad3,-0.37019117348709596,0.042115166113742594,-0.19546027358871676,0.26993257164500006,-0.23208937992034162,0.30833878412775473,Smad3,FALSE,FALSE,FALSE,FALSE,0.26591360899871813,FALSE,FALSE,0.07110102042133883
Cfap43,-0.5571578941345852,0.07077151227774482,-0.14933179446602685,0.6187885821275946,-0.0911986326698373,0.8336334940783221,Cfap43,FALSE,FALSE,FALSE,FALSE,0.26589610709014977,FALSE,FALSE,0.07109628812406511
Flnb,-0.3583223728895053,0.06023327478522391,-0.24568810818380005,0.21336996403532354,-0.1936381794045241,0.4471474922198249,Flnb,FALSE,FALSE,FALSE,FALSE,0.26588288682594313,FALSE,FALSE,0.07109271352989908
BC049715,0.17261793714576815,0.7786660635537412,0.4438499002753108,0.43407389559597864,0.18117916714517987,0.8392716934107318,BC049715,FALSE,FALSE,FALSE,FALSE,0.2658823348554196,FALSE,FALSE,0.07109256428397008
Tmem256,0.4436488686820397,0.24719269904413882,0.26088001065950905,0.5368912541998422,0.09311677247217975,0.8892697103868747,Tmem256,FALSE,FALSE,FALSE,FALSE,0.2658818839379095,FALSE,FALSE,0.07109244236151258
Rnu5g,0.4355470210282775,0.49924127199273277,0.3278705068060704,0.6410803768827086,0.034143082852635454,0.9772217118927953,Rnu5g,FALSE,FALSE,FALSE,FALSE,0.2658535368956611,FALSE,FALSE,0.0710847776756741
St6galnac3,-0.6232668036487151,0.12540059794870786,-0.12903347208747173,0.7558121940129418,0.045175010375586355,0.9432832863065866,St6galnac3,FALSE,FALSE,FALSE,FALSE,0.26582509537059107,FALSE,FALSE,0.07107708744286187
Zbtb7c,-0.4240373666730761,0.2530766363216681,-0.3350177309360842,0.37651315162199095,-0.03833697395140945,0.9515620989493591,Zbtb7c,FALSE,FALSE,FALSE,FALSE,0.2657973571868566,FALSE,FALSE,0.07106958738475383
Plcb1,0.4661910877963802,0.061310859174074465,0.21141180834345707,0.40797635074764094,0.11978889229548972,0.7424085677028015,Plcb1,FALSE,FALSE,FALSE,FALSE,0.2657972628117757,FALSE,FALSE,0.0710695618669118
Ezh2,0.2637591755412694,0.23942429981093352,0.18960840008978108,0.4250715203600005,0.34401878336105796,0.2464320037246951,Ezh2,FALSE,FALSE,FALSE,FALSE,0.26579545299736945,FALSE,FALSE,0.07106907251572206
Slc30a7,0.441819119977362,0.03546235054414237,0.24387814892257964,0.2297319818461651,0.1116139092122328,0.6891969747868163,Slc30a7,FALSE,FALSE,FALSE,FALSE,0.26577039270405817,FALSE,FALSE,0.07106229652570634
Skiv2l2,0.38114339399384267,0.05574110461192711,0.25747364072422485,0.20771293151680123,0.158655098077916,0.5572624935729553,Skiv2l2,FALSE,FALSE,FALSE,FALSE,0.2657573775986612,FALSE,FALSE,0.07105877740391761
Plxnb3,0.46643948760934273,0.4719091913203227,0.1638402720791612,0.8320381306956754,0.16666697566832211,0.8796884147096544,Plxnb3,FALSE,FALSE,FALSE,FALSE,0.2656489117856087,FALSE,FALSE,0.07102944960407255
Nolc1,-0.4234640945697752,0.05428956408387389,-0.07163650620777684,0.7633007668919706,-0.3018149180248839,0.2849881505914223,Nolc1,FALSE,FALSE,FALSE,FALSE,0.26563850626747865,FALSE,FALSE,0.07102663608205659
Gm10647,-0.33778334125595694,0.6624753018423823,0.1105430627057902,0.89028422574108,0.3484383747994734,0.719604438740411,Gm10647,FALSE,FALSE,FALSE,FALSE,0.26558825958707355,FALSE,FALSE,0.07101305000784272
Itgb5,-0.2834061387328406,0.2590957846290954,-0.4123013453806399,0.14952606556755588,-0.1010119247442125,0.7988200690067017,Itgb5,FALSE,FALSE,FALSE,FALSE,0.2655731362858977,FALSE,FALSE,0.07100896085627136
Gm19265,0.3216236523283171,0.49598543390081234,0.22309190299406173,0.6654975459911251,0.25197059109261094,0.7099305494489714,Gm19265,FALSE,FALSE,FALSE,FALSE,0.26556204880499656,FALSE,FALSE,0.07100596294004778
Tbkbp1,0.31048564938954604,0.2399105130969267,0.0735493179602027,0.8176377296611491,0.4126415744263987,0.23739096254591333,Tbkbp1,FALSE,FALSE,FALSE,FALSE,0.2655588472587158,FALSE,FALSE,0.07100509728195815
Gas2l1,-0.48341177931995194,0.04849389014100938,-0.2606606420851434,0.25993020824040486,0.05259608691126427,0.882428042219296,Gas2l1,FALSE,FALSE,FALSE,FALSE,0.2655561694387865,FALSE,FALSE,0.07100437323292651
Irf5,-0.44997840254735877,0.22623502083039632,-0.23622498450181362,0.5373877932172051,-0.11042059061748799,0.8446471079949599,Irf5,FALSE,FALSE,FALSE,FALSE,0.2655413258888868,FALSE,FALSE,0.07100035972260285
Itga2,0.19301767082479082,0.5999265287649861,0.533477510564293,0.15070753687778124,-0.06996665323154105,0.9098223736276299,Itga2,FALSE,FALSE,FALSE,FALSE,0.26548727820687495,FALSE,FALSE,0.07098574590507341
Ppp2r5b,-0.37530794942196,0.0792829605341622,-0.23987961404220037,0.2727330959124001,-0.18063099686481632,0.5344129774748392,Ppp2r5b,FALSE,FALSE,FALSE,FALSE,0.26527285344299223,FALSE,FALSE,0.07092776812958822
Fbxw9,-0.4517118951650443,0.1007349903518848,-0.12655869997754676,0.6512984585583316,-0.21754556188640706,0.5443375022543332,Fbxw9,FALSE,FALSE,FALSE,FALSE,0.2652720523429994,FALSE,FALSE,0.07092755152216525
Armcx6,-0.28170874759301867,0.32829840265362714,-0.20898907348906803,0.4943871092061035,-0.30499238069273105,0.44456374448688046,Armcx6,FALSE,FALSE,FALSE,FALSE,0.2652300672582726,FALSE,FALSE,0.07091619928013901
Rpl17-ps10,-0.7060243395988011,0.1455376831934861,-0.05658681492886042,0.9137616579070338,0.03294716660576247,0.9677541211626071,Rpl17-ps10,FALSE,FALSE,FALSE,FALSE,0.26518610704447465,FALSE,FALSE,0.07090431298790434
Cox14,-0.22148205787937147,0.18048528046867818,-0.3401142456700015,0.09564193831237527,-0.23386202146313995,0.3002003212210385,Cox14,FALSE,FALSE,FALSE,FALSE,0.26515277500417095,FALSE,FALSE,0.07089530042091256
Lonrf2,0.24501910290600382,0.05789806379064433,0.26248970653422443,0.09069612890109997,0.2879086993752571,0.10356565889508024,Lonrf2,FALSE,FALSE,FALSE,FALSE,0.26513916960516176,FALSE,FALSE,0.07089162169111075
Mapk8ip1,-0.29958215489644147,0.12723055912930623,-0.3075461197331615,0.16043520345135412,-0.18823021502731407,0.49545057943175097,Mapk8ip1,FALSE,FALSE,FALSE,FALSE,0.26511949655230566,FALSE,FALSE,0.07088630234356456
Npc2,-0.3324562651968641,0.10368662663938039,-0.3066921198177308,0.17164723595735287,-0.15619599547317442,0.593121178428431,Npc2,FALSE,FALSE,FALSE,FALSE,0.2651147934959231,FALSE,FALSE,0.07088503069591481
Maged1,-0.28746119029509387,0.09570512313515733,-0.2402236458685998,0.1958063180562044,-0.2675869217760507,0.2533245106260995,Maged1,FALSE,FALSE,FALSE,FALSE,0.2650905859799148,FALSE,FALSE,0.07087848528622066
Sox13,-0.7516636551332287,0.07774383055189416,-0.011015483189867226,0.9808435983780279,0.03258883207157437,0.9625254956400278,Sox13,FALSE,FALSE,FALSE,FALSE,0.2650893234648901,FALSE,FALSE,0.07087814391794153
Rasa4,-0.36071001904429156,0.09773738610570158,-0.3348369794706674,0.1544812483096782,-0.09933200636545525,0.7513950239238706,Rasa4,FALSE,FALSE,FALSE,FALSE,0.2649596682934714,FALSE,FALSE,0.07084308678049672
Gm42984,-0.45411862894215194,0.2053251331266015,-0.277923491324908,0.4443694934648041,-0.06271421078765904,0.9131884519966582,Gm42984,FALSE,FALSE,FALSE,FALSE,0.2649187770182397,FALSE,FALSE,0.0708320302908835
B930059L03Rik,-0.13317885690300635,0.7660277589106208,-0.2619767000044252,0.55340973457724,-0.39958669751089443,0.4886061296017191,B930059L03Rik,FALSE,FALSE,FALSE,FALSE,0.2649140848061087,FALSE,FALSE,0.07083076157538379
Usf3,0.1695185815375293,0.19421665020963555,0.32282369262929933,0.07346255419668397,0.30238285295258205,0.10540374727501567,Usf3,FALSE,FALSE,FALSE,FALSE,0.26490837570647024,FALSE,FALSE,0.07082921790621487
Nars2,0.33940370094598515,0.14974126184683947,0.23754791023459365,0.3403525341034594,0.21768171361735966,0.5079950061752644,Nars2,FALSE,FALSE,FALSE,FALSE,0.26487777493264614,FALSE,FALSE,0.07082094383953376
9330179D12Rik,-0.056399139148026134,0.9215119513509249,-0.267735004772939,0.6220312083730494,-0.47047449107076533,0.50410577279449,9330179D12Rik,FALSE,FALSE,FALSE,FALSE,0.26486954499724347,FALSE,FALSE,0.07081871856788885
Tigd2,0.32941695260211024,0.08107810625547547,0.29898185066896943,0.14768108866812987,0.16617497170166384,0.5227451708357268,Tigd2,FALSE,FALSE,FALSE,FALSE,0.2648579249909145,FALSE,FALSE,0.07081557666344704
Gm49417,-0.2980718845154614,0.4229984669039994,-0.03308047501890621,0.938713551068722,0.46337630175358324,0.2898717614589979,Gm49417,FALSE,FALSE,FALSE,FALSE,0.26484288709598364,FALSE,FALSE,0.07081151060465661
Gm5868,-0.1406144873124926,0.8181660285245004,-0.13124826973789172,0.8360793417996605,-0.5225615535417116,0.507535959542749,Gm5868,FALSE,FALSE,FALSE,FALSE,0.26480810353069867,FALSE,FALSE,0.07080210556345638
Rnf227,0.34420982600066763,0.2092800526792521,0.2117739013394524,0.47366301306790326,0.23814795713944692,0.5399246302051014,Rnf227,FALSE,FALSE,FALSE,FALSE,0.264710561493189,FALSE,FALSE,0.07077573141595261
BC004004,-0.24456725537967117,0.188388946247196,-0.30419141692592966,0.15011698214520802,-0.24535973416518875,0.34044919123850087,BC004004,FALSE,FALSE,FALSE,FALSE,0.2647061354902632,FALSE,FALSE,0.07077453468009391
Pdcd10,0.43801160964129515,0.21364768799161518,0.3360158058659737,0.3754210244806193,-0.0200800826183265,0.9761657850122093,Pdcd10,FALSE,FALSE,FALSE,FALSE,0.26470249937519846,FALSE,FALSE,0.07077355152003795
Slc8b1,-0.320543955589748,0.3823555085778218,-0.2695379151501718,0.4796700644614285,-0.20394673052656076,0.6942284718936174,Slc8b1,FALSE,FALSE,FALSE,FALSE,0.26467620042216017,FALSE,FALSE,0.07076644061191735
Flt3l,0.21602643574865604,0.631001460397936,0.37519841530125014,0.3888689737794346,0.20276145172551222,0.7500492749721234,Flt3l,FALSE,FALSE,FALSE,FALSE,0.2646621009251395,FALSE,FALSE,0.07076262828419029
Ptprn2,-0.37297758723584273,0.08178962549064975,-0.24422526496538488,0.2751346941568714,-0.1766934625245291,0.5561186750210293,Ptprn2,FALSE,FALSE,FALSE,FALSE,0.2646321049085856,FALSE,FALSE,0.07075451773631457
Psmb6,-0.20500293814655102,0.09495428248045189,-0.22724977011342862,0.11297715111801535,-0.3616073640381545,0.061721686755493096,Psmb6,FALSE,FALSE,FALSE,FALSE,0.26462002409937807,FALSE,FALSE,0.07075125123653521
Mamstr,-0.18672449286639048,0.7201070654770898,-0.4197958330524555,0.41835651584843037,-0.1873169709865421,0.7989129202715294,Mamstr,FALSE,FALSE,FALSE,FALSE,0.26461243230179604,FALSE,FALSE,0.0707491985093792
Clta,-0.35977049749077405,0.0454642236997814,-0.2450680910217775,0.1819389929118795,-0.18880212908597027,0.41504127410235697,Clta,FALSE,FALSE,FALSE,FALSE,0.26454690586617396,FALSE,FALSE,0.0707314809803772
Ppfia3,-0.34579368196873217,0.167777340200221,-0.4079675821092268,0.14600483083553098,-0.03983760332536246,0.9260668732862938,Ppfia3,FALSE,FALSE,FALSE,FALSE,0.26453295580110714,FALSE,FALSE,0.07072770905718231
Mindy2,0.3875654629301666,0.04849389014100938,0.216376385153203,0.2704004057310814,0.18958822694891797,0.460023447495747,Mindy2,FALSE,FALSE,FALSE,FALSE,0.26451002501076254,FALSE,FALSE,0.07072150885814642
Gpr63,0.25658900906393645,0.46987347462580126,0.25210677604316323,0.492233403866293,0.28480449525741736,0.5545025014533447,Gpr63,FALSE,FALSE,FALSE,FALSE,0.264500093454839,FALSE,FALSE,0.07071882348958577
Slc41a1,-0.3617839591330272,0.09040739329995418,-0.3158978053806676,0.16699068653107763,-0.11577057989159822,0.7026883174554889,Slc41a1,FALSE,FALSE,FALSE,FALSE,0.2644841148017643,FALSE,FALSE,0.0707145030615543
Csf3r,0.4768890555778751,0.3573465983342387,-0.17675490417954398,0.7865164881774891,-0.13977553337921778,0.8811480874391052,Csf3r,FALSE,FALSE,FALSE,FALSE,0.26447316437887897,FALSE,FALSE,0.07071154220410474
Agfg1,0.3224125164677103,0.051798044467034995,0.2915405391744903,0.11435968131484835,0.1794325893598101,0.4085624369127824,Agfg1,FALSE,FALSE,FALSE,FALSE,0.2644618816673369,FALSE,FALSE,0.07070849149995656
Sult1a1,-0.20117154893136702,0.7127243474635683,0.4681872904251101,0.3338053829933738,0.12400160378973668,0.8766261884348352,Sult1a1,FALSE,FALSE,FALSE,FALSE,0.26445348104873795,FALSE,FALSE,0.0707062200777092
Cog7,-0.27239995925509053,0.19211247281616287,-0.3091956307488779,0.18230083100545566,-0.21165000397316458,0.4719996894971785,Cog7,FALSE,FALSE,FALSE,FALSE,0.26441519799237767,FALSE,FALSE,0.07069586881787171
Gm36640,0.45236516917792197,0.49107273807767066,-0.31957684515798634,0.6874367868298817,-0.021247239923794292,0.9854675869351516,Gm36640,FALSE,FALSE,FALSE,FALSE,0.26439641808656755,FALSE,FALSE,0.07069079096612094
Pcdh1,-0.37264543600034017,0.05780784272707241,-0.3236939730413395,0.13093869021747395,-0.09684863045470316,0.7298672384813677,Pcdh1,FALSE,FALSE,FALSE,FALSE,0.26439601316546096,FALSE,FALSE,0.0706906814805159
Fblim1,0.3047481948776891,0.4433769922513777,0.16474326357090108,0.7114728968270247,0.32358627436730414,0.55397026768872,Fblim1,FALSE,FALSE,FALSE,FALSE,0.2643592442719648,FALSE,FALSE,0.07068073963138728
1110059E24Rik,0.3246571069740849,0.06964053364553019,0.32591620422629486,0.1096715972995593,0.1424698774304627,0.5624748926409366,1110059E24Rik,FALSE,FALSE,FALSE,FALSE,0.26434772954361413,FALSE,FALSE,0.07067762619279466
Cdkn2b,0.5132179597863828,0.08472625730671694,0.10765792153014475,0.7538173145464402,-0.17215032676992736,0.7086847097238209,Cdkn2b,FALSE,FALSE,FALSE,FALSE,0.26434206936215165,FALSE,FALSE,0.07067609575048896
Cpa4,-0.3996524213091768,0.33720758849763866,-0.2297656582088652,0.5980113825614042,-0.16342818611369836,0.7880716346190174,Cpa4,FALSE,FALSE,FALSE,FALSE,0.26428208854391344,FALSE,FALSE,0.07065987768709804
Frmpd4,-0.28813534585348055,0.272688232846327,-0.11093656179210587,0.706265058314223,-0.39370550460490783,0.2748462807794289,Frmpd4,FALSE,FALSE,FALSE,FALSE,0.26425913741683144,FALSE,FALSE,0.07065367198926259
Fam20b,-0.3124193737718324,0.04606025036590062,-0.2953664265093767,0.09749789641905506,-0.18496907770872717,0.3566922191199575,Fam20b,FALSE,FALSE,FALSE,FALSE,0.2642516259966454,FALSE,FALSE,0.07065164099514963
Keap1,-0.3078834112283433,0.047587046247528415,-0.3091937191136598,0.08967000640739733,-0.17563035088450807,0.3758240347301949,Keap1,FALSE,FALSE,FALSE,FALSE,0.2642358270755037,FALSE,FALSE,0.07064736916438588
Cped1,0.3358284568013561,0.3060999634142943,0.1798376409620026,0.6260095276940213,0.27700116776916683,0.556079482567142,Cped1,FALSE,FALSE,FALSE,FALSE,0.26422242184417516,FALSE,FALSE,0.07064374455742249
Pias2,0.35433446319311823,0.0413138845810307,0.27278607856216475,0.13466087662941184,0.1655466118618092,0.4565819893088896,Pias2,FALSE,FALSE,FALSE,FALSE,0.26422238453903074,FALSE,FALSE,0.07064373447057781
Mmp14,-0.3163564658201894,0.19759349382178196,-0.27497084961589113,0.2900715559598301,-0.20128752432626307,0.5599787778067897,Mmp14,FALSE,FALSE,FALSE,FALSE,0.26420494658744786,FALSE,FALSE,0.07063901946647341
Tmub2,-0.2636273265416724,0.12978851975973227,-0.2932265792424342,0.1361723802795055,-0.23571315125979186,0.3175036548832349,Tmub2,FALSE,FALSE,FALSE,FALSE,0.2641890190146328,FALSE,FALSE,0.07063471284990556
Rnf123,-0.33861591498076304,0.05616642452822344,-0.19811048189192526,0.25804620088741176,-0.2556983097127503,0.25445387841808387,Rnf123,FALSE,FALSE,FALSE,FALSE,0.2641415688618129,FALSE,FALSE,0.07062188292178943
Ddx41,-0.18313500366639346,0.17151792508379055,-0.2638394396030659,0.10381114606151486,-0.3453239661540417,0.08611151274103603,Ddx41,FALSE,FALSE,FALSE,FALSE,0.26409946980783366,FALSE,FALSE,0.07061049986390215
Icmt,-0.31221964565600047,0.09445539397262354,-0.2836861311204286,0.16258260964865096,-0.19633621288227499,0.4407865929373011,Icmt,FALSE,FALSE,FALSE,FALSE,0.264080663219568,FALSE,FALSE,0.07060541479754896
Zfp217,-0.4198966422793866,0.09664968865051357,-0.21778567855309028,0.3969749775915452,-0.15452514105650472,0.6592706280377182,Zfp217,FALSE,FALSE,FALSE,FALSE,0.26406915396299385,FALSE,FALSE,0.0706023028384563
Gm10138,0.38925777728240285,0.20181497156590247,0.1844668019029192,0.5872668347363037,0.2184375961319296,0.6213859504531344,Gm10138,FALSE,FALSE,FALSE,FALSE,0.26405405843908386,FALSE,FALSE,0.07059822119751037
Mboat1,0.4504176205399584,0.06873232572712132,0.2544787194453253,0.31471682499808473,0.08714512460519419,0.8214965224027786,Mboat1,FALSE,FALSE,FALSE,FALSE,0.2640138215301593,FALSE,FALSE,0.07058734164036592
Ptger2,0.34357739679749316,0.5890471278417281,0.3560840332198611,0.5886738737306312,0.09236970330129536,0.9337510406985972,Ptger2,FALSE,FALSE,FALSE,FALSE,0.2640103777728832,FALSE,FALSE,0.0705864104914512
Zfp9,0.3944853458313702,0.054249890951452814,0.277950365862619,0.19011094974202372,0.1194696971787188,0.6758588626152562,Zfp9,FALSE,FALSE,FALSE,FALSE,0.263968469624236,FALSE,FALSE,0.07057507905197904
Ildr2,-0.4420217060015723,0.06888500225602953,-0.3156400976709888,0.20692065608785304,-0.033943430565259725,0.9352793253721059,Ildr2,FALSE,FALSE,FALSE,FALSE,0.2638684114126069,FALSE,FALSE,0.07054802456244978
Lgr5,-0.6945793393472943,0.1667321704823531,0.03477737843310158,0.9487972338846643,0.06214378577008439,0.9359554293696131,Lgr5,FALSE,FALSE,FALSE,FALSE,0.2638335011834934,FALSE,FALSE,0.07053858527293383
Gm9776,0.4408167036811794,0.07632809242793562,0.10380083317988209,0.710411053746016,0.24685834950905683,0.4618806753164388,Gm9776,FALSE,FALSE,FALSE,FALSE,0.26382529545670613,FALSE,FALSE,0.07053636654699588
Asf1b,0.4542311872688859,0.2543434060915999,-0.08827221327550555,0.8610289396934427,0.24890901183271708,0.6734445254284301,Asf1b,FALSE,FALSE,FALSE,FALSE,0.2638041374590362,FALSE,FALSE,0.07053064568893634
Ranbp9,0.2810212958805183,0.1495585429525607,0.30211303883908336,0.16581126261684212,0.20815273601923234,0.44699856125512905,Ranbp9,FALSE,FALSE,FALSE,FALSE,0.26376235691294464,FALSE,FALSE,0.07051934875159999
Gtf2b,0.3066725579977163,0.12395676872456243,0.3655001165955385,0.11751338012245369,0.1188918309623519,0.6862924164326539,Gtf2b,FALSE,FALSE,FALSE,FALSE,0.26368816851853555,FALSE,FALSE,0.07049928913723096
Ap3m2,-0.3732007754672235,0.0999833095098056,-0.22998658811323214,0.3222730357666606,-0.18784907385563265,0.5443926008654824,Ap3m2,FALSE,FALSE,FALSE,FALSE,0.2636788124786961,FALSE,FALSE,0.07049675938102455
Kctd2,-0.20386644255309427,0.21864028933316929,-0.334514021733189,0.09968431829754035,-0.2526509642806323,0.26392013675055404,Kctd2,FALSE,FALSE,FALSE,FALSE,0.26367714285563854,FALSE,FALSE,0.07049630793582286
Plcb3,-0.3425714559483879,0.11476135265493263,-0.3275917774622612,0.15921753109321238,-0.12077588158837793,0.6867045081950023,Plcb3,FALSE,FALSE,FALSE,FALSE,0.26364637166634236,FALSE,FALSE,0.07048798779092859
Napsa,-0.08814624483042133,0.8903597801415203,0.5362630179126995,0.3147952122388491,0.1663335114853316,0.8464790669780483,Napsa,FALSE,FALSE,FALSE,FALSE,0.26358092474281747,FALSE,FALSE,0.07047029176100361
4921536K21Rik,0.4106699347398234,0.2956897290399258,0.29611344148405316,0.4841647492537692,-0.0837313158642731,0.9063814077887477,4921536K21Rik,FALSE,FALSE,FALSE,FALSE,0.26350489736271654,FALSE,FALSE,0.07044973490789391
Aaas,-0.2179975621021737,0.42549597080459944,-0.2869399287091894,0.31350550792510273,-0.285556858396538,0.4424718880446944,Aaas,FALSE,FALSE,FALSE,FALSE,0.2634981164026337,FALSE,FALSE,0.07044790142106087
Chd9,0.30364802829091,0.03265995868152927,0.3160453090667925,0.072902173686006,0.170721607929206,0.32645087460844596,Chd9,FALSE,FALSE,FALSE,FALSE,0.2634716484289695,FALSE,FALSE,0.07044074481187608
Glt8d2,0.019527582529985654,0.9744807484623376,0.2904628224085135,0.5809376063078514,0.48041834101705283,0.45674117630335964,Glt8d2,FALSE,FALSE,FALSE,FALSE,0.263469581985184,FALSE,FALSE,0.07044018607131049
Lox,0.11568094739477175,0.6264384626895378,0.25260106972904417,0.2900080039202941,0.4220831998589034,0.1665813896285624,Lox,FALSE,FALSE,FALSE,FALSE,0.2634550723275731,FALSE,FALSE,0.07043626284128753
Bag6,-0.3198238583235531,0.10254451951277406,-0.30915002668455127,0.1544812483096782,-0.1613320267291165,0.55939969366364,Bag6,FALSE,FALSE,FALSE,FALSE,0.26343530391240694,FALSE,FALSE,0.0704309177089649
Arhgef10l,-0.2917853868735447,0.3285352347654419,-0.31709841411109085,0.31602233201765906,-0.18133360747803895,0.6742568833737637,Arhgef10l,FALSE,FALSE,FALSE,FALSE,0.2634058028208915,FALSE,FALSE,0.07042294098263217
Slc10a1,0.4158639457713629,0.3968646099017938,0.1575680730550919,0.7877932312529234,0.21673306997112204,0.7769492750440156,Slc10a1,FALSE,FALSE,FALSE,FALSE,0.2633883629325256,FALSE,FALSE,0.07041822545484586
Rabac1,-0.24824349124090261,0.12385280580038703,-0.2979022491162482,0.11660506728628543,-0.24398287716112943,0.2677563012689977,Rabac1,FALSE,FALSE,FALSE,FALSE,0.2633762058394267,FALSE,FALSE,0.07041493832885594
C130074G19Rik,-0.19871605570515793,0.5567460501663062,-0.46067566987062825,0.20142674846795947,0.13059724396802164,0.7832806856132243,C130074G19Rik,FALSE,FALSE,FALSE,FALSE,0.2633296565146026,FALSE,FALSE,0.07040235197336803
Cox6c,0.45522572953766804,0.10986899886017466,0.24934720071510164,0.41014187537704033,-0.08529310761376774,0.856533098873251,Cox6c,FALSE,FALSE,FALSE,FALSE,0.2632886792888458,FALSE,FALSE,0.07039127224380735
Adgrg6,-0.25731336020213547,0.6881357120986459,-0.1932959391709227,0.7752766817391893,-0.33920444291477525,0.6960860788110131,Adgrg6,FALSE,FALSE,FALSE,FALSE,0.2632712474292778,FALSE,FALSE,0.0703865588869076
1600012H06Rik,0.410382070132143,0.04153149256216817,0.2673316707193001,0.18581908014210194,0.11188400443687119,0.682421566370891,1600012H06Rik,FALSE,FALSE,FALSE,FALSE,0.2631992484294381,FALSE,FALSE,0.07036709125745903
Naprt,-0.5983636069432541,0.13039254539879944,-0.1693803067483315,0.6727622834274305,-0.02182811476115809,0.9726791585577116,Naprt,FALSE,FALSE,FALSE,FALSE,0.26319067615091457,FALSE,FALSE,0.07036477342051412
Klhl32,0.23246808399800756,0.08472625730671694,0.2887246282917424,0.08521930057579834,0.2683296297109612,0.1385795333536138,Klhl32,FALSE,FALSE,FALSE,FALSE,0.26317411400023705,FALSE,FALSE,0.07036029522202554
Megf8,-0.3488478539959212,0.11872875333893584,-0.3352060324191921,0.17507515007363422,-0.10518474595521532,0.7592059560883779,Megf8,FALSE,FALSE,FALSE,FALSE,0.26307954412344287,FALSE,FALSE,0.07033472470962225
Abhd16a,-0.2875667397903996,0.0999076614166047,-0.30911404573047285,0.12352350119647071,-0.1923994648382772,0.42259996322623383,Abhd16a,FALSE,FALSE,FALSE,FALSE,0.26302675011971655,FALSE,FALSE,0.07032044987102813
Sh3pxd2b,-0.42766055718449625,0.11215194855023235,-0.2137799477728919,0.4353737285087054,-0.14758311717723682,0.6957542657590534,Sh3pxd2b,FALSE,FALSE,FALSE,FALSE,0.26300787404487497,FALSE,FALSE,0.07031534601637351
Fam78a,-0.4389652888550571,0.5494052227872177,-0.21556293620464093,0.7851891732756221,0.13436886818063304,0.9042525940088599,Fam78a,FALSE,FALSE,FALSE,FALSE,0.262965697746777,FALSE,FALSE,0.0703039420726422
Sfpq,0.17628066992949076,0.4819888366771217,0.4039772250711424,0.14935605673107266,0.20857139878975062,0.5569813526119884,Sfpq,FALSE,FALSE,FALSE,FALSE,0.26294309793012793,FALSE,FALSE,0.07029783136475586
Il1rapl1,-0.06506516309239618,0.8892282942071548,0.26404783209268046,0.518379104444001,0.45970503949515207,0.36176065135519536,Il1rapl1,FALSE,FALSE,FALSE,FALSE,0.2629393448934096,FALSE,FALSE,0.07029681659054646
Rac3,-0.5103831927178144,0.1368822496365059,-0.13675603336126052,0.7001186721685346,-0.14158595080453584,0.7682559787096986,Rac3,FALSE,FALSE,FALSE,FALSE,0.26290839229453694,FALSE,FALSE,0.07028844739477062
Fn1,0.0821783213754026,0.9254669318154669,0.46727762586791854,0.560582542362966,0.23907030594577616,0.8439428898523196,Fn1,FALSE,FALSE,FALSE,FALSE,0.26284208439636575,FALSE,FALSE,0.07027051856806492
Cdk5rap2,0.0949057405935001,0.7849643692948399,0.492877111523371,0.16110675861815826,0.20060802622604168,0.665779106680089,Cdk5rap2,FALSE,FALSE,FALSE,FALSE,0.2627969594476376,FALSE,FALSE,0.07025831734606627
Scml4,-0.396966064497422,0.19395890358369805,-0.30212781031990765,0.3374521857819686,-0.08928415637048515,0.8520091562632626,Scml4,FALSE,FALSE,FALSE,FALSE,0.26279267706260495,FALSE,FALSE,0.07025715944269043
Eif3b,-0.35873570500957186,0.051244492872847776,-0.22770966516782654,0.22144832426680602,-0.20184047311923692,0.4001236564232621,Eif3b,FALSE,FALSE,FALSE,FALSE,0.2627619477655451,FALSE,FALSE,0.07024885062493313
Kcna3,0.20569770015978328,0.5796919877072001,-0.2172138902391585,0.5934022856507757,0.3653693872122865,0.4432165136996096,Kcna3,FALSE,FALSE,FALSE,FALSE,0.26276032587040943,FALSE,FALSE,0.07024841208476484
Dnm2,-0.3093034013740388,0.14073811110284631,-0.2924464276206189,0.1992199383844262,-0.18650295061427347,0.5303365774269574,Dnm2,FALSE,FALSE,FALSE,FALSE,0.2627509265363104,FALSE,FALSE,0.07024587062233188
Gm26648,0.11938604472488047,0.8611658379097775,0.22718214435165418,0.7346915365982326,0.4416817350058876,0.5869831066754727,Gm26648,FALSE,FALSE,FALSE,FALSE,0.26274997469414074,FALSE,FALSE,0.07024561325610884
Tbc1d9,-0.28798934285206457,0.13569614258777002,-0.3292697820752606,0.1341148074210982,-0.17089502388687716,0.5256909550522384,Tbc1d9,FALSE,FALSE,FALSE,FALSE,0.2627180496047341,FALSE,FALSE,0.07023698111105038
Mark3,0.23543208414212735,0.22006140354037834,0.2914741997606063,0.17502422655608488,0.26121024074578525,0.32856826596063826,Mark3,FALSE,FALSE,FALSE,FALSE,0.26270550821617294,FALSE,FALSE,0.0702335900763718
Cep135,0.4236379861143189,0.04277805389181103,0.18604228817754676,0.36471671960430296,0.17840474328155276,0.5111358770927831,Cep135,FALSE,FALSE,FALSE,FALSE,0.26269500585780614,FALSE,FALSE,0.07023075036996648
Pstpip1,0.09438782412091362,0.8631477937613594,-0.4475623658095613,0.41771804786843564,0.24600078863953811,0.7245477375068529,Pstpip1,FALSE,FALSE,FALSE,FALSE,0.26265032619000434,FALSE,FALSE,0.07021866954636356
Fkbp9,-0.2490178056336072,0.17088108669381252,-0.32322953018137124,0.1288986675776628,-0.21546993355433397,0.3990375449716473,Fkbp9,FALSE,FALSE,FALSE,FALSE,0.26257242312310414,FALSE,FALSE,0.07019760553099257
Tamm41,-0.3203113510451574,0.21324392722563962,-0.32937492704198634,0.22542973947686828,-0.13793286954065254,0.7044857380128031,Tamm41,FALSE,FALSE,FALSE,FALSE,0.2625397158759321,FALSE,FALSE,0.07018876190025262
Elavl2,0.5109154388175883,0.05899187116567481,0.12733675658289378,0.6659979377710777,0.14919740141858284,0.7010848870401137,Elavl2,FALSE,FALSE,FALSE,FALSE,0.2624831989396883,FALSE,FALSE,0.07017348042724866
4931415C17Rik,-0.2963442330961341,0.4411590876121428,-0.4449005502837249,0.2722175647959768,-0.046128416113169646,0.9430426570598229,4931415C17Rik,FALSE,FALSE,FALSE,FALSE,0.2624577331643429,FALSE,FALSE,0.07016659479996011
Frmpd2,-0.5218317889277491,0.43855651213002894,-0.11936852759760169,0.8721026360392119,-0.14616993843758858,0.8897943050158532,Frmpd2,FALSE,FALSE,FALSE,FALSE,0.2624567516543131,FALSE,FALSE,0.07016632941191857
Ppp1r3f,-0.5123271944913161,0.08921627248202822,-0.17400801944411293,0.555495767730769,-0.10094810168608559,0.8110123400508147,Ppp1r3f,FALSE,FALSE,FALSE,FALSE,0.2624277718738382,FALSE,FALSE,0.07015849364157396
Htra2,-0.1638336614303526,0.4935489554702369,-0.39219244128019515,0.14219133257756708,-0.2312136893390715,0.4716558228225186,Htra2,FALSE,FALSE,FALSE,FALSE,0.26241326401653975,FALSE,FALSE,0.07015457089833298
Rtca,-0.38178790321635203,0.058726151913822675,-0.21128420046969465,0.27700485134899744,-0.19415678532103398,0.441179262246431,Rtca,FALSE,FALSE,FALSE,FALSE,0.26240962966902687,FALSE,FALSE,0.07015358821620092
mt-Tp,0.37779174686347794,0.2747482536972855,0.20999537016175807,0.5850457743423427,0.19941107833932592,0.700682613974926,mt-Tp,FALSE,FALSE,FALSE,FALSE,0.262399398454854,FALSE,FALSE,0.0701508218237959
Gpr83,-0.33862454173985057,0.4886084935939737,-0.17113029904716592,0.7430415477992555,-0.27740387167476754,0.6831724968112778,Gpr83,FALSE,FALSE,FALSE,FALSE,0.26238623748726136,FALSE,FALSE,0.07014726326269298
Lrrc18,-0.40287866452772114,0.23211412135633255,-0.3609113193218958,0.2990108503268033,-0.0233060520772157,0.9685803312029015,Lrrc18,FALSE,FALSE,FALSE,FALSE,0.26236534530894423,FALSE,FALSE,0.07014161427886326
Foxl2,-0.27809684744182395,0.4130741082083447,-0.43608087454931654,0.23126083272321896,-0.07275102809698408,0.8945125634117448,Foxl2,FALSE,FALSE,FALSE,FALSE,0.2623095833627082,FALSE,FALSE,0.07012653694571876
Smc1a,-0.2880770622245983,0.12396343097643611,-0.27574583201159886,0.1805877448834008,-0.22284042864205844,0.38911105962770237,Smc1a,FALSE,FALSE,FALSE,FALSE,0.2622211076260852,FALSE,FALSE,0.0701026142126308
Tmem63c,-0.33678195786894793,0.2660792905558396,-0.30527762947854864,0.3402350065511752,-0.14430366758585222,0.7504071451432606,Tmem63c,FALSE,FALSE,FALSE,FALSE,0.2621210849777829,FALSE,FALSE,0.0700755693389805
Erc2,0.40132173041411434,0.02841488208966092,0.20965042259265232,0.22250813205750605,0.17533048837846188,0.43113786618934336,Erc2,FALSE,FALSE,FALSE,FALSE,0.26210088046174285,FALSE,FALSE,0.07007010629043356
Ap3m1,0.45964257800213115,0.02455048054421731,0.2758410204057524,0.1554219416556397,0.050808430590843834,0.8612465668359,Ap3m1,FALSE,FALSE,FALSE,FALSE,0.2620973429995758,FALSE,FALSE,0.07006914980488779
Map4k4,-0.3500543606418276,0.04858390745722355,-0.22624134262080364,0.20594668056636947,-0.20991873829711682,0.3574572286911746,Map4k4,FALSE,FALSE,FALSE,FALSE,0.262071480519916,FALSE,FALSE,0.07006215691371209
Gm10785,-0.4806524803556154,0.300395665881125,-0.06794726236599391,0.8956327427765933,0.23743182034761606,0.6971190617239426,Gm10785,FALSE,FALSE,FALSE,FALSE,0.26201052102307515,FALSE,FALSE,0.07004567422786213
Thy1,-0.3406311948724987,0.1261454714496535,-0.2827763124020759,0.22899082743933905,-0.16257952083040816,0.6034767736726935,Thy1,FALSE,FALSE,FALSE,FALSE,0.26199567603499424,FALSE,FALSE,0.07004166032867228
Klhl29,-0.41976734970005003,0.041764459158763395,-0.23758013856727267,0.21911637273420945,-0.12858200549074894,0.6145965318459304,Klhl29,FALSE,FALSE,FALSE,FALSE,0.26197649791935723,FALSE,FALSE,0.0700364748059626
Cct3,-0.30413935081696497,0.051244492872847776,-0.19068504418461263,0.2274817517688305,-0.2911045936899015,0.1521466001677968,Cct3,FALSE,FALSE,FALSE,FALSE,0.2619763295638264,FALSE,FALSE,0.07003642928473178
Akr1c13,-0.4051392841352639,0.4820990323244016,0.16181345115837953,0.7865419998352754,-0.21893116539359084,0.7938315620012442,Akr1c13,FALSE,FALSE,FALSE,FALSE,0.2619613002290781,FALSE,FALSE,0.07003236554050771
Rbck1,-0.3475504714442881,0.023880812169326207,-0.26557839348688006,0.09383983788379412,-0.17268793001570515,0.32711245699212343,Rbck1,FALSE,FALSE,FALSE,FALSE,0.26193893164895776,FALSE,FALSE,0.07002631735608789
Foxo1,0.1486577882860347,0.3969402002454707,0.3443953914233795,0.10437280106209305,0.2927326411460527,0.22783761787033308,Foxo1,FALSE,FALSE,FALSE,FALSE,0.2619286069518223,FALSE,FALSE,0.07002352568705845
Qpctl,-0.18918542560557938,0.37360326935972415,-0.3604745644156173,0.13848905133909886,-0.23611168332809074,0.4188511745266008,Qpctl,FALSE,FALSE,FALSE,FALSE,0.26192389111642916,FALSE,FALSE,0.070022250584124
Dpy30,-0.3577160751016213,0.09084941255936595,-0.19876744651577027,0.3456054425960898,-0.22922842606847738,0.40608108524542064,Dpy30,FALSE,FALSE,FALSE,FALSE,0.2619039825619563,FALSE,FALSE,0.07001686755988482
Pign,0.27495175797538707,0.08644443979024696,0.23190252814079493,0.17668983414192563,0.2788070177201174,0.19062941247794796,Pign,FALSE,FALSE,FALSE,FALSE,0.26188710127876647,FALSE,FALSE,0.07001230307195459
Pinx1,-0.2894553339199697,0.422052900699905,0.12335834292127634,0.7428129311782192,-0.37259114434688945,0.44653217569857523,Pinx1,FALSE,FALSE,FALSE,FALSE,0.2618016070627118,FALSE,FALSE,0.06998918650475432
Ftl1,-0.3085819336625395,0.10726505401364542,-0.3843135565321818,0.09929258124758207,-0.09249928172475652,0.7501573610949873,Ftl1,FALSE,FALSE,FALSE,FALSE,0.2617982573064926,FALSE,FALSE,0.0699882807725502
Cd248,0.4821080881632688,0.2927374430540123,-0.12818294905985494,0.8258442264929822,-0.17510201936891412,0.823618339460721,Cd248,FALSE,FALSE,FALSE,FALSE,0.2617976855306793,FALSE,FALSE,0.06998812617151844
Bdnf,0.06673714457033064,0.9088325219788247,0.7072394270712525,0.17369627107676364,-0.011355518765051364,0.9897154948865492,Bdnf,FALSE,FALSE,FALSE,FALSE,0.2617773634688782,FALSE,FALSE,0.06998263134006724
Psmd2,-0.26688660406640885,0.051599030668579356,-0.25982210339153955,0.09955301218514566,-0.2584430001515772,0.14873034260382068,Psmd2,FALSE,FALSE,FALSE,FALSE,0.26171723586984186,FALSE,FALSE,0.06996637358898351
Bap1,-0.30741223645197646,0.022606933826155737,-0.2617000690934459,0.07860560439896262,-0.21577730422272445,0.1564952205742026,Bap1,FALSE,FALSE,FALSE,FALSE,0.2616298699227156,FALSE,FALSE,0.06994275092910124
Kifc3,-0.3862817065616202,0.06411064707237871,-0.29630850165489875,0.16831436009912057,-0.10219423690579799,0.7213382209528103,Kifc3,FALSE,FALSE,FALSE,FALSE,0.2615948150407723,FALSE,FALSE,0.06993327252726853
Nckap1l,0.3348335531276567,0.28602096205357075,-0.04487491101191354,0.9090181095317503,0.4049228242804399,0.3358883509830557,Nckap1l,FALSE,FALSE,FALSE,FALSE,0.2615437628066701,FALSE,FALSE,0.0699194686414057
Med24,-0.23491065445240267,0.22851562681929324,-0.291958608051595,0.17763865201141185,-0.2572839675799026,0.33827298003872003,Med24,FALSE,FALSE,FALSE,FALSE,0.26138441002796675,FALSE,FALSE,0.06987638164222097
Krt18,-0.5045836556454617,0.05775442637382814,-0.060416996603709805,0.8384540626271594,-0.2190768936805787,0.5376533956808073,Krt18,FALSE,FALSE,FALSE,FALSE,0.2613591819765834,FALSE,FALSE,0.06986956029251983
Htra1,-0.2276809508202673,0.5991117416966858,-0.5382363772242247,0.2370386758266454,0.018071199669711824,0.9801547477629812,Htra1,FALSE,FALSE,FALSE,FALSE,0.2613295092380679,FALSE,FALSE,0.06986153715498415
Gm15624,0.2620225432753186,0.6313899283499158,0.3663145497936541,0.5016567012932696,0.1555459852542258,0.8555086417657017,Gm15624,FALSE,FALSE,FALSE,FALSE,0.26129435944106616,FALSE,FALSE,0.06985203308930622
Mrgpre,0.18250525553106556,0.5143965444996754,-0.3082739293211021,0.31166292752420854,0.2930890858937638,0.4224608241218256,Mrgpre,FALSE,FALSE,FALSE,FALSE,0.26128942358197715,FALSE,FALSE,0.06985069849471506
Cdk13,0.2307776964844903,0.19999934400110142,0.2975484763226133,0.1488453954620767,0.25552626092314856,0.30845832617640495,Cdk13,FALSE,FALSE,FALSE,FALSE,0.2612841445767507,FALSE,FALSE,0.06984927111769823
Fam3a,-0.24636197757675138,0.13021220015413357,-0.2967728396249498,0.11710082593184616,-0.24068343082661592,0.27094845677333723,Fam3a,FALSE,FALSE,FALSE,FALSE,0.2612727493427724,FALSE,FALSE,0.06984618998889001
Pyroxd1,0.26598798621056785,0.2356424730367393,0.3308506399089426,0.17233569714023145,0.18687188832785973,0.5566007127697219,Pyroxd1,FALSE,FALSE,FALSE,FALSE,0.2612368381491234,FALSE,FALSE,0.0698364800510774
Tmem170b,0.3266233698131824,0.02958623670115368,0.28950434547379533,0.08551658867812084,0.16753709627149238,0.3560934072206804,Tmem170b,FALSE,FALSE,FALSE,FALSE,0.2612216038528234,FALSE,FALSE,0.0698323608878121
4930488L21Rik,0.18032964538967677,0.618229675007948,0.18411948714117932,0.624328586288329,0.41913732343613064,0.3509791722748352,4930488L21Rik,FALSE,FALSE,FALSE,FALSE,0.2611954853223289,FALSE,FALSE,0.06982529876369176
Sec14l1,-0.28165681835073375,0.12718749647688143,-0.22628550217156906,0.25125015752560487,-0.2751419353873832,0.27457580966952294,Sec14l1,FALSE,FALSE,FALSE,FALSE,0.2610280853032287,FALSE,FALSE,0.06978003589130768
Tbc1d17,-0.2905985484097995,0.17955151841881914,-0.3227702159216195,0.17711735348508661,-0.16966920276006547,0.5830608682957287,Tbc1d17,FALSE,FALSE,FALSE,FALSE,0.2610126556971615,FALSE,FALSE,0.06977586391872304
Bmper,0.47552335261698087,0.056071649430426286,0.23846642635155835,0.3430652290962376,0.06892259264980538,0.8633567936378185,Bmper,FALSE,FALSE,FALSE,FALSE,0.2609707905394482,FALSE,FALSE,0.06976454410346196
Igf1r,-0.3615498322402626,0.05574110461192711,-0.19261218054473517,0.3147952122388491,-0.22872386837987335,0.3566922191199575,Igf1r,FALSE,FALSE,FALSE,FALSE,0.2609619603882904,FALSE,FALSE,0.06976215654098057
Uap1l1,-0.34721913157234585,0.26042307811205206,-0.3512083947071578,0.2778383669696087,-0.08444221902793858,0.8633952358543701,Uap1l1,FALSE,FALSE,FALSE,FALSE,0.26095658176914743,FALSE,FALSE,0.06976070222960606
Lypd2,-0.11623911043266089,0.8823065077142564,0.2907706704506877,0.6867980598501161,-0.37580167704514766,0.7186101441521231,Lypd2,FALSE,FALSE,FALSE,FALSE,0.26093715264283207,FALSE,FALSE,0.069755448836747
Hps3,0.3746369777824614,0.061226697021892824,0.26743773866340215,0.19538075471477628,0.14069351515020534,0.6112742687111031,Hps3,FALSE,FALSE,FALSE,FALSE,0.2609227438653563,FALSE,FALSE,0.0697515528834514
Cdc34,-0.2983429848834822,0.08481679349929952,-0.23649917065256965,0.18859720229045795,-0.24787248489132185,0.2686432433251467,Cdc34,FALSE,FALSE,FALSE,FALSE,0.2609048801424579,FALSE,FALSE,0.06974672275610613
Celsr1,-0.40121287292196595,0.15893766469781687,-0.12868141392269994,0.683013338174075,-0.25259117274898824,0.5230312937341304,Celsr1,FALSE,FALSE,FALSE,FALSE,0.26082848653121804,FALSE,FALSE,0.06972606687867498
Cct8,-0.3017683746872155,0.06893065158188402,-0.20153068035905175,0.241968407723501,-0.27915713922625063,0.20615231993569727,Cct8,FALSE,FALSE,FALSE,FALSE,0.2608187314241726,FALSE,FALSE,0.06972342921968507
C130083M11Rik,0.3547578466794179,0.2879702241900465,0.3731148977633474,0.2865881799157268,0.05435898615414647,0.929640695099024,C130083M11Rik,FALSE,FALSE,FALSE,FALSE,0.2607439101989706,FALSE,FALSE,0.06970319849578108
Ube2m,-0.3894860693432136,0.037649491472373724,-0.25274245490416636,0.16399575893479953,-0.1399119663902475,0.5440168714833031,Ube2m,FALSE,FALSE,FALSE,FALSE,0.26071349687920914,FALSE,FALSE,0.06969497511433502
Kyat3,-0.11920629496019575,0.7621811992623837,-0.415479343712427,0.2865881799157268,-0.2474067689149071,0.629283199765418,Kyat3,FALSE,FALSE,FALSE,FALSE,0.2606974691958433,FALSE,FALSE,0.06969064142912579
Tnfsf10,0.26398251024875696,0.2570726025962537,0.14904683323098755,0.558478921089551,0.36883542012350157,0.2365779149997614,Tnfsf10,FALSE,FALSE,FALSE,FALSE,0.2606215878677487,FALSE,FALSE,0.06967012406665271
Hirip3,-0.5160471444235002,0.04840968904820107,-0.11746470090652705,0.6337811221746796,-0.14807652140880734,0.6460159748409952,Hirip3,FALSE,FALSE,FALSE,FALSE,0.26052945557961155,FALSE,FALSE,0.06964521264774834
Tspan18,0.3145268108843684,0.29556685560147455,0.1532938829205981,0.6515664211217582,0.31367859896807415,0.4458451794914231,Tspan18,FALSE,FALSE,FALSE,FALSE,0.26049976425768023,FALSE,FALSE,0.06963718448548936
Sptssa,0.3769390226711744,0.16671507378537362,0.34275075157967905,0.24645492680492104,0.06167640705721489,0.8975536271465762,Sptssa,FALSE,FALSE,FALSE,FALSE,0.2604553937693561,FALSE,FALSE,0.06962518726015195
Cmklr1,-0.17535579992225747,0.7688648173626895,-0.4340857857185041,0.4612028757846156,0.17188989300146873,0.8324143084519622,Cmklr1,FALSE,FALSE,FALSE,FALSE,0.26044382621407675,FALSE,FALSE,0.06962205953781822
Kcnf1,-0.6358344501135778,0.4170807475601362,-0.053171269180529945,0.9514795015429488,0.09226773195935545,0.9395664435014716,Kcnf1,FALSE,FALSE,FALSE,FALSE,0.2604244837511544,FALSE,FALSE,0.0696168295776572
Id1,-0.5808144690305297,0.05428956408387389,0.06552161217615549,0.8298718481320381,-0.13490728878691538,0.7320522012263125,Id1,FALSE,FALSE,FALSE,FALSE,0.2604144566645335,FALSE,FALSE,0.0696141183787903
Uhrf1,0.2717000175292712,0.568930681869462,-0.3039260486378865,0.5693701283788366,0.20559620058139938,0.7672243298876401,Uhrf1,FALSE,FALSE,FALSE,FALSE,0.260407422249519,FALSE,FALSE,0.06961221636091235
Tbc1d9b,-0.2542410062763567,0.13570443289316128,-0.3191861595322303,0.11458350834329417,-0.20779332589031352,0.37750333482774384,Tbc1d9b,FALSE,FALSE,FALSE,FALSE,0.26040683056630015,FALSE,FALSE,0.069612056377167
Shc4,-0.302790373196711,0.5023340805937495,-0.24826801475861526,0.5960987585615938,-0.23011781231560458,0.714375522940781,Shc4,FALSE,FALSE,FALSE,FALSE,0.26039206675697696,FALSE,FALSE,0.06960806442769835
Dnpep,-0.3317145354131572,0.045179103780494376,-0.3319306207578636,0.08595320746617705,-0.11737949089032451,0.5857982037426724,Dnpep,FALSE,FALSE,FALSE,FALSE,0.2603415490204484,FALSE,FALSE,0.06959440506329735
Cd93,0.42595614238724666,0.18808457287817867,0.07685064305395306,0.8466667130699623,0.27817764403977874,0.5469517514539856,Cd93,FALSE,FALSE,FALSE,FALSE,0.26032814316032615,FALSE,FALSE,0.069590780286316
Dhx15,0.3377821282640454,0.09963804987305065,0.3165418275437233,0.16110675861815826,0.12651130553116285,0.6710740993587754,Dhx15,FALSE,FALSE,FALSE,FALSE,0.2602784204463105,FALSE,FALSE,0.06957733588606338
Fbln7,0.3591647024304505,0.3875976071450276,-0.10543274453193785,0.8379475336311463,0.3161775926585637,0.5875937812117462,Fbln7,FALSE,FALSE,FALSE,FALSE,0.2602583465403174,FALSE,FALSE,0.06957190815284028
Slc26a8,-0.337785671152536,0.5353413891007627,-0.1106558039845121,0.8522439351645389,-0.3321866935412184,0.6578694777869357,Slc26a8,FALSE,FALSE,FALSE,FALSE,0.26020938955942213,FALSE,FALSE,0.06955867079725046
Alkbh7,-0.43921393731282565,0.06375649594055306,-0.16110447745877998,0.4769109835446398,-0.18029005481841365,0.5479494064665171,Alkbh7,FALSE,FALSE,FALSE,FALSE,0.2602028231966731,FALSE,FALSE,0.06955689533485367
4632428C04Rik,0.44922157723650535,0.3632955998034709,0.035431025928318205,0.9562048148024761,0.2958749080455596,0.6862924164326539,4632428C04Rik,FALSE,FALSE,FALSE,FALSE,0.2601758370701277,FALSE,FALSE,0.06954959862360757
Ercc6l2,0.490780797212067,0.016531461885642206,0.19629387761318196,0.22858393005897826,0.09339226334805151,0.6758588626152562,Ercc6l2,FALSE,FALSE,FALSE,FALSE,0.2601556460577668,FALSE,FALSE,0.06954413922628666
Tecpr1,-0.35788661573715697,0.09440544115952373,-0.2739910740906941,0.2259655759639672,-0.1485165229434191,0.6272777797611414,Tecpr1,FALSE,FALSE,FALSE,FALSE,0.2601314042570901,FALSE,FALSE,0.06953758454644678
Slc35a5,0.33211361731568,0.02993462107179225,0.2522927323258859,0.1136876774354766,0.1959518083326275,0.288143927560062,Slc35a5,FALSE,FALSE,FALSE,FALSE,0.2601193859913978,FALSE,FALSE,0.06953433495765203
Nckap5,-0.47988048512441805,0.16013363029849187,-0.24916846268838255,0.4656889763607951,0.05130868275235967,0.9253269158826501,Nckap5,FALSE,FALSE,FALSE,FALSE,0.26011921018838674,FALSE,FALSE,0.06953428742271568
Mrgprf,0.23343625274596214,0.8476941275961836,0.26896615576300587,0.8298718481320381,0.2778537716228877,0.8742256792177077,Mrgprf,FALSE,FALSE,FALSE,FALSE,0.26008539337728526,FALSE,FALSE,0.06952514377976063
Dnajc19,0.4072065674548693,0.04953665242712705,0.2502212780147026,0.23004618718167258,-0.12280267089920738,0.6734996583807101,Dnajc19,FALSE,FALSE,FALSE,FALSE,0.2600768387895931,FALSE,FALSE,0.06952283072619533
1110025M09Rik,-0.2947569985439973,0.39411150972057934,-0.19407553819211243,0.593937359965793,-0.2913954321260629,0.5374131831230017,1110025M09Rik,FALSE,FALSE,FALSE,FALSE,0.2600759896207242,FALSE,FALSE,0.06952260112154922
Ebf1,0.2708625652541399,0.6020244508224815,0.3096383390081492,0.5567474757280005,0.19970653290363338,0.7934233043066964,Ebf1,FALSE,FALSE,FALSE,FALSE,0.26006914572197415,FALSE,FALSE,0.06952075061688741
Ptp4a3,-0.4050427306026245,0.124211938337327,-0.35317115459961457,0.19953924033398607,0.021930234854547148,0.9630623165232519,Ptp4a3,FALSE,FALSE,FALSE,FALSE,0.26004804001892873,FALSE,FALSE,0.06951504389864056
Psen1,-0.28021308369782627,0.13459505372804934,-0.29010299114752325,0.16258260964865096,-0.20970018799521828,0.4193017507036091,Psen1,FALSE,FALSE,FALSE,FALSE,0.2600054209468559,FALSE,FALSE,0.06950352023436186
Lcp1,-0.24246561440437286,0.32604391825240286,-0.3980668576295905,0.15193238581728596,-0.13946624765638926,0.6930940634580646,Lcp1,FALSE,FALSE,FALSE,FALSE,0.2599995732301175,FALSE,FALSE,0.06950193908486205
Ascc1,-0.17676902957391594,0.3591355173783138,-0.29081349461217787,0.17346254836982197,-0.31233264556718154,0.2376004878919627,Ascc1,FALSE,FALSE,FALSE,FALSE,0.2599717232510918,FALSE,FALSE,0.06949440879870489
Cacna2d4,-0.11814522583507003,0.8539988703181723,-0.21339690837661618,0.7414303676954953,-0.44822438574383533,0.5977128009082162,Cacna2d4,FALSE,FALSE,FALSE,FALSE,0.2599221733185072,FALSE,FALSE,0.06948101111639116
Aplp1,-0.3604701192644697,0.06166276757365834,-0.272277328408725,0.18258162105500977,-0.14695434082574366,0.582654613205264,Aplp1,FALSE,FALSE,FALSE,FALSE,0.2599005961663128,FALSE,FALSE,0.06947517692418832
Ptdss1,-0.37893903444652466,0.016464514009781613,-0.1511241219766335,0.22173859791646258,-0.24907114839115074,0.12495204816527093,Ptdss1,FALSE,FALSE,FALSE,FALSE,0.25971143493810295,FALSE,FALSE,0.06942403009291258
B230354K17Rik,0.41054429589737396,0.03077443864139415,0.28735747003361567,0.13460721094597888,0.08105069281639121,0.7521285657952722,B230354K17Rik,FALSE,FALSE,FALSE,FALSE,0.2596508195824603,FALSE,FALSE,0.06940764045854027
Snhg1,0.4457725848026284,0.023495574798305448,0.23730507754270036,0.18984894453769607,-0.0958039293387527,0.7042769235723093,Snhg1,FALSE,FALSE,FALSE,FALSE,0.25962719722802713,FALSE,FALSE,0.06940125326922054
Gm10602,0.25343384366006594,0.7179933863975981,0.48278188942382533,0.4700774270331885,-0.042432826849127525,0.971944365077864,Gm10602,FALSE,FALSE,FALSE,FALSE,0.25954951997767295,FALSE,FALSE,0.0693802503118205
Gm18329,-0.059093528610526413,0.8905464337142746,-0.29713700270426774,0.45961208648504254,-0.4222933618309665,0.4257839424100515,Gm18329,FALSE,FALSE,FALSE,FALSE,0.2595079643819202,FALSE,FALSE,0.06936901419824351
Crybg3,-0.20394237500886714,0.5703103870710311,0.17141784115372705,0.642436546814885,-0.40297121757255283,0.4033457445114673,Crybg3,FALSE,FALSE,FALSE,FALSE,0.259443811245049,FALSE,FALSE,0.06935166799205521
Gm48079,-0.20802972771419653,0.645625848624421,-0.5533029891375393,0.2441322885612421,0.016966936993546566,0.9814938883311297,Gm48079,FALSE,FALSE,FALSE,FALSE,0.25943321794842744,FALSE,FALSE,0.0693488036970827
Vps16,-0.2396427852771552,0.165343682922361,-0.30396302219319526,0.1286611338631953,-0.23468532101669481,0.32024573688721225,Vps16,FALSE,FALSE,FALSE,FALSE,0.25943037616234843,FALSE,FALSE,0.06934803531365401
Nos3,-0.08141629002389933,0.85618343298118,0.10764365081132454,0.8120400152872175,0.5891450525202497,0.22883549576023568,Nos3,FALSE,FALSE,FALSE,FALSE,0.25940166445182455,FALSE,FALSE,0.06934027202607283
Ebf2,0.4492548672347193,0.4338005829271784,0.0347981497716755,0.9624345629828494,0.2940781750138701,0.7302997942089777,Ebf2,FALSE,FALSE,FALSE,FALSE,0.259377064006755,FALSE,FALSE,0.06933362037327279
Crispld2,0.25864178231179213,0.21287272895933532,0.15234488145032632,0.4991969257821659,0.36703970505700934,0.19757203745206708,Crispld2,FALSE,FALSE,FALSE,FALSE,0.25934212293970926,FALSE,FALSE,0.06932417274556549
AI413582,-0.23225929040715698,0.490868317292308,-0.24658724239074647,0.47678993195912234,0.2990698392534483,0.47216897420637666,AI413582,FALSE,FALSE,FALSE,FALSE,0.2593054573504506,FALSE,FALSE,0.06931425882861121
Fam198a,-0.3542179047505437,0.3736863256206711,-0.3796420316181056,0.3598943127460862,-0.04405018973500807,0.9483169384613788,Fam198a,FALSE,FALSE,FALSE,FALSE,0.2593033753678858,FALSE,FALSE,0.06931369588655396
Tmem250-ps,-0.2836054385893645,0.09445539397262354,-0.2905362021947111,0.12896703924825403,-0.20365374324711727,0.3705506793037914,Tmem250-ps,FALSE,FALSE,FALSE,FALSE,0.25926512801039764,FALSE,FALSE,0.06930335427924521
Arnt2,-0.4002563840287632,0.050354640232729043,-0.25982498587329683,0.20242631026084787,-0.11767728782747255,0.667304825320646,Arnt2,FALSE,FALSE,FALSE,FALSE,0.2592528859098442,FALSE,FALSE,0.06930004416830231
Gm10130,0.38151011946619695,0.28874296482620043,0.04637543084819096,0.9186606174539488,-0.3498394933962772,0.5305694329351527,Gm10130,FALSE,FALSE,FALSE,FALSE,0.25924168123688834,FALSE,FALSE,0.06929701456481223
Gabrb1,0.19468406801197702,0.27592826439712886,0.2644690864434436,0.18366947912533657,0.3185614018684344,0.20071113851649608,Gabrb1,FALSE,FALSE,FALSE,FALSE,0.259238185441285,FALSE,FALSE,0.06929606934538439
Zbtb26,0.32026022678273947,0.11563123894282398,0.3610748463883082,0.12288850697556022,0.09630952602412624,0.7556432408764484,Zbtb26,FALSE,FALSE,FALSE,FALSE,0.2592148663983913,FALSE,FALSE,0.06928976416771303
E130317F20Rik,-0.29167064505718443,0.383794155831246,-0.32857759277027077,0.3449497336944864,-0.15734523074109674,0.7460856492790526,E130317F20Rik,FALSE,FALSE,FALSE,FALSE,0.259197822856184,FALSE,FALSE,0.06928515580697299
Hfe,-0.43139527467298144,0.030277713873450938,-0.24385743123592096,0.18598641846202824,-0.10228836419099441,0.6747720848864652,Hfe,FALSE,FALSE,FALSE,FALSE,0.2591803566999656,FALSE,FALSE,0.06928043317668774
Haus1,-0.22627968960748568,0.46107432553819283,-0.4294996990606932,0.19494908280330833,-0.12166866642350094,0.787969696283249,Haus1,FALSE,FALSE,FALSE,FALSE,0.2591493516972266,FALSE,FALSE,0.06927204981156158
Slc17a7,0.0010235866604606514,0.9987090097496838,-0.6209047373733112,0.36919044189318073,0.15524316475559896,0.8746853483053136,Slc17a7,FALSE,FALSE,FALSE,FALSE,0.25905716292979025,FALSE,FALSE,0.0692471231213608
Cetn3,0.45578881802794413,0.09664968865051357,0.2791136663777527,0.3322420293085211,-0.04224011023695695,0.9317325844952553,Cetn3,FALSE,FALSE,FALSE,FALSE,0.2590475315475513,FALSE,FALSE,0.0692445189160118
Dock3,0.35390655270191207,0.10914538254484417,0.1312847121261882,0.5880432490339391,0.29183877118428025,0.32711245699212343,Dock3,FALSE,FALSE,FALSE,FALSE,0.2590100120041268,FALSE,FALSE,0.06923437410052696
Mettl7a1,-0.6121891374243695,0.03370580140610914,-0.1191966154674402,0.680987934980521,0.04561238067111262,0.9211006069645289,Mettl7a1,FALSE,FALSE,FALSE,FALSE,0.25899937785430743,FALSE,FALSE,0.06923149875936048
Gm45447,-0.09348221339351559,0.8117415098485893,-0.6055231832914623,0.1497476064857061,0.07791857204202879,0.8915071457053368,Gm45447,FALSE,FALSE,FALSE,FALSE,0.25897465624233557,FALSE,FALSE,0.06922481434454485
Wsb2,-0.3757919707900026,0.03931643433684292,-0.26533231798748247,0.1518365163103807,-0.13576055047687774,0.5644235725726496,Wsb2,FALSE,FALSE,FALSE,FALSE,0.2589616130847876,FALSE,FALSE,0.06922128763780519
Hmox2,-0.38993045899611545,0.04981338696929231,-0.2522075391778493,0.1998017032809088,-0.13439220650410277,0.604382858141787,Hmox2,FALSE,FALSE,FALSE,FALSE,0.25884340155935587,FALSE,FALSE,0.06918932471917051
Tgds,0.418872548739758,0.0408077391264366,0.21603570561255525,0.2796799110159658,0.14161632056858098,0.6013379326287768,Tgds,FALSE,FALSE,FALSE,FALSE,0.2588415249736314,FALSE,FALSE,0.06918881731385108
Rbks,-0.4620585606838179,0.27890092377614595,0.07867013146363466,0.8631774136283178,-0.23561669270926666,0.6880586794272642,Rbks,FALSE,FALSE,FALSE,FALSE,0.25878179495223974,FALSE,FALSE,0.0691726670627921
Aldh1b1,-0.26874883727085974,0.5267165873978047,-0.3626444694873907,0.4022215472986033,-0.14484167604430098,0.816326635188023,Aldh1b1,FALSE,FALSE,FALSE,FALSE,0.2587449942675171,FALSE,FALSE,0.0691627166177133
D430041D05Rik,0.13591994206170988,0.831179493275367,-0.4613013017744989,0.48234184708317407,0.17897556669230585,0.8439428898523196,D430041D05Rik,FALSE,FALSE,FALSE,FALSE,0.25873227017617156,FALSE,FALSE,0.06915927618248591
Dapk1,-0.30801549525239125,0.25871637524934893,-0.2657992666866775,0.3595620044610672,-0.20236129396183689,0.6069099947055215,Dapk1,FALSE,FALSE,FALSE,FALSE,0.25872535196696855,FALSE,FALSE,0.06915740558520662
Icam2,0.09085195405606819,0.8789265168506243,0.0683065441805574,0.9122933746791507,-0.6167865056764865,0.4336477095596718,Icam2,FALSE,FALSE,FALSE,FALSE,0.25864833463770404,FALSE,FALSE,0.06913658106221911
Gbp4,0.587268102431493,0.09684627104111877,-0.0767608352884881,0.862876122988982,0.11162005930338448,0.8513275863241275,Gbp4,FALSE,FALSE,FALSE,FALSE,0.2585496656744552,FALSE,FALSE,0.06910990220808393
Ccnk,0.35097233116402426,0.061226697021892824,0.2598022744870101,0.18315557668902585,0.1648592871174972,0.5123467424997246,Ccnk,FALSE,FALSE,FALSE,FALSE,0.25854463092284385,FALSE,FALSE,0.06910854087419105
Rpa1,-0.2942233055179395,0.050374939291415906,-0.3299704594425874,0.0794588707975626,-0.15128713307553454,0.4353991998636434,Rpa1,FALSE,FALSE,FALSE,FALSE,0.25849363267868714,FALSE,FALSE,0.06909475158653454
Tmem231,-0.12744665361027874,0.5499779760550091,-0.38617224544948936,0.11648197128551506,-0.26164413636073114,0.3579947376999649,Tmem231,FALSE,FALSE,FALSE,FALSE,0.2584210118068331,FALSE,FALSE,0.06907511581066775
Mir670hg,-0.18857697856070565,0.7332784572041158,0.48620160437970217,0.31192393525051604,-0.10022371450071388,0.9051000094912823,Mir670hg,FALSE,FALSE,FALSE,FALSE,0.2583340991470406,FALSE,FALSE,0.06905161571401368
Gm42047,0.07237330683825416,0.9379323058619038,0.045157988851876496,0.9623007156814386,0.6573439288615759,0.5058660641411608,Gm42047,FALSE,FALSE,FALSE,FALSE,0.2582917415172355,FALSE,FALSE,0.0690401627404557
Klhl35,-0.4077488998783379,0.40369841135995127,-0.26367011247367445,0.6097304847804065,0.10331354334545206,0.8901827965684321,Klhl35,FALSE,FALSE,FALSE,FALSE,0.25824418523248815,FALSE,FALSE,0.06902730411559323
Gm23875,0.05179789468115925,0.9598476015344433,0.5593520650300952,0.5147775095784597,0.16350926908255364,0.9096517207354082,Gm23875,FALSE,FALSE,FALSE,FALSE,0.25821974293126937,FALSE,FALSE,0.06902069522291338
4930523C07Rik,0.2766133852200716,0.5828752678734982,0.2265172540875896,0.6727622834274305,0.2713413884073965,0.6956305658402265,4930523C07Rik,FALSE,FALSE,FALSE,FALSE,0.25815734257168593,FALSE,FALSE,0.06900382294579102
Gm16286,-0.2984523240917474,0.03871743914735053,-0.27673333567343406,0.09071724354038928,-0.19927391648990866,0.2622308117038987,Gm16286,FALSE,FALSE,FALSE,FALSE,0.25815319208503,FALSE,FALSE,0.0690027007060873
Htr2c,-0.03511161638346277,0.9499153907188287,-0.37022142531188584,0.47065676572054443,0.36908102528167297,0.5474007109618781,Htr2c,FALSE,FALSE,FALSE,FALSE,0.25813802232567384,FALSE,FALSE,0.06899859899280479
Dcaf13,0.26228190482421887,0.19151741645568937,0.27630140442157725,0.20237179998035418,0.23571897126466368,0.39654371979360303,Dcaf13,FALSE,FALSE,FALSE,FALSE,0.25810076017015326,FALSE,FALSE,0.06898852377179139
Rec8,-0.502854012406412,0.1881694333977163,-0.2439962161043363,0.5462037697356843,-0.027440407339704542,0.9685803312029015,Rec8,FALSE,FALSE,FALSE,FALSE,0.2580968786168176,FALSE,FALSE,0.06898747424829535
Trappc9,-0.28277303191445746,0.1622934917747772,-0.3184738985734201,0.15987713177717186,-0.17291311060000414,0.5512759364024638,Trappc9,FALSE,FALSE,FALSE,FALSE,0.2580533470292939,FALSE,FALSE,0.06897570385124668
Phb2,-0.26952011505420703,0.06416751596950533,-0.218642794658658,0.1564280205671835,-0.2859214013597482,0.1385795333536138,Phb2,FALSE,FALSE,FALSE,FALSE,0.2580281036908711,FALSE,FALSE,0.06896887836812117
Cacybp,0.36853800195904096,0.23993824503688344,0.3821665277617532,0.2618500546305093,-0.023306042259966908,0.9688448947437457,Cacybp,FALSE,FALSE,FALSE,FALSE,0.258003523993587,FALSE,FALSE,0.06896223232526294
Wnk1,0.23990824501146868,0.08723758893816921,0.27463591541588706,0.10069442807404672,0.2591379150155113,0.17315617591167984,Wnk1,FALSE,FALSE,FALSE,FALSE,0.25789402514762233,FALSE,FALSE,0.06893262520623307
Htra3,0.5208838015611215,0.4198518298833363,-0.021594788745272986,0.9799732716624787,0.23120303006963638,0.8240084815704596,Htra3,FALSE,FALSE,FALSE,FALSE,0.2578938734586769,FALSE,FALSE,0.0689325841914386
Gm16150,-0.4430250793529945,0.2208333518784237,0.1467469966575463,0.688396137123683,-0.18380790306946548,0.7166618001956644,Gm16150,FALSE,FALSE,FALSE,FALSE,0.2578599930266688,FALSE,FALSE,0.06892342334618574
Ndrg2,-0.3834373363846231,0.07880046089438192,-0.3095378830970157,0.1809728750750657,-0.08054825261872534,0.8070119007054916,Ndrg2,FALSE,FALSE,FALSE,FALSE,0.25784115736678803,FALSE,FALSE,0.06891833041923129
Phyhip,-0.28684857811354547,0.48582022951342047,-0.42679147269513873,0.32061071164466626,-0.05973783900851615,0.9337036850760244,Phyhip,FALSE,FALSE,FALSE,FALSE,0.25779262993906676,FALSE,FALSE,0.06890520920944959
Nphp1,-0.23214192444860604,0.17483610962229562,-0.330457291661987,0.10744173248711353,-0.210452175720528,0.3674038865449888,Nphp1,FALSE,FALSE,FALSE,FALSE,0.2576837972770403,FALSE,FALSE,0.06887578221822821
Grin3a,-0.39035183381851457,0.1394173880279738,-0.18922743743284354,0.4926711009791207,-0.19345032245363303,0.6004853062189887,Grin3a,FALSE,FALSE,FALSE,FALSE,0.25767653123499706,FALSE,FALSE,0.0688738175712974
Myo18a,-0.3217996195442403,0.1978132493586304,-0.3636372524973934,0.1877153403678939,-0.08758536010872309,0.828307972861621,Myo18a,FALSE,FALSE,FALSE,FALSE,0.25767407738345227,FALSE,FALSE,0.06887315408051695
Slc35f5,0.39293871025994775,0.03100019483988714,0.25498036020201464,0.15593333411628635,0.12496853962171084,0.5909001965507535,Slc35f5,FALSE,FALSE,FALSE,FALSE,0.2576292033612244,FALSE,FALSE,0.06886102070590697
Tmem139,0.01083166697262769,0.9887061821139087,0.6573361286340895,0.31602233201765906,-0.10470131914075918,0.9316793025755932,Tmem139,FALSE,FALSE,FALSE,FALSE,0.2576230382491588,FALSE,FALSE,0.06885935373667865
Snd1,-0.18579841919851425,0.440467324227041,-0.32483317346297547,0.2122151253055305,-0.26207884185733654,0.4361920338505633,Snd1,FALSE,FALSE,FALSE,FALSE,0.25757014483960877,FALSE,FALSE,0.06884505201999254
Oit3,-0.205591956104492,0.7035256581551068,-0.23115445280591662,0.6781987475119365,-0.3359564230689106,0.640250482980962,Oit3,FALSE,FALSE,FALSE,FALSE,0.25756761065977307,FALSE,FALSE,0.06884436680944646
Tmem150c,-0.34980861347283376,0.322007560039949,-0.247773467733996,0.4972293066377403,-0.17480239783545803,0.7305843520392913,Tmem150c,FALSE,FALSE,FALSE,FALSE,0.25746149301409593,FALSE,FALSE,0.06881567392470367
Atp1a1,-0.233893889745314,0.08494746283512687,-0.24536341441665144,0.11717639383175375,-0.29291117647817444,0.12049300589085365,Atp1a1,FALSE,FALSE,FALSE,FALSE,0.2573894935467133,FALSE,FALSE,0.06879620616883735
Kcng3,0.1504855525244851,0.7602499373123305,0.31200559695290414,0.5021669327377897,0.30964935466041604,0.617092598556139,Kcng3,FALSE,FALSE,FALSE,FALSE,0.2573801680459351,FALSE,FALSE,0.0687936846700113
Klra2,0.27332051880301383,0.6963172330842372,0.2907628788612116,0.6891287043316529,-0.2080195862489767,0.8523293301643531,Klra2,FALSE,FALSE,FALSE,FALSE,0.2573676613044007,FALSE,FALSE,0.06879030300345562
Pdia4,-0.244131490234607,0.2743725081558125,-0.2799513597625154,0.25130193226292036,-0.24779117303184695,0.4350904437662127,Pdia4,FALSE,FALSE,FALSE,FALSE,0.25729134100965645,FALSE,FALSE,0.06876966694988829
Vps51,-0.2790111250473408,0.3396174463996842,-0.19155267295003608,0.5318166292988882,-0.3010175550116072,0.4471474922198249,Vps51,FALSE,FALSE,FALSE,FALSE,0.25719378433632806,FALSE,FALSE,0.06874328884504212
Fbxo44,-0.38846060088293033,0.0863619020959633,-0.3144003603271557,0.18533306724967827,-0.06867189399772489,0.8439428898523196,Fbxo44,FALSE,FALSE,FALSE,FALSE,0.2571776184026036,FALSE,FALSE,0.06873891777866427
Unc5a,-0.3875181254039264,0.18466389356137258,-0.31296435083139507,0.31745332144261207,-0.07079046454134108,0.8870660756238238,Unc5a,FALSE,FALSE,FALSE,FALSE,0.2570909802588875,FALSE,FALSE,0.06871549190772534
Fiz1,-0.38348167985235504,0.03922583536852753,-0.2120434949559602,0.22385665216483439,-0.1753554153255079,0.4349361477443764,Fiz1,FALSE,FALSE,FALSE,FALSE,0.2569601967112744,FALSE,FALSE,0.06868012967146417
Nlrc3,0.29484204600619013,0.6111961217898026,0.3990303412288333,0.486811347631257,0.07700100820344657,0.9382619193940122,Nlrc3,FALSE,FALSE,FALSE,FALSE,0.25695779847949,FALSE,FALSE,0.06867948121957158
Snrpe,0.41529737272988143,0.05444303300866941,0.26535147384914737,0.22675791244916552,-0.09021268924696901,0.7809618880956917,Snrpe,FALSE,FALSE,FALSE,FALSE,0.2569538452753326,FALSE,FALSE,0.06867841232258909
Odr4,0.4321001857358926,0.02005871878534375,0.16015457471427474,0.3074839885236579,0.1785364875470119,0.3791915382525977,Odr4,FALSE,FALSE,FALSE,FALSE,0.25693041599905975,FALSE,FALSE,0.0686720773391901
Rundc1,-0.3782341819433137,0.0896905953924341,-0.18554499964140359,0.4168046297099522,-0.2068707466453361,0.49116834666750675,Rundc1,FALSE,FALSE,FALSE,FALSE,0.2568833094100178,FALSE,FALSE,0.06865934030642443
4930480K23Rik,0.2308219459169969,0.6232713718518228,-0.023472168821475625,0.9673354065849787,0.5163223537234272,0.36802210937571916,4930480K23Rik,FALSE,FALSE,FALSE,FALSE,0.2568721561539666,FALSE,FALSE,0.06865632460542256
Vdac2,-0.3088866384762685,0.057866366417955666,-0.2236348892850426,0.1878306811024459,-0.23799070491335428,0.2623470536266135,Vdac2,FALSE,FALSE,FALSE,FALSE,0.25683741089155515,FALSE,FALSE,0.06864692992084048
Rexo2,-0.18346372024444157,0.20364286628580122,-0.292976360392287,0.09952388076120047,-0.2940138527604512,0.14359914685562333,Rexo2,FALSE,FALSE,FALSE,FALSE,0.25681797779905996,FALSE,FALSE,0.06864167545557599
Ankrd10,0.25841549426210797,0.16409952704819716,0.30548760079486836,0.14639963488229557,0.20645256842747806,0.4256105441935098,Ankrd10,FALSE,FALSE,FALSE,FALSE,0.2567852211614848,FALSE,FALSE,0.0686328184702885
Ccdc90b,0.389296204895913,0.05824041373600991,0.28724952990574915,0.17996766021774446,0.09375628842481509,0.7548642741621032,Ccdc90b,FALSE,FALSE,FALSE,FALSE,0.25676734107549243,FALSE,FALSE,0.0686279839185672
Cntrob,-0.3946081021253378,0.0879720401295162,-0.33617961285684306,0.16250812869448167,-0.03938115103700124,0.9137155754780841,Cntrob,FALSE,FALSE,FALSE,FALSE,0.2567229553397274,FALSE,FALSE,0.06861598257051237
Fat2,-0.3091152527863148,0.46459879233188117,-0.1570968447242882,0.7260236812725879,-0.30370394141204793,0.5996844107778081,Fat2,FALSE,FALSE,FALSE,FALSE,0.25663867964088366,FALSE,FALSE,0.06859319547513242
Tpm4,-0.39023957430323186,0.2659068008479491,0.12737416731059525,0.7563219524403029,-0.25197656123308754,0.6268357898885054,Tpm4,FALSE,FALSE,FALSE,FALSE,0.25653010094897155,FALSE,FALSE,0.06856383715425489
Drg2,-0.25527365972774163,0.11165995277257941,-0.2749978420125423,0.13037161640103606,-0.2391366841430651,0.263937480222375,Drg2,FALSE,FALSE,FALSE,FALSE,0.2564693952944497,FALSE,FALSE,0.06854742310419454
Tmem63b,-0.30846115882646163,0.10915090517007948,-0.2943365178940196,0.1604939646751314,-0.16657324089956305,0.5302193409892363,Tmem63b,FALSE,FALSE,FALSE,FALSE,0.25645697254001476,FALSE,FALSE,0.06854406414670057
Ccnyl1,0.2076246272478688,0.35986852499197614,0.2426995132127221,0.3025249081760118,0.31899117293778634,0.2858621350708036,Ccnyl1,FALSE,FALSE,FALSE,FALSE,0.2564384377994591,FALSE,FALSE,0.06853905258456962
Gm24339,0.07427438533049302,0.8828804262650285,0.4211458185900878,0.33190468916253424,0.27388622729241097,0.6510481806284286,Gm24339,FALSE,FALSE,FALSE,FALSE,0.2564354770709973,FALSE,FALSE,0.06853825204060762
Eva1c,0.136077053614565,0.6377083705724712,0.39971584419572626,0.16399675219991716,0.2334436821325303,0.5313080892136965,Eva1c,FALSE,FALSE,FALSE,FALSE,0.25641219331427384,FALSE,FALSE,0.06853195640387555
Rnf182,-0.05623558072493301,0.9192477898098234,-0.5490031557951917,0.29588738892291083,0.16398266177417764,0.8160706567923424,Rnf182,FALSE,FALSE,FALSE,FALSE,0.25640713276476745,FALSE,FALSE,0.06853058809455437
D2hgdh,-0.29418491938953206,0.12520041495370748,-0.2651025016632107,0.1903583309878876,-0.20988386115763813,0.4118234644521751,D2hgdh,FALSE,FALSE,FALSE,FALSE,0.2563904274034603,FALSE,FALSE,0.06852607117370192
Fam167a,0.026269478597978013,0.9560617570108378,0.27064411158875035,0.5084633928380342,0.4722391106902586,0.35166179021365035,Fam167a,FALSE,FALSE,FALSE,FALSE,0.2563842336256623,FALSE,FALSE,0.06852439645361794
Zdbf2,0.18866010176537173,0.6879257757598414,0.5519532289345381,0.24969698227171197,0.02853058284742893,0.9721532070737475,Zdbf2,FALSE,FALSE,FALSE,FALSE,0.2563813045157796,FALSE,FALSE,0.06852360445892444
Nsd3,0.2499312060075436,0.05650118325154267,0.23652910056069043,0.11072458956577719,0.2826406824440175,0.11289515180952109,Nsd3,FALSE,FALSE,FALSE,FALSE,0.25636699633741716,FALSE,FALSE,0.06851973570637142
Kcnn2,0.29204340536669937,0.10139304659351198,0.28993766495178575,0.1387490432218992,0.18709618059312882,0.4400482218882752,Kcnn2,FALSE,FALSE,FALSE,FALSE,0.25635908363720467,FALSE,FALSE,0.06851759621115597
Bdkrb2,0.2937332301409552,0.491797569627816,0.0778719594157522,0.8778368642055718,0.39744556858856317,0.48351333296851795,Bdkrb2,FALSE,FALSE,FALSE,FALSE,0.2563502527150902,FALSE,FALSE,0.06851520844021754
Xylt2,-0.4110480946769135,0.07105723676293381,-0.3489011295785649,0.1463379660219663,-0.009013480793837125,0.9812050334728056,Xylt2,FALSE,FALSE,FALSE,FALSE,0.2563209016831052,FALSE,FALSE,0.06850727228810585
Wrb,-0.30097632169869426,0.1609744087337025,-0.3279734742694447,0.16284112777286902,-0.1396560448422326,0.6430879831106097,Wrb,FALSE,FALSE,FALSE,FALSE,0.2562019469367905,FALSE,FALSE,0.06847510841183593
Cfl2,0.3249473563322427,0.10397274253745156,0.2768743872498032,0.19737130604079642,0.16649271652534026,0.5565381843116766,Cfl2,FALSE,FALSE,FALSE,FALSE,0.2561048200357954,FALSE,FALSE,0.0684488465120558
Arl6ip5,-0.2990293511607609,0.1122538212174006,-0.2417357257945829,0.2286449172495044,-0.22754639707730462,0.3758240347301949,Arl6ip5,FALSE,FALSE,FALSE,FALSE,0.2561038246775495,FALSE,FALSE,0.06844857737962975
Ap3b2,-0.24589602815575784,0.16599391575349587,-0.27463550903117717,0.16788999954272454,-0.24761608746251706,0.3168404957395442,Ap3b2,FALSE,FALSE,FALSE,FALSE,0.256049208216484,FALSE,FALSE,0.0684338097713549
Akain1,-0.3322999021182247,0.3582605480858249,-0.2610344725013587,0.48661463019613926,-0.17443096432467442,0.73647889380471665,Akain1,FALSE,FALSE,FALSE,FALSE,0.25592177964808593,FALSE,FALSE,0.0683993546795306
Tnfrsf14,0.20241238606426992,0.6453383478639749,0.17364900589265964,0.7089633707949918,0.3916143247508357,0.48004620270188303,Tnfrsf14,FALSE,FALSE,FALSE,FALSE,0.25589190556925506,FALSE,FALSE,0.06839127710209075
Pdgfc,-0.36203476652816247,0.36493797220364327,-0.25892673416533163,0.5350154955609462,-0.14659132095863536,0.8040599374998861,Pdgfc,FALSE,FALSE,FALSE,FALSE,0.25585094055070984,FALSE,FALSE,0.06838020067320746
Fanca,0.46978671568525754,0.3847303556760009,0.06589040664185375,0.9226556392504058,0.23179014329290001,0.7857116608339724,Fanca,FALSE,FALSE,FALSE,FALSE,0.2558224218733371,FALSE,FALSE,0.06837248957937711
Slc35b3,0.33327767496778193,0.0702942639381739,0.3236439166771907,0.11601107638533306,0.1105048143489733,0.6715525635898775,Slc35b3,FALSE,FALSE,FALSE,FALSE,0.255808801997982,FALSE,FALSE,0.06836880693535236
Mir654,0.278238469989903,0.7097113643190435,0.05731047666223854,0.9478720524052545,0.43182890941424895,0.6584773596342473,Mir654,FALSE,FALSE,FALSE,FALSE,0.2557926186887968,FALSE,FALSE,0.06836443117086714
Clptm1,-0.3185152221670666,0.057832353897503776,-0.23841101521322372,0.17629721663807477,-0.2104475273435762,0.3356363749792366,Clptm1,FALSE,FALSE,FALSE,FALSE,0.2557912549079555,FALSE,FALSE,0.068364062421577207
Hsbp1l1,0.45619236879843417,0.027655801964198284,0.22764065203215722,0.23989216167561556,0.08330619919172255,0.7680153476662083,Hsbp1l1,FALSE,FALSE,FALSE,FALSE,0.2557130733407713,FALSE,FALSE,0.06834292310321113
Gm26852,0.11013661313290736,0.858774528197017,0.5307107296598009,0.3280984485085463,-0.12600615192198372,0.8945125634117448,Gm26852,FALSE,FALSE,FALSE,FALSE,0.255617831571564,FALSE,FALSE,0.06831717091949911
Mir8091,-0.1488891549561092,0.7854884088470282,0.37692088008412594,0.4317258454125116,-0.24101049618034742,0.7448054383370384,Mir8091,FALSE,FALSE,FALSE,FALSE,0.25560684374019416,FALSE,FALSE,0.06831419994726301
Homer2,0.38091851036660884,0.07940929173485688,0.10515214560626784,0.6594174885416462,0.28062764533074613,0.3328697052691054,Homer2,FALSE,FALSE,FALSE,FALSE,0.2555661004345409,FALSE,FALSE,0.06830318346677394
Lair1,0.3233243891804667,0.4289312678224078,0.22016771636015786,0.6244611205627922,0.22312003230456257,0.7101641766295487,Lair1,FALSE,FALSE,FALSE,FALSE,0.25553737928172904,FALSE,FALSE,0.06829541762611611
Dynlrb2,-0.20866335006256786,0.5959964841288533,-0.18478127594271032,0.6523846860367893,-0.3730369000611107,0.48101347484134177,Dynlrb2,FALSE,FALSE,FALSE,FALSE,0.2554938420221296,FALSE,FALSE,0.0682836456954091
Wdr93,0.36410169396059455,0.3525583483482786,0.36740634347098255,0.3689947881236647,0.03488984367264039,0.9645496544366667,Wdr93,FALSE,FALSE,FALSE,FALSE,0.2554659603680725,FALSE,FALSE,0.06827610684471944
Meig1,0.2288959253450796,0.6945192013990356,0.3923795752565101,0.48263147690823754,0.14512237908557796,0.8719292518338182,Meig1,FALSE,FALSE,FALSE,FALSE,0.25546595989572257,FALSE,FALSE,0.06827610671700192
Slc47a1,0.3649972914263988,0.6151318064537962,0.2115880304140334,0.7962672342616983,0.18979410338916658,0.8712455382111127,Slc47a1,FALSE,FALSE,FALSE,FALSE,0.25545980840986626,FALSE,FALSE,0.06827444343213025
Masp1,-0.37461927227961356,0.17609749776136674,-0.34502737338647727,0.23269557960360068,-0.046590532402734475,0.9189506147196018,Masp1,FALSE,FALSE,FALSE,FALSE,0.2554123926896084,FALSE,FALSE,0.06826162281414845
Hdac10,-0.3738956050039559,0.11922485552660879,-0.3381554810765697,0.18126852649776473,-0.05412886836703201,0.884352967316735,Hdac10,FALSE,FALSE,FALSE,FALSE,0.25539331814918587,FALSE,FALSE,0.0682564652968819
Stk10,-0.20629936574267127,0.21870156432208357,-0.3894192443627813,0.08226320350755506,-0.1704266849222038,0.45395475270261093,Stk10,FALSE,FALSE,FALSE,FALSE,0.2553817650092188,FALSE,FALSE,0.0682533414722684
Mapk7,-0.2777028628108318,0.29450280464103473,-0.4144297066259859,0.15998790934982585,-0.07394208134994606,0.8600393000955937,Mapk7,FALSE,FALSE,FALSE,FALSE,0.25535821692892124,FALSE,FALSE,0.0682469743657464
Fen1,-0.29461128791206426,0.5377176786355589,-0.3079966348564285,0.5334950400603833,-0.16344895225175254,0.8160706567923424,Fen1,FALSE,FALSE,FALSE,FALSE,0.2553522916734151,FALSE,FALSE,0.06824537225073316
Suv39h2,0.13784646117351462,0.7117117987734751,0.39796571505324785,0.2555861613981808,0.23020652638969574,0.6323909429312146,Suv39h2,FALSE,FALSE,FALSE,FALSE,0.2553395675388194,FALSE,FALSE,0.06824193180381147
Dcst1,-0.3668845906208172,0.6053119668756997,-0.2916471421263652,0.6953111772809013,0.1073941524866493,0.9228714783128431,Dcst1,FALSE,FALSE,FALSE,FALSE,0.2553086284112772,FALSE,FALSE,0.06823356625051498
Wdr26,0.3034630058913663,0.0747479683601292,0.2538965603354342,0.16708459978965026,0.20818886308004014,0.36159126349775317,Wdr26,FALSE,FALSE,FALSE,FALSE,0.25518280976894686,FALSE,FALSE,0.06819954646257262
Senp5,0.3042261750496298,0.11446024836422893,0.31963544514056075,0.14219133257756708,0.14150847313800252,0.6105192888508725,Senp5,FALSE,FALSE,FALSE,FALSE,0.25512336444273104,FALSE,FALSE,0.06818347318953
Ablim1,-0.40442984914540503,0.09888415925716254,-0.21823122529169048,0.38177905815717583,-0.14266350420228058,0.6774700259925407,Ablim1,FALSE,FALSE,FALSE,FALSE,0.25510819287979203,FALSE,FALSE,0.06817937098858125
Gpr108,-0.17281082667479275,0.19012871029833042,-0.2995501814979322,0.08453473759992562,-0.2929338728630704,0.12049300589085365,Gpr108,FALSE,FALSE,FALSE,FALSE,0.25509829367859843,FALSE,FALSE,0.0681766943683351
Camk2g,-0.2874216798975491,0.044433649252271806,-0.21548989825842835,0.14768108866812987,-0.2622213318171731,0.15083200806115593,Camk2g,FALSE,FALSE,FALSE,FALSE,0.2550443033243835,FALSE,FALSE,0.06816209605152523
Vit,0.38374196717420883,0.5878359849819549,-0.17560337518108726,0.8367722181302197,0.2054688379323657,0.8535222508127579,Vit,FALSE,FALSE,FALSE,FALSE,0.25493806009588726,FALSE,FALSE,0.06813336921075816
Zc3h7b,-0.3540368903760811,0.059768126936706835,-0.31491765563221286,0.1297315570031151,-0.09585354513419109,0.7244522994971522,Zc3h7b,FALSE,FALSE,FALSE,FALSE,0.25493603038082835,FALSE,FALSE,0.06813282040118107
Pnpla7,-0.5380478624286957,0.051924420849092746,-0.18532411414792316,0.4724255533231972,0.041242253915605875,0.9217800069562034,Pnpla7,FALSE,FALSE,FALSE,FALSE,0.25487141016407494,FALSE,FALSE,0.06811534790243189
Syap1,0.3967590536075818,0.11393795995486249,0.30090776875266645,0.26105091305407463,0.06688632137843253,0.8746853483053136,Syap1,FALSE,FALSE,FALSE,FALSE,0.2548510479128936,FALSE,FALSE,0.0681098422042747
Zdhhc8,-0.34276437028049145,0.08964789631879275,-0.31848382395391717,0.14935605673107266,-0.10324294237889564,0.7248364473934602,Zdhhc8,FALSE,FALSE,FALSE,FALSE,0.25483037887110144,FALSE,FALSE,0.06810425355377174
Lyrm9,-0.2417796721455696,0.17805411196658733,-0.257995512749571,0.19025808232305622,-0.26461457803481814,0.2840499416057544,Lyrm9,FALSE,FALSE,FALSE,FALSE,0.2547965876433196,FALSE,FALSE,0.06809511682822647
2610306M01Rik,-0.4159752073595038,0.09824692231579339,-0.2515529374302523,0.31282119422659854,-0.09686053795119687,0.7857274676140475,2610306M01Rik,FALSE,FALSE,FALSE,FALSE,0.25479622758031767,FALSE,FALSE,0.06809501947169215
Dbr1,-0.32672329990634985,0.05686890690087941,-0.17215481546750233,0.29894524419752583,-0.2653443310200716,0.21679145410412637,Dbr1,FALSE,FALSE,FALSE,FALSE,0.2547408154646413,FALSE,FALSE,0.06808003672835751
Fabp3,-0.6246776359692546,0.11340103044404656,0.08938940887984859,0.8238449467892232,-0.05006021796102034,0.9355352885294924,Fabp3,FALSE,FALSE,FALSE,FALSE,0.2547090876033745,FALSE,FALSE,0.06807145791132238
Gm21992,0.24507381164408315,0.49503170545566455,0.15354394572976338,0.6976878047765629,0.36538841726093785,0.43208725836388395,Gm21992,FALSE,FALSE,FALSE,FALSE,0.2546687248782615,FALSE,FALSE,0.06806054433505349
Tor3a,-0.30513072128549634,0.17644103471093553,-0.17594485226759993,0.46985640635493836,-0.2828540936035209,0.36653629051867037,Tor3a,FALSE,FALSE,FALSE,FALSE,0.25464322238553905,FALSE,FALSE,0.06805364877984522
Rara,-0.3533416731181007,0.21892580146497498,-0.38949364216754745,0.20347091595920547,0.021009018431651594,0.967738507111006,Rara,FALSE,FALSE,FALSE,FALSE,0.2546147779057666,FALSE,FALSE,0.06804595774811839
AW112010,0.1906488129900907,0.730444971811633,0.34382717533239104,0.5142121239568124,0.22933569345054114,0.7637396955003686,AW112010,FALSE,FALSE,FALSE,FALSE,0.25460389392434096,FALSE,FALSE,0.06804301485560889
Arhgap19,0.24057698322769738,0.2844358900430614,0.20035950229646105,0.40333300115655324,0.3228479248977827,0.289054293552995,Arhgap19,FALSE,FALSE,FALSE,FALSE,0.2545948034739804,FALSE,FALSE,0.06804055691147726
Fstl3,-0.4040891843728808,0.5430424741966787,-0.3097918074994819,0.6536506712060949,-0.049827193160683625,0.9661443300099136,Fstl3,FALSE,FALSE,FALSE,FALSE,0.25456939501101544,FALSE,FALSE,0.06803368678073987
Rfc3,-0.2606474968423367,0.2660792905558396,-0.16069263276628254,0.514781433204728,-0.34224694249276677,0.2822301101789184,Rfc3,FALSE,FALSE,FALSE,FALSE,0.25452902403379535,FALSE,FALSE,0.0680227709732044
Ece1,-0.38532142548008697,0.07896507352062361,-0.21184871049779375,0.3528052124278064,-0.1662382217553855,0.5911764765603967,Ece1,FALSE,FALSE,FALSE,FALSE,0.2544694525777554,FALSE,FALSE,0.06800666359623417
Gipc1,-0.3319543374610001,0.10906227844165838,-0.2532417222519898,0.24030717601435664,-0.17810620382033981,0.5293244089977212,Gipc1,FALSE,FALSE,FALSE,FALSE,0.25443408784444327,FALSE,FALSE,0.06799710141446497
Lin37,-0.5024230942422907,0.03578613757405807,-0.2139945444762965,0.31010787830869196,-0.046860947640913864,0.886296082228495,Lin37,FALSE,FALSE,FALSE,FALSE,0.254426195453167,FALSE,FALSE,0.06799496741053199
Smim13,0.3423118036758881,0.1777348058530885,0.3103522947827564,0.25731729974165796,0.11052644225377506,0.783446509362906,Smim13,FALSE,FALSE,FALSE,FALSE,0.25439684690413983,FALSE,FALSE,0.06798703192978105
Arfgap2,-0.325481750094581,0.10790000964153601,-0.28023212287253596,0.19157596201585197,-0.15740354083404995,0.5733914266896992,Arfgap2,FALSE,FALSE,FALSE,FALSE,0.25437247126705564,FALSE,FALSE,0.06798044106224978
Senp6,0.29724490763212064,0.09836115092631319,0.28750566103178876,0.15048663712642013,0.17829444665370353,0.47383187519113884,Senp6,FALSE,FALSE,FALSE,FALSE,0.2543483384392043,FALSE,FALSE,0.06797391584729955
Sept9,-0.35990262230931247,0.06684931264780973,-0.14892912280533643,0.4612028757846156,-0.25417298697917357,0.32743415582017643,Sept9,FALSE,FALSE,FALSE,FALSE,0.25433491069794084,FALSE,FALSE,0.06797028515393116
Bahcc1,-0.21967780041300955,0.5798318297279809,-0.5173386247277114,0.21545322800644753,-0.025934569284784548,0.9693175565461654,Bahcc1,FALSE,FALSE,FALSE,FALSE,0.25431699814183517,FALSE,FALSE,0.06796544182269715
Cdca8,0.2186304397123697,0.7469653200438943,0.34852568908221543,0.5989144312797156,0.19572293364974191,0.8458363608252204,Cdca8,FALSE,FALSE,FALSE,FALSE,0.25429302081477567,FALSE,FALSE,0.06795895865321701
Tagap,0.3456207558497484,0.3743979995255527,0.24209210915474477,0.5688641447726014,-0.17509858825378222,0.7845141080800963,Tagap,FALSE,FALSE,FALSE,FALSE,0.2542704844194251,FALSE,FALSE,0.0679528650936569
Chml,0.05561246043630241,0.9411172237689934,0.3580651515308313,0.6083224833219969,-0.3486620032700598,0.7130781784286742,Chml,FALSE,FALSE,FALSE,FALSE,0.2541132050790645,FALSE,FALSE,0.06791033872627858
Vamp2,0.3338306684055121,0.059768126936706835,0.1634420766665059,0.36505918738758314,0.2650373592560573,0.25445387841808387,Vamp2,FALSE,FALSE,FALSE,FALSE,0.25410336810935846,FALSE,FALSE,0.06790767893264867
Nucb2,-0.18469431698741,0.5124578281145993,-0.34763861347891556,0.24425268370662512,-0.22976209728933394,0.5629366342985467,Nucb2,FALSE,FALSE,FALSE,FALSE,0.2540316759185532,FALSE,FALSE,0.0678882942605274
Ewsr1,-0.3052761279951559,0.05789806379064433,-0.27638422290003994,0.1229331759077892,-0.18041884126954066,0.3975126802962191,Ewsr1,FALSE,FALSE,FALSE,FALSE,0.2540263973882455,FALSE,FALSE,0.06788686701192266
Gm4032,-0.1389572822596969,0.8331615043493117,-0.177001615937304,0.7950743393742699,-0.44607518726022194,0.6035284468512467,Gm4032,FALSE,FALSE,FALSE,FALSE,0.2540113618190743,FALSE,FALSE,0.06788280158198856
Atp6ap1,-0.26231633979367786,0.10303721710844499,-0.2580687655497593,0.15048663712642013,-0.24160930718135543,0.2677770325853278,Atp6ap1,FALSE,FALSE,FALSE,FALSE,0.2539981375082642,FALSE,FALSE,0.06787922589367155
2700097O09Rik,0.4701665452316952,0.08824527816884245,0.19908573905557558,0.49832709654500795,0.09261581498246274,0.8360108018632427,2700097O09Rik,FALSE,FALSE,FALSE,FALSE,0.25395603308991116,FALSE,FALSE,0.06786784138532465
9430081H08Rik,-0.6003439100005603,0.15362350083114323,-0.05726092374636638,0.8984292323025337,0.10405337338209142,0.8643911385478423,9430081H08Rik,FALSE,FALSE,FALSE,FALSE,0.25388606904300604,FALSE,FALSE,0.06784892398170927
Txndc17,-0.2611797970084204,0.06798177993854086,-0.30170071097257,0.08525470443769087,-0.19875235434620375,0.28533013826582715,Txndc17,FALSE,FALSE,FALSE,FALSE,0.2538776207757314,FALSE,FALSE,0.06784663967585569
AC154760.1,0.21736189407899054,0.545422046685667,0.18329322713771812,0.6296280454733661,0.3609578557516633,0.4351880865934207,AC154760.1,FALSE,FALSE,FALSE,FALSE,0.25387099232279065,FALSE,FALSE,0.06784484742504729
Gm42517,-0.45288910827165085,0.111953944022268,-0.1553410462191369,0.5869371571705967,-0.15324552029418337,0.686813506456624,Gm42517,FALSE,FALSE,FALSE,FALSE,0.2538252249283237,FALSE,FALSE,0.06783247249375252
Pik3r2,-0.31304959147341727,0.16599391575349587,-0.3532982403794698,0.16043520345135412,-0.09512079130179085,0.7856859702254747,Pik3r2,FALSE,FALSE,FALSE,FALSE,0.25382287438489265,FALSE,FALSE,0.06783183693619449
Sec63,0.3734197864791078,0.07624544707617059,0.23791639191881409,0.27700485134899744,0.15012439034578318,0.6129758732020755,Sec63,FALSE,FALSE,FALSE,FALSE,0.25382018958123503,FALSE,FALSE,0.06783111099885
Tspan9,-0.2752271195373974,0.15661618509306457,-0.3612223154735914,0.11285132306746327,-0.1249365934031772,0.6455868110904689,Tspan9,FALSE,FALSE,FALSE,FALSE,0.253795342804722,FALSE,FALSE,0.0678243927411072
1700003E16Rik,-0.36182899586194184,0.3273644315722575,-0.3850331995171623,0.31880725521200803,-0.014474354250426646,0.9814938883311297,1700003E16Rik,FALSE,FALSE,FALSE,FALSE,0.2537788498765103,FALSE,FALSE,0.06781993325950798
Cebpa,0.06717671242526402,0.854259144084631,0.3684648763628129,0.2591098998940219,0.3255489016575386,0.44486998371893066,Cebpa,FALSE,FALSE,FALSE,FALSE,0.25373016348187183,FALSE,FALSE,0.06780676906705922
Gm13807,0.1941681118604708,0.7977168860597718,0.38705098405948113,0.5895761891312384,-0.17994612853341463,0.8796884147096544,Gm13807,FALSE,FALSE,FALSE,FALSE,0.25372174148445553,FALSE,FALSE,0.06780449186424693
Mns1,0.34416881711012426,0.12714364488745417,0.14441339882870396,0.5565253621846682,0.27255275101185417,0.3695214380019148,Mns1,FALSE,FALSE,FALSE,FALSE,0.25371165565022746,FALSE,FALSE,0.06780176478076148
Gpank1,-0.3425841620177894,0.16381957893414656,-0.2136125637250439,0.3945406849230599,-0.20490543526744665,0.539058135231292,Gpank1,FALSE,FALSE,FALSE,FALSE,0.25370072033676,FALSE,FALSE,0.06779880800870962
Rn7s6,0.2169769955502341,0.5018948022842705,0.07473622618605358,0.8437791298409812,-0.46937837689205697,0.28319572214142846,Rn7s6,FALSE,FALSE,FALSE,FALSE,0.2536971995427815,FALSE,FALSE,0.06779785603003366
Golph3l,0.41157265262238685,0.08661669817412042,0.20294809039004402,0.41955941237361744,0.1464661083597747,0.6721511107490283,Golph3l,FALSE,FALSE,FALSE,FALSE,0.2536622837907352,FALSE,FALSE,0.06778841524718572
Gm15616,-0.10801317013791223,0.8815918875607407,-0.4949954891714702,0.4807694028690856,-0.15784950465135783,0.8809966476378538,Gm15616,FALSE,FALSE,FALSE,FALSE,0.2536193879869134,FALSE,FALSE,0.0677768167581017
Cdc42se1,-0.3208084345935225,0.09782508434398499,-0.28207394989292567,0.17711735348508661,-0.15783387680126548,0.5572624935729553,Cdc42se1,FALSE,FALSE,FALSE,FALSE,0.25357208709590456,FALSE,FALSE,0.06776402718851328
Ccdc85b,-0.23717574386158224,0.27601311737306455,-0.19970260213528412,0.3781818105203927,0.3237810990583685,0.23732599087608175,Ccdc85b,FALSE,FALSE,FALSE,FALSE,0.253553148351745,FALSE,FALSE,0.06775890638885855
Dnmt1,-0.35384889822063315,0.04552577873143352,-0.19804697731514853,0.2591057418763741,-0.20862206307668885,0.3559243895151652,Dnmt1,FALSE,FALSE,FALSE,FALSE,0.25350597953749016,FALSE,FALSE,0.06774615253117322
Gm48495,-0.16572837862920498,0.8181660285245004,0.18382293047801712,0.7967529063502485,-0.4108007551397184,0.6676961798426584,Gm48495,FALSE,FALSE,FALSE,FALSE,0.2534506880823135,FALSE,FALSE,0.06773120241292926
Bnip3,0.30976725033192043,0.14265421931006642,0.2873146615595479,0.208733683230254,0.16324942330302328,0.5939113230126288,Bnip3,FALSE,FALSE,FALSE,FALSE,0.25344377839816384,FALSE,FALSE,0.06772933412071781
Cul2,0.3090100117439931,0.1622009010056003,0.3208142543689547,0.18714316511102974,0.13041224022882858,0.6930940634580646,Cul2,FALSE,FALSE,FALSE,FALSE,0.25341216878059214,FALSE,FALSE,0.0677207872752996
Hcn4,-0.5393182189955841,0.2412665032121389,-0.16192799898378674,0.7366504237853894,-0.05896141420922518,0.9371957355181638,Hcn4,FALSE,FALSE,FALSE,FALSE,0.25340254406286533,FALSE,FALSE,0.06771818487195136
Nkd1,-0.13337693531798656,0.7181957457554603,0.31622820789568196,0.3411775834180331,0.31013296952939196,0.4793803885113061,Nkd1,FALSE,FALSE,FALSE,FALSE,0.25324603758102016,FALSE,FALSE,0.06767586747585358
Plxna3,-0.2649799144164504,0.22006140354037834,-0.3191239459749582,0.1846518904164374,-0.1753107456526335,0.5765246950619544,Plxna3,FALSE,FALSE,FALSE,FALSE,0.2531382020146807,FALSE,FALSE,0.06764671008684059
Triobp,-0.334796991610256,0.14224793080365902,-0.2801823674582833,0.25125015752560487,-0.14440685503334283,0.6638082036321433,Triobp,FALSE,FALSE,FALSE,FALSE,0.2531287380339607,FALSE,FALSE,0.06764415114476952
Acin1,-0.3603869886302036,0.04397390902510133,-0.2232104816680236,0.21049337092852857,-0.17574525548589826,0.44505439627464977,Acin1,FALSE,FALSE,FALSE,FALSE,0.25311424192804183,FALSE,FALSE,0.06764023157895466
Cib2,-0.26091913653384635,0.3412720621052526,-0.29326370006812263,0.30757842799994856,-0.20504982799752502,0.5939113230126288,Cib2,FALSE,FALSE,FALSE,FALSE,0.253077554866498,FALSE,FALSE,0.06763031185616293
Gpr137b,0.26915628171117056,0.1503826235747953,0.273367794007104,0.1773042269211828,0.21666637129570399,0.39705957723000673,Gpr137b,FALSE,FALSE,FALSE,FALSE,0.25306348233799286,FALSE,FALSE,0.06762650682038532
G0s2,-0.24222364510081684,0.3570654223615029,-0.312481498961489,0.2635848790240753,-0.20437465899127494,0.5809080058348941,G0s2,FALSE,FALSE,FALSE,FALSE,0.2530266010178603,FALSE,FALSE,0.06761653457249973
Ebp,-0.22023624808366016,0.2811949314787945,-0.26750921818044393,0.2237878448647094,-0.27117320829390934,0.3324896286381041,Ebp,FALSE,FALSE,FALSE,FALSE,0.25297289151933783,FALSE,FALSE,0.06760201219555796
Tmem102,-0.3415303508229153,0.2139532176717297,-0.26578693280459387,0.34644923866207156,-0.15151791659837777,0.6953787959846605,Tmem102,FALSE,FALSE,FALSE,FALSE,0.2529450667419623,FALSE,FALSE,0.06759448872361194
Pwwp2b,-0.3443713338080503,0.1007349903518848,-0.20872340171203518,0.32606536840398864,-0.2057386734257589,0.46022173136609934,Pwwp2b,FALSE,FALSE,FALSE,FALSE,0.2529444696486148,FALSE,FALSE,0.06759432727703543
Kif19a,-0.3097650266249988,0.6286256956035219,-0.4418684631445613,0.4972293066377403,0.007162179895620624,0.994236686633581,Kif19a,FALSE,FALSE,FALSE,FALSE,0.25293188988839355,FALSE,FALSE,0.06759092586713969
Gm9910,0.04740879365285178,0.9215119513509249,-0.16635359188745263,0.721010484446685,-0.5449631947233746,0.357719004277161,Gm9910,FALSE,FALSE,FALSE,FALSE,0.25290852675455966,FALSE,FALSE,0.0675846087678293
Cks1b,-0.24992529364371885,0.40902200341173434,-0.2867875973884786,0.36304067902846404,-0.22193321071254735,0.5982800806319076,Cks1b,FALSE,FALSE,FALSE,FALSE,0.25288203391491493,FALSE,FALSE,0.06757744543519424
Agap3,-0.4035779193830358,0.0403330919229201,-0.19153621392490106,0.31325698445646527,-0.1634937735962927,0.5158843784413522,Agap3,FALSE,FALSE,FALSE,FALSE,0.25286930230140986,FALSE,FALSE,0.06757400296606897
Lncppara,0.33930987698813997,0.4008852148917112,0.26990182336496193,0.5337040200883406,0.14938263008433017,0.8162230695333773,Lncppara,FALSE,FALSE,FALSE,FALSE,0.2528647768124774,FALSE,FALSE,0.06757277933043782
Tmem45a,0.7403826231585611,0.014455723425594891,0.004362852291101671,0.9863298190688963,-0.013820511454534223,0.9726429190106274,Tmem45a,FALSE,FALSE,FALSE,FALSE,0.2528553289680657,FALSE,FALSE,0.06757022475142277
Gm4890,0.35332268863690963,0.3641839145921217,0.15852123572386212,0.723972823696946,0.24661603158359768,0.6630093655894229,Gm4890,FALSE,FALSE,FALSE,FALSE,0.25281998531478983,FALSE,FALSE,0.06756066826943184
Hras,-0.2360750377945191,0.10173832878339206,-0.2988265651194517,0.09085111530551959,-0.22336183155895561,0.24418727363987092,Hras,FALSE,FALSE,FALSE,FALSE,0.2527544781576421,FALSE,FALSE,0.06754295595308829
Sncg,0.04274287598673976,0.9608908006792275,0.4777411579763318,0.5151416855439062,0.23769765059669573,0.833965400118035,Sncg,FALSE,FALSE,FALSE,FALSE,0.2527272281865891,FALSE,FALSE,0.06753558790158584
Eif1ad,-0.32442793410573323,0.06984478871835617,-0.1956976179787402,0.272120583713831,-0.23792276430477077,0.29907585549558735,Eif1ad,FALSE,FALSE,FALSE,FALSE,0.25268277212974805,FALSE,FALSE,0.06752356753959118
Srsf2,0.29897935839687406,0.2729832178311922,0.24410252210992933,0.4090768511731247,0.21490838881923846,0.5905209049127902,Srsf2,FALSE,FALSE,FALSE,FALSE,0.2526634231086806,FALSE,FALSE,0.06751833580618972
Ces2g,-0.4696757593564682,0.3503457014424515,0.007563323868900351,0.9881821070421726,0.28069264948273664,0.6559947940117007,Ces2g,FALSE,FALSE,FALSE,FALSE,0.2526439109027017,FALSE,FALSE,0.06751305994962829
Tmem200a,-0.3991478523815277,0.25347550461753426,0.21421428426263134,0.5277835648597546,0.14456869900887215,0.7649356338997364,Tmem200a,FALSE,FALSE,FALSE,FALSE,0.25264361188434376,FALSE,FALSE,0.06751297909880252
Gm2366,0.19478906025081003,0.7867644415849234,0.29627309956532627,0.6813537193264132,0.2668501690528688,0.786454588531769,Gm2366,FALSE,FALSE,FALSE,FALSE,0.25263744295633506,FALSE,FALSE,0.0675113110977909
Bloc1s3,-0.30695690958058464,0.23767353314199313,-0.4427403536939165,0.1354339344349246,-0.00814921009576608,0.9847097751008489,Bloc1s3,FALSE,FALSE,FALSE,FALSE,0.2526154911234224,FALSE,FALSE,0.06750537559660601
Sp100,0.3696300150307965,0.16563469529489797,0.15009202950368827,0.615189635608164,0.2380959469838433,0.5243802984022411,Sp100,FALSE,FALSE,FALSE,FALSE,0.25260599717277604,FALSE,FALSE,0.06750280855104152
Bmpr1a,0.3463716123943277,0.06372917024986907,0.2973305047030621,0.14408568227220026,0.11408437588381393,0.6645774646016186,Bmpr1a,FALSE,FALSE,FALSE,FALSE,0.25259549766040124,FALSE,FALSE,0.06749996961415686
Zbtb22,-0.3828112098096246,0.09529642122085913,-0.33921179397983403,0.16284112777286902,0.03562092664838712,0.9254249867141772,Zbtb22,FALSE,FALSE,FALSE,FALSE,0.25254797681261526,FALSE,FALSE,0.06748712057100573
Hint3,0.2803421059524034,0.12265380358430816,0.2799749187652134,0.16039410205092372,0.19714893487483565,0.43143168179947894,Hint3,FALSE,FALSE,FALSE,FALSE,0.25248865319748415,FALSE,FALSE,0.06747108020711882
Plaa,0.28133584124024136,0.18847052212870893,0.3275669442758229,0.1716999405201267,0.14853269900608446,0.6385669435786413,Plaa,FALSE,FALSE,FALSE,FALSE,0.2524784948407162,FALSE,FALSE,0.06746833351444526
Gm14617,0.11650585066126151,0.8052638756100045,0.5909069858777372,0.19457622170788094,-0.04992633399825852,0.9496150391622402,Gm14617,FALSE,FALSE,FALSE,FALSE,0.2524463901790857,FALSE,FALSE,0.0674596528153024
Trim14,-0.48779862828166853,0.2635894445665565,0.08130851251709298,0.8623634466399802,0.18812504522990675,0.7473680811939173,Trim14,FALSE,FALSE,FALSE,FALSE,0.2524107286762228,FALSE,FALSE,0.06745001039075678
Peg10,0.030801244954737683,0.948910588522324,0.555490478528573,0.20562307216288794,0.17092216062400656,0.7874544146890116,Peg10,FALSE,FALSE,FALSE,FALSE,0.2524046280357724,FALSE,FALSE,0.06744836085384723
Spock1,-0.36910441735508837,0.3829039636506707,-0.11613550466366185,0.804095114128438,0.27186585678165587,0.6162317647096978,Spock1,FALSE,FALSE,FALSE,FALSE,0.2523685929334687,FALSE,FALSE,0.06743861741268344
Gm28373,0.3756176525358844,0.49203696136031666,-0.25770554142100616,0.6934321841329113,-0.12375457486595551,0.8983653363537589,Gm28373,FALSE,FALSE,FALSE,FALSE,0.252359256274282,FALSE,FALSE,0.06743609289676324
Armc6,-0.16427726175926916,0.46711317659384055,-0.2836196334497343,0.23260979067353957,-0.3091313507468305,0.30720676904729094,Armc6,FALSE,FALSE,FALSE,FALSE,0.25234274865194467,FALSE,FALSE,0.06743162944205615
Pla2g5,-0.2221155016142231,0.2990955579425054,-0.2149922455659028,0.3362528853461562,-0.3199056690696027,0.2700134481839871,Pla2g5,FALSE,FALSE,FALSE,FALSE,0.2523378054165762,FALSE,FALSE,0.06743029285301123
Vps11,-0.31280852643561285,0.09271894202642457,-0.29554186077753286,0.1497476064857061,-0.1485272493636307,0.5693714416310308,Vps11,FALSE,FALSE,FALSE,FALSE,0.25229254552559216,FALSE,FALSE,0.0674180551443136
2210406O10Rik,-0.4363468602699979,0.3798596361442751,-0.1296215180327508,0.8138831620533922,0.19089729875567962,0.7808696579971197,2210406O10Rik,FALSE,FALSE,FALSE,FALSE,0.2522885590194761,FALSE,FALSE,0.06741697724289783
Kbtbd7,0.33113118534603725,0.1455376831934861,0.3353276156578193,0.18315557668902585,0.09032473605640678,0.8030854534075001,Kbtbd7,FALSE,FALSE,FALSE,FALSE,0.25226117902008777,FALSE,FALSE,0.06740957403335907
Edem3,0.3206177617823114,0.11191810633482727,0.23358039875182168,0.2762575757281114,0.20253389288027446,0.4716558228225186,Edem3,FALSE,FALSE,FALSE,FALSE,0.2522440178048025,FALSE,FALSE,0.06740493385528987
Sharpin,-0.2931758759667371,0.20372739583406257,-0.21743751229967945,0.364337246814455,-0.24600411232218988,0.4342476156200617,Sharpin,FALSE,FALSE,FALSE,FALSE,0.25220583352953546,FALSE,FALSE,0.06739460930462506
Gsto2,-0.5227991023166606,0.30426382935196256,-0.21017855349167017,0.699775373375869,0.023553259167362076,0.9777503992234355,Gsto2,FALSE,FALSE,FALSE,FALSE,0.2521769716585643,FALSE,FALSE,0.06738680541553618
Gm45428,0.5592200313281606,0.23610732998138795,0.07157373878782591,0.9050627448381304,0.12559241533975224,0.8800863548037948,Gm45428,FALSE,FALSE,FALSE,FALSE,0.25212872848524626,FALSE,FALSE,0.06737376106459146
Adam8,-0.27848874429783166,0.6674899478446796,0.1071833529943263,0.8750946034672803,0.37071360155743044,0.6406517306734443,Adam8,FALSE,FALSE,FALSE,FALSE,0.25212856628319613,FALSE,FALSE,0.06737371720718491
Plcb4,0.34848407630143097,0.050533411103183566,0.2580882820691448,0.16579757742966875,0.14978562741666845,0.5293244089977212,Plcb4,FALSE,FALSE,FALSE,FALSE,0.2521193285957481,FALSE,FALSE,0.06737121945198551
Card6,0.39570019825594294,0.08763271298372903,0.2872341780268153,0.23270765292960202,0.07333961221833674,0.8460089597785166,Card6,FALSE,FALSE,FALSE,FALSE,0.252091329500365,FALSE,FALSE,0.06736364884662951
Rnf32,0.3704851940138245,0.06685610684488208,0.2535979626686391,0.22181136806305504,0.132120558682002,0.6417720328427455,Rnf32,FALSE,FALSE,FALSE,FALSE,0.2520679051214885,FALSE,FALSE,0.06735731518742528
Sp140,-0.11023369995243909,0.8208240677406344,0.4395076417091097,0.2948535651233475,0.2063967434386591,0.73647889380471665,Sp140,FALSE,FALSE,FALSE,FALSE,0.25204602836673595,FALSE,FALSE,0.06735139998643627
Exo5,-0.3191189908795242,0.15685987802358983,-0.23566714771194697,0.3073787286386316,-0.20120455102038148,0.5072462343786608,Exo5,FALSE,FALSE,FALSE,FALSE,0.25199689653728424,FALSE,FALSE,0.0673381153539827
Arntl2,0.17892097882710234,0.6552640101343375,0.2924338556671645,0.45379496036593436,0.2845765451704242,0.5853460266172439,Arntl2,FALSE,FALSE,FALSE,FALSE,0.251977126554897,FALSE,FALSE,0.06733276979790308
Gm9874,0.25373324598546443,0.7382546606027874,0.36324761688446894,0.6277629986764559,0.1389408632316409,0.9069391377102901,Gm9874,FALSE,FALSE,FALSE,FALSE,0.2519739087005248,FALSE,FALSE,0.0673318997303094
Arl5b,0.38573278635637376,0.10915090517007948,0.3201045649578207,0.214624222301969,0.049936533154664176,0.9050011149308683,Arl5b,FALSE,FALSE,FALSE,FALSE,0.2519246281562862,FALSE,FALSE,0.06731857488723662
Oaz2,-0.22100545411590833,0.12265380358430816,-0.3325399244485032,0.08098565570715252,-0.20221035241567709,0.3006830619100237,Oaz2,FALSE,FALSE,FALSE,FALSE,0.2519185769933629,FALSE,FALSE,0.06731693872843184
Tmem115,-0.3039229987352128,0.08798171035897023,-0.25028499130926907,0.18533306724967827,-0.20138473178758076,0.39771824511436904,Tmem115,FALSE,FALSE,FALSE,FALSE,0.2518642406106875,FALSE,FALSE,0.06730224684985221
Gm37233,0.46875756300968296,0.272417566199103,0.11520615290415592,0.8265474200983762,0.17146352227564177,0.8046337081908759,Gm37233,FALSE,FALSE,FALSE,FALSE,0.25180907939649355,FALSE,FALSE,0.06728733194714173
Slc52a2,-0.27797257464053304,0.14954074940691336,-0.33443525308045974,0.1283821146376672,-0.14282634474008704,0.5911247404350782,Slc52a2,FALSE,FALSE,FALSE,FALSE,0.25174472415369326,FALSE,FALSE,0.06726993109403685
Acap2,0.23286974105834446,0.06908039260571062,0.25918622176317463,0.09180503249903499,0.26312059045757596,0.12911137253174965,Acap2,FALSE,FALSE,FALSE,FALSE,0.25172551775969837,FALSE,FALSE,0.06726473792521273
Car11,-0.6253341815730544,0.11777155866009938,-0.08283010613100217,0.8430291126962641,-0.0469750786736558,0.9411518907731863,Car11,FALSE,FALSE,FALSE,FALSE,0.25171312212590413,FALSE,FALSE,0.06726138630080096
Chd5,-0.45681882833959175,0.0753226662933843,-0.18824903254219816,0.48348164320689224,-0.11002911931704595,0.7766926604580916,Chd5,FALSE,FALSE,FALSE,FALSE,0.25169899339961194,FALSE,FALSE,0.06725756606984429
Myh7b,-0.3443492234423193,0.5764424643175069,0.31508696449149604,0.5906134077785433,0.09555705796686716,0.9222357924988484,Myh7b,FALSE,FALSE,FALSE,FALSE,0.2516644153002275,FALSE,FALSE,0.0672482165840549
Arel1,-0.30018456403816973,0.057866366417955666,-0.27721121072437693,0.11678665803291224,-0.17752460506361878,0.3932997361974554,Arel1,FALSE,FALSE,FALSE,FALSE,0.2516401266087218,FALSE,FALSE,0.06724164922552109
Atp23,0.07707190923201956,0.8204047018540324,0.29222750568005185,0.3370693840056684,0.3856066756069123,0.3196304599978533,Atp23,FALSE,FALSE,FALSE,FALSE,0.2516353635063279,FALSE,FALSE,0.06724036134218055
Zfr,0.30696913578013696,0.10303721710844499,0.30846302922311875,0.14517424249680805,0.13947338877684157,0.6052238723621677,Zfr,FALSE,FALSE,FALSE,FALSE,0.25163518459336576,FALSE,FALSE,0.06724031296635229
Rnf217,0.285028257526009,0.3862124436254617,0.3993202660380044,0.25972577277625103,-0.07052734864840193,0.9036033575726515,Rnf217,FALSE,FALSE,FALSE,FALSE,0.2516252907374718,FALSE,FALSE,0.06723763779140833
Thnsl1,0.37946637298285957,0.03894994048142692,0.2249242297400471,0.2107614754497824,0.1504017909421158,0.5245499430007461,Thnsl1,FALSE,FALSE,FALSE,FALSE,0.2515974645550075,FALSE,FALSE,0.06723011393954387
Tmem200b,-0.30591080221128647,0.6351087233930109,-0.415017613015197,0.5316977923168167,0.03380259707842881,0.9747448630196787,Tmem200b,FALSE,FALSE,FALSE,FALSE,0.2515770041016374,FALSE,FALSE,0.06722458168874253
Csnk1g1,0.33995723572879033,0.034255490985265924,0.22573728107207458,0.15753931113905578,0.18902129212586338,0.3356363749792366,Csnk1g1,FALSE,FALSE,FALSE,FALSE,0.25157193630890945,FALSE,FALSE,0.06722321142094478
Farsa,-0.30901863986301326,0.07887861196477577,-0.20573174494254332,0.24791732714708076,-0.2397767930542969,0.2916715825275482,Farsa,FALSE,FALSE,FALSE,FALSE,0.2515090592866178,FALSE,FALSE,0.06720621026018522
Fam174a,0.36715347395291076,0.22999031880925097,0.2917028923871836,0.37653073979206797,0.09563656850489366,0.8526947556618973,Fam174a,FALSE,FALSE,FALSE,FALSE,0.2514976449483293,FALSE,FALSE,0.06720312396581037
Csnk1d,-0.39052840161048774,0.04377204212100119,-0.2083066139090759,0.27475301050267664,-0.15540501929054606,0.541217482229437,Csnk1d,FALSE,FALSE,FALSE,FALSE,0.25141334493670325,FALSE,FALSE,0.06718033029655802
Thoc5,-0.31231819668196126,0.16406896934614815,-0.3159238567844098,0.18892649190333088,-0.1259709636476085,0.6930226381645606,Thoc5,FALSE,FALSE,FALSE,FALSE,0.2514043390379932,FALSE,FALSE,0.06717789521413564
Cacna2d1,0.3035469509515085,0.25018736745860526,0.3473496062925143,0.2289569859579575,0.10315989934867886,0.8073285178626909,Cacna2d1,FALSE,FALSE,FALSE,FALSE,0.25135215219756724,FALSE,FALSE,0.06716378454490737
Zmat5,0.20671036935082476,0.5017229943468509,0.12551829289429062,0.7084074417436858,0.42181680952093226,0.27598180914647175,Zmat5,FALSE,FALSE,FALSE,FALSE,0.2513484905886825,FALSE,FALSE,0.0671627944916412
Pik3ip1,-0.40864390214769974,0.2220561400607245,-0.19942084104632585,0.5747591519059884,0.14593813818924062,0.76396457272146,Pik3ip1,FALSE,FALSE,FALSE,FALSE,0.25133429379442207,FALSE,FALSE,0.06715895585595687
Il17rd,-0.34928098663651763,0.1177755763806487,-0.29254871160428575,0.21545322800644753,-0.11180454981187182,0.7338122855626051,Il17rd,FALSE,FALSE,FALSE,FALSE,0.2512114160175584,FALSE,FALSE,0.06712573124127097
Zfp768,-0.45186115083562184,0.05299688159765128,-0.18016629968016185,0.4144636375537003,-0.12160400133172011,0.6874527970583217,Zfp768,FALSE,FALSE,FALSE,FALSE,0.25121048394916795,FALSE,FALSE,0.0671254792216306
Tmc4,-0.33812395342284063,0.0477807385576688,-0.251257448003007,0.15490951735276723,-0.16424048130805424,0.45481486573904134,Tmc4,FALSE,FALSE,FALSE,FALSE,0.25120729424463395,FALSE,FALSE,0.06712461676540125
Hsd11b1,0.379696650461284,0.08048359091151416,0.21346096867355424,0.34132395888623523,0.1604121096414568,0.5985008766847209,Hsd11b1,FALSE,FALSE,FALSE,FALSE,0.25118990959209836,FALSE,FALSE,0.0671199161726929
Myef2,0.3396050148815535,0.07054476207013363,0.2082821237456267,0.28221708170643073,0.2056176987483287,0.4146812490227809,Myef2,FALSE,FALSE,FALSE,FALSE,0.25116827912516965,FALSE,FALSE,0.06711406756485246
Sort1,-0.37490702776681406,0.02275848078818397,-0.1264035215340522,0.3827062710914622,-0.2521380578999004,0.17891057821632086,Sort1,FALSE,FALSE,FALSE,FALSE,0.2511495357335889,FALSE,FALSE,0.0671089995860928
Rnf7,-0.1656814826087567,0.21727616344940756,-0.24424385060728504,0.12344328495802823,-0.3434713719334077,0.0893504597692248,Rnf7,FALSE,FALSE,FALSE,FALSE,0.25113223504981647,FALSE,FALSE,0.06710432169748827
Fut10,-0.24024698498146613,0.2838569649236401,-0.4040546283760502,0.12410044902850102,-0.10895271192109313,0.7448054383370384,Fut10,FALSE,FALSE,FALSE,FALSE,0.2510847750928698,FALSE,FALSE,0.06709148911845884
Gm17110,0.5241399886477967,0.3864569393766929,0.1915349092125077,0.792217332733562,0.037534323197087494,0.9741767548920484,Gm17110,FALSE,FALSE,FALSE,FALSE,0.25106974035246393,FALSE,FALSE,0.06708742391261253
Pskh1,-0.3691301743685882,0.06296467206284513,-0.21084746778347352,0.28888885594463776,-0.17318678221546602,0.5075552616544378,Pskh1,FALSE,FALSE,FALSE,FALSE,0.25105480812250924,FALSE,FALSE,0.06708338642431066
Acbd3,0.3473988500650398,0.0643268399061992,0.25248844861826125,0.1985784419281993,0.15317093896501,0.5534654287261079,Acbd3,FALSE,FALSE,FALSE,FALSE,0.251019412549437,FALSE,FALSE,0.06707381590385589
Pxk,0.19752348910275863,0.23670928855615536,0.31139496447391135,0.11236890046937538,0.244002038414056,0.28163968792335936,Pxk,FALSE,FALSE,FALSE,FALSE,0.250973497330242,FALSE,FALSE,0.0670614010026027
1500009L16Rik,-0.4969977352592152,0.08525456713157673,0.15974309525993324,0.5529028170378727,-0.0960977550313784,0.8115913687677656,1500009L16Rik,FALSE,FALSE,FALSE,FALSE,0.25094619518350897,FALSE,FALSE,0.06705401884344865
Ppp6c,0.30687856087431786,0.05333433753160921,0.2414572956872698,0.15202031156578022,0.20432588925799688,0.3225638205250668,Ppp6c,FALSE,FALSE,FALSE,FALSE,0.25088724860652817,FALSE,FALSE,0.06703808042596399
Cetn4,0.2885197118739944,0.17483610962229562,0.35009592496280995,0.13849670483220658,0.11395823764296109,0.722494768535982,Cetn4,FALSE,FALSE,FALSE,FALSE,0.2508579581599218,FALSE,FALSE,0.06703016065538127
S100a6,-0.4360878366748442,0.1270878445013887,-0.05697214883819823,0.8545632069043684,-0.25944148338545636,0.4895290636965754,S100a6,FALSE,FALSE,FALSE,FALSE,0.25083382296616624,FALSE,FALSE,0.06702363480072011
Cep76,0.4651133030103356,0.08127251770303515,0.20139540739950768,0.47395871177576,0.08596222220516392,0.8426818235002771,Cep76,FALSE,FALSE,FALSE,FALSE,0.2508236442050024,FALSE,FALSE,0.06702088259095298
Tra2b,0.2707333775024079,0.25937710213257337,0.30913894282462806,0.2374979711419612,0.1725385974342979,0.6267890777147247,Tra2b,FALSE,FALSE,FALSE,FALSE,0.25080363925377797,FALSE,FALSE,0.06701547350223729
Abcf1,-0.3273985052994499,0.05128781591348297,-0.21576519316090081,0.20423494948495502,-0.20924442941136778,0.33208358919457537,Abcf1,FALSE,FALSE,FALSE,FALSE,0.25080270929057286,FALSE,FALSE,0.06701522205181272
Myo9a,0.35397919571091396,0.04163307800428041,0.25158740452573713,0.15770178933733603,0.14674533916645593,0.5142216748241247,Myo9a,FALSE,FALSE,FALSE,FALSE,0.25077064646770236,FALSE,FALSE,0.06700655266534752
Tmem88b,0.35740740228869716,0.5942727133627245,0.06488315296690134,0.9357515163610096,0.3299736921733408,0.7286822545847151,Tmem88b,FALSE,FALSE,FALSE,FALSE,0.2507547491429798,FALSE,FALSE,0.06700225422748574
Tmem70,0.36480596351076855,0.08841567973476804,0.2992275051109079,0.18950277126803694,0.08821062507443855,0.787969696283249,Tmem70,FALSE,FALSE,FALSE,FALSE,0.2507480312320383,FALSE,FALSE,0.0670004377883523
Jakmip2,-0.1935269225854448,0.34804328078823954,-0.2656230728948934,0.2311623359004838,-0.29294734174676673,0.30053928198618685,Jakmip2,FALSE,FALSE,FALSE,FALSE,0.250699112409035,FALSE,FALSE,0.06698721075017942
Dhx38,-0.29988508452741325,0.11671819150951618,-0.33759710574938495,0.12366191625598333,-0.11444830600854417,0.6758588626152562,Dhx38,FALSE,FALSE,FALSE,FALSE,0.25064349876178077,FALSE,FALSE,0.06697217351522562
Manbal,-0.23768246390698922,0.3033473363472586,-0.2992707403901913,0.2255409015418172,-0.21464741857778735,0.5001694182960992,Manbal,FALSE,FALSE,FALSE,FALSE,0.25053354095832264,FALSE,FALSE,0.06694244229982727
Mif4gd,-0.20816675222196368,0.36472159454613484,-0.29093093142777526,0.23440180054604517,-0.2524488781164216,0.42074240932049434,Mif4gd,FALSE,FALSE,FALSE,FALSE,0.2505155205887202,FALSE,FALSE,0.06693756981717155
Ccdc86,-0.5040093394051341,0.03440001545187322,-0.15312232969860906,0.4655529144851161,-0.0943620720841798,0.748253422469952,Ccdc86,FALSE,FALSE,FALSE,FALSE,0.2504979137293077,FALSE,FALSE,0.06693280914250166
Lrrn4cl,-0.4915509052303628,0.17730605894642373,-0.2066892566247054,0.5788561765629981,0.05315645417281489,0.927918118166699,Lrrn4cl,FALSE,FALSE,FALSE,FALSE,0.25046553867596105,FALSE,FALSE,0.06692405533281912
Hmcn2,-0.41932563613557106,0.16731940696605402,-0.27959948882582975,0.36537165714982145,-0.05246503272317904,0.9160193455363832,Hmcn2,FALSE,FALSE,FALSE,FALSE,0.25046338589485995,FALSE,FALSE,0.06692347324772274
Slc27a4,-0.4449604533004292,0.022606933826155737,-0.2252718860560119,0.18734420235759502,-0.08090319072326047,0.7303752574601557,Slc27a4,FALSE,FALSE,FALSE,FALSE,0.2503785100265672,FALSE,FALSE,0.06690052387402691
Myg1,-0.2595360324237639,0.09249946188159144,-0.28136132469348407,0.11237771590399237,-0.21014782638009777,0.29907585549558735,Myg1,FALSE,FALSE,FALSE,FALSE,0.2503483944991152,FALSE,FALSE,0.06689238101189843
Gm3248,-0.22003665201928427,0.8369694763428169,0.516797388436111,0.5756589022212344,-0.01411932365406926,0.9924441679334658,Gm3248,FALSE,FALSE,FALSE,FALSE,0.2503177880364882,FALSE,FALSE,0.06688410540703613
B4gat1,-0.26285887621327664,0.13241849627878485,-0.3745047751239321,0.08918257372690049,-0.11356406457389667,0.6477599492831145,B4gat1,FALSE,FALSE,FALSE,FALSE,0.25030923863703514,FALSE,FALSE,0.06688179375630583
Zfp939,0.36381378358574334,0.09033719439481486,0.21098612407666373,0.3437792231647308,0.17601984664911363,0.5561186750210293,Zfp939,FALSE,FALSE,FALSE,FALSE,0.25027325143717355,FALSE,FALSE,0.06687206326736353
Myo3b,0.14717848055794747,0.6975602724547311,0.24686329008278518,0.5027758108041562,0.35677778896316603,0.44380716000887926,Myo3b,FALSE,FALSE,FALSE,FALSE,0.2502731865346329,FALSE,FALSE,0.06687204571852792
Tnks2,0.36341672421962734,0.040445401951539985,0.2801496068581031,0.13371534873841176,0.10723106380243941,0.6512992160135125,Tnks2,FALSE,FALSE,FALSE,FALSE,0.25026579829338996,FALSE,FALSE,0.06687004803046123
Lmo1,-0.20503501180743555,0.5144723058565456,-0.5246212161208446,0.14033189235385934,-0.021016331524021936,0.9692527582689531,Lmo1,FALSE,FALSE,FALSE,FALSE,0.25022418648410066,FALSE,FALSE,0.06685879671744673
Fry,-0.26508709139227005,0.2393881858371119,-0.2572896292364417,0.2908678686512068,-0.2282819053511913,0.475060794932237,Fry,FALSE,FALSE,FALSE,FALSE,0.25021954199330104,FALSE,FALSE,0.06685754090519841
Dennd1b,0.34618459829205683,0.1061276311980601,0.272621173065982,0.23303846442142961,0.13179229616283283,0.6734996583807101,Dennd1b,FALSE,FALSE,FALSE,FALSE,0.25019935584029057,FALSE,FALSE,0.0668520828217851
Grb10,0.3187709141578585,0.0693071927905503,0.2523576261304097,0.1766064831950047,0.17946331839074237,0.4471474922198249,Grb10,FALSE,FALSE,FALSE,FALSE,0.25019728622633686,FALSE,FALSE,0.06685152322404567
Capza1,0.2991477863322842,0.10331604374147273,0.24644419232227666,0.20607419132060137,0.2049119154582959,0.4130567832631179,Capza1,FALSE,FALSE,FALSE,FALSE,0.2501679647042856,FALSE,FALSE,0.06684359505105114
Slc43a1,-0.37028001142453926,0.4836674123189524,0.3041617783730315,0.5432009762392976,0.07603267858199603,0.9286823212400908,Slc43a1,FALSE,FALSE,FALSE,FALSE,0.25015815612652226,FALSE,FALSE,0.06684094293424758
Sgms1,0.31066706782410414,0.057866366417955666,0.23257410183608407,0.17668983414192563,0.20722205280491757,0.3332157601112203,Sgms1,FALSE,FALSE,FALSE,FALSE,0.2501544074883686,FALSE,FALSE,0.06683992934935509
Htra4,0.33783120101978187,0.657763374481447,-0.35906992231419227,0.6846139702257068,0.05337832606329346,0.9688448947437457,Htra4,FALSE,FALSE,FALSE,FALSE,0.2500931497990892,FALSE,FALSE,0.06682336603599766
Stxbp1,-0.37588606710585104,0.04910200366295511,-0.2507410743129288,0.19696189968357422,-0.12364473950430455,0.6353991793414071,Stxbp1,FALSE,FALSE,FALSE,FALSE,0.25009062697436146,FALSE,FALSE,0.06682268389573082
Olfml2a,-0.1929706889528986,0.6902035764410746,-0.36783625022780964,0.4476884078726241,0.18943008822078822,0.7692673212133444,Olfml2a,FALSE,FALSE,FALSE,FALSE,0.25007900913383213,FALSE,FALSE,0.06681954257689415
Fkbp14,0.34724213469952936,0.019850968814593157,0.1707025236059243,0.18533306724967827,0.23228230269039862,0.1521466001677968,Fkbp14,FALSE,FALSE,FALSE,FALSE,0.2500756536652841,FALSE,FALSE,0.06681863530014774
Gm46447,-0.061460280414362356,0.9359593427871242,0.5452015591132373,0.3769043004931641,0.14356245150200234,0.8901827965684321,Gm46447,FALSE,FALSE,FALSE,FALSE,0.25007476367653403,FALSE,FALSE,0.06681839465831607
Gm2694,-0.23943849619276303,0.621816448429668,-0.20382036241015744,0.6886197269319565,-0.3069353043570955,0.6423207840863889,Gm2694,FALSE,FALSE,FALSE,FALSE,0.250064720986672,FALSE,FALSE,0.06681567924052782
Man2a2,-0.31174688580314847,0.09431191754459184,-0.3087469081644727,0.13849670483220658,-0.12967205829785033,0.6269631346690989,Man2a2,FALSE,FALSE,FALSE,FALSE,0.2500552840884905,FALSE,FALSE,0.06681312762123658
Zbtb1,0.3096588870723105,0.13687967839990978,0.26106370642875376,0.24167009974042433,0.17934259255936968,0.5448033996385021,Zbtb1,FALSE,FALSE,FALSE,FALSE,0.25002172868681133,FALSE,FALSE,0.06680405466012125
Mad2l1bp,-0.1369496044327403,0.5946045263785608,-0.30854092995466376,0.24272820742729076,-0.3045333954889151,0.36698460031113583,Mad2l1bp,FALSE,FALSE,FALSE,FALSE,0.2500079766254397,FALSE,FALSE,0.06680033627465018
Ggt1,-0.26352101475512407,0.703602345402333,-0.30791792901189424,0.6666777855459667,-0.1785308526564644,0.8645344729382035,Ggt1,FALSE,FALSE,FALSE,FALSE,0.24998993214116091,FALSE,FALSE,0.06679545727168747
Ggn,0.4733949856245298,0.34769168074372464,-0.14033883835469302,0.8255291120989992,-0.1362007191158447,0.8806956922808657,Ggn,FALSE,FALSE,FALSE,FALSE,0.24997818103168917,FALSE,FALSE,0.06679227991859485
Isl2,0.16895237695626897,0.7201731651902461,0.2543687115646588,0.5838201954612349,0.32653167510413694,0.5858642364755349,Isl2,FALSE,FALSE,FALSE,FALSE,0.2499509212083549,FALSE,FALSE,0.06678490920315872
Sdc4,-0.34702052423539786,0.09461121594874382,-0.19960835733120064,0.35792802861935435,-0.2032139196680962,0.4787104982745771,Sdc4,FALSE,FALSE,FALSE,FALSE,0.2499476004115649,FALSE,FALSE,0.06678401130122223
Akt1s1,-0.26633502738906945,0.2220561400607245,-0.33407622038744744,0.16839428995076916,-0.14940856604027708,0.6341059812141951,Akt1s1,FALSE,FALSE,FALSE,FALSE,0.24993993793893132,FALSE,FALSE,0.06678193946441585
D7Ertd443e,0.31010365781104704,0.592840775628243,-0.036093368531809666,0.9594125152473906,0.40356920747170044,0.601048309980871,D7Ertd443e,FALSE,FALSE,FALSE,FALSE,0.24992207793818572,FALSE,FALSE,0.06677711034349416
Aars2,-0.3697399658991416,0.09222099265007831,-0.3280617992925716,0.15518880905879467,-0.051854054426723195,0.876713687437313,Aars2,FALSE,FALSE,FALSE,FALSE,0.24988527320614548,FALSE,FALSE,0.06676715880407127
Zfp607a,0.3569352224532243,0.14940596040077356,0.18410685219442957,0.4909885333434505,0.20856777411620175,0.5528493575251785,Zfp607a,FALSE,FALSE,FALSE,FALSE,0.24986994958795186,FALSE,FALSE,0.06676301548928261
Top1,0.2078086299014421,0.34962550214545435,0.34409489291190454,0.16870718105098936,0.19763835677175656,0.5374640967791049,Top1,FALSE,FALSE,FALSE,FALSE,0.2498472931950344,FALSE,FALSE,0.06675688948388059
Rps6ka4,-0.27397008160022374,0.120237954042911,-0.41340523309408006,0.07860560439896262,-0.06213512307448088,0.8169048517644655,Rps6ka4,FALSE,FALSE,FALSE,FALSE,0.2498368125895949,FALSE,FALSE,0.06675405565919487
Mfap1a,0.35628633628249773,0.04635453586239561,0.27180884149536944,0.14600483083553098,0.1213503352865013,0.6140787433215946,Mfap1a,FALSE,FALSE,FALSE,FALSE,0.24981517102145614,FALSE,FALSE,0.066748204049726
Adssl1,-0.37991678341247503,0.3072697918360311,-0.06077064796888543,0.8846436018303956,-0.3087096213627962,0.5464351320001115,Adssl1,FALSE,FALSE,FALSE,FALSE,0.24979901758138556,FALSE,FALSE,0.06674383636147597
Hes6,-0.24742965128502892,0.37746655878233704,-0.4588848992010588,0.14976787544998119,0.04281299377556724,0.9308707838816256,Hes6,FALSE,FALSE,FALSE,FALSE,0.24970918142055165,FALSE,FALSE,0.06671954578668897
Cab39,0.33202199147724265,0.11035411075968772,0.3123899317070391,0.17346254836982197,0.10467232219670741,0.739229701984006,Cab39,FALSE,FALSE,FALSE,FALSE,0.2496947484603297,FALSE,FALSE,0.06671564329468113
Insl6,0.03149532496581109,0.9721933262056326,0.37253909087689946,0.6253900233874495,0.34504906642892613,0.738301494482699,Insl6,FALSE,FALSE,FALSE,FALSE,0.24969449409054556,FALSE,FALSE,0.06671557451627155
Nbeal2,-0.43074281428839445,0.08126534038628647,-0.21087468138392174,0.3781818105203927,0.1073302007910697,0.7428585502300306,Nbeal2,FALSE,FALSE,FALSE,FALSE,0.24964923215446197,FALSE,FALSE,0.06670333625460456
Rasip1,-0.3793385111884138,0.20472201030908357,-0.2976391439603141,0.3322420293085211,-0.07191064936728297,0.8796884147096544,Rasip1,FALSE,FALSE,FALSE,FALSE,0.24962943483867028,FALSE,FALSE,0.0666979833079141
Jund,-0.4194311622441216,0.10436690486016179,-0.27881001556424767,0.2940906381589807,-0.050638522624791626,0.9054114982218228,Jund,FALSE,FALSE,FALSE,FALSE,0.24962656681105364,FALSE,FALSE,0.0666972078291017
Runx1,-0.14911730103339327,0.5192353648211746,0.3613564401882603,0.13078105459057643,0.23833048318634642,0.41208181177190123,Runx1,FALSE,FALSE,FALSE,FALSE,0.24960140813599999,FALSE,FALSE,0.06669040523789277
Lifr,0.2467302219268781,0.11518754429983756,0.30616152245655215,0.10394846725478332,0.1959007467241669,0.36412059479701575,Lifr,FALSE,FALSE,FALSE,FALSE,0.24959749703586573,FALSE,FALSE,0.06668934772531177
Gm10069,0.1581961348327665,0.724550993691932,0.46711088966708303,0.2613387705651277,0.123457479363964,0.8536957368721579,Gm10069,FALSE,FALSE,FALSE,FALSE,0.2495881679546045,FALSE,FALSE,0.06668682525836787
Pla2g6,-0.26463010214661775,0.24689573443843096,-0.3063595787879332,0.210566897673602,-0.17744078701053745,0.581081376669175,Pla2g6,FALSE,FALSE,FALSE,FALSE,0.2494768226483628,FALSE,FALSE,0.06665671887956294
Coro1b,-0.16649609586717773,0.28690119523780777,-0.3048311983328391,0.10849905442664975,-0.2769728925926609,0.20413169178851054,Coro1b,FALSE,FALSE,FALSE,FALSE,0.24943339559755925,FALSE,FALSE,0.06664497674793654
Tmprss2,-0.047797511274502824,0.9133693502504748,0.3987335216845693,0.2743590943006781,0.30168330613547534,0.536826266972932,Tmprss2,FALSE,FALSE,FALSE,FALSE,0.2494047796981825,FALSE,FALSE,0.06663723936649174
Fchsd1,-0.4513560608489984,0.1927429401101406,-0.12237002007500264,0.7382500572178008,-0.17441961095997582,0.7192758347427225,Fchsd1,FALSE,FALSE,FALSE,FALSE,0.24938189729465896,FALSE,FALSE,0.06663105225064735
Stard3,-0.27011579605074054,0.13890949822424414,-0.21730589036089665,0.2543281271882437,-0.26068493274558957,0.28533013826582715,Stard3,FALSE,FALSE,FALSE,FALSE,0.24936887305240893,FALSE,FALSE,0.06662753065836778
Kdf1,-0.3900539206640179,0.0716415955009458,-0.1473306467988471,0.489463731950785,-0.21069693932440448,0.44653217569857523,Kdf1,FALSE,FALSE,FALSE,FALSE,0.24936050226242315,FALSE,FALSE,0.06662526730140451
Gm6863,0.29566133484988244,0.46843468573273866,0.21680310469016928,0.6212490283772575,0.23519165901353878,0.6848537637232601,Gm6863,FALSE,FALSE,FALSE,FALSE,0.2492186995178635,FALSE,FALSE,0.0665869256120474
Ramp3,0.5042619717884419,0.28540891283387415,0.24272210797746702,0.6531643517280566,6.184089186054148e-4,0.9993202233505614,Ramp3,FALSE,FALSE,FALSE,FALSE,0.24920082956150477,FALSE,FALSE,0.0665820937992524
Gramd4,-0.3006933145950965,0.2778081927052231,-0.3584163891337635,0.22624314298368003,-0.08848570764268304,0.8393204122456593,Gramd4,FALSE,FALSE,FALSE,FALSE,0.24919847045718102,FALSE,FALSE,0.06658145592693601
Tbc1d25,-0.30599931591858587,0.24712042255667999,-0.37560889091586036,0.1886090407477817,-0.0659256984642087,0.8751329067921741,Tbc1d25,FALSE,FALSE,FALSE,FALSE,0.24917796843288498,FALSE,FALSE,0.066575912435876
Plat,-0.14999130264540117,0.5689907134315562,-0.12001145734410468,0.6775965201461162,-0.4775088428618499,0.17772869661514587,Plat,FALSE,FALSE,FALSE,FALSE,0.24917053428378524,FALSE,FALSE,0.06657390233489875
Ecd,-0.35433483966073975,0.040457000377134976,-0.2654716947923417,0.13538779083376862,-0.1276969920681852,0.5618970501869481,Ecd,FALSE,FALSE,FALSE,FALSE,0.24916784217375554,FALSE,FALSE,0.0665731744220026
Hist1h4c,-0.23669209462767782,0.32785018943595357,-0.25541564901471236,0.327361113667193,-0.25536524268207206,0.4555308277028583,Hist1h4c,FALSE,FALSE,FALSE,FALSE,0.24915766210815407,FALSE,FALSE,0.06657042185953184
Slc22a18,-0.36046777556919396,0.4692273175711312,0.10995536933221478,0.8351527915513657,0.276913525187157,0.6617071207654013,Slc22a18,FALSE,FALSE,FALSE,FALSE,0.24911222336285524,FALSE,FALSE,0.06655813579086346
Flywch1,-0.36947316977524913,0.10994408918677313,-0.21882303507796408,0.3648924883306366,-0.15901959126592402,0.6305444785347456,Flywch1,FALSE,FALSE,FALSE,FALSE,0.24910526537304575,FALSE,FALSE,0.0665562544374055
Gm37829,-0.11941650354752872,0.8715730875031782,0.2260393050699222,0.7458644774828005,-0.4018198159523653,0.6765560283158762,Gm37829,FALSE,FALSE,FALSE,FALSE,0.24909187485660542,FALSE,FALSE,0.06655263380916392
Cep164,-0.3101948947586006,0.21329620448961942,-0.2723106083299358,0.30014993475654805,-0.16466799488771944,0.6444753230168732,Cep164,FALSE,FALSE,FALSE,FALSE,0.24905783265875195,FALSE,FALSE,0.06654342922444884
Tcf19,0.13141583034426585,0.7799361395703357,-0.5978495173877898,0.23269557960360068,-0.01776666967227425,0.9815442225191046,Tcf19,FALSE,FALSE,FALSE,FALSE,0.24901067246810996,FALSE,FALSE,0.0665306776984806
Auts2,0.2971060804004617,0.05428956408387389,0.21366487871910422,0.18315557668902585,0.23616880710888122,0.23732599087608175,Auts2,FALSE,FALSE,FALSE,FALSE,0.24897992207614905,FALSE,FALSE,0.06652236317692578
Mrps30,0.3311737557211054,0.07883659168967523,0.28363228714618094,0.15885044333370063,0.13207065811528196,0.6170750206578537,Mrps30,FALSE,FALSE,FALSE,FALSE,0.24895890032752277,FALSE,FALSE,0.0665166791589043
Spryd4,-0.48855574467136664,0.11878371677993302,-0.1542577692797833,0.6269552602309127,-0.10402807343531029,0.816326635188023,Spryd4,FALSE,FALSE,FALSE,FALSE,0.24894719579548674,FALSE,FALSE,0.06651351439976802
Cpa5,0.36355317718396374,0.32786950299874834,0.37246361744116085,0.334264639049095,0.010790410374017068,0.9870574452185918,Cpa5,FALSE,FALSE,FALSE,FALSE,0.2489357349997139,FALSE,FALSE,0.06651041554387019
Atp5j2,-0.20223482046831798,0.13855829794307029,-0.22234196296845976,0.1494472400631582,-0.32211038380631596,0.10131812115341413,Atp5j2,FALSE,FALSE,FALSE,FALSE,0.24889572241436456,FALSE,FALSE,0.06649959664101607
1500012K07Rik,-0.1904691207133672,0.8458732624653789,-0.4993416805792149,0.6115704437426042,-0.056799215030716166,0.9702827424909112,1500012K07Rik,FALSE,FALSE,FALSE,FALSE,0.2488700054410994,FALSE,FALSE,0.0664926430929504
Plcl2,0.09388683960174404,0.6912362658992561,0.30523400563445247,0.20504920695826262,0.3474276511555603,0.25445387841808387,Plcl2,FALSE,FALSE,FALSE,FALSE,0.24884949879725227,FALSE,FALSE,0.06648709835282153
Adgrb1,-0.4643337800377245,0.20641701414633132,-0.21470524869323482,0.5760163155505373,-0.06735110951593448,0.9100554618787647,Adgrb1,FALSE,FALSE,FALSE,FALSE,0.24879671274896462,FALSE,FALSE,0.06647282566527857
Ric8a,-0.21932797014533456,0.11216699167490973,-0.2989067724774426,0.08634497140028305,-0.2281262196823981,0.2234082253570566,Ric8a,FALSE,FALSE,FALSE,FALSE,0.24878698743505842,FALSE,FALSE,0.06647019606198105
Tcn2,-0.4157894780871185,0.04535458321584738,-0.19975256030633215,0.31635458729303523,-0.13080556127372134,0.6297341360634865,Tcn2,FALSE,FALSE,FALSE,FALSE,0.24878253322239066,FALSE,FALSE,0.06646899169856081
Pm20d2,-0.2474562813413259,0.3902709335429499,-0.4179190394655845,0.18551116152221053,-0.08094267061598881,0.8587137009672529,Pm20d2,FALSE,FALSE,FALSE,FALSE,0.24877266380763308,FALSE,FALSE,0.06646632313219457
Smco4,-0.08070858305057138,0.7257433575538462,-0.3227639368033328,0.17397006434975693,-0.34276354427991906,0.24200848289713714,Smco4,FALSE,FALSE,FALSE,FALSE,0.24874535471127443,FALSE,FALSE,0.06645893909394864
Txnrd1,-0.2920817605868038,0.04606025036590062,-0.20308635354821547,0.17637659061757832,-0.25102144730561005,0.17991730657020547,Txnrd1,FALSE,FALSE,FALSE,FALSE,0.2487298538135431,FALSE,FALSE,0.06645474784498927
Atxn3,0.327347851631135,0.04367318706481184,0.1805433878872993,0.2577803926244126,0.2381273844021523,0.2398127496369869,Atxn3,FALSE,FALSE,FALSE,FALSE,0.24867287464019552,FALSE,FALSE,0.06643934138885119
Ctxn2,0.5036167514915967,0.2024784643476161,0.06937263454320453,0.8887168154220202,-0.17295602208343908,0.7965425878660886,Ctxn2,FALSE,FALSE,FALSE,FALSE,0.24864846937274676,FALSE,FALSE,0.06643274250963976
Ero1lb,0.37526599812050687,0.09309634814085643,0.18584537890657593,0.428065568511634,0.1848235767006221,0.5565381843116766,Ero1lb,FALSE,FALSE,FALSE,FALSE,0.24864498457590165,FALSE,FALSE,0.06643180026413864
Gnl1,-0.34604424898252084,0.032436897241476845,-0.2268594645484896,0.1541848750853232,-0.17302961640256687,0.376084780912994,Gnl1,FALSE,FALSE,FALSE,FALSE,0.24864444331119243,FALSE,FALSE,0.06643165391292799
Nebl,0.39563638567383563,0.12808874608982304,0.2933310129602047,0.29145945691797853,0.05663438878402882,0.9009290478891588,Nebl,FALSE,FALSE,FALSE,FALSE,0.24853392913935637,FALSE,FALSE,0.06640177226247578
Nol7,0.40423124798387544,0.040047514712064296,0.2032870739269299,0.28910161712160237,0.13803828351470315,0.5944368572799373,Nol7,FALSE,FALSE,FALSE,FALSE,0.2485188684751695,FALSE,FALSE,0.06639770004716317
Sdf4,-0.22359798163284772,0.0786236969341647,-0.24409929645166528,0.10283205205338605,-0.27770364971914674,0.11744279887251301,Sdf4,FALSE,FALSE,FALSE,FALSE,0.24846697593455325,FALSE,FALSE,0.0663836689529242
Ptprs,-0.2908075538121011,0.1685647534163031,-0.3333321218882528,0.16121341741874018,-0.12125801034426864,0.7044857380128031,Ptprs,FALSE,FALSE,FALSE,FALSE,0.2484658953482075,FALSE,FALSE,0.06638337677588546
Acbd5,0.39707905018047995,0.05778265779824198,0.2335940695179728,0.27253231970131003,0.1147030012776824,0.6994536337510838,Acbd5,FALSE,FALSE,FALSE,FALSE,0.24845870699204506,FALSE,FALSE,0.06638143313424563
Polr3f,0.3384592347684352,0.08433551389710191,0.3306078322668151,0.1312222907616581,0.0762711788951771,0.8007407999651911,Polr3f,FALSE,FALSE,FALSE,FALSE,0.24844608197680915,FALSE,FALSE,0.06637801948795967
Cygb,-0.3571206511941565,0.2659213937279579,-0.12410948319963389,0.7205524529057709,0.26403548808851207,0.515249054140704,Cygb,FALSE,FALSE,FALSE,FALSE,0.24842187416076747,FALSE,FALSE,0.06637147399714025
Pnrc1,0.34860970053169815,0.04178226443439048,0.2563428188462593,0.149407774246573,0.14031265085017441,0.5306031931379444,Pnrc1,FALSE,FALSE,FALSE,FALSE,0.2484217234093773,FALSE,FALSE,0.06637143323584899
Doc2g,-0.22819053375472698,0.7912872043672986,0.36482463144515825,0.6460136016663897,-0.1519930058367498,0.9071726619101126,Doc2g,FALSE,FALSE,FALSE,FALSE,0.24833605701221168,FALSE,FALSE,0.06634827011302886
Zfp456,0.29070973557484,0.6390166155588232,0.4167668422037915,0.4962718388374775,0.03744388706942542,0.9726623266560682,Zfp456,FALSE,FALSE,FALSE,FALSE,0.24830682161601897,FALSE,FALSE,0.06634036522738977
Fbxo16,-0.1940355563176519,0.3288539734094392,-0.2823689519621966,0.19073805832123072,-0.2684418355814673,0.3218324643651578,Fbxo16,FALSE,FALSE,FALSE,FALSE,0.2482821146204386,FALSE,FALSE,0.06633368476466367
Slc29a2,-0.4131266920534836,0.3379638498476012,-0.19646549481353898,0.6672684330168261,-0.1351803926553753,0.8358743441459907,Slc29a2,FALSE,FALSE,FALSE,FALSE,0.24825752650746596,FALSE,FALSE,0.06632703644630847
Ppp1r11,-0.280243665826287,0.041200781151941444,-0.19070816072812313,0.16663948977725754,-0.27361319181321875,0.12049300589085365,Ppp1r11,FALSE,FALSE,FALSE,FALSE,0.2481883394558763,FALSE,FALSE,0.06630832913251265
Olfml2b,0.36431627717779136,0.352665298035831,0.007309293667809524,0.9875152088831879,0.3729155684375832,0.4856421306484975,Olfml2b,FALSE,FALSE,FALSE,FALSE,0.24818037976106136,FALSE,FALSE,0.0663061769305442
Gm10643,-0.21487331765715356,0.4624180505471912,-0.28436780168157005,0.3447129251494099,-0.24515783958265436,0.53879477853353,Gm10643,FALSE,FALSE,FALSE,FALSE,0.248132986307126,FALSE,FALSE,0.06629336233309764
Selenop,0.15386490749586557,0.4692273175711312,0.32719556066243705,0.16275645134938108,0.2633051108871731,0.3647465557348809,Selenop,FALSE,FALSE,FALSE,FALSE,0.24812185968182524,FALSE,FALSE,0.06629035383271777
Gm26724,0.15659797945955106,0.7941470721354679,0.20702062483659994,0.7317811736495726,0.3805783530852257,0.609651771495217,Gm26724,FALSE,FALSE,FALSE,FALSE,0.2480656524604589,FALSE,FALSE,0.06627515610274472
Npbwr1,-0.5036858738362842,0.5708523009538254,-0.05534682683051195,0.9553736658147972,0.18499156983965537,0.886296082228495,Npbwr1,FALSE,FALSE,FALSE,FALSE,0.24800809016881717,FALSE,FALSE,0.06625959197870986
Nxpe3,0.40001656907406824,0.07740073324393147,0.05016598860057053,0.8507827865075759,0.29380439860875684,0.3228816905189946,Nxpe3,FALSE,FALSE,FALSE,FALSE,0.2479956520944652,FALSE,FALSE,0.06625622887890185
Znfx1,-0.36487846274636926,0.07299394562283804,-0.16792592082184488,0.42555952619319315,-0.21113455942144554,0.4432951895198064,Znfx1,FALSE,FALSE,FALSE,FALSE,0.2479796476632199,FALSE,FALSE,0.06625190148077531
Ptpn22,-0.4248557526321168,0.5115953328225433,-0.17683928312258196,0.8006407626514287,-0.1420306588787973,0.8879962345163926,Ptpn22,FALSE,FALSE,FALSE,FALSE,0.247908564877832,FALSE,FALSE,0.06623268158426031
Arl3,-0.25254766745156587,0.1344012592340709,-0.29666871344443724,0.12780429037239882,-0.19448068193330315,0.4035882157190128,Arl3,FALSE,FALSE,FALSE,FALSE,0.2478990209431021,FALSE,FALSE,0.0662301010236245
Eny2,0.3656149882542685,0.052656631445157503,0.2650518196922649,0.17619113081826418,0.11299019248529518,0.6646370375322505,Eny2,FALSE,FALSE,FALSE,FALSE,0.24788566681060953,FALSE,FALSE,0.06622649023314754
Hist1h3f,-0.27085766306748615,0.2337057848131922,-0.3614988275725137,0.1551146534293681,-0.11118404059827203,0.7407323498889256,Hist1h3f,FALSE,FALSE,FALSE,FALSE,0.24784684374609064,FALSE,FALSE,0.06621599296185497
Zbtb45,-0.4676382650026021,0.07611384745331402,-0.24060124643680636,0.3450213455456737,-0.03526914337385145,0.9337036850760244,Zbtb45,FALSE,FALSE,FALSE,FALSE,0.24783621827108662,FALSE,FALSE,0.06621311996625012
Ap1b1,-0.30919213240538035,0.07241098093098175,-0.23473106516039177,0.19552366357614318,-0.1994066199072586,0.38738060474461117,Ap1b1,FALSE,FALSE,FALSE,FALSE,0.24777660582434358,FALSE,FALSE,0.066197001505906225
Gm24187,-0.2732806188393724,0.4718160501123627,-0.4580374602708899,0.2569980406129594,0.01193475605630745,0.9855056181234878,Gm24187,FALSE,FALSE,FALSE,FALSE,0.24775094505552323,FALSE,FALSE,0.0661900631548198
Usp25,0.3796782603042388,0.031011507900394246,0.17759907050687218,0.2850281444337467,0.18579107839121,0.38837162734824326,Usp25,FALSE,FALSE,FALSE,FALSE,0.247689469734107,FALSE,FALSE,0.06617344099645334
Rab35,-0.3292275653994956,0.03894994048142692,-0.22821297909789795,0.15058140646537818,-0.1855987326593258,0.3356363749792366,Rab35,FALSE,FALSE,FALSE,FALSE,0.2476797590522398,FALSE,FALSE,0.06617081534947623
Rabl2,0.23408442928732853,0.3747922861809808,0.2675024886804329,0.328076396455746,0.24130977244453122,0.5041967961034374,Rabl2,FALSE,FALSE,FALSE,FALSE,0.24763223013743088,FALSE,FALSE,0.06615796412510294
Adcy7,0.38849373266699816,0.13017725402081198,0.12769967569396012,0.6603034420922036,0.22664654490383596,0.5302193409892363,Adcy7,FALSE,FALSE,FALSE,FALSE,0.24761331775493142,FALSE,FALSE,0.06615285045331155
Fndc7,-0.2503617195706508,0.6292946031427311,-0.26500697509652826,0.6208267383351632,-0.2272904527607834,0.7532323228074294,Fndc7,FALSE,FALSE,FALSE,FALSE,0.24755304914265416,FALSE,FALSE,0.06613655457401038
Tex2,-0.20251451219582872,0.24993482491269303,-0.34120993017565837,0.10890761169862719,-0.19885509233223964,0.42040455332199844,Tex2,FALSE,FALSE,FALSE,FALSE,0.24752651156790892,FALSE,FALSE,0.0661293791455634
Anks1b,0.35103576914131196,0.13572106856036603,0.24261371371979745,0.33185851445916753,0.14892061850785332,0.6666122328750366,Anks1b,FALSE,FALSE,FALSE,FALSE,0.2475233671229876,FALSE,FALSE,0.0661285289269675
Rbm27,0.2912735780849136,0.09674731075524617,0.3115417658219588,0.12275711329939229,0.13921378958333186,0.5758551318227222,Rbm27,FALSE,FALSE,FALSE,FALSE,0.24734304449673475,FALSE,FALSE,0.0660797719431636
Enho,-0.47754600150504656,0.08765779988833677,-0.21605388584873575,0.43175410638627487,-0.04825178227984006,0.9126869243394347,Enho,FALSE,FALSE,FALSE,FALSE,0.2472838898778741,FALSE,FALSE,0.0660637772737555
H2afy2,-0.25434053603286255,0.1487515388238262,-0.25622033330107996,0.17995212463848295,-0.2310460482763368,0.3297253938924563,H2afy2,FALSE,FALSE,FALSE,FALSE,0.2472023058700931,FALSE,FALSE,0.06604171797798825
3930402G23Rik,0.17202472795469892,0.703672405578614,-0.4133335620259718,0.3913428358170575,-0.15621959536498986,0.8202484450223476,3930402G23Rik,FALSE,FALSE,FALSE,FALSE,0.24719262844855353,FALSE,FALSE,0.06603910132418793
Clvs1,0.19862377274691934,0.3836459660510479,0.39885855386916536,0.12243118855820584,0.14392064765246682,0.6623967494516975,Clvs1,FALSE,FALSE,FALSE,FALSE,0.24713432475618383,FALSE,FALSE,0.06602333673466497
A830009L08Rik,-0.11572952425287741,0.8731636521508875,0.23024657114939673,0.7352942075302151,-0.39541290553449837,0.6765392028715754,A830009L08Rik,FALSE,FALSE,FALSE,FALSE,0.24712966697892416,FALSE,FALSE,0.06602207732992398
4930481A15Rik,-0.2326171648776869,0.554928806451173,-0.37381732125652434,0.35238623909615807,-0.13485252956227356,0.8160706567923424,4930481A15Rik,FALSE,FALSE,FALSE,FALSE,0.24709567189882828,FALSE,FALSE,0.06601288548526149
Rab5b,-0.2641956507019678,0.08863449290841117,-0.2790724699432845,0.1186408289080409,-0.1979769861379479,0.3443835046510061,Rab5b,FALSE,FALSE,FALSE,FALSE,0.24708170226106674,FALSE,FALSE,0.06600910826985465
Steap2,0.20071855978510467,0.43789665420054197,0.3900891890324578,0.16169298099094984,0.1502850561942637,0.6893773649417326,Steap2,FALSE,FALSE,FALSE,FALSE,0.24703093500394205,FALSE,FALSE,0.06599538143820387
2610020C07Rik,0.24042556410183247,0.5774807542151125,0.3205810981330497,0.45707867469665214,0.1800674958749704,0.7751107135393539,2610020C07Rik,FALSE,FALSE,FALSE,FALSE,0.24702471936995085,FALSE,FALSE,0.0659937008084785
Dph5,-0.22868265403122745,0.38046824789695755,0.3049409916390351,0.23082007519310685,0.2073463926842316,0.5403758976649078,Dph5,FALSE,FALSE,FALSE,FALSE,0.24699001278483138,FALSE,FALSE,0.06598431658175263
Tmem176b,-0.36199939969101,0.09361624756623194,-0.20523851919262714,0.36456326710610387,-0.1736138884962486,0.5700228149435639,Tmem176b,FALSE,FALSE,FALSE,FALSE,0.24695060245996192,FALSE,FALSE,0.065973660522603
Arhgef40,-0.23143898068354218,0.27831831938539964,-0.32960206394716796,0.16735829250672757,-0.17977719139656578,0.5542801783995484,Arhgef40,FALSE,FALSE,FALSE,FALSE,0.24693941200909197,FALSE,FALSE,0.06597063476458714
Zdhhc17,0.285316962174174,0.08178295440937768,0.19303519391510537,0.25731729974165796,0.2624440256981311,0.22849526839489664,Zdhhc17,FALSE,FALSE,FALSE,FALSE,0.2469320605958035,FALSE,FALSE,0.06596864703433893
Vps37c,-0.26354340526457687,0.23048237874658684,-0.3672552413695538,0.14185160340801345,-0.10981455938997353,0.7371416319931516,Vps37c,FALSE,FALSE,FALSE,FALSE,0.2468710686747014,FALSE,FALSE,0.06595215558137409
Ccsap,0.27172718180586974,0.4191932427292261,0.09286200467853023,0.8160021876471635,0.3759866902602451,0.39862297052912377,Ccsap,FALSE,FALSE,FALSE,FALSE,0.24685862558154836,FALSE,FALSE,0.065948791124545
Rasgef1b,-0.2580500829014083,0.3753099668586196,0.2207862409097503,0.4402454119857661,0.2617385683469218,0.4818397663255097,Rasgef1b,FALSE,FALSE,FALSE,FALSE,0.2468582973860268,FALSE,FALSE,0.06594870238457898
Avl9,0.37044813955535005,0.02617545644861623,0.24378054554581663,0.13670779375254333,0.126165159750796,0.5366259856518361,Avl9,FALSE,FALSE,FALSE,FALSE,0.24679794828398757,FALSE,FALSE,0.06593238474185242
Zkscan3,0.15545428112587611,0.47919461725505486,0.32780114889079925,0.168367479651743,0.25713308242116995,0.3870382419674379,Zkscan3,FALSE,FALSE,FALSE,FALSE,0.2467961708126151,FALSE,FALSE,0.06593190413581468
Ganab,-0.2168193746929239,0.23942429981093352,-0.29118066805435117,0.16150147317757804,-0.23226397325819104,0.36802210937571916,Ganab,FALSE,FALSE,FALSE,FALSE,0.24675467200182202,FALSE,FALSE,0.06592068337618087
Ccdc157,-0.26904920703422963,0.20276418764562104,-0.28317338577234175,0.21834485851743995,-0.18795093218519288,0.5352779693948108,Ccdc157,FALSE,FALSE,FALSE,FALSE,0.2467245083305881,FALSE,FALSE,0.06591252749657563
Rab20,-0.3596873730075362,0.5773584187228904,-0.1362184250534042,0.8452795884225343,-0.24412886956575028,0.7927797519038418,Rab20,FALSE,FALSE,FALSE,FALSE,0.24667822254223024,FALSE,FALSE,0.06590001239805354
Tmod3,0.32843243292245994,0.10471718063893388,0.288491279684135,0.18815805051545068,0.12296860745638583,0.6772442081819608,Tmod3,FALSE,FALSE,FALSE,FALSE,0.24663077335432693,FALSE,FALSE,0.06588718273083882
Phpt1,-0.41547493057797225,0.2903701714664941,-0.25215032043068986,0.5387353612846779,-0.07217592803937134,0.9096517207354082,Phpt1,FALSE,FALSE,FALSE,FALSE,0.24660039301601114,FALSE,FALSE,0.06587896826716334
Wfdc2,-0.4407064815722368,0.17730605894642373,0.015854409115181323,0.9665541411721917,-0.2831174243218415,0.5161214009801263,Wfdc2,FALSE,FALSE,FALSE,FALSE,0.24655943833641988,FALSE,FALSE,0.06586789463380396
Gm42778,0.134647842641471,0.7639515295715441,0.3437467626984786,0.40458252689848934,0.26127222063564826,0.6444753230168732,Gm42778,FALSE,FALSE,FALSE,FALSE,0.24655560865853263,FALSE,FALSE,0.06586685913678063
Mmrn2,0.2963579654480428,0.27315175277607473,0.1765170896463406,0.5514899733270157,0.2667010931762466,0.47583384101871556,Mmrn2,FALSE,FALSE,FALSE,FALSE,0.24652538275687666,FALSE,FALSE,0.06585868643084726
Dnajc11,-0.36166841767325053,0.051609680506440665,-0.20846043530515157,0.2523705404310421,-0.16940001475953892,0.47452289776495404,Dnajc11,FALSE,FALSE,FALSE,FALSE,0.24650962257931366,FALSE,FALSE,0.06585442507586284
Brinp2,-0.23835983544746797,0.6817149711414358,-0.4317158463886778,0.4639646819808021,-0.06938679551608629,0.9412518702728205,Brinp2,FALSE,FALSE,FALSE,FALSE,0.24648749245074403,FALSE,FALSE,0.06584844136576129
Bri3,-0.3561707585674925,0.10848221323241852,-0.3663576350369593,0.13385386958283618,0.01679938989945251,0.9664365165617725,Bri3,FALSE,FALSE,FALSE,FALSE,0.24644259450130143,FALSE,FALSE,0.06583630152153158
Dmwd,-0.45300122548897015,0.04209061459922475,-0.23080921824260514,0.2714301298889309,-0.055486558144021814,0.8645344729382035,Dmwd,FALSE,FALSE,FALSE,FALSE,0.24643233395853237,FALSE,FALSE,0.06583352719904079
Cdh13,-0.3546525478395455,0.6769081869753482,-0.15638536901423894,0.8645941784485743,0.2281193719735617,0.8527851721980949,Cdh13,FALSE,FALSE,FALSE,FALSE,0.2463857629424487,FALSE,FALSE,0.06582093497850748
Nol4l,-0.27233004049009324,0.3542160065336297,-0.38101773034995734,0.22888257458725203,-0.08572326662170493,0.8579434260278233,Nol4l,FALSE,FALSE,FALSE,FALSE,0.24635701248725184,FALSE,FALSE,0.06581316121485109
Tstd3,0.3271112949417665,0.2523003525612116,0.21292987361700222,0.4873663928634949,0.19898170878620247,0.6290172071201772,Tstd3,FALSE,FALSE,FALSE,FALSE,0.2463409591149904,FALSE,FALSE,0.06580882058368563
Srp54a,-0.1543583879358228,0.4299761520732134,-0.27800950979139394,0.18859720229045795,-0.30649225417193815,0.24458068268653627,Srp54a,FALSE,FALSE,FALSE,FALSE,0.2462867172997183,FALSE,FALSE,0.0657941542749496
Gm17259,0.18303866166894656,0.6291846022581511,0.3998972606513438,0.272120583713831,0.15588311216985695,0.7728009104834791,Gm17259,FALSE,FALSE,FALSE,FALSE,0.24627301149671577,FALSE,FALSE,0.0657904483971632
Csnk1e,-0.4386009068246799,0.0353064094223174,-0.13672892112862378,0.46961448066766437,-0.16348141853170173,0.5090841747266811,Csnk1e,FALSE,FALSE,FALSE,FALSE,0.2462704154950018,FALSE,FALSE,0.06578974647075413
Poll,-0.3412017419131792,0.21633333246693875,-0.2964269156927073,0.30181778806013165,-0.10117793311721757,0.8083932338655838,Poll,FALSE,FALSE,FALSE,FALSE,0.24626886357436803,FALSE,FALSE,0.06578932685081636
Capza2,0.34845167245297315,0.1039324361098913,0.2824781625100501,0.21809660320771906,0.10786696266375362,0.7380908778766705,Capza2,FALSE,FALSE,FALSE,FALSE,0.24626559920892563,FALSE,FALSE,0.06578844420721078
Ess2,-0.20569811088599899,0.26415305948725065,-0.24744194163028732,0.20880340348686607,-0.28565250186371083,0.25358425481780605,Ess2,FALSE,FALSE,FALSE,FALSE,0.24626418479333237,FALSE,FALSE,0.06578806176691691
Pex19,-0.3065862683838505,0.049369776587001805,-0.24875433352684606,0.1344698886810065,-0.183416505074657,0.357719004277161,Pex19,FALSE,FALSE,FALSE,FALSE,0.24625236899511785,FALSE,FALSE,0.06578486692279698
Slc12a5,0.19449936138145363,0.6656207193513047,-0.19270391839962997,0.699775373375869,0.3513491094137353,0.5521164436277692,Slc12a5,FALSE,FALSE,FALSE,FALSE,0.2461841297316063,FALSE,FALSE,0.06576641587904855
Cxcl10,0.07039352304361268,0.9496206694510975,-0.5083639582105742,0.645549355792964,0.15966579694962388,0.9217800069562034,Cxcl10,FALSE,FALSE,FALSE,FALSE,0.2461410927346036,FALSE,FALSE,0.06575477921309357
Ms4a7,0.23640327434513453,0.3942303081668911,-0.318594472957215,0.30934828867029823,0.18337663428140205,0.6430879831106097,Ms4a7,FALSE,FALSE,FALSE,FALSE,0.24612479386125052,FALSE,FALSE,0.06575037220150211
Itfg1,0.36452201287686226,0.06637702392931645,0.2998128524348074,0.15968766521218056,0.07401253251439854,0.80660148337424,Itfg1,FALSE,FALSE,FALSE,FALSE,0.24611579927535607,FALSE,FALSE,0.06574794017792364
Samd12,0.3858452795039078,0.038605913150347185,0.1851300128633886,0.3033116815553314,0.16733112487038682,0.48101347484134177,Samd12,FALSE,FALSE,FALSE,FALSE,0.24610213907922773,FALSE,FALSE,0.06574424663166586
Grik5,-0.36078813845166025,0.1201360885249687,-0.3109929395295845,0.20660506944315912,-0.06640037795281195,0.8597753611604474,Grik5,FALSE,FALSE,FALSE,FALSE,0.24606048531135224,FALSE,FALSE,0.0657329839735742
2310068J16Rik,0.13102565405013722,0.8210520293980635,-0.27761764764095004,0.642490189513438,-0.32926965240334466,0.6758588626152562,2310068J16Rik,FALSE,FALSE,FALSE,FALSE,0.24597098469814396,FALSE,FALSE,0.06570878412667026
Pds5a,0.3476420470423287,0.04209061459922475,0.249370405489584,0.1564280205671835,0.14081428613743263,0.5293244089977212,Pds5a,FALSE,FALSE,FALSE,FALSE,0.2459422462231151,FALSE,FALSE,0.06570101360230153
Mars2,0.4366146422433892,0.07344851797173083,0.17687490547602946,0.49019129080681023,0.12432386022486996,0.7303752574601557,Mars2,FALSE,FALSE,FALSE,FALSE,0.2459378026480962,FALSE,FALSE,0.06569981211516855
Slc24a2,0.3382004165898209,0.034109358957405,0.14926399246988797,0.3246262953993975,0.25034158015621877,0.20163394856992872,Slc24a2,FALSE,FALSE,FALSE,FALSE,0.24593532973864254,FALSE,FALSE,0.0656991434713678
Man1c1,-0.24331474300970157,0.4154434006855534,-0.2707666180389561,0.387876482976255,0.22369548781092963,0.5853460266172439,Man1c1,FALSE,FALSE,FALSE,FALSE,0.2459256162865291,FALSE,FALSE,0.06569651707535074
Csnk1a1,0.3121100276879947,0.09888415925716254,0.2944160013881749,0.15850840095518598,0.13116395485891985,0.6306097398678108,Csnk1a1,FALSE,FALSE,FALSE,FALSE,0.2458966613116965,FALSE,FALSE,0.06568868801214169
Rab9b,0.47464832058842,0.07419167904916178,0.2416609149878548,0.37921742713176226,0.021316241112255163,0.9669037809700132,Rab9b,FALSE,FALSE,FALSE,FALSE,0.24587515889617664,FALSE,FALSE,0.06568287402780132
Cbl,0.23102680519974506,0.09540896404045215,0.20609173438127915,0.1715199907460093,0.3004419575553925,0.12049300589085365,Cbl,FALSE,FALSE,FALSE,FALSE,0.24585349904547224,FALSE,FALSE,0.06567701747495527
Sdc3,-0.43836910441145616,0.04529800063681137,-0.2649208256163069,0.21131351596952883,0.03393709646260934,0.9218570737779013,Sdc3,FALSE,FALSE,FALSE,FALSE,0.24574234216345747,FALSE,FALSE,0.06564696204370568
Dmrt2,-0.3772289899712036,0.4389452058608468,-0.19403322553188462,0.705860334460487,-0.16587995375936626,0.817085622406409,Dmrt2,FALSE,FALSE,FALSE,FALSE,0.24571405642081814,FALSE,FALSE,0.06563931393251517
Lyrm1,-0.26894175880611937,0.3307776934171364,-0.2681187051151621,0.35038992316371137,-0.20004013559606837,0.6014630141314757,Lyrm1,FALSE,FALSE,FALSE,FALSE,0.24570019983911662,FALSE,FALSE,0.06563556728605356
Parp4,0.3435945710026642,0.03709196898568159,0.14701151359782028,0.3509171820686419,0.24648426653948974,0.22446397377469166,Parp4,FALSE,FALSE,FALSE,FALSE,0.24569678371332473,FALSE,FALSE,0.06563464360834673
Btd,-0.3850748691474615,0.08034763835148181,-0.2273893838482195,0.2974586087185322,-0.12453422838779016,0.6761895812752102,Btd,FALSE,FALSE,FALSE,FALSE,0.24566616046115705,FALSE,FALSE,0.06562636346380253
Sgip1,0.3946379493226737,0.03199299932373977,0.041537463931576646,0.8323866139286215,0.30081301954332806,0.17549383378697408,Sgip1,FALSE,FALSE,FALSE,FALSE,0.24566281093252615,FALSE,FALSE,0.06562545779313544
Rtl5,-0.40516150767706005,0.038550368103968835,-0.12213907471629604,0.5227838344687094,-0.20958175766083187,0.391168980874771,Rtl5,FALSE,FALSE,FALSE,FALSE,0.24562744668472933,FALSE,FALSE,0.06561589574264352
Sobp,0.342252092933502,0.06057188323532129,0.1849301626909572,0.3180005601478314,0.2095969249394818,0.38059844557324046,Sobp,FALSE,FALSE,FALSE,FALSE,0.24559306018798033,FALSE,FALSE,0.0656065980638114
Gm48604,0.5454353005991834,0.09735227961273042,0.1325290832911139,0.7271510414033154,-0.058708980380150155,0.9239773196504865,Gm48604,FALSE,FALSE,FALSE,FALSE,0.24555778809014916,FALSE,FALSE,0.06559706092951816
Ndufab1,0.3407928218192051,0.06356483539674468,0.21181298915064506,0.2591057418763741,0.18403881780546705,0.451175482989774,Ndufab1,FALSE,FALSE,FALSE,FALSE,0.2455482095917724,FALSE,FALSE,0.06559447102330435
Zfp78,0.36907637126864223,0.07483688890591801,0.24782419314462478,0.24502915411557727,0.11974150330477551,0.6867045081950023,Zfp78,FALSE,FALSE,FALSE,FALSE,0.24554735590601418,FALSE,FALSE,0.06559424019734783
Aspa,0.0549774505748617,0.9103121676620148,0.40522497207676933,0.32353850903206177,0.27642282175089194,0.6266708418912065,Aspa,FALSE,FALSE,FALSE,FALSE,0.24554174813417431,FALSE,FALSE,0.06559272392594886
4930431P19Rik,-0.31911085318747334,0.3022320790167636,-0.1901488302677401,0.5582231980024905,-0.22730690480996518,0.5965485349078742,4930431P19Rik,FALSE,FALSE,FALSE,FALSE,0.24552219608839287,FALSE,FALSE,0.06558743729720289
Apeh,-0.2124668482639036,0.22623502083039632,-0.3508823075965246,0.10181309857558601,-0.17321619226195573,0.48025592007664103,Apeh,FALSE,FALSE,FALSE,FALSE,0.2455217827074613,FALSE,FALSE,0.06558732552416695
Zdhhc22,-0.528265306838129,0.28922255184778034,-0.15252929745817234,0.7785869538078545,0.05554056084693415,0.9465656818331815,Zdhhc22,FALSE,FALSE,FALSE,FALSE,0.24544505504774516,FALSE,FALSE,0.06556657932420396
Fgl1,-0.2756849424787675,0.5460840377477232,0.17124540172805355,0.7106411497669056,0.28937103542266995,0.6147300814706247,Fgl1,FALSE,FALSE,FALSE,FALSE,0.24543379320983033,FALSE,FALSE,0.06556353426402363
Fuz,-0.3169684469042151,0.12044508830897813,-0.34941552730458136,0.12652931320825933,-0.06983881368135947,0.8160706567923424,Fuz,FALSE,FALSE,FALSE,FALSE,0.24540759596338532,FALSE,FALSE,0.06555645085609436
Scamp1,0.326625355376172,0.05841619597690374,0.26475387003061357,0.15263511507041386,0.14466332679760718,0.5374640967791049,Scamp1,FALSE,FALSE,FALSE,FALSE,0.24534751740146424,FALSE,FALSE,0.06554020636403354
Tnfaip8,0.15095222497377114,0.7157921339353154,0.28040441661914817,0.4809194004012523,0.30459380053217955,0.5590636066347314,Tnfaip8,FALSE,FALSE,FALSE,FALSE,0.2453168140416996,FALSE,FALSE,0.06553190455939661
Ibtk,0.36463463235676663,0.06308064547969464,0.19664771816126336,0.32637058092943094,0.17466476000343611,0.510867965260975,Ibtk,FALSE,FALSE,FALSE,FALSE,0.24531570350715537,FALSE,FALSE,0.06553160428473939
Gpr149,0.40788048594370174,0.29450280464103473,-0.07631032910705837,0.8742367261172752,-0.2514263108489381,0.6727020920346373,Gpr149,FALSE,FALSE,FALSE,FALSE,0.24520570863323274,FALSE,FALSE,0.06550186304595088
Yipf1,-0.2991865220214551,0.14010851845077882,-0.23361827486518294,0.2706997038772766,-0.2028064484592349,0.46199893899746625,Yipf1,FALSE,FALSE,FALSE,FALSE,0.24520374844862433,FALSE,FALSE,0.06550133303653835
Slc39a11,0.24287692954620432,0.24282991528537093,-0.2655794838882155,0.24844185716768907,-0.22696687771753066,0.4458451794914231,Slc39a11,FALSE,FALSE,FALSE,FALSE,0.24514109705065015,FALSE,FALSE,0.06548439288177355
Hspbp1,-0.2206829256253524,0.24801657667058297,-0.1679195866830625,0.4043240007142916,-0.3466626308711618,0.18766193920058674,Hspbp1,FALSE,FALSE,FALSE,FALSE,0.2450883810598589,FALSE,FALSE,0.06547013913690178
Noxo1,-0.3267237578799215,0.5201911948592036,-0.21296404830302385,0.6949162509742183,0.1954337591194598,0.7807892420152626,Noxo1,FALSE,FALSE,FALSE,FALSE,0.24504052176746838,FALSE,FALSE,0.0654571985825607
Glrx2,0.3660539636391702,0.07686641746835528,0.1882364468009028,0.37754567231538394,0.18078582073134353,0.5233700584207437,Glrx2,FALSE,FALSE,FALSE,FALSE,0.24502541039047218,FALSE,FALSE,0.06545311265513845
Usp11,-0.37184701460368785,0.03636194355613853,-0.2032472552295017,0.23571667482191663,-0.15997362248971392,0.47343766194723075,Usp11,FALSE,FALSE,FALSE,FALSE,0.24502263077430117,FALSE,FALSE,0.06545236108167567
Itgal,0.04591534808246123,0.8966581700942374,-0.4522455866410735,0.19339889667733332,0.23687881402934585,0.5603327662620621,Itgal,FALSE,FALSE,FALSE,FALSE,0.24501324958429352,FALSE,FALSE,0.06544982452517818
Dnajb13,0.2110784397143194,0.5598884883994224,-0.14453784463764985,0.7231030057885636,-0.3793950627786259,0.46102443412285193,Dnajb13,FALSE,FALSE,FALSE,FALSE,0.24500378237686504,FALSE,FALSE,0.06544726471064548
Yae1d1,0.2630826978195753,0.1363215272136687,0.25544890422430644,0.18379231748057723,0.21628087978505928,0.36965351671433244,Yae1d1,FALSE,FALSE,FALSE,FALSE,0.24493749394298034,FALSE,FALSE,0.0654293411468395
Dennd5b,0.2073591461392219,0.2033658059571287,0.19908138126653618,0.25559786306538573,0.3283703280048842,0.1433020462176684,Dennd5b,FALSE,FALSE,FALSE,FALSE,0.24493695180354744,FALSE,FALSE,0.0654291945591145
Gm30373,0.5493020508113338,0.11226899435627045,0.025358195642013692,0.955338571303155,-0.16010298699558545,0.7808157456339877,Gm30373,FALSE,FALSE,FALSE,FALSE,0.24492107781631098,FALSE,FALSE,0.06542490243141719
Scd3,0.5340916513704466,0.10650151715662037,-0.05427842183375442,0.8958109307106548,-0.14637905947912322,0.787969696283249,Scd3,FALSE,FALSE,FALSE,FALSE,0.24491637756110807,FALSE,FALSE,0.06542363154117138
Slc2a2,0.48860074683435506,0.22236637805129095,0.07219220834565665,0.8862765729970913,-0.1739264730518819,0.7983917031109229,Slc2a2,FALSE,FALSE,FALSE,FALSE,0.24490647607729787,FALSE,FALSE,0.06542095430373424
Gm6970,-0.4081236826305611,0.3163698238584767,-0.22040439901207087,0.6064051968538479,-0.10616049330282162,0.8675185310423398,Gm6970,FALSE,FALSE,FALSE,FALSE,0.24489619164848453,FALSE,FALSE,0.0654181735227557
Abhd17a,-0.24491208885097837,0.1566992872102743,-0.30237834906425665,0.12938620390949054,-0.18735894623201954,0.43208725836388395,Abhd17a,FALSE,FALSE,FALSE,FALSE,0.24488312804908485,FALSE,FALSE,0.0654146412887949
Alpk2,-0.46746322903950643,0.131854846108717,-0.17042806111798292,0.5895761891312384,-0.09657486319743525,0.8328401526503639,Alpk2,FALSE,FALSE,FALSE,FALSE,0.2448220511183082,FALSE,FALSE,0.06539812685027684
Sh3glb2,-0.256427660125385,0.09040739329995418,-0.2605358086726861,0.128740417194296,-0.21730542158757338,0.28372567185772574,Sh3glb2,FALSE,FALSE,FALSE,FALSE,0.24475629679521482,FALSE,FALSE,0.06538034770335155
Ap1g1,0.3319952066355141,0.03771170290012745,0.27229160576892397,0.11278448655616846,0.12987328661882724,0.5260561148909672,Ap1g1,FALSE,FALSE,FALSE,FALSE,0.2447200330077551,FALSE,FALSE,0.06537054242858052
Kcnmb4,0.23404860458418808,0.37598748887410305,0.3624241275339224,0.1932663774384486,0.13767241489849358,0.7287233337446296,Kcnmb4,FALSE,FALSE,FALSE,FALSE,0.24471504900553467,FALSE,FALSE,0.0653691948166885
Rpl34-ps1,-0.035999733945843715,0.9478544085453717,0.030563137149621,0.9567552507999058,-0.6675022593526045,0.3219967355785621,Rpl34-ps1,FALSE,FALSE,FALSE,FALSE,0.2446883768160231,FALSE,FALSE,0.0653619829900916
Scrt2,-0.44400691809072496,0.3193442109134307,-0.18389855234242614,0.7001186721685346,0.10614127694503672,0.8755497727608008,Scrt2,FALSE,FALSE,FALSE,FALSE,0.2446822491260626,FALSE,FALSE,0.06536032613933268
Gm49326,-0.29198895795877366,0.7081523246617254,0.02320195194611785,0.9787714392817639,0.41876006471243077,0.6577656820609833,Gm49326,FALSE,FALSE,FALSE,FALSE,0.24465032487244076,FALSE,FALSE,0.06535169422025998
Mboat2,0.09271940704773485,0.553123374477267,0.3437881577578814,0.08120675934582743,0.2973678996701876,0.14825283123670416,Mboat2,FALSE,FALSE,FALSE,FALSE,0.24462515482526795,FALSE,FALSE,0.0653448885541722
Pdzrn4,-0.17985330905887142,0.6108697353938372,-0.32739003646111,0.36051765594373625,-0.2266199735847092,0.6372343955628968,Pdzrn4,FALSE,FALSE,FALSE,FALSE,0.2446211063682302,FALSE,FALSE,0.06534379390200168
Stk26,0.3154275719464894,0.21025000009788422,0.28586351341986793,0.2850281444337467,0.1325277432763432,0.7298672384813677,Stk26,FALSE,FALSE,FALSE,FALSE,0.2446062762142335,FALSE,FALSE,0.06533978401376274
Nudt21,0.26580801722986447,0.14665079113169927,0.31907544866967186,0.1319072363857369,0.14881150611114258,0.5738864540755,Nudt21,FALSE,FALSE,FALSE,FALSE,0.2445649906702263,FALSE,FALSE,0.06532862091880165
Tfdp1,0.255818636823669,0.15524749073083738,0.28808802004025047,0.15383544683701847,0.1897697155281941,0.450662248569939,Tfdp1,FALSE,FALSE,FALSE,FALSE,0.2445587907973712,FALSE,FALSE,0.06532694455069042
Sap18,-0.27886676361093876,0.06637702392931645,-0.2047275484910065,0.19447640933313137,-0.25005119281481214,0.21104871359585534,Sap18,FALSE,FALSE,FALSE,FALSE,0.24454850163891914,FALSE,FALSE,0.0653241624908767
Nqo1,0.3346223099105732,0.17218609478121985,0.12905369739529693,0.6410965569488515,0.2699603275699616,0.42662935640264976,Nqo1,FALSE,FALSE,FALSE,FALSE,0.24454544495861055,FALSE,FALSE,0.06532333600273488
Gm7424,0.3220588114536028,0.47507115680471496,0.12290018713686396,0.8171288281654839,-0.28859540595585587,0.6765392028715754,Gm7424,FALSE,FALSE,FALSE,FALSE,0.24451813484877422,FALSE,FALSE,0.06531595169045726
Gata2,0.2507930357428254,0.5152778426871317,0.14997714995130362,0.7239963865501123,0.33266435811125517,0.5196128455420721,Gata2,FALSE,FALSE,FALSE,FALSE,0.2444781812684614,FALSE,FALSE,0.06530514874182734
Tnfaip8l3,0.366668867911887,0.50076852907239,-0.03593567930746194,0.9587402038115811,0.33079287834493565,0.6646370375322505,Tnfaip8l3,FALSE,FALSE,FALSE,FALSE,0.2444658085214282,FALSE,FALSE,0.06530180330570963
Nipa1,0.40952871904309784,0.031968617370469646,0.17816422326881298,0.3231531881007759,0.1455738891353242,0.5469517514539856,Nipa1,FALSE,FALSE,FALSE,FALSE,0.24442227714907835,FALSE,FALSE,0.0652900329668413
Pxdc1,-0.4843883676832794,0.06388746538297106,-0.21596559006370253,0.38377979594901745,-0.032862854111717965,0.9357073281801604,Pxdc1,FALSE,FALSE,FALSE,FALSE,0.24440560395289998,FALSE,FALSE,0.06528552474303755
Espnl,0.0782996655210362,0.9087871297721845,-0.3396364840564227,0.6107505208002433,0.3152734983263697,0.698115092698876,Espnl,FALSE,FALSE,FALSE,FALSE,0.24440321596794287,FALSE,FALSE,0.06528487906175895
Vgll1,0.34634461041137254,0.3630468389924778,0.08950872180132174,0.8465881798393234,0.29722546610760503,0.5806814573102527,Vgll1,FALSE,FALSE,FALSE,FALSE,0.24435959944009977,FALSE,FALSE,0.06527308569790984
Gm9856,0.34081356648709527,0.08772037365055384,0.3208504734612103,0.13909585422918966,0.07119691919413951,0.8193040558632567,Gm9856,FALSE,FALSE,FALSE,FALSE,0.24428698638081503,FALSE,FALSE,0.0652534520344641
Gaa,-0.3045515324316419,0.18744967430018183,-0.2609078605137469,0.29588738892291083,-0.16728613993190855,0.6242900544963055,Gaa,FALSE,FALSE,FALSE,FALSE,0.24424851095909914,FALSE,FALSE,0.06524304876143934
Dyrk3,-0.2070057978833333,0.5174239288905121,-0.31041089520770404,0.34497153247808604,-0.21532869234808238,0.6248779672221111,Dyrk3,FALSE,FALSE,FALSE,FALSE,0.2442484618130399,FALSE,FALSE,0.06524303547295933
Gdpd1,-0.3086274520394765,0.24234564804599845,-0.29235198094997905,0.28970484473663366,-0.13168875178233064,0.7310242306220666,Gdpd1,FALSE,FALSE,FALSE,FALSE,0.24422272825726207,FALSE,FALSE,0.06523607744118956
2310022A10Rik,-0.29918516018497954,0.22735542506345788,-0.33178494666514347,0.20793496222511393,0.10164500249177255,0.7751107135393539,2310022A10Rik,FALSE,FALSE,FALSE,FALSE,0.24420503644729852,FALSE,FALSE,0.06523129379695267
Tbce,0.3552422374707396,0.090841266631725745,0.30877773687458987,0.17080196383518792,0.06847733612108708,0.8400009053122465,Tbce,FALSE,FALSE,FALSE,FALSE,0.24416577015547217,FALSE,FALSE,0.06522067668253724
Tpm3,-0.3007751579009117,0.057832353897503776,-0.2018167860286928,0.21356670178730303,-0.22988549545202108,0.26316911693416595,Tpm3,FALSE,FALSE,FALSE,FALSE,0.24415914646054185,FALSE,FALSE,0.06521888571823536
Trappc5,-0.32993431473600054,0.039581469637694044,-0.14633517009979524,0.33032520237830165,-0.25620764134469276,0.19008971074400394,Trappc5,FALSE,FALSE,FALSE,FALSE,0.24415904206016284,FALSE,FALSE,0.06521885748967805
Scmh1,0.26181599487017593,0.07632809242793562,0.18939481012276982,0.2167118482980791,0.2812171878077745,0.14981775793419333,Scmh1,FALSE,FALSE,FALSE,FALSE,0.24414266426690676,FALSE,FALSE,0.06521442913913146
Sgpp2,0.1459108835125824,0.5867779544080041,0.38597947758700357,0.15772600433963196,0.20041976381585247,0.5765246950619544,Sgpp2,FALSE,FALSE,FALSE,FALSE,0.2441033749718128,FALSE,FALSE,0.06520380580492005
Gm12976,-0.21650318645554778,0.6053119668756997,-0.12353891242130599,0.7851891732756221,-0.3922076713249538,0.4872459834987005,Gm12976,FALSE,FALSE,FALSE,FALSE,0.24408325673393585,FALSE,FALSE,0.0651983660849098
Bpnt1,-0.35727351010831043,0.06375804038220935,-0.07545777311042823,0.7184793880752127,-0.29945513298292425,0.2358346620789648,Bpnt1,FALSE,FALSE,FALSE,FALSE,0.24406213873388763,FALSE,FALSE,0.06519265604170713
Snap47,-0.2550184304758414,0.1344021238123949,-0.2719523328836555,0.15510173282508996,-0.2051545866101998,0.38465491314414846,Snap47,FALSE,FALSE,FALSE,FALSE,0.24404178332323223,FALSE,FALSE,0.06518715219314264
Lpar2,0.2106058242771065,0.6020244508224815,0.16273387816542173,0.7071839211579121,0.3587776532712461,0.4895290636965754,Lpar2,FALSE,FALSE,FALSE,FALSE,0.24403911857125812,FALSE,FALSE,0.0651864316775227
Thap3,-0.25718107816765023,0.2649383576481941,-0.2656278927710187,0.273688756199674,-0.20926642520117777,0.5083308282729935,Thap3,FALSE,FALSE,FALSE,FALSE,0.24402513204661558,FALSE,FALSE,0.06518264989611434
Flad1,-0.2937072006253172,0.12035536769736066,-0.1901885988192098,0.32291529155258997,-0.24814342278755763,0.3198924465078698,Flad1,FALSE,FALSE,FALSE,FALSE,0.24401307407736153,FALSE,FALSE,0.06517938957197286
Tada3,-0.3868711617756788,0.07575437290937323,-0.2178222691694165,0.3112721444044769,-0.12723330119364817,0.6636501990468356,Tada3,FALSE,FALSE,FALSE,FALSE,0.24397557737958117,FALSE,FALSE,0.06516925093366457
Epha4,-0.2653099683478932,0.5125849242746092,-0.4061516087437589,0.333739231447387,0.06039726231262321,0.9282641747317355,Epha4,FALSE,FALSE,FALSE,FALSE,0.24395294646809176,FALSE,FALSE,0.06516313181812214
Nlgn2,-0.5165346396215824,0.03476147332729146,-0.1940399944084188,0.384298568271841,-0.021234353578265086,0.9568171905639022,Nlgn2,FALSE,FALSE,FALSE,FALSE,0.24393632920275543,FALSE,FALSE,0.06515863871731885
9230114K14Rik,0.39243450498318744,0.07853564417472614,0.08863176932069639,0.7227835965485301,0.2506411705350544,0.3979923456886011,9230114K14Rik,FALSE,FALSE,FALSE,FALSE,0.24390248161297942,FALSE,FALSE,0.06514948675219498
Neurl4,-0.4012243592559379,0.040457000377134976,-0.22549731394139716,0.23278147441555527,-0.10497397170232592,0.6848537637232601,Neurl4,FALSE,FALSE,FALSE,FALSE,0.243898548299887,FALSE,FALSE,0.06514842323350778
Nup133,-0.3862210661697354,0.0491949323243061,-0.2384443818532027,0.21334669874541962,-0.10697559111996036,0.6782002981039384,Nup133,FALSE,FALSE,FALSE,FALSE,0.24388034638096615,FALSE,FALSE,0.06514350166218606
Crmp1,-0.2544211730701793,0.3195796468740498,-0.3199763128990467,0.24898515650683883,-0.1571148689466293,0.6786702461817296,Crmp1,FALSE,FALSE,FALSE,FALSE,0.24383745163861845,FALSE,FALSE,0.06513190346011137
Zfp39,0.2970265698540091,0.08617622105057601,0.2748510506883939,0.14627988282995627,0.1592955950576327,0.5010201300904604,Zfp39,FALSE,FALSE,FALSE,FALSE,0.2437244052000119,FALSE,FALSE,0.065101337116382
Mapk1ip1l,0.3078779221205501,0.057153782688960535,0.2589335583460768,0.13849670483220658,0.16425130798380394,0.44456374448688046,Mapk1ip1l,FALSE,FALSE,FALSE,FALSE,0.2436875961501436,FALSE,FALSE,0.06509138440947237
Polr3c,-0.3538549702432663,0.07787714605366218,-0.2526204809251742,0.21131351596952883,-0.12452033488846714,0.6428558246388795,Polr3c,FALSE,FALSE,FALSE,FALSE,0.2436652620189692,FALSE,FALSE,0.06508534553961687
Atpaf1,0.35967762523813374,0.08494746283512687,0.22567446576598327,0.29444603166190164,0.14554389292681869,0.6213859504531344,Atpaf1,FALSE,FALSE,FALSE,FALSE,0.24363199464364524,FALSE,FALSE,0.06507635045722718
Mars,-0.11812704480339598,0.5629284690473692,-0.30564189573857536,0.1649364610710657,-0.30692328597981167,0.25716025112894175,Mars,FALSE,FALSE,FALSE,FALSE,0.243564075507261,FALSE,FALSE,0.06505798597185185
Gm45774,0.09779946378803034,0.9063191223893725,0.48802002183606663,0.49213542154182705,0.14470154304524213,0.903169279293507,Gm45774,FALSE,FALSE,FALSE,FALSE,0.24350700955644636,FALSE,FALSE,0.06504255605217153
Nuak2,-0.34975816916440294,0.34164019300448434,-0.08687896153664454,0.8312975528397681,0.29380274591429867,0.5256265748836064,Nuak2,FALSE,FALSE,FALSE,FALSE,0.24347995887178206,FALSE,FALSE,0.06503524188521718
Aak1,0.24987839218198893,0.0975840409816778,0.24724523764563155,0.14374366628244586,0.2332909979010509,0.25425015395891287,Aak1,FALSE,FALSE,FALSE,FALSE,0.2434715425762238,FALSE,FALSE,0.06503296622411602
Adam1a,0.2112736990295535,0.715476144347135,0.20391135747108569,0.7349680171407809,0.31516974937469044,0.6777293036826096,Adam1a,FALSE,FALSE,FALSE,FALSE,0.2434516019584432,FALSE,FALSE,0.06502757453035926
Polr2c,-0.24454612011356414,0.10522831862154769,-0.21374067537899322,0.18655702461007703,-0.27202993633720496,0.18062361102062527,Polr2c,FALSE,FALSE,FALSE,FALSE,0.24343891060992076,FALSE,FALSE,0.06502414294838191
Igdcc3,-0.13732473167319403,0.7713874916237887,0.05891274668837565,0.9038577055302819,0.534046557704926,0.30581683318672903,Igdcc3,FALSE,FALSE,FALSE,FALSE,0.24342801202216524,FALSE,FALSE,0.06502119610650342
Nprl2,-0.30975294957545474,0.10983141095668125,-0.26686865836108664,0.18987494094432933,-0.15364162313598495,0.5572624935729553,Nprl2,FALSE,FALSE,FALSE,FALSE,0.24342107702417545,FALSE,FALSE,0.06501932096974607
Cntln,0.2808170589339394,0.1871595946070043,0.33118472231359153,0.16104133490501046,0.11824970321103212,0.7130781784286742,Cntln,FALSE,FALSE,FALSE,FALSE,0.24341716148618767,FALSE,FALSE,0.06501826225722496
Eml3,-0.22943467127314676,0.21408033106500132,-0.3871181818377787,0.09231187007039722,-0.11359003344172702,0.6692229348201579,Eml3,FALSE,FALSE,FALSE,FALSE,0.24338096218421748,FALSE,FALSE,0.06500847441852413
Taf8,-0.30781864132966597,0.10584575365078545,-0.17865117311771517,0.35662268935141483,-0.24360561601815167,0.33222572313831944,Taf8,FALSE,FALSE,FALSE,FALSE,0.24335847682184428,FALSE,FALSE,0.0650023946576431
Utp18,0.29003183110762354,0.2305157857504983,0.28514087861283244,0.27141521522778045,0.15488022101762056,0.664393224960688,Utp18,FALSE,FALSE,FALSE,FALSE,0.24335097691269217,FALSE,FALSE,0.0650003667759698
Pym1,-0.3602373597858719,0.14218841356052025,-0.13420387918486432,0.5978476410492239,-0.2355645400922417,0.4694843716846175,Pym1,FALSE,FALSE,FALSE,FALSE,0.24333525968765932,FALSE,FALSE,0.06499611703481256
Glipr2,0.47488768075547627,0.2890472018194892,0.011602940441775456,0.9845530785231784,0.24351279440153095,0.7235207038937208,Glipr2,FALSE,FALSE,FALSE,FALSE,0.2433344718662609,FALSE,FALSE,0.06499590401775551
Rasal2,0.22506981516910596,0.13523966454614922,0.2640153943889638,0.1306703059590675,0.24087039447437242,0.24444264031075097,Rasal2,FALSE,FALSE,FALSE,FALSE,0.24331853467748074,FALSE,FALSE,0.06499159480115091
Stk3,0.40279590008573685,0.06637702392931645,0.25931571275425025,0.25125015752560487,0.0678357165357184,0.8460079407423705,Stk3,FALSE,FALSE,FALSE,FALSE,0.2433157764585685,FALSE,FALSE,0.0649908490132394
Slc37a1,-0.5488778250008601,0.07624544707617059,-0.12089988718190048,0.699775373375869,-0.06011459616175863,0.8995004980731192,Slc37a1,FALSE,FALSE,FALSE,FALSE,0.24329743611483975,FALSE,FALSE,0.06498589001358016
Lpcat3,-0.24788387957144042,0.19012871029833042,-0.2490433858802552,0.2171010919551571,-0.23292127349182046,0.36456401969128355,Lpcat3,FALSE,FALSE,FALSE,FALSE,0.24328284631450536,FALSE,FALSE,0.06498194511396668
Eif3e,0.34744913679741884,0.14449975603090592,0.33248623151887635,0.2011709830200725,0.04968279614372584,0.9052165136027727,Eif3e,FALSE,FALSE,FALSE,FALSE,0.243206054820007,FALSE,FALSE,0.06496118165387663
Vcam1,-0.05398262061871684,0.923092034268591,0.34868965541596975,0.4635138495949054,0.3269103537240605,0.6082944726950605,Vcam1,FALSE,FALSE,FALSE,FALSE,0.24319420991958238,FALSE,FALSE,0.0649579789408829
Sema4c,-0.42160999932196397,0.1341064605971281,-0.27587261498998217,0.34149228082184663,-0.03195259445341847,0.9485308026156166,Sema4c,FALSE,FALSE,FALSE,FALSE,0.24314506958845486,FALSE,FALSE,0.06494469200968248
Asxl2,0.2830900509826675,0.048454373937066086,0.21219249716888466,0.15559766000181793,0.23415082043011193,0.20413169178851054,Asxl2,FALSE,FALSE,FALSE,FALSE,0.24314445619388803,FALSE,FALSE,0.06494452615546006
Fancg,-0.21167150026741233,0.6481745444382703,-0.22975221552997893,0.6301229505324363,-0.2879769115047772,0.649894386994797,Fancg,FALSE,FALSE,FALSE,FALSE,0.24313354243405616,FALSE,FALSE,0.0649415752112418
Mansc1,-0.3019475275460204,0.26045817726394843,-0.2778769564400112,0.3183195334114798,-0.14951371226423094,0.6939393118500753,Mansc1,FALSE,FALSE,FALSE,FALSE,0.24311273208342085,FALSE,FALSE,0.06493594835259425
Rims1,-0.07925897728638631,0.8859196284381163,-0.3721221209709664,0.48065649907222874,0.277866113794659,0.6692229348201579,Rims1,FALSE,FALSE,FALSE,FALSE,0.24308240401733724,FALSE,FALSE,0.06492774802267687
Tmem136,-0.2742081400792813,0.3798385319398694,-0.4076120880079712,0.22362541810982733,0.04737735704350543,0.9275761587165923,Tmem136,FALSE,FALSE,FALSE,FALSE,0.24306586171025266,FALSE,FALSE,0.06492327518964774
Ikzf4,0.3563754587809207,0.19937332106487599,0.04953707284241737,0.8846871985831486,0.3232172483029174,0.3965644117595931,Ikzf4,FALSE,FALSE,FALSE,FALSE,0.2430432599754185,FALSE,FALSE,0.06491716396310813
Sh3glb1,0.30857890917066744,0.07896087081251045,0.24128821303697467,0.19538075471477628,0.1792353019031374,0.4534960418835483,Sh3glb1,FALSE,FALSE,FALSE,FALSE,0.24303414137025983,FALSE,FALSE,0.06491469840627107
Tagln3,-0.05489733788993334,0.8781226381027041,-0.49662302206683484,0.1708847594760277,0.17751412676863465,0.6831724968112778,Tagln3,FALSE,FALSE,FALSE,FALSE,0.24301149557513427,FALSE,FALSE,0.06490857526637948
Extl3,-0.3579179828075736,0.036700678483943205,-0.22044074521335943,0.18714316511102974,-0.15063966229728898,0.48134184127068935,Extl3,FALSE,FALSE,FALSE,FALSE,0.24299946343940734,FALSE,FALSE,0.06490532192730077
Tmem50a,-0.35425924864802383,0.058748640568550205,-0.17365806056928879,0.3594922422533817,-0.20105054044906812,0.41713827770798473,Tmem50a,FALSE,FALSE,FALSE,FALSE,0.2429892832221269,FALSE,FALSE,0.06490256932381791
Evi5l,-0.3219048220573102,0.12914314828867385,-0.24740994190520826,0.2635848790240753,-0.15955092107301727,0.588979615710387,Evi5l,FALSE,FALSE,FALSE,FALSE,0.24295522834517858,FALSE,FALSE,0.06489336131083408
Letm1,-0.33249499831386053,0.06416751596950533,-0.28918432336477107,0.13566209777593033,-0.10699441914122065,0.6621080034450036,Letm1,FALSE,FALSE,FALSE,FALSE,0.24289124693995076,FALSE,FALSE,0.06487606153873521
Rnh1,-0.12502675182549172,0.2983710548625139,-0.30653985828528274,0.07242313242785868,-0.2970520463997355,0.09972841620449172,Rnh1,FALSE,FALSE,FALSE,FALSE,0.2428728855035033,FALSE,FALSE,0.06487109683586853
Slc19a2,0.4116439382861392,0.04926685976749378,0.2043039295481961,0.3271625765282064,0.11261545363315406,0.7016917066467218,Slc19a2,FALSE,FALSE,FALSE,FALSE,0.24285444048916313,FALSE,FALSE,0.06486610953458452
Fank1,-0.3162949580590042,0.49538439005261825,-0.1511490358066772,0.763547194533297,-0.26104281255102385,0.6867045081950023,Fank1,FALSE,FALSE,FALSE,FALSE,0.24282893547223508,FALSE,FALSE,0.0648592132968626
Slc4a4,-0.23102569543231954,0.5598884883994224,-0.2618985454913796,0.5270507754257763,0.23519716137783941,0.6677356565884597,Slc4a4,FALSE,FALSE,FALSE,FALSE,0.24270713410051284,FALSE,FALSE,0.06482627972867007
Klk1b27,-0.4291206440138037,0.3450172349031964,0.12266778375916165,0.7993487761947599,-0.17632834926670138,0.7909175001540688,Klk1b27,FALSE,FALSE,FALSE,FALSE,0.24270559234655556,FALSE,FALSE,0.06482586285767453
Pou2f2,0.3265934552752253,0.5501695464585962,-0.012029829042488033,0.9853747491583585,0.3894906149294015,0.5996844107778081,Pou2f2,FALSE,FALSE,FALSE,FALSE,0.2427046330823716,FALSE,FALSE,0.0648256034846316
Dcaf12l1,0.38022368957727526,0.08107810625547547,0.21104315135443041,0.3487156024070096,0.13680994507540234,0.6592130259753674,Dcaf12l1,FALSE,FALSE,FALSE,FALSE,0.24269226200236935,FALSE,FALSE,0.0648222584992582
Serp2,-0.25540596689209627,0.45660103898677545,-0.33037142054125757,0.3520224686960751,0.14210837239756602,0.7669696688057195,Serp2,FALSE,FALSE,FALSE,FALSE,0.24262858661030662,FALSE,FALSE,0.0648050414692935
Cux2,-0.2507984924767479,0.4536372427500408,-0.40844725611309807,0.24968657272601208,-0.06854233560070089,0.9009290478891588,Cux2,FALSE,FALSE,FALSE,FALSE,0.24259602806351563,FALSE,FALSE,0.06479623804527758
Arhgap29,0.4250190645291143,0.16951677549050567,0.2928018981655214,0.37925093807917587,0.009905387463271964,0.9855056181234878,Arhgap29,FALSE,FALSE,FALSE,FALSE,0.2425754500526359,FALSE,FALSE,0.0647906740083953
Adgrg2,-0.011287764688127422,0.9803602382106905,0.18149485550722955,0.6679840142791484,0.5347584013197869,0.27024756180244763,Adgrg2,FALSE,FALSE,FALSE,FALSE,0.2425136738383813,FALSE,FALSE,0.06477397049236701
Ttc37,0.4548724525694219,0.029633515864581787,0.21753210211645158,0.2688583940700113,0.054951819070017116,0.8579434260278233,Ttc37,FALSE,FALSE,FALSE,FALSE,0.24245212458529686,FALSE,FALSE,0.06475732834380174
Nid1,0.34465717282471253,0.3073055923830134,0.03948753625218515,0.9248289131595009,0.3431353778448374,0.4698814870991618,Nid1,FALSE,FALSE,FALSE,FALSE,0.24242669564057837,FALSE,FALSE,0.06475045267505426
Gas2l3,0.4378813843496223,0.06243862233825776,0.006624732791656651,0.9819587992238926,0.2826830571521537,0.3569878861887671,Gas2l3,FALSE,FALSE,FALSE,FALSE,0.24239639143114422,FALSE,FALSE,0.06474225879567663
Baiap2l1,-0.03152456074744592,0.9185621471263703,0.3408869771437151,0.19531379658285483,0.35473482790903343,0.2825099803570412,Baiap2l1,FALSE,FALSE,FALSE,FALSE,0.24238212193339814,FALSE,FALSE,0.06473840050187872
Gsg1l,0.27763742139299286,0.6178922610312516,-0.35016936071894567,0.5769118726695746,0.09932630726782032,0.9154956776829254,Gsg1l,FALSE,FALSE,FALSE,FALSE,0.2423776964599196,FALSE,FALSE,0.06473720390917596
Hck,-0.07549004902655332,0.8793123918275763,-0.5190649423306738,0.28483043194451224,-0.13240668454852234,0.8508910949883433,Hck,FALSE,FALSE,FALSE,FALSE,0.24232055863524982,FALSE,FALSE,0.06472175455570375
Hist1h1a,0.49425288468043416,0.2082516476010758,0.009662195260220496,0.9848019905188304,0.2229103532631096,0.7086847097238209,Hist1h1a,FALSE,FALSE,FALSE,FALSE,0.24227514440125475,FALSE,FALSE,0.06470947511458548
Rgs7,0.22507776555839243,0.2386290850072503,0.2516121572931862,0.22059929853753746,0.24990252147864567,0.33760860653931607,Rgs7,FALSE,FALSE,FALSE,FALSE,0.2421974814434081,FALSE,FALSE,0.0646884760217008
Gatad2b,0.22510534016705908,0.1450609035922283,0.1902902351294289,0.25342995858890877,0.3111081154640427,0.14825283123670416,Gatad2b,FALSE,FALSE,FALSE,FALSE,0.2421678969201769,FALSE,FALSE,0.06468047673647519
Zfp429,0.35441047042900653,0.1357907463643799,0.25924109868818057,0.29913348655956795,-0.1128382564725885,0.7656749554956809,Zfp429,FALSE,FALSE,FALSE,FALSE,0.24216327519659187,FALSE,FALSE,0.06467922708019708
Chrna7,0.02467692620598183,0.9828044145435438,-0.25866321184954644,0.8289745841527311,0.4430787253570882,0.7522180191532596,Chrna7,FALSE,FALSE,FALSE,FALSE,0.2421396211375388,FALSE,FALSE,0.06467283131834449
Lrp3,-0.39641465071240223,0.08991006374682187,-0.24500900336447096,0.3035286561811794,-0.08485025212013841,0.8093324509467632,Lrp3,FALSE,FALSE,FALSE,FALSE,0.24209130206567053,FALSE,FALSE,0.06465976644538063
Cbln2,-0.018841787943465915,0.977443001888163,-0.3263492085590303,0.61608608709533,-0.38105357432982484,0.6567154068593041,Cbln2,FALSE,FALSE,FALSE,FALSE,0.2420815236107737,FALSE,FALSE,0.06465712247342359
Tspyl2,-0.39354519763903717,0.04377204212100119,-0.1951546093102614,0.3046008675782199,-0.13743067399504927,0.5939403641336508,Tspyl2,FALSE,FALSE,FALSE,FALSE,0.24204349364811595,FALSE,FALSE,0.06464683964695916
Vkorc1,-0.06353443292267169,0.7571339843420103,-0.3272569044920006,0.13371534873841176,-0.3353077219236571,0.19999072086906083,Vkorc1,FALSE,FALSE,FALSE,FALSE,0.24203301977944314,FALSE,FALSE,0.06464400764381094
Pex14,-0.3277446572396219,0.13313962729881826,-0.2580825122616286,0.25157863450184337,-0.1402571646340176,0.6418374067061956,Pex14,FALSE,FALSE,FALSE,FALSE,0.2420281113784227,FALSE,FALSE,0.06464268047353824
Parpbp,-0.09792886319334343,0.886300981778948,0.25977810431023374,0.6789074531688425,0.36814191230772514,0.6430879831106097,Parpbp,FALSE,FALSE,FALSE,FALSE,0.24194962660376743,FALSE,FALSE,0.0646214591716626
Selenom,-0.18327201805798587,0.38064916590268244,-0.30624754699820933,0.18559170015744747,-0.2362462537041976,0.41946367597470957,Selenom,FALSE,FALSE,FALSE,FALSE,0.2419219395867976,FALSE,FALSE,0.06461397294840805
Lrrc47,-0.47514642588836775,0.024097312080618837,-0.2318156193663139,0.20771293151680123,0.018561892135822156,0.9525391049149642,Lrrc47,FALSE,FALSE,FALSE,FALSE,0.24184131246350127,FALSE,FALSE,0.06459217238224281
Xrcc1,-0.32111604025387486,0.16754846641184357,-0.2755266914345169,0.2623751462623895,-0.12883285203059547,0.7037178753758783,Xrcc1,FALSE,FALSE,FALSE,FALSE,0.24182519457299576,FALSE,FALSE,0.06458781430615075
Cd84,0.389989279262988,0.3686735369728895,0.20820155203423618,0.6728315270085667,0.12727088456037894,0.862224744822196,Cd84,FALSE,FALSE,FALSE,FALSE,0.24182057195253437,FALSE,FALSE,0.06458656440736849
Btf3,-0.2883959892334582,0.035296402703282465,-0.20123687811791413,0.14681264409043102,-0.2358066469535478,0.162978954396471,Btf3,FALSE,FALSE,FALSE,FALSE,0.24181317143497338,FALSE,FALSE,0.06458456339993886
Ets2,-0.24404216723922634,0.12973887392635944,-0.21475130700552114,0.21740847208418446,-0.2665660198660351,0.2290135172459419,Ets2,FALSE,FALSE,FALSE,FALSE,0.24178649803692753,FALSE,FALSE,0.06457735124656942
Gm4606,0.38819961447403806,0.16460749183934817,0.26134143320457226,0.3762960065154041,0.07565913616422759,0.8748433176847077,Gm4606,FALSE,FALSE,FALSE,FALSE,0.2417333946142793,FALSE,FALSE,0.06456299274496706
Riok1,0.2343231178677554,0.3961020187951843,0.3579207877158801,0.22369159846707723,0.13295499621903506,0.7518364729918922,Riok1,FALSE,FALSE,FALSE,FALSE,0.24173296726755686,FALSE,FALSE,0.06456287719575586
Plxdc1,0.17849793224136978,0.7538524443183404,-0.087462531324072,0.8903669425551053,0.45920934865993646,0.5044716856398636,Plxdc1,FALSE,FALSE,FALSE,FALSE,0.24172327074179276,FALSE,FALSE,0.06456025537641207
Mettl15,0.3484459677398486,0.21307553885685337,0.3049509539097044,0.3018964201806228,0.07177261111087185,0.8811890703489162,Mettl15,FALSE,FALSE,FALSE,FALSE,0.24172317758680828,FALSE,FALSE,0.06456023018846886
Dusp16,-0.2484641493264128,0.08935304941149429,-0.20675946076388385,0.1835752961380101,-0.2699225026376384,0.16644114484498482,Dusp16,FALSE,FALSE,FALSE,FALSE,0.2417153709093117,FALSE,FALSE,0.06455811936047032
Yipf6,0.4227354862653252,0.024629542147386174,0.24960561164890116,0.16110675861815826,0.05264961838445892,0.8414321923512509,Yipf6,FALSE,FALSE,FALSE,FALSE,0.24166357209956177,FALSE,FALSE,0.06454411360988582
Il22ra1,-0.2510019028213998,0.7239971248726869,0.4576430793944814,0.4623066219319137,0.01634151229311631,0.9881042059930285,Il22ra1,FALSE,FALSE,FALSE,FALSE,0.2416621648363325,FALSE,FALSE,0.06454373310350178
Pgls,-0.2610090740009374,0.18888948087614013,-0.3202881064916534,0.15048663712642013,-0.14349865530796624,0.6110899355816533,Pgls,FALSE,FALSE,FALSE,FALSE,0.24159861193351903,FALSE,FALSE,0.06452654919309875
Slc44a3,-0.3038461630659528,0.16536176997678662,-0.12214085317473078,0.599049376046336,-0.298791414499068,0.30995639629376925,Slc44a3,FALSE,FALSE,FALSE,FALSE,0.24159281024658386,FALSE,FALSE,0.06452498048948228
Supt3,0.289625471740778,0.12039472207662981,0.22177957941110238,0.2562812517217368,0.21333864782670098,0.3975910103369621,Supt3,FALSE,FALSE,FALSE,FALSE,0.24158123299286047,FALSE,FALSE,0.06452185014481054
Lig3,-0.16425496356091962,0.23683394707377925,-0.2758947437026862,0.10211050527584022,-0.2844678791500215,0.1402293277642615,Lig3,FALSE,FALSE,FALSE,FALSE,0.24153919547120908,FALSE,FALSE,0.06451048372449544
Ankrd12,0.2985718072824515,0.09270159853751715,0.24365683995605103,0.1992199383844262,0.18215601394282377,0.45520489533214187,Ankrd12,FALSE,FALSE,FALSE,FALSE,0.24146155372710876,FALSE,FALSE,0.06448949036754256
Thrsp,-0.22474127785236853,0.3519467886395709,-0.34073971309767614,0.19480039245914788,-0.15869344177421052,0.6454479404739554,Thrsp,FALSE,FALSE,FALSE,FALSE,0.24139147757475174,FALSE,FALSE,0.0644705426520145
Muc6,-0.0021278320159716646,0.9976911456229749,0.3972336546568202,0.5985841411335123,0.32481068063706003,0.7556432408764484,Muc6,FALSE,FALSE,FALSE,FALSE,0.2413907224366173,FALSE,FALSE,0.06447033847210344
Grk2,-0.3423955344625291,0.034951996629719685,-0.2665372761252831,0.116237237476393,-0.11521463556840583,0.5756576459642903,Grk2,FALSE,FALSE,FALSE,FALSE,0.2413824820520727,FALSE,FALSE,0.06446811037514119
Atg4d,-0.30949609868826844,0.09812614048306274,-0.3280721930880075,0.12094248913693609,-0.08653299783466029,0.7477171781574865,Atg4d,FALSE,FALSE,FALSE,FALSE,0.24136709653697874,FALSE,FALSE,0.06446395032420449
Zfp775,-0.328467176920201,0.21741114723008026,-0.37790844906736787,0.18734420235759502,-0.017722223097234924,0.9692527582689531,Zfp775,FALSE,FALSE,FALSE,FALSE,0.2413659496949346,FALSE,FALSE,0.0644636402324532
Usf2,-0.16286913359969724,0.3667912842913532,-0.37898048459904743,0.09266666101677296,-0.18205772151519284,0.4665099660342642,Usf2,FALSE,FALSE,FALSE,FALSE,0.2413024465713125,FALSE,FALSE,0.0644464697817212
Atp2a3,-0.4721891913964149,0.21072309105525397,-0.15745469486980346,0.694669864299675,-0.09400573850830618,0.873330180241766,Atp2a3,FALSE,FALSE,FALSE,FALSE,0.24121654159150818,FALSE,FALSE,0.06442324214913824
Dcaf11,-0.230036407574703,0.10261022084930371,-0.2358419348091223,0.1377921970079017,-0.2577652649626545,0.17891057821632086,Dcaf11,FALSE,FALSE,FALSE,FALSE,0.24121453578215993,FALSE,FALSE,0.06442269980336646
Med22,-0.3104315619228153,0.03462740519499846,-0.21117539120202977,0.15028371529028317,-0.201955688153161,0.2581474283215736,Med22,FALSE,FALSE,FALSE,FALSE,0.24118754709266868,FALSE,FALSE,0.06441540239913184
Bcl2l11,-0.21184379727887936,0.3818508771382074,-0.30306716642229947,0.2418842403987902,-0.20823046921708066,0.5402642716865728,Bcl2l11,FALSE,FALSE,FALSE,FALSE,0.2410471443060865,FALSE,FALSE,0.06437743924091002
Edem2,-0.19880198443098607,0.40875558524638167,-0.2563593565280442,0.31602233201765906,-0.2679373590409231,0.4227366000791867,Edem2,FALSE,FALSE,FALSE,FALSE,0.24103289999998445,FALSE,FALSE,0.0643735877586177
Pabpc1,0.37198895979539337,0.0491884848500622,0.17081510852711546,0.36502777141217696,0.1802850058513803,0.4665438164155701,Pabpc1,FALSE,FALSE,FALSE,FALSE,0.24102969139129637,FALSE,FALSE,0.06437272019094144
Ncoa5,-0.34032376199289693,0.031068801781632394,-0.16621251297250783,0.25562625285467644,-0.21653044225716211,0.24678562090817668,Ncoa5,FALSE,FALSE,FALSE,FALSE,0.24102223907418896,FALSE,FALSE,0.06437070517756203
Gm13622,-0.1044897592206131,0.9246279444320837,-0.05564031854104767,0.9613245358694231,0.5629081569917271,0.6498321150608817,Gm13622,FALSE,FALSE,FALSE,FALSE,0.24101274491779598,FALSE,FALSE,0.06436813807636624
Dnaja2,0.3561838516860236,0.15066490196315474,0.28979112162015586,0.27773060434278857,0.07704257921845947,0.8525140246949218,Dnaja2,FALSE,FALSE,FALSE,FALSE,0.24100585084154633,FALSE,FALSE,0.06436627400433582
Ttll10,0.17583530888486454,0.6256060089829233,0.4667961544663186,0.18626626962249143,0.08014516040847064,0.8897943050158532,Ttll10,FALSE,FALSE,FALSE,FALSE,0.24092554125321794,FALSE,FALSE,0.0643445592956562
Stx11,0.3317091818432728,0.44343207871041596,-0.14456002866235662,0.7830762775888619,-0.2463212347118043,0.7166618001956644,Stx11,FALSE,FALSE,FALSE,FALSE,0.24086348173914457,FALSE,FALSE,0.06432777917889863
Wdr83,-0.273022008462497,0.26896105668849424,-0.2859614071658214,0.2704955470107961,-0.16359177117067603,0.6379015642821609,Wdr83,FALSE,FALSE,FALSE,FALSE,0.24085839559966482,FALSE,FALSE,0.06432640395036857
Tmem68,0.3056650057155714,0.19806155594342695,0.2534533810437489,0.3164342975220746,0.1633647936365028,0.6386112816474349,Tmem68,FALSE,FALSE,FALSE,FALSE,0.24082772679860773,FALSE,FALSE,0.06431811148997411
Rdm1,-0.4695467540476621,0.1377471223775494,-0.16485684211825813,0.6104549324220757,-0.08801928527218017,0.852933569990033,Rdm1,FALSE,FALSE,FALSE,FALSE,0.24080762714603346,FALSE,FALSE,0.06431267679519735
Heatr5a,0.38539482352444576,0.02859017959787897,0.19864926860467325,0.22905550791950946,0.13833880839307522,0.5256133083447236,Heatr5a,FALSE,FALSE,FALSE,FALSE,0.24079430017406475,FALSE,FALSE,0.06430907334858649
Hps4,-0.5293037727091097,0.1980319090053627,0.1021226879052568,0.8203040087120212,-0.09088847446785309,0.8897943050158532,Hps4,FALSE,FALSE,FALSE,FALSE,0.24077164502740653,FALSE,FALSE,0.06430294768015739
Mmgt1,0.3569986894009034,0.06873232572712132,0.28313538568279917,0.1744973178643622,0.08196691051724603,0.7820469320427168,Mmgt1,FALSE,FALSE,FALSE,FALSE,0.24070032853364953,FALSE,FALSE,0.06428366459182112
Ralbp1,-0.3874211412878097,0.023266677224490016,-0.1985836415490425,0.1980749072432713,-0.13600931887561263,0.4951189755342477,Ralbp1,FALSE,FALSE,FALSE,FALSE,0.24067136723748828,FALSE,FALSE,0.06427583381940383
Mgat4b,-0.26316107753413487,0.2922605298653445,-0.3558737564235308,0.19319649001917574,-0.10292764339823268,0.787969696283249,Mgat4b,FALSE,FALSE,FALSE,FALSE,0.24065415911863278,FALSE,FALSE,0.06427118095919561
Sdr39u1,-0.12469913196477567,0.5112712413557448,-0.4034580597431918,0.08967000640739733,-0.19376814840686096,0.44654042587227366,Sdr39u1,FALSE,FALSE,FALSE,FALSE,0.24064178003827616,FALSE,FALSE,0.06426783381062641
Abcb8,-0.3205325135617141,0.08741607750898188,-0.2715503937709691,0.17397006434975693,-0.12970363927388995,0.6162317647096978,Abcb8,FALSE,FALSE,FALSE,FALSE,0.24059551553552438,FALSE,FALSE,0.06425532446746611
Sema6b,-0.30932838365979753,0.24187900253550143,-0.3492062325110994,0.21649245271242593,0.06322390368956565,0.8824797357986007,Sema6b,FALSE,FALSE,FALSE,FALSE,0.24058617328682086,FALSE,FALSE,0.06425279844021044
Kcnb2,0.47658250225511445,0.026285779611079727,0.14659490477859283,0.4605600345467176,0.09849125440577122,0.7254589286652431,Kcnb2,FALSE,FALSE,FALSE,FALSE,0.24055622047982617,FALSE,FALSE,0.06424469957565933
Gm7972,0.48652110530009335,0.5337804059827812,-0.09318629526693889,0.9240117744751412,-0.14193002662295917,0.9219475965455693,Gm7972,FALSE,FALSE,FALSE,FALSE,0.24054580906333048,FALSE,FALSE,0.06424188445879904
Trappc4,-0.3127986251085444,0.07894136584660481,-0.25730491716593207,0.16879956701889143,-0.15152851635924502,0.5205920852632457,Trappc4,FALSE,FALSE,FALSE,FALSE,0.24054401954457383,FALSE,FALSE,0.06424140059529922
Pkmyt1,-0.2829693442242267,0.32789749522896305,-0.16164626735829102,0.5977489295168975,-0.2769214455002367,0.4831030718126321,Pkmyt1,FALSE,FALSE,FALSE,FALSE,0.24051235236091814,FALSE,FALSE,0.06423283818473156
Samm50,-0.31279826997948046,0.09963804987305065,-0.21281612549199025,0.2791263493254736,-0.1958473849678395,0.44505439627464977,Samm50,FALSE,FALSE,FALSE,FALSE,0.24048726014643673,FALSE,FALSE,0.0642260535636305
Pclo,0.39129623369189837,0.04909649914282852,0.20793810939571777,0.2950610007860362,0.12203149690921933,0.655342161977533,Pclo,FALSE,FALSE,FALSE,FALSE,0.2404219466656118,FALSE,FALSE,0.06420839361494335
Pxmp2,-0.40151616037465543,0.39397540161607436,-0.25457180250429134,0.6085724574423951,-0.06517000755799968,0.934080055478921,Pxmp2,FALSE,FALSE,FALSE,FALSE,0.24041932347898215,FALSE,FALSE,0.06420768433807292
Thoc3,-0.2945531390986327,0.0693071927905503,-0.24804413979001705,0.15152131995376858,-0.1785262311724125,0.40109132288967164,Thoc3,FALSE,FALSE,FALSE,FALSE,0.2403745033536874,FALSE,FALSE,0.06419556553651985
Zbtb7b,-0.31788200682946854,0.16557029480705532,-0.32091240671589905,0.19556926264937505,-0.08227960776869558,0.8176230081305454,Zbtb7b,FALSE,FALSE,FALSE,FALSE,0.24035800710468772,FALSE,FALSE,0.064191105157021075
Pcdhb19,0.16074596764789373,0.4711345321796834,0.3535702505217886,0.14175301147002217,0.20670767922855937,0.4918152224753389,Pcdhb19,FALSE,FALSE,FALSE,FALSE,0.24034129913274724,FALSE,FALSE,0.064186587530286
Anapc5,-0.24342606679851464,0.07295663023056072,-0.2269463340015978,0.13383531730822268,-0.25054238444725474,0.1672010276360444,Anapc5,FALSE,FALSE,FALSE,FALSE,0.24030492841578907,FALSE,FALSE,0.0641767533431154
Rbm12b1,0.30521621093322215,0.13403487658800928,0.3363088207333411,0.13849670483220658,-0.07912074669690217,0.809519368547196,Rbm12b1,FALSE,FALSE,FALSE,FALSE,0.2402152594544885,FALSE,FALSE,0.06415250797699193
Slc12a7,-0.33095639906321583,0.12361316999679792,-0.2801272354767974,0.21963389751343046,-0.10945663558297003,0.7305987438421933,Slc12a7,FALSE,FALSE,FALSE,FALSE,0.24018009004099442,FALSE,FALSE,0.06414299860725971
Bub3,-0.2947975406630148,0.03467575135039376,-0.2364216549172493,0.1096990708396276,-0.18930900657193117,0.262971095562246,Bub3,FALSE,FALSE,FALSE,FALSE,0.24017606738406508,FALSE,FALSE,0.06414191093111596
Susd5,-0.2861291754644877,0.5016259155665949,-0.2661809814464773,0.54439142574273,-0.16797741367069374,0.7856859702254747,Susd5,FALSE,FALSE,FALSE,FALSE,0.2400958568605529,FALSE,FALSE,0.06412022300832416
Ostm1,0.3236702001812253,0.06637702392931645,0.26620647675597287,0.156098877065583,0.1303880310052028,0.5933579496540761,Ostm1,FALSE,FALSE,FALSE,FALSE,0.2400882359808003,FALSE,FALSE,0.06411816241771283
Ppp2r2cos,0.079222757594682,0.888241314513042,0.5023319248170404,0.2953998619359172,0.13853657446319378,0.8601078292105824,Ppp2r2cos,FALSE,FALSE,FALSE,FALSE,0.24003041895830537,FALSE,FALSE,0.06410252941763982
Zmym1,0.3738016961605135,0.1008720819458185,0.33929659493260544,0.16671410312584412,0.006915382854802754,0.9864077774432218,Zmym1,FALSE,FALSE,FALSE,FALSE,0.24000455798264056,FALSE,FALSE,0.06409553693312556
Alkbh2,0.24264037468068278,0.4906123002340701,0.1959187993944621,0.5997708400137693,0.28098836131649507,0.5552846485424389,Alkbh2,FALSE,FALSE,FALSE,FALSE,0.23984917846388,FALSE,FALSE,0.06405352425375695
Trf,0.10224736163428583,0.8627250842520593,0.4095853327335906,0.43739290961795535,0.2076258030171797,0.7917127400949447,Trf,FALSE,FALSE,FALSE,FALSE,0.23981949912835204,FALSE,FALSE,0.06404549933247158
Ccdc167,-0.22943727620830545,0.39843833669739614,-0.2701609085293706,0.33889059634959984,-0.21984843950196886,0.5572624935729553,Ccdc167,FALSE,FALSE,FALSE,FALSE,0.23981554141321496,FALSE,FALSE,0.06404442921577659
Pcolce2,0.3020520986855386,0.1955492077558948,0.3560960912447251,0.16044553576584047,0.061293654415956134,0.8780961547788988,Pcolce2,FALSE,FALSE,FALSE,FALSE,0.2398139481154066,FALSE,FALSE,0.06404399840796811
Gm15751,0.39605646926422955,0.5745014508548832,0.270432720759777,0.7262554921720675,-0.05288605023508508,0.9685911939333444,Gm15751,FALSE,FALSE,FALSE,FALSE,0.23979174675303053,FALSE,FALSE,0.06403799543713583
Fubp1,0.3133221608396415,0.1883202556546267,0.261531670625585,0.30894975628317056,0.14450950621356728,0.6859667426109882,Fubp1,FALSE,FALSE,FALSE,FALSE,0.2397877792262646,FALSE,FALSE,0.06403692266749905
Fam43a,-0.4728355293027775,0.1415761429446247,-0.003387771338661416,0.9924672529996393,-0.24294728747237126,0.5939113230126288,Fam43a,FALSE,FALSE,FALSE,FALSE,0.23972352937127006,FALSE,FALSE,0.06401955030993933
Esf1,0.25511394204604176,0.29450280464103473,0.34025253136506883,0.19847012200381475,0.12378734057308982,0.7400256313432505,Esf1,FALSE,FALSE,FALSE,FALSE,0.23971793799473348,FALSE,FALSE,0.0640180384716254
Fam171b,0.4623087997706392,0.024108583870718188,0.19257511067426591,0.2982612476633725,0.06425191777566663,0.816326635188023,Fam171b,FALSE,FALSE,FALSE,FALSE,0.2397119427401906,FALSE,FALSE,0.06401641742974773
Vgf,-0.29502330104757224,0.5215123191523705,-0.05331905392397296,0.9176424755942652,-0.37072134497748177,0.5558256851021292,Vgf,FALSE,FALSE,FALSE,FALSE,0.239687899983009,FALSE,FALSE,0.06400991656878056
Mpdu1,-0.1816834621367578,0.3994768319428058,-0.37855344221696896,0.1297177052322065,-0.15882600169683414,0.5999389162503753,Mpdu1,FALSE,FALSE,FALSE,FALSE,0.23968763535018697,FALSE,FALSE,0.06400984501537385
Slc30a1,0.36606257723587543,0.031111692726806958,0.20673525622017852,0.20245098351647586,0.14625306020299078,0.4872459834987005,Slc30a1,FALSE,FALSE,FALSE,FALSE,0.2396836312196816,FALSE,FALSE,0.06400876234854352
Cdc42ep1,-0.36517324886559566,0.31012360920057247,-0.32974986197133216,0.37440422482509755,-0.023975239580548813,0.9692527582689531,Cdc42ep1,FALSE,FALSE,FALSE,FALSE,0.2396327834724922,FALSE,FALSE,0.06399501375338552
Smim1,-0.30607091816123777,0.3073055923830134,-0.34243355166876555,0.2818656211732403,-0.07035834665728835,0.886950220176868,Smim1,FALSE,FALSE,FALSE,FALSE,0.2396209388290972,FALSE,FALSE,0.0639918111098894
Aldh6a1,0.33520080659643003,0.07573990170257532,0.22387522443480457,0.2555861613981808,0.1597112631679236,0.541217482229437,Aldh6a1,FALSE,FALSE,FALSE,FALSE,0.23959576473305275,FALSE,FALSE,0.06398500434903734
Fndc11,-0.26754070503307037,0.47234931947654235,-0.44692932356547466,0.2555861613981808,-0.004289455151155974,0.9942437822308332,Fndc11,FALSE,FALSE,FALSE,FALSE,0.23958649458323367,FALSE,FALSE,0.06398249781641867
Rmi1,0.3505273674109892,0.07090815878580355,0.20670650721631967,0.2972344481334919,0.16144658691316716,0.5432299667654307,Rmi1,FALSE,FALSE,FALSE,FALSE,0.23956015384682536,FALSE,FALSE,0.06397537561059718
Gm20594,0.3861111822748813,0.4215895290684393,0.29853613740343876,0.564000686400012,-0.03396442906749808,0.9702827424909112,Gm20594,FALSE,FALSE,FALSE,FALSE,0.23953724958193937,FALSE,FALSE,0.06396918258371369
Lmf2,-0.2800864371047238,0.17577823178636823,-0.31995438196780324,0.16250812869448167,-0.11848917705357653,0.693855170501762,Lmf2,FALSE,FALSE,FALSE,FALSE,0.23950999870870118,FALSE,FALSE,0.06396181428827163
Plekhg5,-0.579940218051771,0.08316413304618514,-0.0917074522061192,0.7968085012943833,0.046779445488207116,0.9308707838816256,Plekhg5,FALSE,FALSE,FALSE,FALSE,0.2394757052486991,FALSE,FALSE,0.06395254176541276
Loxl1,-0.2996372769736473,0.23188337073078172,-0.31649546552542684,0.24182855169969805,-0.10220112063872033,0.7936895045475404,Loxl1,FALSE,FALSE,FALSE,FALSE,0.23944462104593148,FALSE,FALSE,0.063944136985589
Ptpru,-0.12370085104136574,0.6501248016965473,-0.3010583612230744,0.27773460891373564,-0.2933313607188932,0.4146812490227809,Ptpru,FALSE,FALSE,FALSE,FALSE,0.23936352432777777,FALSE,FALSE,0.06392220944684505
Swi5,-0.1564730356268278,0.18950597054837856,-0.21117519304808674,0.13045956790826266,-0.350436236555991,0.06578241519227007,Swi5,FALSE,FALSE,FALSE,FALSE,0.23936148841030183,FALSE,FALSE,0.06392165896021193
Pls3,0.3393805311309457,0.022473076415380377,0.21716104299954164,0.12426441805216319,0.16129641788256244,0.3337154292997425,Pls3,FALSE,FALSE,FALSE,FALSE,0.2392793306710166,FALSE,FALSE,0.06389944453461856
Tcte2,0.16356029077584977,0.6265420620188378,0.3036096086982212,0.3519531818022412,0.25064430279349215,0.5700228149435639,Tcte2,FALSE,FALSE,FALSE,FALSE,0.23927140075585437,FALSE,FALSE,0.06389730038469592
Gm17229,0.24795388602638496,0.7386065812458047,-0.2242327783690172,0.7910336611722222,0.2455523786597254,0.8171979380423273,Gm17229,FALSE,FALSE,FALSE,FALSE,0.23924634768504252,FALSE,FALSE,0.06389052634755374
Atp6ap1l,0.22655213893845388,0.7096778004215336,0.3491682761115292,0.5593848938411821,-0.14199377427684373,0.8855111438723956,Atp6ap1l,FALSE,FALSE,FALSE,FALSE,0.23923806310894227,FALSE,FALSE,0.06388828630174731
Zfp317,0.3189240752478302,0.1055726364567965,0.24008101303328822,0.2501921577000785,0.15867498328756913,0.5706572906913124,Zfp317,FALSE,FALSE,FALSE,FALSE,0.23922669052289583,FALSE,FALSE,0.06388521129665672
Cdk18,-0.13968868815151791,0.7835602765862131,-0.3110119954342886,0.5332932730480604,0.2668657645050794,0.6637915973487438,Cdk18,FALSE,FALSE,FALSE,FALSE,0.2391888160302953,FALSE,FALSE,0.06387497050735214
Opa3,-0.30790896718759964,0.057425506690156475,-0.2255552790556603,0.1773042269211828,-0.184035378962089,0.3762496213382318,Opa3,FALSE,FALSE,FALSE,FALSE,0.2391665417351163,FALSE,FALSE,0.06386894781640173
Dsp,-0.48091448814947135,0.029839623497476955,-0.1338115563403557,0.5198482712702149,-0.10276549593663109,0.7235207038937208,Dsp,FALSE,FALSE,FALSE,FALSE,0.23916384680881939,FALSE,FALSE,0.06386821914202213
Carmil2,-0.26002602132415265,0.44339384841116464,-0.37559724378878667,0.2898565569205746,-0.08181789980022947,0.8796884147096544,Carmil2,FALSE,FALSE,FALSE,FALSE,0.23914705497105626,FALSE,FALSE,0.06386367883901709
Fam19a5,0.3978879639101729,0.1347274504868778,-0.1691869185114716,0.5838201954612349,0.15035074724284225,0.7052643844226562,Fam19a5,FALSE,FALSE,FALSE,FALSE,0.2391418765548289,FALSE,FALSE,0.06386227866000808
Cc2d1a,-0.3856731524622701,0.1518012183197528,-0.19389058080264743,0.49237836122158024,-0.13769846149272702,0.7280816337455063,Cc2d1a,FALSE,FALSE,FALSE,FALSE,0.23908739825254818,FALSE,FALSE,0.06384754840814141
Mef2c,0.327086765826464,0.34914052942357365,0.1867989072523768,0.634035822124738,0.20319568689496137,0.6966065978764717,Mef2c,FALSE,FALSE,FALSE,FALSE,0.23902711999126738,FALSE,FALSE,0.06383124991987031
Gm28424,-0.160189312646854,0.8392059482807492,0.08241938000162685,0.9193522055701797,-0.4742673206635686,0.6487905668716706,Gm28424,FALSE,FALSE,FALSE,FALSE,0.23895867110401647,FALSE,FALSE,0.0638127421964834
Cln8,-0.2787889405469164,0.06093811750590271,-0.19877422053432614,0.19025808232305622,-0.23925883130069714,0.21224125828943427,Cln8,FALSE,FALSE,FALSE,FALSE,0.2389406641273132,FALSE,FALSE,0.06380787333510021
Fmnl1,-0.44547184452063027,0.1835336479195044,-0.24944644772689983,0.46259770871596834,-0.021857779218044993,0.9692575353705227,Fmnl1,FALSE,FALSE,FALSE,FALSE,0.2389253571551917,FALSE,FALSE,0.06380373452120135
Atp5o.1,-0.20852551449570633,0.16515739838780052,-0.25115457253643214,0.14063530962488444,-0.25691726982294405,0.2142264092705122,Atp5o.1,FALSE,FALSE,FALSE,FALSE,0.23886578561836083,FALSE,FALSE,0.06378762712238627
Rab19,-0.16669372328573306,0.6665888879472908,-0.3171923707039248,0.4141235294605114,-0.23260202241945382,0.657620624097316,Rab19,FALSE,FALSE,FALSE,FALSE,0.23882937213637057,FALSE,FALSE,0.06377778137208562
Cisd2,0.3517722627397619,0.06685610684488208,0.2592961922068122,0.19672294351870465,0.1052909517633287,0.7031722180629213,Cisd2,FALSE,FALSE,FALSE,FALSE,0.23878646890330094,FALSE,FALSE,0.06376618087422586
Pipox,-0.17791245247813814,0.7636181367590618,0.22885226986643642,0.6852650263389148,-0.3095929593755593,0.6978021416030433,Pipox,FALSE,FALSE,FALSE,FALSE,0.2387858939067113,FALSE,FALSE,0.06376602540233645
Aasdhppt,0.23517788839354203,0.4340416563466538,0.24554865636467404,0.4388319848126951,0.23559748604113118,0.5804893654251573,Aasdhppt,FALSE,FALSE,FALSE,FALSE,0.23877467693311574,FALSE,FALSE,0.06376299247290716
Sncaip,0.44408369350649357,0.15591981611352737,0.16123348955038885,0.6508663999735484,0.11098073502051875,0.8294262848845444,Sncaip,FALSE,FALSE,FALSE,FALSE,0.23876597269246705,FALSE,FALSE,0.06376063895505334
Eif3h,-0.21926544195394282,0.13619032667129635,-0.17394411419468003,0.2708176564916809,-0.32292731697477617,0.12212492892611604,Eif3h,FALSE,FALSE,FALSE,FALSE,0.238712291041133,FALSE,FALSE,0.06374612410764317
Ppp1r18,0.2902112942725066,0.40395985138506346,-0.13721596092894206,0.740770930538369,0.288690694063626,0.5512759364024638,Ppp1r18,FALSE,FALSE,FALSE,FALSE,0.23870598308835822,FALSE,FALSE,0.06374441851607285
Gm42979,0.04206986613369326,0.9528510875353271,0.5714883845964509,0.32367951624691677,0.10241002722087338,0.9214407687266095,Gm42979,FALSE,FALSE,FALSE,FALSE,0.23865609265033919,FALSE,FALSE,0.06373092876534654
Setmar,0.09580101065582669,0.7820418326127778,0.4248490246658543,0.18734420235759502,0.19521600515166648,0.6581950163184109,Setmar,FALSE,FALSE,FALSE,FALSE,0.2386220134911158,FALSE,FALSE,0.06372171418673911
Fem1a,-0.3542156982999334,0.040090584178383015,-0.19720457658808765,0.2418725836381834,-0.16437486788668565,0.45239639421352357,Fem1a,FALSE,FALSE,FALSE,FALSE,0.23859838092490224,FALSE,FALSE,0.06371532423628162
Tomm70a,0.3424592062070504,0.15214105683429816,0.3115650583609435,0.22996605857817365,0.06166091372127713,0.8801662231380971,Tomm70a,FALSE,FALSE,FALSE,FALSE,0.23856172609642368,FALSE,FALSE,0.06370541322890777
Pms1,0.29684994835798006,0.1333621994892309,0.23508689334334987,0.2591057418763741,0.18371612742860766,0.5023023307145136,Pms1,FALSE,FALSE,FALSE,FALSE,0.2385509897099792,FALSE,FALSE,0.063702510244236
Tor1aip1,0.2705999875668468,0.03829026207806311,0.2375576180834038,0.09955301218514566,0.20749492208604625,0.20226800695994418,Tor1aip1,FALSE,FALSE,FALSE,FALSE,0.2385508425787656,FALSE,FALSE,0.06370247046179522
Pdzd11,-0.19163589538928072,0.33198931479100685,-0.2669233490449159,0.21069000111570735,-0.2570300379610595,0.34219325627685565,Pdzd11,FALSE,FALSE,FALSE,FALSE,0.2385297607984187,FALSE,FALSE,0.06369677021194699
Fam81a,0.16435613356450407,0.6905901887726353,-0.3261569457226452,0.45464634021857,0.22505905973138862,0.684460514347188,Fam81a,FALSE,FALSE,FALSE,FALSE,0.23852404633951263,FALSE,FALSE,0.0636952250936991
Tnpo2,-0.23795249814730024,0.23030211224033137,-0.33116500021164885,0.14527329077908904,-0.14615544030881544,0.6144929286348775,Tnpo2,FALSE,FALSE,FALSE,FALSE,0.23842431288925484,FALSE,FALSE,0.06366825841558456
Khdrbs2,0.16630826077585592,0.6627760435408313,0.39450749423974285,0.28167430370843755,0.15427271693639755,0.7773436427860477,Khdrbs2,FALSE,FALSE,FALSE,FALSE,0.23836282398399877,FALSE,FALSE,0.06365163258431764
Med9,-0.26092183453397055,0.101808402454932,-0.2864025936022898,0.11648197128551506,-0.16770267600693156,0.43208725836388395,Med9,FALSE,FALSE,FALSE,FALSE,0.23834236804773065,FALSE,FALSE,0.06364610155488419
Ddx39,-0.2977226808322424,0.24682465267015588,-0.1835548667710758,0.4902191322881744,-0.23351765641572353,0.5027969816100225,Ddx39,FALSE,FALSE,FALSE,FALSE,0.23826506800634725,FALSE,FALSE,0.06362520059007412
Tbp,0.20942595734285785,0.29141329698529717,0.383285011175043,0.10437280106209305,0.12206156026435622,0.6770675819992295,Tbp,FALSE,FALSE,FALSE,FALSE,0.23825750959408568,FALSE,FALSE,0.0636231568898914
Tmem158,-0.36416205412061053,0.11824004463667034,0.09232374695091394,0.7108549745832431,0.25808790377707247,0.3896594828547996,Tmem158,FALSE,FALSE,FALSE,FALSE,0.23819123494953232,FALSE,FALSE,0.06360523705454824
Gm10382,0.3525414046549434,0.33222093168498734,-0.11492327797418289,0.7990642649883243,-0.24706034726887366,0.6623967494516975,Gm10382,FALSE,FALSE,FALSE,FALSE,0.23817500996599997,FALSE,FALSE,0.06360085002184056
9330104G04Rik,-0.1624361708662383,0.7068731221089363,-0.4206442086260602,0.33063184164718157,-0.13135980781563017,0.8348127811979617,9330104G04Rik,FALSE,FALSE,FALSE,FALSE,0.2381467291026429,FALSE,FALSE,0.06359320322994697
4930532G15Rik,-0.26246897956452997,0.7820418326127778,0.2128046176385709,0.8203814282162758,0.23888775412994473,0.8528203949192884,4930532G15Rik,FALSE,FALSE,FALSE,FALSE,0.23805378377768185,FALSE,FALSE,0.06356807197604974
Nipal1,0.3087959549902908,0.453021852151237,0.2929286410688021,0.4923145824033823,0.11226764749315721,0.8696514282459578,Nipal1,FALSE,FALSE,FALSE,FALSE,0.2379974145174167,FALSE,FALSE,0.06355283043278422
Nmrk1,0.2669795571682734,0.3541790412968494,0.43118117800954536,0.16167264309341386,-0.015827932683651014,0.9767925257879803,Nmrk1,FALSE,FALSE,FALSE,FALSE,0.23799622262048992,FALSE,FALSE,0.06355250815875592
Tfam,0.40228647063660805,0.029430615357372392,0.2347185680441184,0.18576308508784417,0.07695649122166426,0.7566120040861165,Tfam,FALSE,FALSE,FALSE,FALSE,0.23798717663413024,FALSE,FALSE,0.06355006223713425
Asap1,0.06765982877385035,0.6911208442029793,0.36393051791200914,0.08391551919875744,0.2818883656212732,0.19999072086906083,Asap1,FALSE,FALSE,FALSE,FALSE,0.23782623743571088,FALSE,FALSE,0.06350654628989119
Fam83h,-0.3500538021284685,0.05258282158576566,-0.20327359557792235,0.2508671114262236,-0.16012225204326924,0.4872459834987005,Fam83h,FALSE,FALSE,FALSE,FALSE,0.23781654991655335,FALSE,FALSE,0.06350392690582121
Lockd,-0.3407269938644053,0.46946773877640796,0.189014245781433,0.6886197269319565,0.18351348941461976,0.7758237520797927,Lockd,FALSE,FALSE,FALSE,FALSE,0.237751576353486,FALSE,FALSE,0.06348635886664618
Bhlha15,-0.10534108880483029,0.8110365137931854,-0.3310669230553822,0.43910748013220713,-0.2767932689663546,0.63392369073283406,Bhlha15,FALSE,FALSE,FALSE,FALSE,0.23773376027552237,FALSE,FALSE,0.06348154162189562
Slc5a5,-0.07327788952812131,0.956669236406619,0.3463827128087276,0.77966697733794,0.29349076510701705,0.8681458594612189,Slc5a5,FALSE,FALSE,FALSE,FALSE,0.23771712248128865,FALSE,FALSE,0.06347704297033512
Dbndd1,-0.21043392328566046,0.3996896501809504,-0.15148487429981694,0.5653941311562247,0.3512239100643386,0.25213501024433027,Dbndd1,FALSE,FALSE,FALSE,FALSE,0.237714235883272,FALSE,FALSE,0.06347626247031872
Ppfia4,-0.3494374944814267,0.37741317974179944,-0.21795083431388962,0.6005536474775328,0.1457064578867222,0.7943123528581805,Ppfia4,FALSE,FALSE,FALSE,FALSE,0.23769826222734616,FALSE,FALSE,0.06347194339345383
Gm36738,-0.4952160194115714,0.26418495607371817,-0.04778681068466328,0.922723266923098,-0.16998805547772688,0.7927797519038418,Gm36738,FALSE,FALSE,FALSE,FALSE,0.23766362852465386,FALSE,FALSE,0.06346257887322512
Smarca1,0.3185808255193763,0.06416751596950533,0.30789726173873166,0.1156090072283418,0.08650519929091871,0.7303752574601557,Smarca1,FALSE,FALSE,FALSE,FALSE,0.2376610955163422,FALSE,FALSE,0.0634618939794445
Pigyl,-0.18920949628305017,0.46699436209451806,-0.2541749671814748,0.3426706284403532,-0.2695724480522399,0.441179262246431,Pigyl,FALSE,FALSE,FALSE,FALSE,0.23765230383892164,FALSE,FALSE,0.06345951681978067
Paox,-0.26668497650592293,0.39820202544144484,-0.34344040647687546,0.29785939480401974,-0.10280363142498228,0.8318627856958678,Paox,FALSE,FALSE,FALSE,FALSE,0.23764300480259357,FALSE,FALSE,0.0634570024766111
Prkcz2,-0.40584512936979883,0.44302567479447247,0.2726763210630424,0.5940465012409307,-0.03439601505600348,0.9692575353705227,Prkcz2,FALSE,FALSE,FALSE,FALSE,0.23763915516294823,FALSE,FALSE,0.06345596158217794
Gpr65,0.36195542004812803,0.561767407031338,-0.0962460703616076,0.8976480983829508,0.25466632380325666,0.783446509362906,Gpr65,FALSE,FALSE,FALSE,FALSE,0.23762260473766408,FALSE,FALSE,0.06345148655408914
Cdk5r1,-0.10326418766262746,0.7667717681752548,-0.5854645906015814,0.1266252652829617,0.024051789990095607,0.9677541211626071,Cdk5r1,FALSE,FALSE,FALSE,FALSE,0.23759352275143483,FALSE,FALSE,0.06344362314858629
Calhm2,-0.13467087246002363,0.6516481625456653,-0.27144356804460745,0.3639609100680595,-0.3065765931198525,0.4353991998636434,Calhm2,FALSE,FALSE,FALSE,FALSE,0.23756367787482788,FALSE,FALSE,0.06343555346706271
Rnaseh2c,-0.11689727629170354,0.5841784272240763,-0.31869678948712865,0.16347190559035799,-0.2770712076261157,0.3228931499340844,Rnaseh2c,FALSE,FALSE,FALSE,FALSE,0.23755509113498263,FALSE,FALSE,0.0634332317199572
Col1a1,0.38810612016379675,0.48989200791689036,-0.009832965636189073,0.9877337196545947,0.3146957724553259,0.7040339992963192,Col1a1,FALSE,FALSE,FALSE,FALSE,0.23754495275177057,FALSE,FALSE,0.06343049042788342
Rinl,-0.03257284493759083,0.9491466864294082,-0.2953249933139624,0.5310327018204368,-0.3847178815238262,0.539015975968072,Rinl,FALSE,FALSE,FALSE,FALSE,0.2375385732584598,FALSE,FALSE,0.06342876549264655
Dnah2,-0.46157197564520946,0.13254425521005692,-0.13717615132239347,0.6657785838256003,-0.11382609100955143,0.7957981524732946,Dnah2,FALSE,FALSE,FALSE,FALSE,0.23752473932571813,FALSE,FALSE,0.06342502497018053
2200002D01Rik,-0.3375673644901608,0.7179933863975981,0.374740885111694,0.6659979377710777,-1.633662317809259e-4,0.9998865205563686,2200002D01Rik,FALSE,FALSE,FALSE,FALSE,0.23749053861121192,FALSE,FALSE,0.06341577752454426
Gm29296,0.2310338053594403,0.6935146197180914,0.4477977114755577,0.42279209745396906,0.03322773507103388,0.9737125519878691,Gm29296,FALSE,FALSE,FALSE,FALSE,0.2373530839686773,FALSE,FALSE,0.06337861150761616
Oser1,-0.34612974431014676,0.06791096114980984,-0.09601826830728699,0.6137715454244318,-0.2697706197442318,0.2585064230017911,Oser1,FALSE,FALSE,FALSE,FALSE,0.23730621078722183,FALSE,FALSE,0.06336593758534388
Tsc2,-0.3019388138622823,0.07054476207013363,-0.21554499760552748,0.21545322800644753,-0.19429931104097165,0.3819726935278713,Tsc2,FALSE,FALSE,FALSE,FALSE,0.23726104083626046,FALSE,FALSE,0.06335372419530397
Mpped2,0.2355130104593397,0.18674212339974947,0.16906634881197213,0.36766178359885854,0.30713821160912147,0.19757833023075963,Mpped2,FALSE,FALSE,FALSE,FALSE,0.23723919029347776,FALSE,FALSE,0.06334781608170391
Iws1,0.2742239678917473,0.11121107762279002,0.28143228806068343,0.14541309310419226,0.15602645186244146,0.5188494791766933,Iws1,FALSE,FALSE,FALSE,FALSE,0.23722756927162406,FALSE,FALSE,0.06334467390267691
Drp2,-0.2953775400824177,0.6474877970966701,0.3546111101028613,0.5495566405246419,-0.06160595492674603,0.9538085229725968,Drp2,FALSE,FALSE,FALSE,FALSE,0.23719820170400832,FALSE,FALSE,0.0633367332795374
Atg4a,0.40763675837801916,0.0636552062451223,0.23670888529870648,0.2900276366190269,0.06722370535433564,0.8485447690014392,Atg4a,FALSE,FALSE,FALSE,FALSE,0.23718978301035376,FALSE,FALSE,0.06333445697002098
Aars,-0.19269260799773136,0.35912307961529255,-0.2825138144840764,0.21817658289036848,-0.23635491995381397,0.4245546263275381,Aars,FALSE,FALSE,FALSE,FALSE,0.23718711414520724,FALSE,FALSE,0.06333373534225065
5430405H02Rik,-0.49976046287577247,0.1854994626516531,-0.08425605511386824,0.836914532256226,-0.1274928748975217,0.816326635188023,5430405H02Rik,FALSE,FALSE,FALSE,FALSE,0.23716979762905413,FALSE,FALSE,0.0633290531727683
Gm2885,0.5079262342465197,0.42325153631374507,-0.11363161866099891,0.888040165254959,0.0899287266514589,0.9394147117421715,Gm2885,FALSE,FALSE,FALSE,FALSE,0.23716219318632584,FALSE,FALSE,0.06332699702652284
Kcnj10,0.5839937621196905,0.19151741645568937,-0.04380294149923847,0.9414937342746121,-0.08359358228825631,0.9228714783128431,Kcnj10,FALSE,FALSE,FALSE,FALSE,0.23713009530239507,FALSE,FALSE,0.06331831815998527
Osbpl6,0.2694262195368413,0.04860264917722118,0.23212956152786735,0.11918285018239806,0.2097775688609813,0.22883549576023568,Osbpl6,FALSE,FALSE,FALSE,FALSE,0.23711111664189666,FALSE,FALSE,0.06331318656745155
Gm10362,0.4117797820325897,0.3956725512684693,0.10269456587556669,0.8628984756350048,-0.19681143600070838,0.8090194460711082,Gm10362,FALSE,FALSE,FALSE,FALSE,0.2370952613029549,FALSE,FALSE,0.06330889948202
Mid1ip1,-0.22243647485989904,0.25999706357642294,-0.29985485949744817,0.17233569714023145,-0.18876090622579333,0.49521941553296023,Mid1ip1,FALSE,FALSE,FALSE,FALSE,0.23701741352771352,FALSE,FALSE,0.0632878504168223
Negr1,0.2626593349730362,0.13842786856935763,0.25110998737093926,0.19552366357614318,0.1972392417225448,0.42640003032420043,Negr1,FALSE,FALSE,FALSE,FALSE,0.23700285468884008,FALSE,FALSE,0.0632839138888008
Ggt7,-0.41523931199864883,0.0413627575063542,-0.2720608965028708,0.1751640242634439,-0.023688673013707806,0.9421114768290293,Ggt7,FALSE,FALSE,FALSE,FALSE,0.23699629383840914,FALSE,FALSE,0.06328213991686589
Dok4,-0.40017717954822496,0.17464517509343913,-0.2600673008290493,0.38177905815717583,0.05071934730940453,0.9127045150682105,Dok4,FALSE,FALSE,FALSE,FALSE,0.23698794256222624,FALSE,FALSE,0.06327988183619097
Sdc1,-0.2632070723180173,0.24241347137122404,-0.21978134928717186,0.3503601137939765,-0.2279039382074819,0.4609619379459538,Sdc1,FALSE,FALSE,FALSE,FALSE,0.23696411993755703,FALSE,FALSE,0.06327344049630312
Porcn,-0.31514443227627575,0.2788214606127895,-0.23239715446017506,0.4405912321938768,-0.16331175808402065,0.6930940634580646,Porcn,FALSE,FALSE,FALSE,FALSE,0.23695111494015716,FALSE,FALSE,0.06326992410759046
4933427G23Rik,0.3428142666083411,0.5947413419377787,0.20624943990364913,0.7752766817391893,0.16178400467174797,0.8766490443993098,4933427G23Rik,FALSE,FALSE,FALSE,FALSE,0.23694923706124607,FALSE,FALSE,0.06326941635260952
Fbxl17,0.36039967248502336,0.029310593749131475,0.205949969600578,0.19180465546682338,0.1444921597734279,0.47644690130966866,Fbxl17,FALSE,FALSE,FALSE,FALSE,0.23694726728634308,FALSE,FALSE,0.06326888375010124
Fastkd5,0.21443304301140342,0.5202995007468073,0.24219329791323263,0.4801811638959455,-0.25417842252022105,0.6016393573265565,Fastkd5,FALSE,FALSE,FALSE,FALSE,0.2369349211482857,FALSE,FALSE,0.06326554550871794
Mrpl32,0.3095566011315949,0.1213754283063181,0.31148969799763915,0.15518880905879467,0.08968573807644553,0.7700081704289583,Mrpl32,FALSE,FALSE,FALSE,FALSE,0.23691067906855987,FALSE,FALSE,0.06325899075342667
Sepsecs,0.20153026292749665,0.32422576922629287,0.30702778915321627,0.1700172350422148,0.20206251750863125,0.47763770328727306,Sepsecs,FALSE,FALSE,FALSE,FALSE,0.23687352319644805,FALSE,FALSE,0.06324894427011826
Polq,0.17076192560868297,0.6094412731528123,0.24662174130531245,0.45460286440577524,0.29319774467520765,0.49291607618660116,Polq,FALSE,FALSE,FALSE,FALSE,0.23686047052973436,FALSE,FALSE,0.06324541499221908
1810032O08Rik,-0.3148893819398305,0.4664449432083099,-0.015553267869916287,0.9752080810850566,0.380138619110751,0.4642198353352169,1810032O08Rik,FALSE,FALSE,FALSE,FALSE,0.23686042297349927,FALSE,FALSE,0.06324540213360764
Llgl2,-0.3200731433649002,0.14245928902830313,-0.3058388588888912,0.19018775276974612,-0.08460653650498173,0.7972016958168011,Llgl2,FALSE,FALSE,FALSE,FALSE,0.23683951291959104,FALSE,FALSE,0.06323974831644155
Dscam,-0.2935039528547332,0.10749586717269094,-0.16153934017042282,0.40003195933596997,-0.25543507666059195,0.30120166896755146,Dscam,FALSE,FALSE,FALSE,FALSE,0.23682612322858265,FALSE,FALSE,0.06323612791138646
Atf7,0.28192882921764273,0.14824901514848635,0.15519755415084546,0.45771260311384715,0.27326342589701813,0.30311624776821755,Atf7,FALSE,FALSE,FALSE,FALSE,0.23679660308850212,FALSE,FALSE,0.06322814603455987
A330074K22Rik,-0.20322547964472815,0.6766599553936127,-0.4174675917695816,0.3956983331541495,0.08923361796422435,0.9046866159210569,A330074K22Rik,FALSE,FALSE,FALSE,FALSE,0.2366422297928447,FALSE,FALSE,0.06318640542533886
Cpeb4,0.2696353238657112,0.2565825722895612,0.3169657207064791,0.22264619753939185,0.12329125349566006,0.7361398167309516,Cpeb4,FALSE,FALSE,FALSE,FALSE,0.2366307660226168,FALSE,FALSE,0.06318330576518558
Polr3gl,-0.2768074419495621,0.11627360997434505,-0.2518730662595958,0.18174446747764975,-0.1810192823909471,0.44488354752418446,Polr3gl,FALSE,FALSE,FALSE,FALSE,0.23656659686670167,FALSE,FALSE,0.06316595522764805
Gm29266,-0.22030713302596527,0.7481511034732725,0.4076499202288808,0.5068726020531586,-0.08157935697780982,0.9408306343998061,Gm29266,FALSE,FALSE,FALSE,FALSE,0.23651213674421864,FALSE,FALSE,0.0631512298913714
Mag,0.40873931809491204,0.5764572956233375,0.19736722137046037,0.8144427165750446,0.10340277849265711,0.9356595057239877,Mag,FALSE,FALSE,FALSE,FALSE,0.23650310598600985,FALSE,FALSE,0.06314878808725134
Ncapd2,-0.318911667683591,0.25335817039201963,-0.3091205532051209,0.29234075612226945,-0.08136345583512128,0.8560907659074728,Ncapd2,FALSE,FALSE,FALSE,FALSE,0.23646522557461105,FALSE,FALSE,0.0631385456975777
Frat2,0.14075148143492644,0.7538524443183404,0.23862875285050467,0.5820198400812434,0.3300153444030687,0.5516967539178483,Frat2,FALSE,FALSE,FALSE,FALSE,0.2364651928961666,FALSE,FALSE,0.06313853686173485
Abcc9,0.35446163243139006,0.2528536321507708,0.1307199097682208,0.7141042845303026,0.22408902026907462,0.6155468445961313,Abcc9,FALSE,FALSE,FALSE,FALSE,0.23642352082289517,FALSE,FALSE,0.06312726925409297
Hip1,-0.333278885015166,0.1680326065052126,-0.34450005730130817,0.18626626962249143,-0.03148180080010077,0.9396450036428386,Hip1,FALSE,FALSE,FALSE,FALSE,0.23642024770552497,FALSE,FALSE,0.06312638424407552
Arhgap33,-0.015642862469748886,0.977443001888163,-0.21005346436692585,0.699775373375869,0.4835404268179564,0.4245546263275381,Arhgap33,FALSE,FALSE,FALSE,FALSE,0.23641225121821038,FALSE,FALSE,0.06312422209387514
Pde8a,0.16173070864417305,0.43168162330579113,0.24177578179729498,0.259549472319911,0.3056915214836442,0.260633977157684,Pde8a,FALSE,FALSE,FALSE,FALSE,0.23639933730837073,FALSE,FALSE,0.0631207303341
Etv1,0.09796657616204829,0.67533328991344,0.24706947212420616,0.2954783693021104,0.36397164380734903,0.23159276878932877,Etv1,FALSE,FALSE,FALSE,FALSE,0.2363358973645345,FALSE,FALSE,0.06310357696639224
Prrc1,0.3685756686385462,0.02968321167135741,0.16705033380165357,0.2936233775409899,0.17312833827458896,0.4046475006623052,Prrc1,FALSE,FALSE,FALSE,FALSE,0.23625144690492958,FALSE,FALSE,0.06308074261788726
Gm24514,0.06819824810202224,0.8642973592896315,-0.032519779161012785,0.9417848404800598,-0.6079927320576832,0.2157661235667044,Gm24514,FALSE,FALSE,FALSE,FALSE,0.23623691977357275,FALSE,FALSE,0.06307681466318185
Picalm,0.3108391813251279,0.07756949711382077,0.2759056475945636,0.15202031156578022,0.12194122762267323,0.6251741968610248,Picalm,FALSE,FALSE,FALSE,FALSE,0.23622868551412157,FALSE,FALSE,0.06307458822236829
Ube2k,0.2863882121542076,0.12977211368048872,0.2697669972488903,0.1916155977137869,0.1524725401699465,0.5755881478077631,Ube2k,FALSE,FALSE,FALSE,FALSE,0.23620924985768146,FALSE,FALSE,0.06306933306384514
Il18,-0.24293705345746908,0.4891129041866704,-0.17748684450874763,0.6294620944666226,-0.2881236192953269,0.5469517514539856,Il18,FALSE,FALSE,FALSE,FALSE,0.2361825057538479,FALSE,FALSE,0.06306210179251463
Brd4,0.16274075290031131,0.3353546840525049,0.2237503576334463,0.22229398797236916,0.32205073770987713,0.16735442230976913,Brd4,FALSE,FALSE,FALSE,FALSE,0.23618061608121158,FALSE,FALSE,0.06306159084865785
Slc4a10,0.34536254313779136,0.2741368912592099,0.18281096727085178,0.6076144765857886,0.18031762049419164,0.7071222817241728,Slc4a10,FALSE,FALSE,FALSE,FALSE,0.23616371030094493,FALSE,FALSE,0.06305701973702432
Camk2n2,-0.41855836459292783,0.10328778930358475,-0.07638846169321223,0.7844607872810123,-0.2135075930472361,0.5326523293572504,Camk2n2,FALSE,FALSE,FALSE,FALSE,0.2361514731111254,FALSE,FALSE,0.06305371095388249
Clvs2,0.3539611170387096,0.5966474984526148,-0.004563057390706046,0.994997903607089,-0.34990398077057505,0.73647889380471665,Clvs2,FALSE,FALSE,FALSE,FALSE,0.2361427183999969,FALSE,FALSE,0.0630513437894419
Gm14858,0.15358155734832224,0.8713946648453621,-0.1467329636973529,0.885535979310359,0.4081017160609225,0.7313600982123954,Gm14858,FALSE,FALSE,FALSE,FALSE,0.2361387457021992,FALSE,FALSE,0.06305026962162277
St18,0.11601281017499954,0.6265420620188378,0.41452727352617025,0.11601268445501388,0.1778195419585371,0.5830726208887027,St18,FALSE,FALSE,FALSE,FALSE,0.2361198752199023,FALSE,FALSE,0.06304516727912232
Cfap77,-0.4076649972445393,0.5181413763487349,-0.028445329107819328,0.9687228752364762,0.2722402666961287,0.7442724803559847,Cfap77,FALSE,FALSE,FALSE,FALSE,0.23611686434949578,FALSE,FALSE,0.06304435317740532
Zfp354b,0.4062606648696807,0.09538646781898426,0.26597365784718185,0.2940906381589807,-0.03609578884943909,0.9354236320279655,Zfp354b,FALSE,FALSE,FALSE,FALSE,0.23611003718876722,FALSE,FALSE,0.06304250719849527
A430005L14Rik,-0.29186781604575307,0.16711295041120655,-0.1807339379520423,0.4090100649331533,-0.23565119327745698,0.409082037651014,A430005L14Rik,FALSE,FALSE,FALSE,FALSE,0.23608431575841746,FALSE,FALSE,0.06303555244528966
Car10,0.3949763635194281,0.048842789394313794,0.10048198025890498,0.6332026645217745,0.21271972488276125,0.4119518333497763,Car10,FALSE,FALSE,FALSE,FALSE,0.23605935622036478,FALSE,FALSE,0.06302880369823624
Ciz1,-0.37294935797286133,0.10584461278870665,-0.18288204125978957,0.43487699701268934,-0.15228372941959378,0.6323909429312146,Ciz1,FALSE,FALSE,FALSE,FALSE,0.23603837621741489,FALSE,FALSE,0.06302313096772377
E030030I06Rik,-0.20058538502126783,0.6875041668518613,-0.21051905165266876,0.6838605576220524,0.29696696765494124,0.6303896416992035,E030030I06Rik,FALSE,FALSE,FALSE,FALSE,0.23602380144295929,FALSE,FALSE,0.06301919013092007
Pcdhb12,0.45247798411231466,0.29800252364220803,0.24583239406556567,0.6154246139769485,0.009591257330197056,0.9901796608639275,Pcdhb12,FALSE,FALSE,FALSE,FALSE,0.2359672118360258,FALSE,FALSE,0.06300388900867011
Celsr3,-0.2966182671418176,0.0787226645323674,-0.23173550835363343,0.1948269640341806,-0.17947687759200104,0.43245528704756403,Celsr3,FALSE,FALSE,FALSE,FALSE,0.23594355102915068,FALSE,FALSE,0.0629974914222908
Gde1,-0.2528271738571606,0.057866366417955666,-0.24190908838925385,0.10882902841077632,-0.21307229274239425,0.2168790269339246,Gde1,FALSE,FALSE,FALSE,FALSE,0.23593618499626956,FALSE,FALSE,0.0629954997390875
Nfasc,-0.33893755399575287,0.1633978901586359,-0.23674525637608745,0.36483117275060584,-0.13205989333917945,0.7217551052209162,Nfasc,FALSE,FALSE,FALSE,FALSE,0.23591423457033991,FALSE,FALSE,0.06298956461833322
Btg2,-0.44967977755185995,0.20623863261400716,-0.20792642276606887,0.601570101523948,0.05002084728124956,0.938907882023053,Btg2,FALSE,FALSE,FALSE,FALSE,0.23587568253305946,FALSE,FALSE,0.06297914062941762
Ptp4a1,-0.051517023754131364,0.9473442812838645,0.15737187921550944,0.8299710939518999,0.4986680370222376,0.5487327294115498,Ptp4a1,FALSE,FALSE,FALSE,FALSE,0.23585231333062615,FALSE,FALSE,0.06297282188923382
Kctd21,-0.25829733323713544,0.20024186625891155,-0.2994947722298078,0.1732788941445503,-0.14973586678047246,0.5932787828900294,Kctd21,FALSE,FALSE,FALSE,FALSE,0.23584265741580523,FALSE,FALSE,0.06297021105058136
Abtb1,-0.42188454202053816,0.124793725957397,-0.2844311716908434,0.3050136600508996,0.0011248188281567373,0.9975661282236203,Abtb1,FALSE,FALSE,FALSE,FALSE,0.23581351084651278,FALSE,FALSE,0.06296233018262562
Tm6sf1,-0.3344740540692087,0.4230263747270447,-0.23942225616895518,0.5851710633904696,0.13338691134931402,0.8228530056640567,Tm6sf1,FALSE,FALSE,FALSE,FALSE,0.23576107386249265,FALSE,FALSE,0.0629481518776967
Zcchc24,0.17096209053406408,0.6775218474053256,0.17037206326834964,0.6949882780748464,0.36582025462047163,0.4847898433783476,Zcchc24,FALSE,FALSE,FALSE,FALSE,0.2357181361409618,FALSE,FALSE,0.0629365420545882
Synj2bp,0.3124438080614347,0.13279796404577798,0.28034450695440505,0.2119362535670481,0.11401990461885791,0.7159143220755706,Synj2bp,FALSE,FALSE,FALSE,FALSE,0.23560273987823255,FALSE,FALSE,0.06290534034779277
1700086P04Rik,0.372526414557121,0.4047670950421265,0.05366532791375034,0.92283859305892,-0.2805838050122201,0.6936544590961399,1700086P04Rik,FALSE,FALSE,FALSE,FALSE,0.23559184916103046,FALSE,FALSE,0.06290239563401354
Cbx7,-0.399883885688217,0.13084847194753266,-0.2769600284431526,0.31658909679056807,-0.029814700997581767,0.9498958392426964,Cbx7,FALSE,FALSE,FALSE,FALSE,0.23555287170965045,FALSE,FALSE,0.0628918566184438
Sft2d2,-0.4442730024996209,0.04386002452607625,-0.16394200585640384,0.4509754004215689,-0.0984110139223473,0.7504677895464228,Sft2d2,FALSE,FALSE,FALSE,FALSE,0.235542007426124,FALSE,FALSE,0.062888919052
Dpm2,-0.22868468623689964,0.16934021004675914,-0.26764497065873893,0.14942689218103428,-0.21013504471517663,0.3509449722402551,Dpm2,FALSE,FALSE,FALSE,FALSE,0.23548823387027173,FALSE,FALSE,0.06287437935475707
Zfp335os,-0.19972170394313782,0.697570285714417,0.28804202272052826,0.5456749427883263,0.21853898623913948,0.7409447009748852,Zfp335os,FALSE,FALSE,FALSE,FALSE,0.23543423763426852,FALSE,FALSE,0.06285977944758518
Ell2,0.12769915452804792,0.6507728667300834,0.35529609719929045,0.22145924906021291,-0.22318991506181174,0.565034693231984,Ell2,FALSE,FALSE,FALSE,FALSE,0.23539505559638338,FALSE,FALSE,0.06284918511438214
Phf13,-0.2631382421379813,0.17303183755959395,-0.28187519574620357,0.18022353138114056,-0.16113394746141374,0.5491161724306007,Phf13,FALSE,FALSE,FALSE,FALSE,0.2353824617818662,FALSE,FALSE,0.06284577990438048
Ykt6,-0.22203928060821987,0.09026756613234761,-0.20188959646160498,0.15699980545675427,-0.28216723897485796,0.12049300589085365,Ykt6,FALSE,FALSE,FALSE,FALSE,0.23536537201489427,FALSE,FALSE,0.06284115904504198
Yipf4,0.3771021093369509,0.04507719703981169,0.24987653080532812,0.18980382838876936,0.07902964253612677,0.7691879629745485,Yipf4,FALSE,FALSE,FALSE,FALSE,0.23533609422613525,FALSE,FALSE,0.06283324269698293
Med29,-0.4221029483374097,0.07985576098425783,-0.13052483656749914,0.5845685785923034,-0.15336853504850945,0.6274826732165347,Med29,FALSE,FALSE,FALSE,FALSE,0.23533210665113943,FALSE,FALSE,0.06283216450655543
Gm49064,0.3780043122630262,0.5132195751059984,-0.1494169805028565,0.831627946882488,0.1785614626620847,0.8468330394857277,Gm49064,FALSE,FALSE,FALSE,FALSE,0.2353275851426558,FALSE,FALSE,0.06283094194718788
Ncln,-0.2500350933444988,0.15484898312690978,-0.2978528453510414,0.1377921970079017,-0.15802872821442637,0.5233306270477729,Ncln,FALSE,FALSE,FALSE,FALSE,0.23530555563665553,FALSE,FALSE,0.06282498544417114
Abcb9,-0.25688360800231846,0.33856258338383854,-0.3267907220111721,0.25171559004976063,-0.12224186588937558,0.7581556020969512,Abcb9,FALSE,FALSE,FALSE,FALSE,0.2353053986342887,FALSE,FALSE,0.06282494299269394
Gm43915,0.5623403316145865,0.2805488142845776,0.05693321195510953,0.9335322301405494,0.0865209436086411,0.9301326179938325,Gm43915,FALSE,FALSE,FALSE,FALSE,0.2352648290594457,FALSE,FALSE,0.06281397348684403
Lhfpl1,-0.27758244200559057,0.3447938102068143,-0.19202728148422965,0.5332932730480604,-0.23613273484026087,0.5590405022806915,Lhfpl1,FALSE,FALSE,FALSE,FALSE,0.23524748611002702,FALSE,FALSE,0.06280928417013713
Ublcp1,0.25678320757451534,0.23144575023854247,0.2728688347403949,0.23560732458568792,0.17598689751663787,0.5683325813076453,Ublcp1,FALSE,FALSE,FALSE,FALSE,0.23521297994384938,FALSE,FALSE,0.06279995413418757
Dcaf8,-0.27286472759437874,0.12246660071969054,-0.20545353095013663,0.2751346941568714,-0.22730546232619364,0.350118164788311,Dcaf8,FALSE,FALSE,FALSE,FALSE,0.235207906956903,FALSE,FALSE,0.0627985824619381
Vps37d,-0.31102189574027905,0.26910136915721905,-0.29846313949484937,0.3087437001478208,-0.0961109934060449,0.8210907825522568,Vps37d,FALSE,FALSE,FALSE,FALSE,0.23519867621372445,FALSE,FALSE,0.06279608658438238
Ddb2,-0.13876956172196175,0.7127511195191676,0.2842659552621689,0.4059901103310142,0.2825131768505622,0.5326523293572504,Ddb2,FALSE,FALSE,FALSE,FALSE,0.23518289794489763,FALSE,FALSE,0.0627918203377464
Nhs,0.2865737103233452,0.21628846749836436,0.3233407074346051,0.19447640933313137,0.09560098586045562,0.7936895045475404,Nhs,FALSE,FALSE,FALSE,FALSE,0.23517180120613532,FALSE,FALSE,0.06278881991831288
Ntng2,-0.2490788740864689,0.4289312678224078,-0.19951011757193493,0.5457092306452722,0.25688365373897026,0.5205425351299805,Ntng2,FALSE,FALSE,FALSE,FALSE,0.23515754846579137,FALSE,FALSE,0.06278496615550701
Pgk1,-0.19314676709248602,0.15604990380623762,-0.2073115118337947,0.17182396980292172,-0.30498596107027076,0.11940502573778203,Pgk1,FALSE,FALSE,FALSE,FALSE,0.23514807999885048,FALSE,FALSE,0.06278240600041789
Jade3,0.3327578590644009,0.11407567687747128,0.28780197646132244,0.1995812088419037,0.08481444111467873,0.7972027662037148,Jade3,FALSE,FALSE,FALSE,FALSE,0.23512475888013404,FALSE,FALSE,0.06277610026147001
AF529169,0.021540242183356817,0.9547915690770244,0.37591851282669264,0.25675284614814375,0.3077803658432483,0.479426609615007,AF529169,FALSE,FALSE,FALSE,FALSE,0.23507970695109925,FALSE,FALSE,0.06276391878308357
Gm6288,-0.15155351468817663,0.861657924212674,-0.4384854264957555,0.6155127016817965,0.11516375510290755,0.929640695099024,Gm6288,FALSE,FALSE,FALSE,FALSE,0.23506756542894655,FALSE,FALSE,0.06276063586728285
Abhd13,0.2995116239063824,0.10848221323241852,0.30735133652805047,0.1436017030829347,0.0981832652893857,0.7273086735987276,Abhd13,FALSE,FALSE,FALSE,FALSE,0.2350154085746062,FALSE,FALSE,0.06274653330591726
Srp68,-0.2823937659510847,0.1539109359258738,-0.2726241919349359,0.20499842787131153,-0.14999643978827581,0.6001989332648494,Srp68,FALSE,FALSE,FALSE,FALSE,0.23500479922476547,FALSE,FALSE,0.06274366467035497
Rtl8b,-0.3260993293597618,0.16599391575349587,-0.2485691411136015,0.31207004954883505,-0.13016673580253446,0.7026799969099456,Rtl8b,FALSE,FALSE,FALSE,FALSE,0.2349450687586326,FALSE,FALSE,0.06272751429904351
Cdyl2,-0.21414181669745957,0.4729586290747756,-0.2506000248550464,0.41573496719970926,-0.24008618394252768,0.5578747527002377,Cdyl2,FALSE,FALSE,FALSE,FALSE,0.23494267516501122,FALSE,FALSE,0.06272686710125222
Ipo7,0.39079706925610314,0.0491949323243061,0.26654901446966583,0.19042420067891772,0.04741568953211406,0.8809191764160399,Ipo7,FALSE,FALSE,FALSE,FALSE,0.234920591085961,FALSE,FALSE,0.06272089584236502
Espl1,0.06790144177157978,0.9168197154749603,-0.05782077220398045,0.9317178228283753,0.5789862384263682,0.4076770859116572,Espl1,FALSE,FALSE,FALSE,FALSE,0.23490281746730948,FALSE,FALSE,0.06271609007808165
Nkain3,-0.5485175024793261,0.14174003031344232,-0.15041015640045652,0.6956548549187105,-0.005724951199393313,0.9917750559713899,Nkain3,FALSE,FALSE,FALSE,FALSE,0.2348842033597253,FALSE,FALSE,0.0627110570560984
4930453N24Rik,0.2644733483592825,0.12614545160636179,0.25803762544176045,0.1749421373382723,0.18204498341509368,0.4477408596315399,4930453N24Rik,FALSE,FALSE,FALSE,FALSE,0.23485198573871222,FALSE,FALSE,0.0627023458141507
Plaur,0.48477351315945494,0.5192973791502381,-0.0689321510988159,0.9430094073196065,0.15078558771479567,0.9071729892334421,Plaur,FALSE,FALSE,FALSE,FALSE,0.2348304173243555,FALSE,FALSE,0.06269651398454995
Limch1,-0.40230781597047827,0.098604573520114,-0.18509522313641735,0.47366301306790326,-0.11704357619580907,0.7494597330066277,Limch1,FALSE,FALSE,FALSE,FALSE,0.2348155384342349,FALSE,FALSE,0.06269249091867238
Zfp963,0.10888846793507767,0.6518444899811244,-0.21426215125413628,0.3914495494444617,-0.3811720654097499,0.24444264031075097,Zfp963,FALSE,FALSE,FALSE,FALSE,0.23477422819965463,FALSE,FALSE,0.062681321147689
Rab3a,-0.2849148699373556,0.1969785269765241,-0.36317979971900005,0.14718609903308233,-0.05620662100160345,0.8797388443604395,Rab3a,FALSE,FALSE,FALSE,FALSE,0.23476709688598638,FALSE,FALSE,0.06267939292962647
Nr2c1,0.27254741322281184,0.11144962864793834,0.28853543726962716,0.13249902234155334,0.1431871806635816,0.5514199504484208,Nr2c1,FALSE,FALSE,FALSE,FALSE,0.23475667705200687,FALSE,FALSE,0.0626765755367838
Scoc,0.2522792345724749,0.10553434984789055,0.23111668739881353,0.1744673279203778,0.22081873239463512,0.2943649772118689,Scoc,FALSE,FALSE,FALSE,FALSE,0.2347382181219745,FALSE,FALSE,0.06267158447287059
Tm9sf4,-0.20408915897956703,0.2213032422499172,-0.30815162115114525,0.12061995108359509,-0.19193813050957598,0.41473209637178665,Tm9sf4,FALSE,FALSE,FALSE,FALSE,0.23472630354676274,FALSE,FALSE,0.06266836292068546
Ccdc113,-0.25969193389984513,0.6091535629974907,-0.41421090259878657,0.421809112209686,0.030052358949553604,0.9709984408155377,Ccdc113,FALSE,FALSE,FALSE,FALSE,0.23465173181606178,FALSE,FALSE,0.06264819965697546
Mcc,0.24764953438570547,0.17482831054024747,0.26966341180833275,0.1766653270357218,0.18654251867843463,0.4618066899606207,Mcc,FALSE,FALSE,FALSE,FALSE,0.2346184882908243,FALSE,FALSE,0.062639211023351
Tuba8,-0.4330481840834147,0.43707927876097075,0.268121841108627,0.6147714651020414,-0.002663860284224384,0.9969864688453082,Tuba8,FALSE,FALSE,FALSE,FALSE,0.23461129515875537,FALSE,FALSE,0.06263726609036575
Lrfn4,-0.40842550120252374,0.0413627575063542,-0.12981702972098397,0.4885340764407033,-0.165525540019134,0.49882734358485237,Lrfn4,FALSE,FALSE,FALSE,FALSE,0.23458935698088057,FALSE,FALSE,0.06263133428133238
Scfd1,0.37122841886693436,0.04908157064776721,0.26266017806047426,0.1780456519649714,0.06980497531221985,0.8028028246720895,Scfd1,FALSE,FALSE,FALSE,FALSE,0.23456452407987616,FALSE,FALSE,0.06262461977535365
Timeless,-0.1790490008500325,0.5640584741476762,-0.4693975928737464,0.16513345155829665,0.05523396803417091,0.9098223736276299,Timeless,FALSE,FALSE,FALSE,FALSE,0.23456018725264993,FALSE,FALSE,0.06262344715148928
Snf8,-0.24202840071728815,0.2129418734813976,-0.2868627226976588,0.17776703939425775,-0.17462800587851124,0.5157799831459725,Snf8,FALSE,FALSE,FALSE,FALSE,0.2345063764311527,FALSE,FALSE,0.06260889737808183
Ccser1,0.3662504804567561,0.08083811987175302,0.2596198985470082,0.23459865647985764,0.0775927310412543,0.8112491650045689,Ccser1,FALSE,FALSE,FALSE,FALSE,0.23448770334833954,FALSE,FALSE,0.06260384840993397
Kif3c,-0.3939357546117028,0.0834148098926536,-0.2711268241995475,0.24315280734484807,-0.038350972844754416,0.9199110480395545,Kif3c,FALSE,FALSE,FALSE,FALSE,0.23447118388533492,FALSE,FALSE,0.06259938175365846
Clec12a,0.4884278343563932,0.26057171067246304,0.19523225224036939,0.699775373375869,-0.019721156733281897,0.9812328423861192,Clec12a,FALSE,FALSE,FALSE,FALSE,0.23446041444334817,FALSE,FALSE,0.06259646983118132
Sbno1,0.256172942331248,0.09440544115952373,0.24406482862047518,0.15051562109591973,0.2030999524013275,0.32856826596063826,Sbno1,FALSE,FALSE,FALSE,FALSE,0.23444590778435023,FALSE,FALSE,0.06259254741194581
Cutal,-0.14268582894181137,0.7402267167217904,-0.2803592252554141,0.5103073458169641,-0.28024655218215844,0.6242856713509142,Cutal,FALSE,FALSE,FALSE,FALSE,0.23443053545979464,FALSE,FALSE,0.06258839092756578
Ccdc8,-0.264125876881641,0.14259753104532719,-0.257643368055156,0.18859720229045795,-0.18115605231233367,0.46654021036801535,Ccdc8,FALSE,FALSE,FALSE,FALSE,0.2343084324163769,FALSE,FALSE,0.06255537579111818
Hspa4l,0.1655972092278457,0.4183402578543191,0.3474167872212064,0.13849670483220658,0.1898843699359638,0.513302140639649,Hspa4l,FALSE,FALSE,FALSE,FALSE,0.23429945546167197,FALSE,FALSE,0.06255294853479294
Mxd1,-0.3205362870022377,0.09985797990981247,-0.20049923674204617,0.3126543513441243,-0.18179978021045873,0.48603355437783735,Mxd1,FALSE,FALSE,FALSE,FALSE,0.23427843465158085,FALSE,FALSE,0.06254726477053964
Usp20,-0.3007326790064129,0.1452829302522455,-0.30335681886630983,0.18174053943663904,-0.09873430451410226,0.7521285657952722,Usp20,FALSE,FALSE,FALSE,FALSE,0.23427460079560833,FALSE,FALSE,0.06254622814381429
Rad51,0.32377226878362486,0.31689705204678015,-0.03409387854141177,0.9340516398779469,0.3449238101811223,0.4316188975976871,Rad51,FALSE,FALSE,FALSE,FALSE,0.23426331916871965,FALSE,FALSE,0.06254317773294282
Dtnbos,0.22373147193384113,0.6132774873130512,0.23389164946947372,0.6104549324220757,0.24490561180312753,0.6860699920592607,Dtnbos,FALSE,FALSE,FALSE,FALSE,0.23417624440214746,FALSE,FALSE,0.06251963380464212
Gm18190,0.27417970886870974,0.6675950876933721,0.15912760689181632,0.8251319058311288,0.26915774657784,0.7681228036900202,Gm18190,FALSE,FALSE,FALSE,FALSE,0.23415502077945535,FALSE,FALSE,0.06251389520239702
Malt1,0.23772000421333583,0.11975973865377135,0.26716202214390794,0.12400877583772309,0.1975698009586182,0.33564134601709456,Malt1,FALSE,FALSE,FALSE,FALSE,0.23415060910528732,FALSE,FALSE,0.06251270234085529
Pnpla3,-0.249418024142033,0.5861582412215764,-0.4397412991169871,0.34711013538464913,-0.013284874189229079,0.9850830907354353,Pnpla3,FALSE,FALSE,FALSE,FALSE,0.23414806581608308,FALSE,FALSE,0.06251201466724984
Ypel1,-0.06748801675049165,0.8159070777345977,-0.41565289334554567,0.1614697989523934,-0.21919467636747392,0.5516967539178483,Ypel1,FALSE,FALSE,FALSE,FALSE,0.23411186215450375,FALSE,FALSE,0.0625022256497652
Gps1,-0.22080336466878236,0.11555109095821034,-0.22436319820463524,0.1520578330457242,-0.2570659325441804,0.18062361102062527,Gps1,FALSE,FALSE,FALSE,FALSE,0.23407749847253267,FALSE,FALSE,0.062492934139763805
Gpr62,-0.2578977273270364,0.5549477760363793,-0.029840845380935566,0.952198472514602,0.4144310950075212,0.42126456993899086,Gpr62,FALSE,FALSE,FALSE,FALSE,0.2340565559051644,FALSE,FALSE,0.06248727153136459
Nudt15,0.09011541671619316,0.8038840305950198,-0.1155737268808702,0.7621502173863698,0.4964301894816735,0.22865767604459633,Nudt15,FALSE,FALSE,FALSE,FALSE,0.2340397776929123,FALSE,FALSE,0.06248273491252738
Prcd,0.4104030314373058,0.5336101343275974,0.2668850906217194,0.7137078664539014,0.02482341689587264,0.982839003890021,Prcd,FALSE,FALSE,FALSE,FALSE,0.2340371796516326,FALSE,FALSE,0.062482032434645216
Ccne1,0.1340127959075318,0.7400262401432495,-0.23693985601159584,0.5729093088276478,0.33110722096255996,0.5033783582763196,Ccne1,FALSE,FALSE,FALSE,FALSE,0.23401995762722919,FALSE,FALSE,0.062477375814550686
Anapc15,-0.25797424148723946,0.41153361829368557,-0.3357957316808522,0.3046008675782199,-0.10825417631275136,0.8171979380423273,Anapc15,FALSE,FALSE,FALSE,FALSE,0.23400804982694767,FALSE,FALSE,0.062474156094222015
Slc25a11,-0.2766411327051408,0.04392235285300432,-0.23636371270819279,0.11390839296469053,-0.18898685717804842,0.27304631794842027,Slc25a11,FALSE,FALSE,FALSE,FALSE,0.23399723419712734,FALSE,FALSE,0.06247123168313208
Rhpn1,-0.47940986379174033,0.047587046247528415,-0.12964029881158323,0.5646640598488892,-0.09285484492888241,0.7681228036900202,Rhpn1,FALSE,FALSE,FALSE,FALSE,0.23396833584406865,FALSE,FALSE,0.06246341792974283
Prss36,-0.364008724523448,0.13798761300448392,-0.18012358530042416,0.47348010674510704,-0.15769144198254015,0.6424326940104498,Prss36,FALSE,FALSE,FALSE,FALSE,0.23394125060213744,FALSE,FALSE,0.06245609441893552
Cd55,0.1849453797675653,0.5878359849819549,0.49040298291459417,0.1550068253520795,0.026350942683309064,0.9671302197151238,Cd55,FALSE,FALSE,FALSE,FALSE,0.23389976845515617,FALSE,FALSE,0.0624448781649881
Tmcc2,-0.31392672280267586,0.10798329834832099,-0.2588721687276845,0.21205758495742905,-0.12886546796765685,0.6442905195745641,Tmcc2,FALSE,FALSE,FALSE,FALSE,0.2338881198326724,FALSE,FALSE,0.06244172852309579
Tmem44,-0.30754940001590736,0.3399070408171724,-0.3584304173723858,0.29028033184601304,-0.035627099233793924,0.9490148186955544,Tmem44,FALSE,FALSE,FALSE,FALSE,0.23386897220736236,FALSE,FALSE,0.062436551244589335
Lrrc56,-0.1987581526848876,0.4426666365998915,-0.3606117536105371,0.19665710528955893,-0.14223298192467926,0.7049398058523204,Lrrc56,FALSE,FALSE,FALSE,FALSE,0.23386762940670133,FALSE,FALSE,0.062436188168077854
Primpol,0.3347008395256572,0.07541337235775668,0.20205137388258398,0.2940906381589807,0.16483764971254145,0.5188204748761787,Primpol,FALSE,FALSE,FALSE,FALSE,0.23386328770692755,FALSE,FALSE,0.06243501422673754
Hexdc,-0.18706396449873575,0.32735644074300346,-0.3846136098585893,0.10021046152333617,-0.1298893465480746,0.629283199765418,Hexdc,FALSE,FALSE,FALSE,FALSE,0.23385564030179987,FALSE,FALSE,0.06243294646399639
Mcm7,-0.25127918968662044,0.3308291377948888,-0.3037650861774166,0.2687456574036986,-0.14649146435082638,0.6963101447968865,Mcm7,FALSE,FALSE,FALSE,FALSE,0.2338452467382878,FALSE,FALSE,0.06243013617435968
Cds2,-0.41185812351231554,0.04199685617976917,-0.22434926482230644,0.2623751462623895,-0.0652183174216816,0.8292812200130608,Cds2,FALSE,FALSE,FALSE,FALSE,0.23380856858543453,FALSE,FALSE,0.0624202188603665
Sugct,-0.1343137846242617,0.7322834429532201,0.3064189226659648,0.3851988891875016,0.2606409296027823,0.5835671446005056,Sugct,FALSE,FALSE,FALSE,FALSE,0.2337912122976696,FALSE,FALSE,0.062415525937137534
Jup,-0.2825709521456261,0.24027376438627698,-0.23821975840466614,0.3547725264727615,-0.1805752452849143,0.604382858141787,Jup,FALSE,FALSE,FALSE,FALSE,0.23378865194506884,FALSE,FALSE,0.062414833649802985
Manf,-0.09881963704267793,0.7099890722902513,-0.2702659742541256,0.3077067141902111,-0.33221213784469494,0.33208358919457537,Manf,FALSE,FALSE,FALSE,FALSE,0.23376591638049948,FALSE,FALSE,0.06240868623737607
Dcaf10,0.2683065405575453,0.1463880198462747,0.2846406984388077,0.165070851036122,0.14834150111873434,0.5781566436415233,Dcaf10,FALSE,FALSE,FALSE,FALSE,0.23376291337169577,FALSE,FALSE,0.06240787426133818
Mcrip1,-0.2735216225965633,0.16268950652824368,-0.275665247149143,0.19479204225633592,-0.15206409791316045,0.5861459590608156,Mcrip1,FALSE,FALSE,FALSE,FALSE,0.23375032255295558,FALSE,FALSE,0.062404469861357156
Slc17a8,-0.06819790075705301,0.8979754173684592,0.39923632927455577,0.37925093807917587,0.23374908622857982,0.7190754103339823,Slc17a8,FALSE,FALSE,FALSE,FALSE,0.23372777208672954,FALSE,FALSE,0.062398372497208233
Tmem107,-0.32910449926702245,0.11846641719761127,-0.22624806718800006,0.29443050654815767,-0.1457007245766926,0.6160250391532879,Tmem107,FALSE,FALSE,FALSE,FALSE,0.23368443034390504,FALSE,FALSE,0.06238665343179287
Golph3,0.29830115548737357,0.09664968865051357,0.24990474955241115,0.19527752634853665,0.15280924444297916,0.5454821384537589,Golph3,FALSE,FALSE,FALSE,FALSE,0.23367171649425464,FALSE,FALSE,0.06238321576579182
Hivep1,-0.22046670678444968,0.17644103471093553,-0.24765655016360277,0.1751640242634439,-0.2327457038178986,0.304519928772498,Hivep1,FALSE,FALSE,FALSE,FALSE,0.2336229869219837,FALSE,FALSE,0.062370039898651024
Nacad,-0.21671131054078518,0.5020209341289934,-0.24610938006680394,0.45864298501274237,-0.23785618090940863,0.5911764765603967,Nacad,FALSE,FALSE,FALSE,FALSE,0.23355895717233258,FALSE,FALSE,0.06235272705482448
Nap1l4,-0.30315795297083614,0.03000047045183853,-0.18535592341933782,0.17323642534594771,-0.21212331407632945,0.2109313330574632,Nap1l4,FALSE,FALSE,FALSE,FALSE,0.23354573015550115,FALSE,FALSE,0.06234915063483313
Gm42777,0.3945320295391671,0.47940907441598724,0.2943813156220573,0.6273163160144761,0.011558801068013491,0.9905141858274195,Gm42777,FALSE,FALSE,FALSE,FALSE,0.23349071540974597,FALSE,FALSE,0.0623342753353574
Prkaa1,0.26493179308637504,0.10559694403737749,0.2952067159632641,0.12061995108359509,0.14032807280810022,0.5441728163197024,Prkaa1,FALSE,FALSE,FALSE,FALSE,0.23348886061924645,FALSE,FALSE,0.06233377382319431
Zfp358,-0.37636575016131024,0.09824692231579339,-0.2636305997591677,0.2555861613981808,-0.060411604565024035,0.8655590665162797,Zfp358,FALSE,FALSE,FALSE,FALSE,0.233469318161834,FALSE,FALSE,0.06232848978702344
Snx30,-0.2608037129121019,0.1046216933500408,-0.2334072009403272,0.18240679175426122,-0.20599476475433853,0.34718427606435837,Snx30,FALSE,FALSE,FALSE,FALSE,0.23340189286892254,FALSE,FALSE,0.062310258830749275
Wdr91,-0.3057266593790815,0.21468394701127863,-0.35100836541602387,0.18714316511102974,-0.04344068484588037,0.9160256764583111,Wdr91,FALSE,FALSE,FALSE,FALSE,0.2333919032136619,FALSE,FALSE,0.06230755775285422
Pex2,0.31113410898418437,0.12148739308575644,0.24099294072674926,0.2581378506130291,0.14801963005747876,0.6077926607531411,Pex2,FALSE,FALSE,FALSE,FALSE,0.2333822265894708,FALSE,FALSE,0.062304941314646964
Dtx2,-0.29892323558645817,0.17570269025357196,-0.23412174195610946,0.3019101296451397,-0.16710161553015146,0.5806814573102527,Dtx2,FALSE,FALSE,FALSE,FALSE,0.23338219769090637,FALSE,FALSE,0.06230493350083642
Yars,-0.13772611931410594,0.42157193239509644,-0.3449523328451658,0.09968431829754035,-0.21734190501119244,0.3560603151549478,Yars,FALSE,FALSE,FALSE,FALSE,0.2333401190568214,FALSE,FALSE,0.06229355596423325
A730063M14Rik,0.34117056135054824,0.24620732900868209,0.25692811869242016,0.41262877308184426,-0.10187466290287661,0.8391405557726824,A730063M14Rik,FALSE,FALSE,FALSE,FALSE,0.233324447648615,FALSE,FALSE,0.062289318611373094
Shisa9,0.06487291028258113,0.8615856698243141,0.2568148075929262,0.4447889358696674,0.3782149369746284,0.3739291174064062,Shisa9,FALSE,FALSE,FALSE,FALSE,0.23330088495004522,FALSE,FALSE,0.06228294755225302
Gm41077,0.3384852179078629,0.529564888104852,0.12850946925525217,0.8373792871139079,0.23287769178436799,0.7715123606389467,Gm41077,FALSE,FALSE,FALSE,FALSE,0.23329079298249436,FALSE,FALSE,0.062280218810393764
Pip4k2b,-0.37110034517788204,0.027910305702979202,-0.21789512748071793,0.1702910479732594,-0.11087519080355612,0.588598408742291,Pip4k2b,FALSE,FALSE,FALSE,FALSE,0.23329022115405204,FALSE,FALSE,0.062280064195131775
Rmnd5b,-0.30846777151634,0.10842434888452226,-0.2973025734668955,0.154504208331491,-0.0939948628045224,0.7349842569977001,Rmnd5b,FALSE,FALSE,FALSE,FALSE,0.23325506926258596,FALSE,FALSE,0.06227055956313687
Gm26315,0.21164814664416431,0.6290449578601445,0.10240217417364716,0.8347826665892806,-0.3856311129900201,0.5403758976649078,Gm26315,FALSE,FALSE,FALSE,FALSE,0.23322714460261054,FALSE,FALSE,0.062263009084184535
Tsr3,-0.1970079593806675,0.26404399957581537,-0.405275882157734,0.08414847600606047,-0.097244308767793,0.7035427374339729,Tsr3,FALSE,FALSE,FALSE,FALSE,0.23317605010206485,FALSE,FALSE,0.06224919377000382
Pard6b,-0.4033719046980573,0.2069390995084807,-0.18132619752924262,0.5842835265855322,-0.1148075855239874,0.806828674163578,Pard6b,FALSE,FALSE,FALSE,FALSE,0.23316856258376242,FALSE,FALSE,0.06224716923866136
0610037L13Rik,-0.18135371146256718,0.19006759737745085,-0.27608935153379477,0.10005216606778224,-0.24203347564603872,0.19999072086906083,0610037L13Rik,FALSE,FALSE,FALSE,FALSE,0.23315884621413355,FALSE,FALSE,0.06224454205378461
Amacr,-0.21267153125285887,0.26418495607371817,-0.23622584239502187,0.2430551108679786,-0.2505651749386928,0.3321833653214969,Amacr,FALSE,FALSE,FALSE,FALSE,0.23315418286219117,FALSE,FALSE,0.0622432811417191
4930516B21Rik,0.2880969892320935,0.26188903417185233,0.2502907564673098,0.35280379793946115,0.16106403389608293,0.667304825320646,4930516B21Rik,FALSE,FALSE,FALSE,FALSE,0.2331505931984954,FALSE,FALSE,0.06224231054153257
Fbxo33,0.2993269377456693,0.32846858720207195,0.3567262875678523,0.28167430370843755,-0.04331969337995023,0.9388012555478975,Fbxo33,FALSE,FALSE,FALSE,FALSE,0.2331243062311573,FALSE,FALSE,0.06223520287419547
Xdh,0.3247164081732774,0.15251480978135282,0.04377366033898111,0.873879654047362,0.3307232714715709,0.2816103544068156,Xdh,FALSE,FALSE,FALSE,FALSE,0.23307111332794314,FALSE,FALSE,0.06222082017816675
Pygb,-0.2662055032593198,0.1716810533503345,-0.25774739703311056,0.22436079749950047,-0.17512107238478603,0.5313080892136965,Pygb,FALSE,FALSE,FALSE,FALSE,0.23302465755907212,FALSE,FALSE,0.06220825911903895
Ccdc85c,-0.3235861989237936,0.23097878468133026,-0.3318480742770902,0.25049551263056546,-0.04354283501798939,0.9269788918782035,Ccdc85c,FALSE,FALSE,FALSE,FALSE,0.23299236940629106,FALSE,FALSE,0.06219952880618294
Emp3,-0.22768212046085368,0.5900280680406867,-0.42620004552972623,0.32563152854495053,-0.04507191007154332,0.9489143780527068,Emp3,FALSE,FALSE,FALSE,FALSE,0.23298469202070773,FALSE,FALSE,0.06219745293710139
Dnajc18,-0.32017924547527343,0.10553434984789055,-0.22915773583205112,0.2719573862991408,-0.14952101725431888,0.5950207078559016,Dnajc18,FALSE,FALSE,FALSE,FALSE,0.23295266618721447,FALSE,FALSE,0.06218879355210137
Borcs5,-0.2685438943071685,0.2167780589375972,-0.27294748999044627,0.2340738721828557,-0.15727597238465618,0.6032172139916,Borcs5,FALSE,FALSE,FALSE,FALSE,0.23292245222742367,FALSE,FALSE,0.06218062407509904
Kcnk12,-0.3218772807022723,0.18114939019181056,-0.3611364875030607,0.16899848304453782,-0.015722043771781546,0.9697672545923999,Kcnk12,FALSE,FALSE,FALSE,FALSE,0.23291193732570484,FALSE,FALSE,0.06217778097712815
Fhod1,0.07337668474291315,0.8045449883985324,0.2928698687180471,0.27852032005348093,0.3323967026544372,0.3336653224114932,Fhod1,FALSE,FALSE,FALSE,FALSE,0.23288108537179916,FALSE,FALSE,0.062169438994493155
Rai14,0.19515350283942157,0.4376729064215442,0.2245562102164631,0.38648344199559537,0.2789235229094742,0.40586815594732095,Rai14,FALSE,FALSE,FALSE,FALSE,0.2328777453217863,FALSE,FALSE,0.0621685358867259
C3ar1,0.3784903290147743,0.2425979541090085,0.11964213372781418,0.7529219677473125,0.2003362371405486,0.6746850099708496,C3ar1,FALSE,FALSE,FALSE,FALSE,0.2328228999610457,FALSE,FALSE,0.06215370638684051
Rn7s2,0.24994369869022215,0.7853519400756094,-0.238425143206781,0.8114033806572448,0.21008696451493947,0.8830360629615891,Rn7s2,FALSE,FALSE,FALSE,FALSE,0.2328186021373142,FALSE,FALSE,0.06215254430903351
Dynll2,-0.31625190363067457,0.10889333455968425,-0.29024931783088004,0.17960477993583024,-0.09185663127926791,0.7606739417147989,Dynll2,FALSE,FALSE,FALSE,FALSE,0.23278595091360751,FALSE,FALSE,0.06214371582633821
Tcf25,-0.2802703789477219,0.059601225454916404,-0.21296951139041376,0.1765249869596674,-0.20493057787532987,0.29460292155289874,Tcf25,FALSE,FALSE,FALSE,FALSE,0.2327234894044885,FALSE,FALSE,0.062126827015145915
Ube2q1,-0.2932238144162014,0.057866366417955666,-0.2817002332591132,0.10856105603800123,-0.12320403848574024,0.5558256851021292,Ube2q1,FALSE,FALSE,FALSE,FALSE,0.23270936205368495,FALSE,FALSE,0.06212300715610418
Zfp507,-0.19717151400713817,0.2586286945151445,-0.24775593600068468,0.19447640933313137,-0.25308639262745025,0.29211483176197905,Zfp507,FALSE,FALSE,FALSE,FALSE,0.23267128087842437,FALSE,FALSE,0.06211271048239219
Plekhg1,0.12903357825487882,0.5806521809352628,0.30143998784375325,0.19789882731548902,0.2675080878191185,0.3669246121980078,Plekhg1,FALSE,FALSE,FALSE,FALSE,0.23266055130591687,FALSE,FALSE,0.06210980934012379
Rev3l,0.40291258642746275,0.06038840906767004,0.20188333982122053,0.3560584337408121,0.09310896890506726,0.7692673212133444,Rev3l,FALSE,FALSE,FALSE,FALSE,0.23263496505125017,FALSE,FALSE,0.06210289113673296
Selplg,-0.27301567740019794,0.631420885786617,-0.1856377617565912,0.7551806132235795,0.23918019917552646,0.7461396024552239,Selplg,FALSE,FALSE,FALSE,FALSE,0.23261121277743854,FALSE,FALSE,0.0620964688188375
Ttr,-0.024093904599672977,0.9751467151143177,-0.24206641311948685,0.7478081974703109,0.4315820451334179,0.6131233655009791,Ttr,FALSE,FALSE,FALSE,FALSE,0.2325807876175259,FALSE,FALSE,0.06208824223596258
Magee2,-0.33647877421558636,0.1532230084327542,-0.35601223423666095,0.1630972427411259,-0.005148916843779272,0.9894104490465868,Magee2,FALSE,FALSE,FALSE,FALSE,0.2325466417653422,FALSE,FALSE,0.06207900962441245
Ntrk3,0.28317597427543184,0.2964820605982296,-0.013667117340933288,0.9689871679780772,0.40064220472014433,0.2795560624461205,Ntrk3,FALSE,FALSE,FALSE,FALSE,0.23249509877883648,FALSE,FALSE,0.06206507304523497
Poldip3,-0.31329015189977927,0.026415267441091694,-0.23581092980199347,0.1060927084274755,-0.1482021634876478,0.3758751346636012,Poldip3,FALSE,FALSE,FALSE,FALSE,0.2324344150631402,FALSE,FALSE,0.062048664927158784
Dpf2,-0.41068457939551273,0.04204189586212641,-0.15655983655132122,0.41371480155850754,-0.12992743082503555,0.6155468445961313,Dpf2,FALSE,FALSE,FALSE,FALSE,0.23239061559062316,FALSE,FALSE,0.06203682209735694
Cops7a,-0.23809111049699005,0.1368845711453523,-0.25740552946235784,0.15192860272024092,-0.20162670272863625,0.35888451316675885,Cops7a,FALSE,FALSE,FALSE,FALSE,0.23237444756266137,FALSE,FALSE,0.062032450464723506
Tox3,0.366387212481051,0.1225294254566307,0.12236026303132252,0.6443167447721431,0.20831750551861283,0.5341778600841011,Tox3,FALSE,FALSE,FALSE,FALSE,0.23235499367699544,FALSE,FALSE,0.06202719037724559
Tyro3,-0.07497717346163046,0.8881160318129836,-0.5680781898030054,0.2727330959124001,0.053890799050618554,0.9471104809041616,Tyro3,FALSE,FALSE,FALSE,FALSE,0.23231538743841815,FALSE,FALSE,0.062016481345478616
Entpd3,0.3950863812429066,0.05288499927379587,0.06681962621429882,0.7657765098525056,0.23501819653267297,0.37520142472917006,Entpd3,FALSE,FALSE,FALSE,FALSE,0.23230806799662615,FALSE,FALSE,0.06201450225992334
Ahcyl2,-0.326479157286629,0.04326133976766126,-0.24048498165977605,0.15051562109591973,-0.12993923072224778,0.539682879603974,Ahcyl2,FALSE,FALSE,FALSE,FALSE,0.2323011232228843,FALSE,FALSE,0.062012624479924845
Gm25360,0.21703037144728077,0.5588497450160176,-0.12417219059896745,0.7708209345510852,-0.35568896813273154,0.4993492824541795,Gm25360,FALSE,FALSE,FALSE,FALSE,0.23229717672632658,FALSE,FALSE,0.062011557396593454
Pomgnt1,-0.25677433054189613,0.16760333861824991,-0.29224214368171086,0.15987713177717186,-0.14785390117904385,0.5806814573102527,Pomgnt1,FALSE,FALSE,FALSE,FALSE,0.23229012513421696,FALSE,FALSE,0.06200965073424373
Fam229b,0.24447624079059294,0.25530154596776083,0.22551490563492482,0.3169198791906148,0.22686109964372303,0.44037088244546707,Fam229b,FALSE,FALSE,FALSE,FALSE,0.23228408202308026,FALSE,FALSE,0.062008016752541376
Pcdha3,-0.2977041955832525,0.49337061816354527,0.2662170274710597,0.5192990433562524,0.13286320969538878,0.8321647674057029,Pcdha3,FALSE,FALSE,FALSE,FALSE,0.23226147758323365,FALSE,FALSE,0.062001904794600216
Rmdn3,-0.25532536624803726,0.12808874608982304,-0.16774254044974857,0.33347106045451885,-0.2734427571834246,0.22613175626772028,Rmdn3,FALSE,FALSE,FALSE,FALSE,0.2321702212937368,FALSE,FALSE,0.061977230234776734
Grap2,0.15823274638953833,0.7372694124262656,0.08237756505093818,0.8723102057566291,0.4558312893948637,0.418433374879575,Grap2,FALSE,FALSE,FALSE,FALSE,0.23214720027844674,FALSE,FALSE,0.06197100564004355
Cnbd2,-0.16763357505650622,0.7190460379606104,-0.09520678192621251,0.8476222007369931,0.43359081906904573,0.4154316476081545,Cnbd2,FALSE,FALSE,FALSE,FALSE,0.23214372535058816,FALSE,FALSE,0.06197006606299301
Gng10,-0.014818916762131748,0.977443001888163,-0.09823569282700151,0.8515462942269872,-0.5833149248299392,0.36965351671433244,Gng10,FALSE,FALSE,FALSE,FALSE,0.2321231781396908,FALSE,FALSE,0.061964510354040915
Vsig10l,-0.48815186119641596,0.1525164672757061,-0.08355088384277165,0.8207157590553141,0.12454004497959481,0.7907515501976368,Vsig10l,FALSE,FALSE,FALSE,FALSE,0.23208093000626082,FALSE,FALSE,0.06195308698693388
Psmb5,-0.14764820974574544,0.3812525057260317,-0.28259128851013404,0.14158788536133518,-0.26583591352163527,0.2511398158114848,Psmb5,FALSE,FALSE,FALSE,FALSE,0.2320251372591716,FALSE,FALSE,0.06193800132562374
Ccdc130,-0.2551516520810515,0.2968329948452644,-0.25114911126664463,0.3251568267465423,-0.18976199300085161,0.577472407405054,Ccdc130,FALSE,FALSE,FALSE,FALSE,0.23202091878284925,FALSE,FALSE,0.0619368607023642
Tmem42,0.44755345448747264,0.03268981657785465,0.1673438027919767,0.40194239962444006,0.08063404157331755,0.7842715445684607,Tmem42,FALSE,FALSE,FALSE,FALSE,0.23184376628425563,FALSE,FALSE,0.061888960881447436
Arpin,-0.2698846239007917,0.07477912716082198,-0.24812374451623675,0.13363791594408103,-0.1773316095253188,0.3676932033235882,Arpin,FALSE,FALSE,FALSE,FALSE,0.23177999264744908,FALSE,FALSE,0.06187171728733223
Stk35,-0.3085166146163081,0.04571502526579462,0.1331679879689993,0.375334969264717,0.2536487619889849,0.19143047081998907,Stk35,FALSE,FALSE,FALSE,FALSE,0.23177778819143077,FALSE,FALSE,0.06187112122998427
Sirpa,-0.3253608169732294,0.22712931281900747,-0.3659988472913538,0.21356670178730303,-0.003892008784848855,0.9932904823528143,Sirpa,FALSE,FALSE,FALSE,FALSE,0.231750557683144,FALSE,FALSE,0.061863758440970494
Dnaaf3,-0.15315793552880327,0.7878889751365219,-0.3149615030674846,0.577947845405714,-0.22699024152931777,0.7733181677124853,Dnaaf3,FALSE,FALSE,FALSE,FALSE,0.23170322670853521,FALSE,FALSE,0.06185096073715273
Tardbp,0.28364194891667527,0.132016238184448,0.30308662240876405,0.15287336354586376,0.10829773763972828,0.7010848870401137,Tardbp,FALSE,FALSE,FALSE,FALSE,0.23167543632172252,FALSE,FALSE,0.061843446563984966
Zfp599,0.408430457384211,0.13357433096072718,0.21334966536922062,0.46429756436972114,0.07319003071979635,0.8752993193659248,Zfp599,FALSE,FALSE,FALSE,FALSE,0.23165671782440933,FALSE,FALSE,0.061838385316324046
Gprin1,-0.29208327930992883,0.13923822549472173,-0.28674837343919446,0.18714679122339076,-0.11595897599677052,0.6933771602053044,Gprin1,FALSE,FALSE,FALSE,FALSE,0.23159687624863126,FALSE,FALSE,0.061822204902353586
Zfp653,-0.28655077649548,0.2237172447123888,-0.38303850555695407,0.14839571565132922,-0.025192913714286114,0.9509216147467607,Zfp653,FALSE,FALSE,FALSE,FALSE,0.23159406525557338,FALSE,FALSE,0.06182144484497286
Smad4,0.3176400094456824,0.062033835061572284,0.2398437808462326,0.18226428884297802,0.13716906186441857,0.5572624935729553,Smad4,FALSE,FALSE,FALSE,FALSE,0.23155095071877785,FALSE,FALSE,0.06180978721322727
Bcan,-0.18073520011747224,0.5261333958808333,-0.4541408757552441,0.15048663712642013,0.05975777834793661,0.9009290478891588,Bcan,FALSE,FALSE,FALSE,FALSE,0.23154461807355098,FALSE,FALSE,0.06180807494512659
Fitm2,-0.26876511342590526,0.08195197006558923,-0.163746719463421,0.2993410984714191,-0.26210025974679674,0.2013486230679787,Fitm2,FALSE,FALSE,FALSE,FALSE,0.231537364212041,FALSE,FALSE,0.06180611359165971
Agpat3,-0.26851516548097276,0.09543613557212562,-0.304716912543352,0.10778444301758235,-0.1213336833488956,0.5932787828900294,Agpat3,FALSE,FALSE,FALSE,FALSE,0.23152192045774012,FALSE,FALSE,0.06180193779356955
Adgre5,-0.32062542459509613,0.2592359579138567,-0.3563797839036793,0.23457258258218408,0.0175496167285476,0.9708321248302116,Adgre5,FALSE,FALSE,FALSE,FALSE,0.23151827507577435,FALSE,FALSE,0.06180095212785939
Adat2,-0.28184910842131494,0.43567135558168707,-0.38337088103433525,0.3111424857642845,-0.029291161202081417,0.9645037666394128,Adat2,FALSE,FALSE,FALSE,FALSE,0.23150371688591054,FALSE,FALSE,0.06179701577532197
Plxnb1,-0.3712350950973713,0.09143585523972997,-0.18682148070509097,0.41903684389294993,-0.13635097750069036,0.6672326125389431,Plxnb1,FALSE,FALSE,FALSE,FALSE,0.23146918443438422,FALSE,FALSE,0.06178767863214274
Prr11,0.4133336432738741,0.3116609077528535,-0.13681285260489912,0.7878051944045058,0.14425787934649106,0.8297913037749647,Prr11,FALSE,FALSE,FALSE,FALSE,0.2314681250750881,FALSE,FALSE,0.061787392194632834
Ahctf1,0.19993617276969822,0.2993743236370254,0.2823686183428933,0.1878306811024459,0.21194923932880094,0.43795994411519684,Ahctf1,FALSE,FALSE,FALSE,FALSE,0.23141801014713081,FALSE,FALSE,0.061773841744633726
Rps27a-ps2,0.5147450345801147,0.29920612975988997,0.117929071582283,0.8483555855756129,0.0615629922252901,0.9487644971313075,Rps27a-ps2,FALSE,FALSE,FALSE,FALSE,0.23141236612922925,FALSE,FALSE,0.06177231567275282
March2,-0.3253112923267585,0.11486591742890903,-0.21544689452652488,0.3129049259690865,-0.15344833487785436,0.5939113230126288,March2,FALSE,FALSE,FALSE,FALSE,0.23140217391037923,FALSE,FALSE,0.06176955982419558
Zcwpw1,0.12542369879217669,0.7931003529494085,-0.5117602530526586,0.3002180150213267,0.056745006069626236,0.9416350094517301,Zcwpw1,FALSE,FALSE,FALSE,FALSE,0.23130965263815384,FALSE,FALSE,0.0617445432288567
Cwc27,-0.27238305345899505,0.17050740378027146,-0.22011236844029636,0.2840777156603331,-0.20134153431121904,0.44989439588669683,Cwc27,FALSE,FALSE,FALSE,FALSE,0.23127898540350347,FALSE,FALSE,0.06173625119199905
Cyb5r4,0.3879883900715484,0.0896905953924341,0.21929027202368534,0.3574134680133541,0.08654495839713139,0.8080519192583558,Cyb5r4,FALSE,FALSE,FALSE,FALSE,0.23127454016412172,FALSE,FALSE,0.06173504925484316
Mbtps1,-0.21465430498715232,0.16065143536539261,-0.2509081131991957,0.1497476064857061,-0.2282488616407301,0.2819557242717475,Mbtps1,FALSE,FALSE,FALSE,FALSE,0.23127042660902605,FALSE,FALSE,0.06173393700097162
Tars2,-0.25871233562457663,0.05926443861950262,-0.2634297881129464,0.09488953217474604,-0.17163782674993922,0.3228816905189946,Tars2,FALSE,FALSE,FALSE,FALSE,0.23125998349582075,FALSE,FALSE,0.06173111331371731
Cd9,-0.31890712252228415,0.03994617398770833,-0.1624175673652175,0.2771297050177924,-0.21244853106774997,0.26669296121677394,Cd9,FALSE,FALSE,FALSE,FALSE,0.2312577403184172,FALSE,FALSE,0.061730506786590866
Dmrta2os,0.3118720592454779,0.5290467927902026,-0.1348250760279603,0.8215409439157584,0.2466944690596319,0.7321411406120831,Dmrta2os,FALSE,FALSE,FALSE,FALSE,0.23113053477769002,FALSE,FALSE,0.06169611199866056
Arf1,-0.2108381399768975,0.11651271067653067,-0.22977877990945128,0.1352466132251879,-0.2527596817822175,0.17235863147628205,Arf1,FALSE,FALSE,FALSE,FALSE,0.2311255338895221,FALSE,FALSE,0.06169475982101943
Myo16,-0.20348266139607674,0.22668665919715955,-0.26529925865925374,0.15864351100306665,-0.22433533401145755,0.33208358919457537,Myo16,FALSE,FALSE,FALSE,FALSE,0.23103908468892934,FALSE,FALSE,0.06167138503793895
Fzd1,-0.326330191240495,0.12506856768758828,-0.25917524841697404,0.24316317594468184,0.10760207098856078,0.7230805765714888,Fzd1,FALSE,FALSE,FALSE,FALSE,0.23103583688200993,FALSE,FALSE,0.06167050687155098
5330417C22Rik,-0.308140605702496,0.10568756105943175,-0.19099157764829933,0.34432151937824074,-0.19390173457598792,0.46437889278036676,5330417C22Rik,FALSE,FALSE,FALSE,FALSE,0.2310113059755944,FALSE,FALSE,0.06166387402113364
Ubxn7,0.3048328702267131,0.10578589329339032,0.25623896597903784,0.20594668056636947,0.13192004487897435,0.6288690343193462,Ubxn7,FALSE,FALSE,FALSE,FALSE,0.23099729369490843,FALSE,FALSE,0.061660085275613126
Vmn1r4,0.15158000926540527,0.7270505464268755,-0.11943041968557849,0.8038686047489358,-0.42190202779009683,0.4788297843646537,Vmn1r4,FALSE,FALSE,FALSE,FALSE,0.23097081891369353,FALSE,FALSE,0.06165292682575173
Rbbp7,-0.25878969905390203,0.04816962014505991,-0.16699152319668364,0.2061903520548977,-0.2670599482989795,0.12189092341917261,Rbbp7,FALSE,FALSE,FALSE,FALSE,0.23094705684985506,FALSE,FALSE,0.061646501860755404
Cntn5,-0.25935776482232686,0.7540182464765895,0.2507419191883137,0.7538842700894084,0.18272574902194058,0.8772593290639484,Cntn5,FALSE,FALSE,FALSE,FALSE,0.23094181101086037,FALSE,FALSE,0.06164508345147301
Lad1,-0.32571790428903924,0.5600519950993451,0.10134234995215069,0.8645941784485743,-0.26568014863826417,0.7374381516618391,Lad1,FALSE,FALSE,FALSE,FALSE,0.2309134676264847,FALSE,FALSE,0.06163741975467761
Sprn,-0.045267683505660905,0.9072709767051235,-0.4574285621201746,0.2136427845489922,-0.18996642957193544,0.6969382601418966,Sprn,FALSE,FALSE,FALSE,FALSE,0.23088755839925698,FALSE,FALSE,0.06163041422354397
Odf2,-0.20109058458259899,0.37314383005102336,-0.37147633891361576,0.14891849090083625,-0.12006784735030251,0.726722031562358,Odf2,FALSE,FALSE,FALSE,FALSE,0.2308782569488391,FALSE,FALSE,0.06162789922763468
2810001G20Rik,0.2875734280284523,0.16268950652824368,0.28620659227981937,0.19538075471477628,0.11876281491897744,0.6978021416030433,2810001G20Rik,FALSE,FALSE,FALSE,FALSE,0.2308476117424164,FALSE,FALSE,0.06161961314693439
Srpk2,0.2546153804522673,0.05680961022878276,0.20423115060664543,0.15233541597402775,0.23366079255137606,0.181767070401238,Srpk2,FALSE,FALSE,FALSE,FALSE,0.23083577453676293,FALSE,FALSE,0.061616412514510596
Otub2,-0.41318471717226934,0.10842434888452226,-0.17686868821048707,0.489463731950785,-0.1022965733675818,0.7793575997529613,Otub2,FALSE,FALSE,FALSE,FALSE,0.23078332625011275,FALSE,FALSE,0.06160223115349182
Dmap1,-0.3956260500591564,0.11544425106362763,-0.22084433850857366,0.3815138823117331,-0.07577363211534438,0.8430056197847315,Dmap1,FALSE,FALSE,FALSE,FALSE,0.23074800689435815,FALSE,FALSE,0.06159268124124688
Spata5,0.21432909545446677,0.3010881337352318,0.32598022985241926,0.15559242713449012,0.15186278654020313,0.6129758732020755,Spata5,FALSE,FALSE,FALSE,FALSE,0.23072403728236304,FALSE,FALSE,0.0615862001578237
Copg1,-0.22229860621235886,0.2508093096538628,-0.24074023802762223,0.2528890669011643,-0.22891087628978823,0.40216948071616193,Copg1,FALSE,FALSE,FALSE,FALSE,0.23064990684325645,FALSE,FALSE,0.06156615621384393
Nans,-0.2184856202155725,0.18880396008749376,-0.24870390169006473,0.17638364357828434,-0.2246865276986103,0.3253600376290708,Nans,FALSE,FALSE,FALSE,FALSE,0.2306253498680825,FALSE,FALSE,0.06155951631476022
Rab27a,-0.26651592809728797,0.07285632773310015,-0.2023739177100703,0.19673336204980943,-0.22295318898701488,0.25916219418382946,Rab27a,FALSE,FALSE,FALSE,FALSE,0.23061434493145772,FALSE,FALSE,0.061556540717477015
Atxn2,0.22849116723283558,0.06450613724895639,0.20839752358947283,0.12827348778031472,0.2548640416318797,0.12595684420104247,Atxn2,FALSE,FALSE,FALSE,FALSE,0.23058424415139603,FALSE,FALSE,0.0615484018428585
Xkr4,0.28863195526965857,0.1182270729372561,0.22932894762997957,0.2431288962636732,0.1734876703405659,0.5010569257892595,Xkr4,FALSE,FALSE,FALSE,FALSE,0.2304828577467347,FALSE,FALSE,0.061520988226537954
Gcnt1,0.32432695085334506,0.1765524397992154,0.3483727589814114,0.18152627612537217,-0.018658645440601695,0.9681997036345765,Gcnt1,FALSE,FALSE,FALSE,FALSE,0.23045278509178604,FALSE,FALSE,0.061512856956598395
Tcerg1,0.2348512912627463,0.2139532176717297,0.22355447234082426,0.2701370381045385,0.23269835526129246,0.3730024733180667,Tcerg1,FALSE,FALSE,FALSE,FALSE,0.230368039621621,FALSE,FALSE,0.06148994284092609
Elovl6,0.33042324640551435,0.027022503434895078,0.2119296055882316,0.14664386669150148,0.148728698460884,0.4075506835160714,Elovl6,FALSE,FALSE,FALSE,FALSE,0.23036051681821,FALSE,FALSE,0.06148790876893139
Atp10b,-0.027823215875009355,0.9476998884576602,0.3308435564484742,0.34618349593253483,-0.33232052801775747,0.513641399339406,Atp10b,FALSE,FALSE,FALSE,FALSE,0.230329100113747,FALSE,FALSE,0.061479414084806026
Socs5,0.29182421314944396,0.050538712105812414,0.18218725469217745,0.22575820224146992,0.2169607097227484,0.25542934587792965,Socs5,FALSE,FALSE,FALSE,FALSE,0.23032405918812326,FALSE,FALSE,0.06147805108153739
Rfx2,-0.32320650598287504,0.25380677253519757,-0.3097095501499272,0.29379583179015617,-0.05798800610715693,0.9011549275079148,Rfx2,FALSE,FALSE,FALSE,FALSE,0.2303013540799864,FALSE,FALSE,0.06147191190414906
Taf1c,-0.43239118991822245,0.1726408251645618,-0.13071388929370675,0.6976517582530983,-0.12775097399129898,0.7809806787939988,Taf1c,FALSE,FALSE,FALSE,FALSE,0.23028535106774273,FALSE,FALSE,0.06146758488970283
Kcnip1,-0.24572489621520355,0.5186503095697474,-0.14009585405488234,0.7302730813639802,-0.30501364962727495,0.5566007127697219,Kcnip1,FALSE,FALSE,FALSE,FALSE,0.23027813329912028,FALSE,FALSE,0.06146563329530152
Sat1,0.2626081664191764,0.18421425394266763,0.3604023721431542,0.11713048511995162,0.06780307778889139,0.8340507725388859,Sat1,FALSE,FALSE,FALSE,FALSE,0.23027120545040733,FALSE,FALSE,0.061463760091619246
Kcnma1,0.3615857063767445,0.03053182520987132,0.1463138184490731,0.35194189298467055,0.18289148152846835,0.36959195331488187,Kcnma1,FALSE,FALSE,FALSE,FALSE,0.23026366878476198,FALSE,FALSE,0.061461722271449686
Arhgap17,0.19893315031379633,0.24404118192985247,0.2558720795060987,0.17182396980292172,0.23596345772214544,0.30943142625714903,Arhgap17,FALSE,FALSE,FALSE,FALSE,0.23025622918068014,FALSE,FALSE,0.061459710695513474
C230096K16Rik,0.32666453803647333,0.48582022951342047,-0.032945849240464065,0.9557381998009242,-0.3311307001522339,0.6444753230168732,C230096K16Rik,FALSE,FALSE,FALSE,FALSE,0.23024702914305709,FALSE,FALSE,0.06145722312035608
Nudt4,0.26043524859773903,0.17548767997146944,0.30624201206108026,0.1551146534293681,0.12393335244911174,0.6617281308552071,Nudt4,FALSE,FALSE,FALSE,FALSE,0.23020353770264368,FALSE,FALSE,0.061445463578584145
Ms4a6d,-0.12587655311224555,0.8894536575255648,0.21872007815092107,0.8006407626514287,0.3456876745023165,0.7518409055478334,Ms4a6d,FALSE,FALSE,FALSE,FALSE,0.23009476858849437,FALSE,FALSE,0.061416053769914276
4930519L02Rik,-0.2054787421087019,0.8320688724179848,0.38193002363513995,0.6661194175000055,-0.10286806830887449,0.9467569751207735,4930519L02Rik,FALSE,FALSE,FALSE,FALSE,0.23009227801757212,FALSE,FALSE,0.06141538035067321
Zfp213,-0.3675179438171967,0.1932109671198311,-0.11984716710090737,0.6917623671992367,-0.20282038743700026,0.5986776812276957,Zfp213,FALSE,FALSE,FALSE,FALSE,0.23006183278503478,FALSE,FALSE,0.06140714834041151
Atpaf2,-0.3608289860210938,0.14945220783313123,-0.20524526105855667,0.4200106198662835,-0.12410657881246401,0.7280816337455063,Atpaf2,FALSE,FALSE,FALSE,FALSE,0.2300602752973715,FALSE,FALSE,0.061406727215218566
Tmem59l,-0.2382242453450747,0.2692252425108458,-0.2747984066168492,0.2432710101066807,-0.17684206898435484,0.574730424264244,Tmem59l,FALSE,FALSE,FALSE,FALSE,0.2299549069820929,FALSE,FALSE,0.06137823694004766
Mib2,-0.3026492746722722,0.0408077391264366,-0.2705118389339072,0.09955301218514566,-0.11669932762086077,0.5403423527783343,Mib2,FALSE,FALSE,FALSE,FALSE,0.2299534804090134,FALSE,FALSE,0.06137785121252152
Bmp2k,0.13942354531869938,0.4535110162507236,0.31046767065728176,0.13287841853167795,0.23993774722884265,0.33208358919457537,Bmp2k,FALSE,FALSE,FALSE,FALSE,0.22994298773494126,FALSE,FALSE,0.06137501412462841
Phtf1os,0.1324631610993,0.7887443561960031,0.44606935648211743,0.31880725521200803,0.11123986067323022,0.8801787152638286,Phtf1os,FALSE,FALSE,FALSE,FALSE,0.22992412608488255,FALSE,FALSE,0.06136991417025476
Sec22a,0.44028163460300007,0.03743810450986503,0.2197774996564119,0.2804535988212709,0.029526383243110743,0.9330114878920552,Sec22a,FALSE,FALSE,FALSE,FALSE,0.22986183916750758,FALSE,FALSE,0.06135307256648736
Lrrc24,-0.06287994770810901,0.859954923116515,-0.38726957362562553,0.26187927799549093,-0.23943064824725546,0.5994305017919033,Lrrc24,FALSE,FALSE,FALSE,FALSE,0.22986005652699668,FALSE,FALSE,0.061352590562779204
Jade2,-0.475779451558517,0.07061071652447069,-0.1902146530789377,0.4826451716231416,0.02341743308780142,0.9615068296976624,Jade2,FALSE,FALSE,FALSE,FALSE,0.2298038459084187,FALSE,FALSE,0.0613373919142426
Kazald1,-0.0747297666891873,0.7888292283979619,-0.3697183620313549,0.18862725831771443,-0.2449337411980652,0.4918152224753389,Kazald1,FALSE,FALSE,FALSE,FALSE,0.2297939566395358,FALSE,FALSE,0.06133471797956909
Slc48a1,-0.22846569674627748,0.2711244380973106,-0.2627932873682832,0.24408096797763112,-0.1981125333666025,0.5021515070226712,Slc48a1,FALSE,FALSE,FALSE,FALSE,0.2297905058270544,FALSE,FALSE,0.061333784923015056
Gm20163,-0.03866707878520574,0.9530768436187774,-0.5280425494144998,0.3870728038254774,-0.1226436278996042,0.8948905618728542,Gm20163,FALSE,FALSE,FALSE,FALSE,0.2297844186997699,FALSE,FALSE,0.061332139039896615
Tjp3,-0.3617717239175957,0.24883742891422245,-0.2666668323805723,0.4090837888569981,0.060908558282085856,0.9041100524624835,Tjp3,FALSE,FALSE,FALSE,FALSE,0.2297823715267513,FALSE,FALSE,0.06133158550990547
Zfyve16,0.3366999491084721,0.06684931264780973,0.2838816916637592,0.15209181886954568,0.06867003681585082,0.80660148337424,Zfyve16,FALSE,FALSE,FALSE,FALSE,0.22975055919602738,FALSE,FALSE,0.061322983853385145
Ube2e3,0.3862079083011025,0.047587046247528415,0.22171189244813672,0.2550008787360287,0.08125457244707324,0.7732186721487941,Ube2e3,FALSE,FALSE,FALSE,FALSE,0.2297247910654375,FALSE,FALSE,0.06131601647301843
Dennd4a,0.32530092758296814,0.05789806379064433,0.18289623790332232,0.29379583179015617,0.1808828145619179,0.4260877105101032,Dennd4a,FALSE,FALSE,FALSE,FALSE,0.22969332668273612,FALSE,FALSE,0.061307508897293465
Ube2d-ps,-0.1757922223362085,0.253779556066407,-0.22442326147149627,0.18125191760753148,-0.2888104469394386,0.16964585579823502,Ube2d-ps,FALSE,FALSE,FALSE,FALSE,0.22967531024904778,FALSE,FALSE,0.06130263747885974
Azin2,-0.23030708123968813,0.3829039636506707,-0.37418297309633664,0.19091047377664827,-0.0844640531827534,0.8369176274335286,Azin2,FALSE,FALSE,FALSE,FALSE,0.22965136917292606,FALSE,FALSE,0.061296164111179975
Kmt2c,0.25433469068561365,0.05103953858233119,0.25388639528746815,0.09383983788379412,0.18066871105429705,0.28315990045604944,Kmt2c,FALSE,FALSE,FALSE,FALSE,0.22962993234245963,FALSE,FALSE,0.06129036786021814
Cfap45,0.253848394856765,0.6470541358795969,-0.4164891053896784,0.4945124436345057,0.018506704438031207,0.9840998893137668,Cfap45,FALSE,FALSE,FALSE,FALSE,0.2296147348948249,FALSE,FALSE,0.061286258660371254
Nnat,-0.303450124023227,0.16935361896584866,-0.20575621591201454,0.3885703137361906,-0.17953370806150382,0.578334998574718,Nnat,FALSE,FALSE,FALSE,FALSE,0.22958001599891512,FALSE,FALSE,0.061276871104961605
2010109A12Rik,0.10350270917026497,0.8459616448136225,-0.3038650726257114,0.572027307876489,-0.2813111245058355,0.6963753479700309,2010109A12Rik,FALSE,FALSE,FALSE,FALSE,0.2295596354339373,FALSE,FALSE,0.0612713604549828
1110012L19Rik,-0.1777086057365902,0.4152892482732358,-0.1726220206397251,0.45054413865236315,-0.3381806015431197,0.2540452920410983,1110012L19Rik,FALSE,FALSE,FALSE,FALSE,0.22950374263981166,FALSE,FALSE,0.06125624774220477
Fam207a,-0.3093243304221316,0.0792829605341622,-0.23834916725549693,0.19025808232305622,-0.14079146587677993,0.549748580608299,Fam207a,FALSE,FALSE,FALSE,FALSE,0.2294883211848028,FALSE,FALSE,0.0612520779735644
1700120C14Rik,0.4833408372762503,0.1867745365511753,-0.11890100953101668,0.7966969797120503,0.0862174837107198,0.8944089075616969,1700120C14Rik,FALSE,FALSE,FALSE,FALSE,0.2294864435059956,FALSE,FALSE,0.06125157027268906
A930029G22Rik,-0.09695878139241731,0.8090984390899901,-0.3076941477092603,0.42817550063895493,-0.2837910841623078,0.5852869847443631,A930029G22Rik,FALSE,FALSE,FALSE,FALSE,0.2294813377546618,FALSE,FALSE,0.061250189741358846
D030056L22Rik,0.33125410428430246,0.07077151227774482,0.24732072219550094,0.19538075471477628,0.10981525487283417,0.6727535718514339,D030056L22Rik,FALSE,FALSE,FALSE,FALSE,0.2294633604508792,FALSE,FALSE,0.061245328903162435
Dse,0.32124177960647815,0.23604669459640834,0.15557974519636542,0.6078992489706776,0.2114692543873855,0.5875937812117462,Dse,FALSE,FALSE,FALSE,FALSE,0.22943025973007636,FALSE,FALSE,0.0612363788820718
Apln,-0.2094563633965918,0.4287041457778725,-0.30428524345434615,0.27404074009448265,-0.17437555487877443,0.6406517306734443,Apln,FALSE,FALSE,FALSE,FALSE,0.22937238724323747,FALSE,FALSE,0.061220730885133585
Klhdc9,-0.4695884564536872,0.28538864458138896,-0.12301879126653237,0.7962672342616983,-0.09546576700327947,0.8897943050158532,Klhdc9,FALSE,FALSE,FALSE,FALSE,0.22935767157449968,FALSE,FALSE,0.061216751952277396
Tigd5,-0.2504014537251873,0.13084847194753266,-0.22362973984696266,0.1995812088419037,-0.214037572052161,0.33014901473022923,Tigd5,FALSE,FALSE,FALSE,FALSE,0.22935625520810365,FALSE,FALSE,0.06121636898451086
Ergic1,-0.24200116856693032,0.26249275875557454,-0.16975260188055152,0.47146195192402135,-0.2762331112103933,0.36082519742761604,Ergic1,FALSE,FALSE,FALSE,FALSE,0.22932896055262506,FALSE,FALSE,0.06120898885089836
Ndufaf2,-0.25742918180159213,0.2451381711944701,-0.19565442113424458,0.3924702884395137,-0.23488723678581058,0.4327575875192265,Ndufaf2,FALSE,FALSE,FALSE,FALSE,0.2293236132405491,FALSE,FALSE,0.061207543004563374
Gm32926,-0.3005647259106936,0.5772089506553182,-0.28393506750405517,0.6126732187369063,0.10325399151073537,0.9010945326774185,Gm32926,FALSE,FALSE,FALSE,FALSE,0.22925126164182805,FALSE,FALSE,0.06118798003678537
Cxcl13,-0.48193322389785154,0.4886084935939737,-0.2002770162929327,0.7905788699381615,0.00552642895748956,0.9957254050020347,Cxcl13,FALSE,FALSE,FALSE,FALSE,0.22924555638275793,FALSE,FALSE,0.06118643740605811
2610524H06Rik,-0.12414472029635615,0.5498183717171715,-0.22979243115950165,0.28173877603101755,-0.3337109677534209,0.22862245666617065,2610524H06Rik,FALSE,FALSE,FALSE,FALSE,0.22921603973642624,FALSE,FALSE,0.06117845647389753
Glrb,0.41268449688285536,0.031968617370469646,0.10856100230834098,0.5615433627918015,0.16630386425324684,0.4872459834987005,Glrb,FALSE,FALSE,FALSE,FALSE,0.22918312114814773,FALSE,FALSE,0.06116955569916452
Trim41,-0.3627052606534864,0.09286836356662147,-0.24650363511965523,0.2662471023596863,-0.07833752970392727,0.809671172956438,Trim41,FALSE,FALSE,FALSE,FALSE,0.22918214182568963,FALSE,FALSE,0.06116929090261502
Frs2,0.21047439813880509,0.09490116658010123,0.2616451924603016,0.09127708776768337,0.21535173504207794,0.20724671807798783,Frs2,FALSE,FALSE,FALSE,FALSE,0.22915710854706153,FALSE,FALSE,0.061162522217031896
Cpne4,0.5083461372553137,0.0320844274623938,0.13197834973235967,0.5746904296854235,0.04712366283112335,0.9001132414692573,Cpne4,FALSE,FALSE,FALSE,FALSE,0.22914938327293224,FALSE,FALSE,0.0611604333994862
Psmg3,-0.18333684524205696,0.5299040650800678,-0.32179930993614314,0.2873104031789722,-0.18231015651489813,0.6502984443286455,Psmg3,FALSE,FALSE,FALSE,FALSE,0.22914877056436608,FALSE,FALSE,0.06116026773074979
Wbp2,-0.33450416161106045,0.1045150540719662,-0.2531777535523245,0.2464522822684896,-0.09971227473852196,0.7473680811939173,Wbp2,FALSE,FALSE,FALSE,FALSE,0.22913139663396898,FALSE,FALSE,0.061155570037173645
Grhl2,-0.2510858689896196,0.45308752737066077,-0.26536597477271506,0.44195168178548583,-0.17087651837422113,0.7192625320922958,Grhl2,FALSE,FALSE,FALSE,FALSE,0.2291094540455186,FALSE,FALSE,0.06114963703557577
Psmb4,-0.1515551527128789,0.21324392722563962,-0.26922674369794386,0.08744001491958998,-0.2664807955985449,0.1264777431437925,Psmb4,FALSE,FALSE,FALSE,FALSE,0.22908756400312255,FALSE,FALSE,0.06114371824177407
Gns,-0.2817292528458335,0.11081158060264008,-0.22273691124665085,0.23905904144684528,-0.18267747244180566,0.4571058562958614,Gns,FALSE,FALSE,FALSE,FALSE,0.22904787884476333,FALSE,FALSE,0.06113298787108469
Adamts1,-0.14073505901329408,0.7118419401726043,-0.5388923616088936,0.17653426914519374,-0.0074657604370091946,0.9901796608639275,Adamts1,FALSE,FALSE,FALSE,FALSE,0.22903106035306564,FALSE,FALSE,0.06112844036118895
Gna12,-0.31296673806193365,0.04852052675961581,-0.24292707766725208,0.14508183879024866,-0.13114748246200492,0.5298595407555036,Gna12,FALSE,FALSE,FALSE,FALSE,0.22901376606373022,FALSE,FALSE,0.06112376420156024
Cep170b,-0.3317903596504692,0.11525585601714035,-0.21244246935204014,0.3421068237668703,-0.14268899190038553,0.6422739065479195,Cep170b,FALSE,FALSE,FALSE,FALSE,0.22897394030096496,FALSE,FALSE,0.061112995813197256
Rbms1,0.19679847602411016,0.28589922195052103,0.22318976110561994,0.2591057418763741,0.2668153566449485,0.2898482140873195,Rbms1,FALSE,FALSE,FALSE,FALSE,0.2289345312582262,FALSE,FALSE,0.06110234010071973
Ift46,-0.22074343967770815,0.25227461408430113,-0.2893839715170108,0.17537106420209578,-0.17658502438925439,0.5136451318462426,Ift46,FALSE,FALSE,FALSE,FALSE,0.22890414519465777,FALSE,FALSE,0.06109412408900752
Gm16364,-0.043736079620180515,0.9467726627207749,0.284436677038933,0.6174446114520438,0.35851203812847415,0.6267890777147247,Gm16364,FALSE,FALSE,FALSE,FALSE,0.22889493159586255,FALSE,FALSE,0.06109163284707871
Cep350,0.1950364351004925,0.12995071135967484,0.2924799277207768,0.08451455445915308,0.19912685956136222,0.25997990847586583,Cep350,FALSE,FALSE,FALSE,FALSE,0.22888107412754385,FALSE,FALSE,0.0610878859608869
Dnal4,-0.3102491319321903,0.09457629291822195,-0.21599615220417512,0.2549258076565437,-0.16006971814858506,0.5192732798414886,Dnal4,FALSE,FALSE,FALSE,FALSE,0.2287716674283168,FALSE,FALSE,0.0610583037571829
Tbc1d16,-0.2653618182928419,0.22540446822847107,-0.22545123514213916,0.34016088909814157,-0.1954783082549767,0.5366259856518361,Tbc1d16,FALSE,FALSE,FALSE,FALSE,0.22876378722998592,FALSE,FALSE,0.061056173050069905
Pcnp,0.35613471467428326,0.07043154394199586,0.28990731836791994,0.17026313196676432,0.0401896688325154,0.9040435956611004,Pcnp,FALSE,FALSE,FALSE,FALSE,0.2287439006249062,FALSE,FALSE,0.06105079596067223
Ppp3ca,0.33179833388218505,0.028947261148743356,0.17022124087788448,0.23377654861693548,0.18415291497958997,0.3147798275717578,Ppp3ca,FALSE,FALSE,FALSE,FALSE,0.22872416324655317,FALSE,FALSE,0.06104545922031585
Serf2,-0.17547134832799394,0.19012871029833042,-0.1716087030515645,0.23570327308705263,-0.3388365537986795,0.09105908808740437,Serf2,FALSE,FALSE,FALSE,FALSE,0.22863886839274597,FALSE,FALSE,0.06102239655817492
Itga9,-0.2500963691596936,0.24070952256536984,-0.2549745892532935,0.2558315232276585,-0.1806871653547688,0.5374640967791049,Itga9,FALSE,FALSE,FALSE,FALSE,0.22858604125591864,FALSE,FALSE,0.061008112760804506
Slc2a6,0.2960431586840515,0.48557077696512885,0.2632071015673314,0.5565253621846682,0.12647435354934133,0.8548860791271302,Slc2a6,FALSE,FALSE,FALSE,FALSE,0.2285748712669081,FALSE,FALSE,0.06100509253541962
Cep131,-0.2420158254942142,0.4692273175711312,-0.40661767700186013,0.248845004356385,-0.03708092165422672,0.9490148186955544,Cep131,FALSE,FALSE,FALSE,FALSE,0.228571474716767,FALSE,FALSE,0.06100417415072404
Flicr,0.3543082549229556,0.5512377835422337,0.17351792541592326,0.7997477537043632,-0.1578330586057075,0.8768790048946203,Flicr,FALSE,FALSE,FALSE,FALSE,0.22855307964819546,FALSE,FALSE,0.06099920035415146
Zfp646,-0.33752771480945754,0.06282159862802349,-0.1592217982182289,0.3862123953555687,-0.18876322082961483,0.43245528704756403,Zfp646,FALSE,FALSE,FALSE,FALSE,0.22850424461910043,FALSE,FALSE,0.060985995972803825
Prmt9,0.2314633707772149,0.14534963718417998,0.32109588993960525,0.0960072945197005,0.13282613947795507,0.5572624935729553,Prmt9,FALSE,FALSE,FALSE,FALSE,0.22846180006492509,FALSE,FALSE,0.060974519495982836
Atp5a1,-0.21876656044661935,0.06715055045884087,-0.19266262468973672,0.14175301147002217,-0.2739213364712434,0.1002620105675008,Atp5a1,FALSE,FALSE,FALSE,FALSE,0.22845017386919983,FALSE,FALSE,0.060971375918005645
Smchd1,0.26129956028917345,0.19641335970162174,0.29236089766794127,0.19180465546682338,0.13168807657818693,0.6608314960352124,Smchd1,FALSE,FALSE,FALSE,FALSE,0.2284495115117672,FALSE,FALSE,0.06097119682483644
Copz2,0.0029325359519702943,0.9924297603190252,-0.3965653429054683,0.19319649001917574,-0.2858119278340592,0.4618066899606207,Copz2,FALSE,FALSE,FALSE,FALSE,0.22843660223049925,FALSE,FALSE,0.06096770631656922
Mtpap,0.33257089961987596,0.10066001348619419,0.3023865907082106,0.16816238619038743,0.050341135566982054,0.8825184669752741,Mtpap,FALSE,FALSE,FALSE,FALSE,0.2284328752983562,FALSE,FALSE,0.06096669860071064
Glyctk,0.1902743835701193,0.7003005225962476,-0.09992446763144827,0.8578065148833587,-0.3950436438229509,0.5709440666044705,Glyctk,FALSE,FALSE,FALSE,FALSE,0.22841416500817283,FALSE,FALSE,0.060961639572155016
Atxn7l3,-0.2737138690485663,0.05799733387321416,-0.32413287245272304,0.0784514728602426,-0.08730544713193034,0.6577656820609833,Atxn7l3,FALSE,FALSE,FALSE,FALSE,0.2283840628777399,FALSE,FALSE,0.06095350033241301
Fat4,-0.36549186449184745,0.16873537960410737,-0.30949572632072186,0.27253231970131003,0.01012915939243797,0.9824243459527173,Fat4,FALSE,FALSE,FALSE,FALSE,0.22837225006833575,FALSE,FALSE,0.06095030629643003
Laptm4a,-0.2096533604140962,0.06685610684488208,-0.20776344406709413,0.11298831400531043,-0.2676157932851755,0.10016562231638436,Laptm4a,FALSE,FALSE,FALSE,FALSE,0.22834419925545527,FALSE,FALSE,0.060942721707309286
Syf2,-0.2901229657441169,0.06093811750590271,-0.1694760601677574,0.27551040706292457,-0.22538454274663344,0.25916219418382946,Syf2,FALSE,FALSE,FALSE,FALSE,0.22832785621950258,FALSE,FALSE,0.060938302754703
Efnb1,-0.2758719682836279,0.16884958286727803,-0.3182124979850611,0.1518365163103807,-0.09063480455980333,0.7582240485376639,Efnb1,FALSE,FALSE,FALSE,FALSE,0.2282397569428308,FALSE,FALSE,0.06091448181167947
D3Ertd254e,0.2077054762375674,0.08544901753249307,0.3112196360610362,0.0704576830990092,0.16575149286695812,0.3028716769936846,D3Ertd254e,FALSE,FALSE,FALSE,FALSE,0.22822553505518725,FALSE,FALSE,0.06091063639105808
E030042O20Rik,-0.13328495650504457,0.8139073441303787,-0.31973416596191434,0.5656675978904805,-0.23157096723943954,0.7654644375588999,E030042O20Rik,FALSE,FALSE,FALSE,FALSE,0.22819669656879948,FALSE,FALSE,0.06090283882486821
Stxbp6,0.30567614992748116,0.10554092207895345,0.21461850474465916,0.27773060434278857,0.1642464471268683,0.533688031653471,Stxbp6,FALSE,FALSE,FALSE,FALSE,0.2281803672663362,FALSE,FALSE,0.06089842358562576
2810039B14Rik,-0.26620718403275845,0.3528923325993291,-0.19244952560657325,0.5190971317013834,-0.22579704426268377,0.5677592979461895,2810039B14Rik,FALSE,FALSE,FALSE,FALSE,0.22815125130067182,FALSE,FALSE,0.06089055099250846
Cd63-ps,-0.22576846354421842,0.6911208442029793,-0.2795173783105981,0.6323159106917241,-0.17904031037249524,0.8282781612449489,Cd63-ps,FALSE,FALSE,FALSE,FALSE,0.2281087174091039,FALSE,FALSE,0.06087905035997338
Optn,-0.24603217633646057,0.11652217189706612,-0.24888713758866032,0.1497476064857061,-0.1893867347669147,0.3669246121980078,Optn,FALSE,FALSE,FALSE,FALSE,0.22810201623067852,FALSE,FALSE,0.06087723844510311
Ccdc28b,-0.07262583737340522,0.7730785459160371,-0.36594020795313664,0.15810091831091108,-0.24569352965401015,0.4411571550032388,Ccdc28b,FALSE,FALSE,FALSE,FALSE,0.22808652499351734,FALSE,FALSE,0.06087304980824114
Gabpb1,0.2776963783355022,0.20164305093830792,0.25861331724156944,0.26263286791225277,0.1478560799853028,0.6408282459841037,Gabpb1,FALSE,FALSE,FALSE,FALSE,0.22805525852079148,FALSE,FALSE,0.060864595744899344
Plcl1,0.049524460935540304,0.853864578439952,0.27688298456667315,0.25673955689530975,0.35775722947833355,0.24444264031075097,Plcl1,FALSE,FALSE,FALSE,FALSE,0.22805489166018234,FALSE,FALSE,0.060864496550377005
Sox6,-0.27807764721247885,0.2805488142845776,-0.24765580196247106,0.35727230132172627,-0.1584231024238032,0.6645774646016186,Sox6,FALSE,FALSE,FALSE,FALSE,0.22805218386625103,FALSE,FALSE,0.06086376439674994
1110051M20Rik,-0.25243156638001363,0.13725730967197278,-0.19719576385982407,0.27124903043901755,-0.23428446891354326,0.30995639629376925,1110051M20Rik,FALSE,FALSE,FALSE,FALSE,0.22797059971779365,FALSE,FALSE,0.06084170506294557
Galnt14,0.1044822167567822,0.8554627772228124,-0.29813682670542063,0.610940219604788,-0.2812925819198584,0.7230805765714888,Galnt14,FALSE,FALSE,FALSE,FALSE,0.2279705417940204,FALSE,FALSE,0.06084168940108143
Mad1l1,-0.27989525587347064,0.2095964444142756,-0.07771858284952371,0.7521380102712629,-0.32629680568644837,0.27933891819081974,Mad1l1,FALSE,FALSE,FALSE,FALSE,0.22797021480314758,FALSE,FALSE,0.06084160098683735
Fat1,-0.27567636851078525,0.12973887392635944,-0.2323623185162571,0.2370386758266454,-0.1758451224978792,0.4936175372136957,Fat1,FALSE,FALSE,FALSE,FALSE,0.22796126984164053,FALSE,FALSE,0.060839182381072845
Haus4,-0.07544277680652378,0.9012512273764252,-0.46774312912848454,0.4159565350464,-0.1406872630503394,0.8705586181704439,Haus4,FALSE,FALSE,FALSE,FALSE,0.2279577229951159,FALSE,FALSE,0.06083822335811411
C4b,0.10227073319052304,0.8930819736134828,0.394417672719628,0.5567474757280005,0.18713494421303767,0.8587137009672529,C4b,FALSE,FALSE,FALSE,FALSE,0.22794111670772957,FALSE,FALSE,0.060833733225611246
Slc43a2,-0.3786013115325151,0.07295663023056072,-0.2006148447222813,0.35280379793946115,-0.10448698399950196,0.7340760635387051,Slc43a2,FALSE,FALSE,FALSE,FALSE,0.22790104675143277,FALSE,FALSE,0.06082289881037017
Etnk1,0.2805738234818822,0.06814296238815701,0.24600863290513786,0.14412839902713623,0.1571063424399437,0.44816135148788966,Etnk1,FALSE,FALSE,FALSE,FALSE,0.2278962662756546,FALSE,FALSE,0.0608216062294837
Stx6,-0.34983951872934593,0.03743810450986503,-0.18844216430291283,0.24088178220947898,-0.14528033330539003,0.4874929153281715,Stx6,FALSE,FALSE,FALSE,FALSE,0.22785400544588294,FALSE,FALSE,0.060810179429444604
Arhgap20,0.48135297813045463,0.1932109671198311,0.04639136028316271,0.9216847208908406,0.1557067898393747,0.7922951523626467,Arhgap20,FALSE,FALSE,FALSE,FALSE,0.22781704275099735,FALSE,FALSE,0.060800185178843134
Rab1b,-0.2299732637159364,0.1752445614685407,-0.24203369575029043,0.19480039245914788,-0.21139704670572979,0.3715242216080237,Rab1b,FALSE,FALSE,FALSE,FALSE,0.2278013353906522,FALSE,FALSE,0.06079593810497412
Gpx1,-0.21717661913498532,0.12808874608982304,-0.31348045154899395,0.08562379375326967,-0.1527309449544445,0.4411571550032388,Gpx1,FALSE,FALSE,FALSE,FALSE,0.22779600521280793,FALSE,FALSE,0.06079449689152118
Pgpep1l,-0.38426712493849113,0.28709096285638985,-0.0693307310972957,0.8629893204741436,-0.22968730184123765,0.6440346170487203,Pgpep1l,FALSE,FALSE,FALSE,FALSE,0.22776171929234149,FALSE,FALSE,0.06078522640725849
Gm44220,0.03622654745368381,0.9228629894428815,0.34806272662277693,0.2722859206537543,0.2989837787478129,0.47216897420637666,Gm44220,FALSE,FALSE,FALSE,FALSE,0.22775768427475787,FALSE,FALSE,0.060784135388948356
Colec12,0.2445870540807613,0.36280644995813566,0.17140678982251512,0.5606700111008929,0.26720909406088733,0.47666803038763106,Colec12,FALSE,FALSE,FALSE,FALSE,0.22773431265472124,FALSE,FALSE,0.06077781599507485
Rdh12,-0.25875643764710476,0.32378463665012325,-0.30003792265867757,0.27580802452371883,-0.12440563257075032,0.7428128430247322,Rdh12,FALSE,FALSE,FALSE,FALSE,0.2277333309588442,FALSE,FALSE,0.06077755055678254
Dmd,0.24195273034205655,0.08978967804251559,0.25277478173946655,0.12238575199801029,0.18838806616675896,0.32856826596063826,Dmd,FALSE,FALSE,FALSE,FALSE,0.22770519274942735,FALSE,FALSE,0.06076994233673097
Gm10698,0.45476692336695324,0.5104770481455528,-0.08553180415291761,0.9214343148834708,0.14268741739421903,0.9046084438474208,Gm10698,FALSE,FALSE,FALSE,FALSE,0.22766204830469663,FALSE,FALSE,0.06075827661825361
4930515G01Rik,0.007687027219150155,0.9877745428978625,-0.6014383378579949,0.22996474283156929,0.07385901548444362,0.9217313509187837,4930515G01Rik,FALSE,FALSE,FALSE,FALSE,0.22766146018719624,FALSE,FALSE,0.060758117598633955
Zdhhc6,-0.28162113559099033,0.06342549614431531,-0.21173125778742108,0.17637659061757832,-0.18952060957235783,0.32856826596063826,Zdhhc6,FALSE,FALSE,FALSE,FALSE,0.22762433431692308,FALSE,FALSE,0.060748079227447654
Tgtp2,0.27794001825279047,0.3554548397421357,0.3123606961746743,0.3176646893488722,0.09255510446671344,0.8523293301643531,Tgtp2,FALSE,FALSE,FALSE,FALSE,0.2276186062980594,FALSE,FALSE,0.06074653044275675
Ccdc91,-0.19764125351324324,0.24027376438627698,-0.25297652130987913,0.17653426914519374,-0.2321464574567198,0.3190813079399291,Ccdc91,FALSE,FALSE,FALSE,FALSE,0.22758807742661405,FALSE,FALSE,0.06073827581757995
Efhd2,-0.31500856112149656,0.18902763256335958,-0.29099019760891487,0.2501689572692376,-0.07673669004375583,0.8392716934107318,Efhd2,FALSE,FALSE,FALSE,FALSE,0.2275784829247224,FALSE,FALSE,0.060735681584215793
Eef1e1,0.25590039930916175,0.374342440692712,0.33758773235577655,0.2629327123188013,-0.08907705510242492,0.8550402348625995,Eef1e1,FALSE,FALSE,FALSE,FALSE,0.2275217289224544,FALSE,FALSE,0.060720336011522616
AI429214,-0.14826043147635293,0.5728271832962678,-0.19332113699179354,0.46806886616059445,-0.3409796434655874,0.32477541791068887,AI429214,FALSE,FALSE,FALSE,FALSE,0.2275204039779113,FALSE,FALSE,0.06071997776308218
Laptm4b,-0.19453920696618354,0.3444245841983054,-0.26509432467967375,0.2336620440789375,-0.22281133511636853,0.43957350944931134,Laptm4b,FALSE,FALSE,FALSE,FALSE,0.22748162225407528,FALSE,FALSE,0.06070949166979343
Emc10,-0.20775409745390316,0.221783499872132,-0.2987100565533787,0.13277230751198113,-0.1759675463924104,0.46453136783549803,Emc10,FALSE,FALSE,FALSE,FALSE,0.2274772334665641,FALSE,FALSE,0.0607083049965176
Zranb1,0.30624577220752247,0.07894136584660481,0.2871979649141254,0.13820967438382178,0.08896026724335915,0.7299551787449847,Zranb1,FALSE,FALSE,FALSE,FALSE,0.22746800145500234,FALSE,FALSE,0.06070580877600691
Efna4,-0.3540116224551212,0.5776101394189962,0.18725975674768808,0.7702943096080379,-0.1411088231104364,0.8856363235421377,Efna4,FALSE,FALSE,FALSE,FALSE,0.22746006743774855,FALSE,FALSE,0.06070366351692999
Chmp6,-0.2604251839591303,0.11018909842743321,-0.22351098130786218,0.19051149357659544,-0.19825905725972737,0.35485912041293016,Chmp6,FALSE,FALSE,FALSE,FALSE,0.2273984075089066,FALSE,FALSE,0.060686991443023516
Arsk,0.28612446571019046,0.1347274504868778,0.2804172323712568,0.17652464569807255,0.11540399074848606,0.6807341870269222,Arsk,FALSE,FALSE,FALSE,FALSE,0.22731522960997777,FALSE,FALSE,0.060664501179016214
Dzip1l,-0.17408909428155672,0.46927703984374003,-0.47526786237172436,0.10214901283357694,0.03256492357878171,0.9354270075136115,Dzip1l,FALSE,FALSE,FALSE,FALSE,0.2273072934106876,FALSE,FALSE,0.060662355329943934
Gm9801,0.07243550610798577,0.8732245618818788,0.32257503543747124,0.42279209745396906,0.2867315838340063,0.5978318720087996,Gm9801,FALSE,FALSE,FALSE,FALSE,0.22724737512648777,FALSE,FALSE,0.060646154174975216
Gm10134,0.11656005228799782,0.7627415690264744,-0.5024423123523506,0.21624272821109775,0.06267387159700155,0.9188936338475503,Gm10134,FALSE,FALSE,FALSE,FALSE,0.22722541207911665,FALSE,FALSE,0.06064021564154094
Mex3b,0.4085187253647793,0.25115626991299433,0.009560274237121913,0.9838091468179858,0.26357121751565904,0.6070911601695577,Mex3b,FALSE,FALSE,FALSE,FALSE,0.22721673903918674,FALSE,FALSE,0.06063787055997142
Klf2,-0.09720613358375418,0.8696771124776698,0.4884277123510883,0.32914265277261606,0.09595401553475869,0.9099328318409058,Klf2,FALSE,FALSE,FALSE,FALSE,0.22719595382320038,FALSE,FALSE,0.06063225049741872
AC113006.1,0.07738967871627789,0.8771848029584649,-0.4410316309924186,0.3689947881236647,-0.1625677943289056,0.8168341462801646,AC113006.1,FALSE,FALSE,FALSE,FALSE,0.22699636801253403,FALSE,FALSE,0.06057828498937148
Dact1,0.01762856418084202,0.9712261418078534,-0.2746804253552575,0.5319820648549269,0.3886258902356936,0.4458451794914231,Dact1,FALSE,FALSE,FALSE,FALSE,0.22697829325726437,FALSE,FALSE,0.060573397801511275
Fbxl15,-0.28343835425560915,0.2743725081558125,-0.22390333544607932,0.4060018989361443,0.17357786077971227,0.6139315197656348,Fbxl15,FALSE,FALSE,FALSE,FALSE,0.22697318349380025,FALSE,FALSE,0.06057201618535118
0610009E02Rik,-0.16271153534782676,0.8038840305950198,0.4647294643335633,0.4130738289385437,-0.053350246246420374,0.9609730014174996,0610009E02Rik,FALSE,FALSE,FALSE,FALSE,0.22693041530927016,FALSE,FALSE,0.06056045220292818
Rnf8,-0.34234452466420695,0.34164019300448434,-0.270528381284838,0.4677764937382957,-0.06777708627102186,0.9074299914332206,Rnf8,FALSE,FALSE,FALSE,FALSE,0.2268833307400223,FALSE,FALSE,0.060547721124039534
Mt3,-0.1599583644067799,0.6648640044028655,-0.36681652276734145,0.32578609896149663,-0.15387026840593654,0.770440767792977,Mt3,FALSE,FALSE,FALSE,FALSE,0.22688171852668595,FALSE,FALSE,0.06054728520170876
Cdk2ap2,-0.1744077040783356,0.3536808054477896,-0.3026096352048748,0.152309808756673,-0.20360295423821828,0.43245528704756403,Cdk2ap2,FALSE,FALSE,FALSE,FALSE,0.22687343117380956,FALSE,FALSE,0.060545044405096775
Tnfaip2,0.20973057199447664,0.4128740801751021,-0.17002638665110759,0.5540398345052084,-0.30085886332318124,0.41597677421465484,Tnfaip2,FALSE,FALSE,FALSE,FALSE,0.22687194065625516,FALSE,FALSE,0.06054464138778403
Ezr,-0.3136986580883425,0.08134966955995895,-0.05829607276510007,0.7761814532078746,-0.30842365031188823,0.20226800695994418,Ezr,FALSE,FALSE,FALSE,FALSE,0.22680612705511027,FALSE,FALSE,0.060526846212814706
Strip1,-0.37801100662144194,0.04571502526579462,-0.15931155051661428,0.3793131785104152,-0.14299630339531078,0.5561186750210293,Strip1,FALSE,FALSE,FALSE,FALSE,0.22677295351112234,FALSE,FALSE,0.06051787650124523
Tepsin,-0.3695097765237365,0.15626652781933073,-0.1298118073291441,0.6333981712963855,0.1808201056078449,0.5882683382091421,Tepsin,FALSE,FALSE,FALSE,FALSE,0.2267138964869085,FALSE,FALSE,0.06050190822020953
Ccdc68,0.31288832066960715,0.2496763507416274,0.1513722719288504,0.6167030929861911,0.21572270040699149,0.5763545844674421,Ccdc68,FALSE,FALSE,FALSE,FALSE,0.226661097668483,FALSE,FALSE,0.06048763207978094
Dhfr,0.3782706161093188,0.04695098822639417,0.11802017369035678,0.543343609950323,0.18368396898737727,0.4536024886562137,Dhfr,FALSE,FALSE,FALSE,FALSE,0.22665825292901762,FALSE,FALSE,0.06048686289779351
Bcl6,-0.3363122032653254,0.2664133062061499,0.1738339968649436,0.568713913739913,-0.16977531579692418,0.6906484118257846,Bcl6,FALSE,FALSE,FALSE,FALSE,0.2266405053090644,FALSE,FALSE,0.06048206416323314
Pgm1,0.27706201281252074,0.23986775349469572,0.3896347471151609,0.1406028727471027,0.013019434851146983,0.9766376997439657,Pgm1,FALSE,FALSE,FALSE,FALSE,0.2265720649262762,FALSE,FALSE,0.060463558739346626
Psmc3,-0.1844531919292045,0.15229621361155157,-0.2385517107993751,0.11713048511995162,-0.25670270244151894,0.1521466001677968,Psmc3,FALSE,FALSE,FALSE,FALSE,0.22656920172336617,FALSE,FALSE,0.06046278456507458
Pex6,-0.2871176300107239,0.13333737224610823,-0.2870472167159619,0.17195567075722692,-0.1053635249792535,0.7086847097238209,Pex6,FALSE,FALSE,FALSE,FALSE,0.2265094572353131,FALSE,FALSE,0.0604466304024112
Large2,-0.1475722438278897,0.6254418142454955,-0.38701387565947476,0.21693703312257334,-0.14459554952010212,0.7335628335663512,Large2,FALSE,FALSE,FALSE,FALSE,0.22639388966915552,FALSE,FALSE,0.06041538237731034
Gm10177,-0.1498597494096094,0.8213500072602046,-0.18081082274903654,0.7940235881549862,-0.3484274358363602,0.6930940634580646,Gm10177,FALSE,FALSE,FALSE,FALSE,0.22636600266500204,FALSE,FALSE,0.0604078420800215
Anks3,-0.2341788762849495,0.09538646781898426,-0.2516206759892894,0.11606404305141567,-0.1932674052633816,0.29516554207063567,Anks3,FALSE,FALSE,FALSE,FALSE,0.22635565251254017,FALSE,FALSE,0.06040504352819005
Helz2,-0.3452033615672043,0.107643845897489,-0.17630662085802395,0.4269708101951634,-0.15751821576400182,0.5986097926836036,Helz2,FALSE,FALSE,FALSE,FALSE,0.22634273272974337,FALSE,FALSE,0.06040155018044072
Hspbap1,-0.3386080256773534,0.10956542376760203,-0.1557899409144281,0.46092903069368607,0.1845110601431963,0.4818397663255097,Hspbap1,FALSE,FALSE,FALSE,FALSE,0.22630300891165925,FALSE,FALSE,0.06039080935664504
Nipal2,0.3323427583973215,0.08110758335255355,0.24803895270658938,0.214624222301969,0.09852510422132887,0.7265570175333849,Nipal2,FALSE,FALSE,FALSE,FALSE,0.22630227177507992,FALSE,FALSE,0.06039061004412943
Fcgr2b,-0.1284681321676867,0.7991812849186308,0.4223230307931478,0.33224137669032316,0.1279510136336488,0.8554363681155045,Fcgr2b,FALSE,FALSE,FALSE,FALSE,0.22624739219816112,FALSE,FALSE,0.06037577129261722
Bik,-0.23521735965688517,0.49187712760623997,-0.3361235590273972,0.3391756847063306,-0.10731602414914976,0.8350648828406032,Bik,FALSE,FALSE,FALSE,FALSE,0.22621898094447737,FALSE,FALSE,0.06036808924480939
Celsr2,-0.28879232499014407,0.29450280464103473,-0.31409228508212905,0.2897383709366904,-0.07576695997153671,0.8703158383076474,Celsr2,FALSE,FALSE,FALSE,FALSE,0.22621719001460328,FALSE,FALSE,0.06036760499976106
Pgghg,-0.18656764595864228,0.33720758849763866,-0.3120826851889209,0.15445522626864652,-0.1799653691805343,0.5105435106688521,Pgghg,FALSE,FALSE,FALSE,FALSE,0.22620523344269916,FALSE,FALSE,0.06036437209219536
Pxn,-0.3345152398664766,0.14303813806739418,-0.1949646685055404,0.41017890288606196,-0.14899861584954355,0.6430879831106097,Pxn,FALSE,FALSE,FALSE,FALSE,0.22615950807385352,FALSE,FALSE,0.0603520085241032
Hdac8,0.26627069209926146,0.20267431871271646,0.29159270339039445,0.19295930609878878,0.12058185697424628,0.6973286750662631,Hdac8,FALSE,FALSE,FALSE,FALSE,0.2261484174879674,FALSE,FALSE,0.06034900976833049
Dnah9,-0.12681372961900372,0.7434586526670185,0.19917091567127443,0.6104596050503137,0.3524221894981556,0.47343766194723075,Dnah9,FALSE,FALSE,FALSE,FALSE,0.2261356115961446,FALSE,FALSE,0.0603455472152767
Fndc3b,0.41795024942521053,0.025092737892868543,0.1947296930050717,0.2546398951464281,0.06549197023677067,0.793512622803061,Fndc3b,FALSE,FALSE,FALSE,FALSE,0.22605730422235096,FALSE,FALSE,0.06032437388037624
Snrnp70,-0.3632355160799401,0.026655293844522025,-0.1001722232397535,0.5076088132851752,-0.21470512513051432,0.263028780668114,Snrnp70,FALSE,FALSE,FALSE,FALSE,0.22603762148340265,FALSE,FALSE,0.060319051913831814
Acvr1b,-0.3550493043040639,0.17464517509343913,-0.25825181109220985,0.3463379855165522,-0.064778442090061,0.8808222274522951,Acvr1b,FALSE,FALSE,FALSE,FALSE,0.22602651916211158,FALSE,FALSE,0.060316049984952325
Gcnt7,0.2497399704429461,0.7654224560737782,0.29775316714604105,0.7251417931939177,-0.13053752305740318,0.9260668732862938,Gcnt7,FALSE,FALSE,FALSE,FALSE,0.22601022021546344,FALSE,FALSE,0.0603116429535428
Fkbpl,-0.18078715169056947,0.4295524422201087,-0.2123808718798661,0.36833597979706445,-0.2848509217179691,0.35534684243619125,Fkbpl,FALSE,FALSE,FALSE,FALSE,0.2260063150961349,FALSE,FALSE,0.060310587058096894
Slc9a7,-0.27628310583216553,0.14917451999466247,-0.2424618412631867,0.2370386758266454,-0.15923764247074867,0.5572624935729553,Slc9a7,FALSE,FALSE,FALSE,FALSE,0.22599419652203365,FALSE,FALSE,0.06030731034716239
Gm37925,0.03587376247531726,0.9664336031172026,0.5901374929543499,0.3987641532785789,0.05193039924475534,0.9687268042957021,Gm37925,FALSE,FALSE,FALSE,FALSE,0.22598055155814084,FALSE,FALSE,0.06030362091951068
Pcdh20,0.22929946036072657,0.4467216341105902,0.3728160972648116,0.2415062302931146,0.07568172806852491,0.8817102844923025,Pcdh20,FALSE,FALSE,FALSE,FALSE,0.22593242856468768,FALSE,FALSE,0.060290609063698965
Gm43365,-0.2314043661531361,0.8075516381061104,0.22880020585597172,0.8083022839834911,-0.21756251257604042,0.8773751772057953,Gm43365,FALSE,FALSE,FALSE,FALSE,0.22592236152838274,FALSE,FALSE,0.060287887062936925
Mgst1,-0.08787242199750267,0.7155855164613929,0.35583895171872504,0.13849670483220658,0.23401278626402844,0.4288803284742357,Mgst1,FALSE,FALSE,FALSE,FALSE,0.22590805332675204,FALSE,FALSE,0.06028401830409247
Slc1a7,0.1261116558679362,0.8477647993932732,0.06357536594432545,0.9282214952505973,0.4878834194966201,0.5273000212825685,Slc1a7,FALSE,FALSE,FALSE,FALSE,0.22585681376962727,FALSE,FALSE,0.06027016376842622
Sfxn5,-0.21600676039413536,0.3821521319598079,-0.32797575428269843,0.21645382156033854,-0.1335417570966353,0.7096475604939961,Sfxn5,FALSE,FALSE,FALSE,FALSE,0.2258414239244897,FALSE,FALSE,0.060266002546699865
Ap2a1,-0.2952594915988094,0.13622710161902754,-0.24965146355074275,0.2418842403987902,-0.13259330161843064,0.6475322735525432,Ap2a1,FALSE,FALSE,FALSE,FALSE,0.22583475225599425,FALSE,FALSE,0.06026419861094572
Bbx,0.2984148131902824,0.029377508872582014,0.22782144747709765,0.11118549819304274,0.15123467231100562,0.36081797899384704,Bbx,FALSE,FALSE,FALSE,FALSE,0.22582364432612856,FALSE,FALSE,0.06026119516557777
Slc35f3,-0.30969217951181216,0.4005449285051863,0.05275418321728642,0.8966427488439626,0.31502423757387144,0.4903106155413451,Slc35f3,FALSE,FALSE,FALSE,FALSE,0.22582353343432335,FALSE,FALSE,0.060261165181819974
Polr3h,-0.2391551617708103,0.12830019175150933,-0.2894808639657116,0.11432686890313623,-0.14879201896574656,0.4872459834987005,Polr3h,FALSE,FALSE,FALSE,FALSE,0.2258093482340895,FALSE,FALSE,0.0602573296810155
Gsn,-0.37387515765710955,0.1213754283063181,-0.2082852106321722,0.41795663594397386,-0.09524327441525848,0.8019536351272458,Gsn,FALSE,FALSE,FALSE,FALSE,0.22580121423484675,FALSE,FALSE,0.06025513034930888
Rnu1a1,0.1440802613607951,0.8297990437256646,0.38899776672247777,0.5292618986897801,-0.1443029319400293,0.8897586469058416,Rnu1a1,FALSE,FALSE,FALSE,FALSE,0.22579365334110071,FALSE,FALSE,0.06025308597816379
Sar1b,0.36923847118448627,0.1668203271023151,0.23905798941776002,0.40627631741679104,0.0690487378415412,0.8801662231380971,Sar1b,FALSE,FALSE,FALSE,FALSE,0.22578173281459582,FALSE,FALSE,0.06024986281682341
Grin2d,-0.3523076963443075,0.5178677988497142,-0.14179568587603228,0.813329632068809,0.1832361371837841,0.8092319532913609,Grin2d,FALSE,FALSE,FALSE,FALSE,0.22577983980137462,FALSE,FALSE,0.06024935096971423
Spag1,0.34829515369816466,0.2286709276514279,0.21552536110228093,0.4909885333434505,0.11340843249070254,0.80660148337424,Spag1,FALSE,FALSE,FALSE,FALSE,0.2257429824303827,FALSE,FALSE,0.06023938519737689
Ube4a,0.41270953645086994,0.015532072290935523,0.22435205521063395,0.12061995108359509,0.04007735773244825,0.84371704188406,Ube4a,FALSE,FALSE,FALSE,FALSE,0.22571298313131738,FALSE,FALSE,0.060231273761951115
Gm17399,-0.13486254800626374,0.8197171766041574,-0.19613408484161254,0.7414931109454224,-0.34591115537665573,0.655342161977533,Gm17399,FALSE,FALSE,FALSE,FALSE,0.22563592940817734,FALSE,FALSE,0.06021043939851465
Map2k3os,0.16336349759384805,0.7377047008601422,-0.19661191548083795,0.7073203640573935,-0.3168207982484127,0.6424326940104498,Map2k3os,FALSE,FALSE,FALSE,FALSE,0.22559873710769957,FALSE,FALSE,0.06020038306543151
Gins1,0.16663752952797928,0.7458727762342766,0.04197514036218653,0.9430094073196065,-0.4681771561759741,0.5075743340637165,Gins1,FALSE,FALSE,FALSE,FALSE,0.2255966086887133,FALSE,FALSE,0.06019980756754643
Maged2,-0.1819872364282018,0.22276971123271946,-0.22708369971451958,0.17556414291426967,-0.2673778158649007,0.20071113851649608,Maged2,FALSE,FALSE,FALSE,FALSE,0.22548291733587403,FALSE,FALSE,0.060169066847071025
Xrcc6,-0.18820540372958128,0.18742468514411031,-0.16295190906020718,0.2817209117628331,-0.32513164451332166,0.11289515180952109,Xrcc6,FALSE,FALSE,FALSE,FALSE,0.22542965243437005,FALSE,FALSE,0.060154664683604836
Slc6a15,-0.49543643556536665,0.11073402954535919,-0.1460123527015469,0.644622548564473,-0.03480616901464151,0.9461541072842783,Slc6a15,FALSE,FALSE,FALSE,FALSE,0.22541831909385168,FALSE,FALSE,0.06015160029001441
Ccdc117,-0.09292430994665057,0.5606426768083658,-0.148813389099284,0.365885747735508,-0.43447797931814325,0.06750873220157737,Ccdc117,FALSE,FALSE,FALSE,FALSE,0.22540522612135927,FALSE,FALSE,0.060148060113936544
2310026L22Rik,-0.3247423245079879,0.5971415281098031,-0.2018700215968075,0.7559191125114543,-0.14957044811025144,0.8741731036079976,2310026L22Rik,FALSE,FALSE,FALSE,FALSE,0.22539426473834895,FALSE,FALSE,0.060145096293006205
Sidt1,-0.41843170854896305,0.37506026020486116,-0.236702874002781,0.6336757906420161,0.02104694203356927,0.9784781346671818,Sidt1,FALSE,FALSE,FALSE,FALSE,0.22539384152843778,FALSE,FALSE,0.060144981862337056
Parp3,0.37152579442600553,0.18089310931293454,0.020706633634480998,0.953983518850285,0.2839353903691286,0.4582289954397887,Parp3,FALSE,FALSE,FALSE,FALSE,0.22538927280987173,FALSE,FALSE,0.06014374653795343
Clip2,-0.26740503600945065,0.16934021004675914,-0.32317889494686636,0.14374366628244586,-0.08545208539146554,0.7760673947746256,Clip2,FALSE,FALSE,FALSE,FALSE,0.2253453387825942,FALSE,FALSE,0.06013186732622651
Fam216a,-0.321541914957169,0.05761239721941456,-0.16860874673985915,0.30471304286179596,-0.18583790800908417,0.3832488057633288,Fam216a,FALSE,FALSE,FALSE,FALSE,0.22532952323537078,FALSE,FALSE,0.06012759099997813
Prrx1,0.23890471892667442,0.12315571343567883,0.2965783668637192,0.10494045800144329,0.14023032455033846,0.5169980005589633,Prrx1,FALSE,FALSE,FALSE,FALSE,0.2252378034469107,FALSE,FALSE,0.0601027911158295
Rgma,-0.3639792627488321,0.20058531851836228,-0.11873570173961268,0.6966057929916216,0.19297679070293938,0.5996844107778081,Rgma,FALSE,FALSE,FALSE,FALSE,0.2252305850637947,FALSE,FALSE,0.06010083935527682
Ddx60,0.23029540851151653,0.3634867419591943,0.2018555414345804,0.452770310186716,0.24353822178324913,0.48603355437783735,Ddx60,FALSE,FALSE,FALSE,FALSE,0.22522972390978202,FALSE,FALSE,0.060100606509997656
Kcna2,0.3495338981203666,0.1763518705644704,0.08677027148475602,0.7775709586798314,0.23932049816208778,0.513641399339406,Kcna2,FALSE,FALSE,FALSE,FALSE,0.22520822258907014,FALSE,FALSE,0.06009479282167969
A930037H05Rik,0.3938069680621141,0.19721419710466193,0.025545018332156166,0.9485028692546794,0.25573446196817007,0.5565984847907512,A930037H05Rik,FALSE,FALSE,FALSE,FALSE,0.22502881612081346,FALSE,FALSE,0.060046283555544436
Pus7l,-0.19744641248341743,0.6481745444382703,-0.2150672790311534,0.6302548192125376,-0.2625314295648662,0.6552519289983806,Pus7l,FALSE,FALSE,FALSE,FALSE,0.22501504035981235,FALSE,FALSE,0.06004255876198982
Gpbp1l1,0.26717702836203205,0.07632809242793562,0.25156032636595693,0.13460721094597888,0.15629299146798026,0.44505439627464977,Gpbp1l1,FALSE,FALSE,FALSE,FALSE,0.22501011539865642,FALSE,FALSE,0.06004122711406352
Atp5j,0.37790035635177155,0.061016914491829576,0.1872511989828931,0.36304067902846404,0.10984750639439245,0.7037178753758783,Atp5j,FALSE,FALSE,FALSE,FALSE,0.22499968724301903,FALSE,FALSE,0.06003840747114858
Zfp512b,-0.18537684193455917,0.36879851995797686,-0.35462966586654154,0.13626437817637893,-0.13493758490745034,0.6539032510393108,Zfp512b,FALSE,FALSE,FALSE,FALSE,0.22498136423618367,FALSE,FALSE,0.060033453159168575
Zer1,-0.2785304322913049,0.22457502530868548,-0.3146323796807273,0.20996745217568685,-0.08168332386681598,0.8264706095534117,Zer1,FALSE,FALSE,FALSE,FALSE,0.22494871194628274,FALSE,FALSE,0.06002462438818768
Taf2,0.3348569985741747,0.07755652999685084,0.20835174494891628,0.28838775696811275,0.13162027206642168,0.6230337738861585,Taf2,FALSE,FALSE,FALSE,FALSE,0.22494300519650423,FALSE,FALSE,0.0600230813543915
Wfs1,-0.25361793067256144,0.18114939019181056,-0.28761735696470225,0.1717742196206491,-0.13353180034326773,0.6267890777147247,Wfs1,FALSE,FALSE,FALSE,FALSE,0.22492236266017715,FALSE,FALSE,0.060017499870634934
Pea15a,-0.255056061321862,0.1458338265597772,-0.26479411865403346,0.1751640242634439,-0.1548612349460381,0.5374640967791049,Pea15a,FALSE,FALSE,FALSE,FALSE,0.22490380497397786,FALSE,FALSE,0.060012482104288806
Cenpv,-0.15925925288735066,0.5006220681571624,-0.25141900479499846,0.29913348655956795,-0.2639922374496959,0.4022802499528424,Cenpv,FALSE,FALSE,FALSE,FALSE,0.22489016504401502,FALSE,FALSE,0.06000879403774883
Rnf220,-0.24775476864175783,0.18879437825283124,-0.263133721631295,0.1996295453426815,-0.16375670024344746,0.5412508422525819,Rnf220,FALSE,FALSE,FALSE,FALSE,0.22488173017216675,FALSE,FALSE,0.060006513353851085
Rps6kl1,-0.13630217606320283,0.742183552187002,-0.38267578950083925,0.3498697369257727,-0.15563861975699345,0.787969696283249,Rps6kl1,FALSE,FALSE,FALSE,FALSE,0.22487219510701184,FALSE,FALSE,0.06000393519143748
H2-K2,-0.062214036100879055,0.9445262237994538,-0.5713828947546136,0.49832709654500795,0.04094017400221506,0.9755716489156836,H2-K2,FALSE,FALSE,FALSE,FALSE,0.2248457016192359,FALSE,FALSE,0.059996771683555834
Efs,-0.2717041382205627,0.4616589042929597,-0.23634372530232728,0.5397051417908387,-0.16645179722161885,0.756279882466895,Efs,FALSE,FALSE,FALSE,FALSE,0.22483322024816962,FALSE,FALSE,0.05999339687685756
Adamts7,-0.1302697694791643,0.858774528197017,-0.4233561370352683,0.5613059731890369,-0.12071075848038312,0.9146389177016673,Adamts7,FALSE,FALSE,FALSE,FALSE,0.22477888833160525,FALSE,FALSE,0.05997870620585852
Sept3,-0.4269039099283871,0.0975840409816778,-0.2243688764081515,0.3938795054986435,0.02303417439086708,0.9609730014174996,Sept3,FALSE,FALSE,FALSE,FALSE,0.22476898690913524,FALSE,FALSE,0.05997602898500699
Synpo2,0.15987025658060716,0.5680211110980934,0.3299030055816514,0.24946358019292053,0.18443124690078516,0.6372343955628968,Synpo2,FALSE,FALSE,FALSE,FALSE,0.2247348363543479,FALSE,FALSE,0.05996679510193163
Map3k8,0.15594881431330232,0.7311324843150211,0.3735564913277136,0.37440422482509755,0.14460915184773881,0.823618339460721,Map3k8,FALSE,FALSE,FALSE,FALSE,0.22470481916291826,FALSE,FALSE,0.059958678828634225
Mfap4,0.18179983007347778,0.7345702846610904,-0.43745679279302796,0.4382205277411784,-0.05474071398393332,0.9526275414227284,Mfap4,FALSE,FALSE,FALSE,FALSE,0.22466577895014636,FALSE,FALSE,0.05994812284316875
Dclre1a,0.2665866410588609,0.17483610962229562,0.21556456537048208,0.2976131521317896,0.191747698264229,0.48204028795583886,Dclre1a,FALSE,FALSE,FALSE,FALSE,0.22463296823119064,FALSE,FALSE,0.05993925123495207
Adipor1,-0.2538760578561243,0.08207892051945176,-0.22667762146019044,0.1544812483096782,-0.19322844138366158,0.3226911958694447,Adipor1,FALSE,FALSE,FALSE,FALSE,0.22459404023332544,FALSE,FALSE,0.05992872559099449
Anapc16,-0.2867665929094132,0.12519148742585928,-0.2896599292241371,0.15770178933733603,-0.09732278202216271,0.7228636498567831,Anapc16,FALSE,FALSE,FALSE,FALSE,0.22458310138523765,FALSE,FALSE,0.05992576786322548
Tunar,-0.42517683145637475,0.41158223179226233,-0.10212288527551272,0.8574278441440206,0.14642652575228032,0.8446471079949599,Tunar,FALSE,FALSE,FALSE,FALSE,0.22457541416138926,FALSE,FALSE,0.05992368933400005
Myo5c,0.3585790642132105,0.1532230084327542,-0.1653164100461204,0.5592410192373528,-0.14982310600532767,0.6960860788110131,Myo5c,FALSE,FALSE,FALSE,FALSE,0.22457286008821953,FALSE,FALSE,0.059922998744545146
Slc9b2,0.5380687224771945,0.34592891319379604,0.09717881083548718,0.892416652561221,-0.03845671645457027,0.9726337092597264,Slc9b2,FALSE,FALSE,FALSE,FALSE,0.22456808325575064,FALSE,FALSE,0.059921707148763964
Ddx10,0.3331121297509627,0.13333737224610823,0.24641248418876316,0.2950610007860362,0.09414378515351451,0.786454588531769,Ddx10,FALSE,FALSE,FALSE,FALSE,0.22455613303108013,FALSE,FALSE,0.059918475957410886
Polr2k,0.32320376365207393,0.28587385365243406,0.1399801171839652,0.6881232615160287,-0.21046973052333096,0.649894386994797,Polr2k,FALSE,FALSE,FALSE,FALSE,0.22455120378645668,FALSE,FALSE,0.059917143151288516
Gm10689,-0.4616541255514599,0.5374631308083127,-0.04749066705749594,0.9551414952072812,-0.1642418000859715,0.886950220176868,Gm10689,FALSE,FALSE,FALSE,FALSE,0.2244621975649758,FALSE,FALSE,0.05989307698172693
Sult4a1,-0.4578995530945562,0.02300251776828198,-0.009857673929579036,0.9605718420820961,-0.20562216171633718,0.3528985693680156,Sult4a1,FALSE,FALSE,FALSE,FALSE,0.22445979624682413,FALSE,FALSE,0.059892427695319224
Cep83,0.4274840248193974,0.034929030090775984,0.14131602797330656,0.47235799164241615,0.10452676345118217,0.7011342508281666,Cep83,FALSE,FALSE,FALSE,FALSE,0.22444227208129539,FALSE,FALSE,0.05988768938004167
Runx1t1,0.24425411587387735,0.07697450719048429,0.1984745701242394,0.17995212463848295,0.23054681462180238,0.2133104250217475,Runx1t1,FALSE,FALSE,FALSE,FALSE,0.22442516687330638,FALSE,FALSE,0.0598830643456452
Map1lc3a,-0.23275940656681549,0.18900709941055518,-0.3011069433115958,0.13773786378968217,-0.1394052767767624,0.5816040457170253,Map1lc3a,FALSE,FALSE,FALSE,FALSE,0.22442387555172458,FALSE,FALSE,0.05988271518843316
Lrrc4c,-0.07074344135219102,0.8369669494811559,-0.5062374679848038,0.15523959334492768,-0.09599007732709275,0.8456575319761501,Lrrc4c,FALSE,FALSE,FALSE,FALSE,0.22432366222136255,FALSE,FALSE,0.05985561875673775
Itgb2,-0.6265133289336593,0.10085090955068203,0.022819501559890654,0.9557381998009242,-0.023485637365913803,0.9692575353705227,Itgb2,FALSE,FALSE,FALSE,FALSE,0.22427282261982126,FALSE,FALSE,0.05984187236406116
Klhdc4,-0.2371158147174497,0.23028577684562107,-0.1348743440756035,0.5158111780443604,-0.3007455864220363,0.2596272457328866,Klhdc4,FALSE,FALSE,FALSE,FALSE,0.22424524840502982,FALSE,FALSE,0.05983441664110542
Mzf1,0.20403913013700503,0.410964958283245,0.19376026222680753,0.4536964246583487,0.27488469069789145,0.40633492597030013,Mzf1,FALSE,FALSE,FALSE,FALSE,0.22422802768723468,FALSE,FALSE,0.05982976037430143
2900041M22Rik,-0.3771210820387283,0.49712220580537597,-0.16847609154298457,0.7807131456918387,-0.12699594194072877,0.8830370045509912,2900041M22Rik,FALSE,FALSE,FALSE,FALSE,0.22419770517414722,FALSE,FALSE,0.05982156154584479
6430584L05Rik,-0.06068583457700516,0.9209278607361051,0.11675479949588757,0.8423371822296623,0.4948984192293456,0.450662248569939,6430584L05Rik,FALSE,FALSE,FALSE,FALSE,0.22411301776741277,FALSE,FALSE,0.05979866312979822
Uggt2,0.28205007922304315,0.1466503121738283,0.24456015746339954,0.244015910795904,0.14566035982189351,0.606273868508198,Uggt2,FALSE,FALSE,FALSE,FALSE,0.22409019883611206,FALSE,FALSE,0.05979249317604937
Atad1,0.32091978150533684,0.11220864081218818,0.2097475092563874,0.3271625765282064,0.141571218388993,0.629283199765418,Atad1,FALSE,FALSE,FALSE,FALSE,0.22407950305023908,FALSE,FALSE,0.05978960116926456
Etaa1os,0.12858929155638196,0.795100310913024,-0.02131699715176823,0.9699133989087664,0.5223251536570263,0.3588235537097898,Etaa1os,FALSE,FALSE,FALSE,FALSE,0.22407714745505883,FALSE,FALSE,0.059788964245776705
Panx2,-0.3864100153208003,0.20708270968486384,0.11407315763588333,0.718373977315995,0.17169077517122489,0.6705520091104638,Panx2,FALSE,FALSE,FALSE,FALSE,0.22405798270930286,FALSE,FALSE,0.05978378233811571
Clpb,-0.24674526791261542,0.066117234918035,-0.23542768450556206,0.11648197128551506,-0.1899811629848216,0.27345569425109456,Clpb,FALSE,FALSE,FALSE,FALSE,0.22405137180099968,FALSE,FALSE,0.05978199483115796
Eif4b,-0.25983136923079364,0.1955492077558948,-0.24110994756529358,0.2690623322269226,-0.17119301859931113,0.5572624935729553,Eif4b,FALSE,FALSE,FALSE,FALSE,0.2240447784651328,FALSE,FALSE,0.059780212075567295
Ctnnbip1,-0.21595954159774244,0.42342932716402476,-0.2837148515950405,0.3135800031211433,-0.1723926163398084,0.6487905668716706,Ctnnbip1,FALSE,FALSE,FALSE,FALSE,0.22402233651086378,FALSE,FALSE,0.05977414405169497
Rsph10b,-0.4124047302065198,0.3280679759518509,-0.03610171345177604,0.9405061795282027,-0.2233249767863006,0.7074751679039276,Rsph10b,FALSE,FALSE,FALSE,FALSE,0.22394380681486548,FALSE,FALSE,0.05975291060364976
Mterf1b,0.3388174970716568,0.5849429649208278,-0.09733892744795236,0.8949003294616248,0.23562595633142758,0.798210627343261,Mterf1b,FALSE,FALSE,FALSE,FALSE,0.2239274602836789,FALSE,FALSE,0.05974849070597593
Sf3b3,-0.25781395231028537,0.08284553852476151,-0.1492193522092986,0.3336402287839879,-0.26467624026373393,0.18584436237549334,Sf3b3,FALSE,FALSE,FALSE,FALSE,0.2239031815944393,FALSE,FALSE,0.05974192605192983
Zscan18,-0.2779112492106117,0.12747596956585788,-0.19252404515502208,0.300838071763199,-0.20115953393206842,0.4064130148440176,Zscan18,FALSE,FALSE,FALSE,FALSE,0.22386494276590074,FALSE,FALSE,0.0597315867507424
Ubl5,-0.26149105013704865,0.06774748590340365,-0.16595561044411866,0.2567554597570146,-0.24413822159281473,0.1951238627083969,Ubl5,FALSE,FALSE,FALSE,FALSE,0.22386162739132734,FALSE,FALSE,0.05973069031490549
Insm1,0.20888216330514453,0.51935209103123825,-0.12178531149390359,0.7404329912018836,0.34088347137920927,0.43601559439084236,Insm1,FALSE,FALSE,FALSE,FALSE,0.22385031539275246,FALSE,FALSE,0.059727631691909776
Neurod4,0.04607233992002069,0.9292910753176787,0.20598857295415485,0.6834899609324723,-0.41947323413330206,0.5033783582763196,Neurod4,FALSE,FALSE,FALSE,FALSE,0.2238447156691592,FALSE,FALSE,0.05972611759665608
Nrros,-0.0337292285567532,0.9248408279143228,-0.4262014267314673,0.2060421050779133,-0.21149061974423633,0.629058638969053,Nrros,FALSE,FALSE,FALSE,FALSE,0.2238070916774856,FALSE,FALSE,0.059715944539670454
Tmem25,-0.36248567901464,0.2190307077150462,-0.2682184935965224,0.37882872142062746,-0.040622632418230165,0.9356591082848801,Tmem25,FALSE,FALSE,FALSE,FALSE,0.22377560167646418,FALSE,FALSE,0.05970743003707202
Tjp2,-0.32059950314631713,0.1122888779544925,-0.10814677680263696,0.6242292361161936,-0.24254183024764586,0.3761041991540492,Tjp2,FALSE,FALSE,FALSE,FALSE,0.22376270339886664,FALSE,FALSE,0.059703942504059714
Tmem205,-0.20828529813897179,0.3170486982984918,-0.26018786321584386,0.24185946255488433,-0.20280958391553616,0.48149722754394053,Tmem205,FALSE,FALSE,FALSE,FALSE,0.22376091509011728,FALSE,FALSE,0.059703458967730744
Gm38399,0.0061932928836465895,0.9926039374485179,-0.5818808888874217,0.38701619396675313,0.08315601405560236,0.9357073281801604,Gm38399,FALSE,FALSE,FALSE,FALSE,0.22374339860889023,FALSE,FALSE,0.059698722730192305
Mospd3,0.24535179376656968,0.5225177806993555,-0.18056964423493116,0.6812239154638908,0.2451607703544143,0.6440346170487203,Mospd3,FALSE,FALSE,FALSE,FALSE,0.2236940694519717,FALSE,FALSE,0.05968538474285862
Lrrc57,0.3456078533552258,0.08274703164678714,0.23213268592177805,0.2600476864198508,0.09331916313932087,0.7522550485489466,Lrrc57,FALSE,FALSE,FALSE,FALSE,0.22368656747210824,FALSE,FALSE,0.05968335630129085
Dscr3,-0.28817860085795477,0.06999267394527832,-0.21390618827808172,0.1933518249316697,-0.16896775951360876,0.41852794595672804,Dscr3,FALSE,FALSE,FALSE,FALSE,0.2236841828832151,FALSE,FALSE,0.0596827115382655
Vmac,-0.216342295643285,0.2810240070425511,-0.30115737272686083,0.17960477993583024,-0.1534334364392862,0.5999389162503753,Vmac,FALSE,FALSE,FALSE,FALSE,0.22364436826981068,FALSE,FALSE,0.0596719461645503
Gpatch3,-0.3337147455077314,0.2228927954825003,-0.30072035579431966,0.29010117929190565,0.036492412553826625,0.9357073281801604,Gpatch3,FALSE,FALSE,FALSE,FALSE,0.2236425046186259,FALSE,FALSE,0.059671442256568695
Gm14548,0.40474071330762235,0.4277153072076489,-0.24893524716813203,0.6847056402194772,-0.01722122191255432,0.9847544527698506,Gm14548,FALSE,FALSE,FALSE,FALSE,0.22363239412943622,FALSE,FALSE,0.05966870850668986
Timm17a,-0.2682809653938527,0.059292530825878605,-0.23941832178734934,0.12392065412312836,-0.16304699068053896,0.3743099622995515,Timm17a,FALSE,FALSE,FALSE,FALSE,0.22358209262058035,FALSE,FALSE,0.059655107607548344
Npas2,0.012931784765746634,0.9848370883346211,-0.36583528757107087,0.5908528396494197,-0.29196514980763766,0.7522550485489466,Npas2,FALSE,FALSE,FALSE,FALSE,0.22357740738148504,FALSE,FALSE,0.05965384077747031
Paxx,-0.3283496166291582,0.1286453726231074,-0.2430450419793817,0.2751346941568714,-0.09927729630557014,0.7509233153528079,Paxx,FALSE,FALSE,FALSE,FALSE,0.22355731830470335,FALSE,FALSE,0.05964840894225565
Ly86,-0.11013865379917087,0.7558465353989141,-0.09072368687520926,0.8079048486914847,-0.46974204387157203,0.30263670256951974,Ly86,FALSE,FALSE,FALSE,FALSE,0.22353479484865071,FALSE,FALSE,0.05964231888131994
Unc119,-0.19917704078563814,0.564561139745649,-0.36614573418361873,0.3002520393752789,0.10517067603268382,0.8356426531394597,Unc119,FALSE,FALSE,FALSE,FALSE,0.2234978170006469,FALSE,FALSE,0.05963232053350474
Gm47525,0.4229730597179027,0.45913583979393,-0.05320749208130149,0.9418119204477002,-0.1940981350401429,0.8416216884610147,Gm47525,FALSE,FALSE,FALSE,FALSE,0.22342622894644903,FALSE,FALSE,0.05961296401862023
Dcaf7,-0.32449666063526816,0.05550740713080407,-0.18009720322844647,0.2940906381589807,-0.1656679421376266,0.46181404707892565,Dcaf7,FALSE,FALSE,FALSE,FALSE,0.22342060200044708,FALSE,FALSE,0.05961144256276755
Sema6a,-0.39628591273608604,0.16073013485195586,-0.23879541257331027,0.4096827879856712,-0.03513369124312016,0.9421114768290293,Sema6a,FALSE,FALSE,FALSE,FALSE,0.2234050055175055,FALSE,FALSE,0.05960722546876231
Hnrnpa2b1,0.26405580774055526,0.23670928855615536,0.26851963747691965,0.26838391544656215,0.13758937584753106,0.6812097683167007,Hnrnpa2b1,FALSE,FALSE,FALSE,FALSE,0.22338827368833533,FALSE,FALSE,0.05960270139133058
Numa1,-0.3445115713316591,0.13478344731508698,-0.22631677905325365,0.35833967712507475,-0.09926533613863509,0.7846285800956893,Numa1,FALSE,FALSE,FALSE,FALSE,0.22336456217451595,FALSE,FALSE,0.05959629009442746
Slc7a2,0.09475203583711522,0.8060634943960739,0.26554641779903543,0.46356151383489136,0.3095756748518981,0.5123467424997246,Slc7a2,FALSE,FALSE,FALSE,FALSE,0.2232913761626829,FALSE,FALSE,0.059576501511775536
Lingo2,0.11188146745815475,0.7872155054687305,-0.22999226599314904,0.5907624388561629,-0.32796572353641196,0.5572624935729553,Lingo2,FALSE,FALSE,FALSE,FALSE,0.22327981899590524,FALSE,FALSE,0.059573376598362794
N4bp3,-0.08603446140604287,0.8035144190256184,-0.3174967564979878,0.34183371636126963,-0.26619671825989166,0.5470356276880984,N4bp3,FALSE,FALSE,FALSE,FALSE,0.22324264538797411,FALSE,FALSE,0.059563325319510585
Zbtb8os,0.3713415773505968,0.15931187647912623,0.17191536365755233,0.5531354276812297,0.12625062368132056,0.7552557829023784,Zbtb8os,FALSE,FALSE,FALSE,FALSE,0.22316918822982323,FALSE,FALSE,0.0595434634222841
Veph1,0.19308871901412877,0.6905969823280219,0.21853639143998965,0.6603034420922036,-0.25783438225794475,0.7141913734832422,Veph1,FALSE,FALSE,FALSE,FALSE,0.2231531642373544,FALSE,FALSE,0.059539130735047276
Stab2,-0.5389485237947336,0.10559694403737749,0.050276800976579494,0.8858869545574154,0.08018151475766677,0.8689120777688966,Stab2,FALSE,FALSE,FALSE,FALSE,0.2231356131763266,FALSE,FALSE,0.05953438514756302
Sat2,-0.21618979517179548,0.4048477547022695,-0.29072765103410836,0.2850281444337467,-0.16242615062430055,0.6567154068593041,Sat2,FALSE,FALSE,FALSE,FALSE,0.2231145322767348,FALSE,FALSE,0.059528685135859946
Copb1,0.4118081278908159,0.0372238640149502,0.2460938861462898,0.20242631026084787,0.011092981886186237,0.9732071303103804,Copb1,FALSE,FALSE,FALSE,FALSE,0.22299833197443064,FALSE,FALSE,0.059497266026815314
Hif1a,0.3334543821844136,0.1463880198462747,0.2812914975992591,0.2569980406129594,0.0541157464428661,0.8917149962139086,Hif1a,FALSE,FALSE,FALSE,FALSE,0.22295387540884626,FALSE,FALSE,0.05948524552726283
Arid5a,-0.45551889332116424,0.10031343436224324,-0.10339091078801,0.7210780482663569,-0.1099352643689464,0.7813635204585695,Arid5a,FALSE,FALSE,FALSE,FALSE,0.22294835615937356,FALSE,FALSE,0.059483753191205274
Heatr5b,-0.29113877344003214,0.07241098093098175,-0.19809503658679262,0.23734411541864883,-0.17959450789121512,0.407246320522681,Heatr5b,FALSE,FALSE,FALSE,FALSE,0.22294277263934661,FALSE,FALSE,0.05948224347719334
Tmem119,-0.17327876552208554,0.6396743534284389,-0.29634801246353826,0.4269708101951634,0.19903646835906663,0.6758588626152562,Tmem119,FALSE,FALSE,FALSE,FALSE,0.22288774878156348,FALSE,FALSE,0.059467365713939166
Ogfr,-0.3350658234565511,0.03266344512494812,-0.15102666503926532,0.2959265665667183,-0.18256549818098922,0.32856826596063826,Ogfr,FALSE,FALSE,FALSE,FALSE,0.2228859955589352,FALSE,FALSE,0.0594668916644587
Urgcp,-0.3298126398556578,0.031513019920142014,-0.2038513572194951,0.17346254836982197,-0.13485334381674985,0.47680222612958495,Urgcp,FALSE,FALSE,FALSE,FALSE,0.22283911363063424,FALSE,FALSE,0.05945421537714875
Gm3294,0.2638389759897479,0.4537241943314216,0.29908077601442473,0.4089053408325155,-0.10552736055707679,0.8592914984489777,Gm3294,FALSE,FALSE,FALSE,FALSE,0.22281570418708316,FALSE,FALSE,0.05944788575626979
Diexf,-0.27874255720264873,0.1455376831934861,-0.2621791614628193,0.1958063180562044,-0.1273711890282483,0.6316212817462324,Diexf,FALSE,FALSE,FALSE,FALSE,0.2227643025645721,FALSE,FALSE,0.05943398740014918
Washc1,-0.20509538452769593,0.35050631195540427,-0.31928542927266657,0.184716179878515,-0.14371008804683028,0.645989965404953,Washc1,FALSE,FALSE,FALSE,FALSE,0.2226969672823976,FALSE,FALSE,0.059415780781653
Nckap1,0.39131425562460187,0.0297170459751871,0.2532369252752602,0.1544493242038216,0.023349649973820163,0.9354236320279655,Nckap1,FALSE,FALSE,FALSE,FALSE,0.2226336102912274,FALSE,FALSE,0.05939864984330909
Cacna1h,-0.214018095762869,0.622212281415458,0.09808349862765375,0.8322612716155415,0.3557649690555298,0.5052999948252911,Cacna1h,FALSE,FALSE,FALSE,FALSE,0.22262218781535084,FALSE,FALSE,0.059395561348632143
Rnf126,-0.3521449318604932,0.06293495602418972,-0.23914641247526713,0.20351226393150956,-0.0763907291187258,0.7713304933470349,Rnf126,FALSE,FALSE,FALSE,FALSE,0.22256069115149538,FALSE,FALSE,0.05937893341953693
Lmbr1l,-0.3125943119501131,0.27581161805675236,-0.1820300409789466,0.5452400617349908,-0.1730253791947347,0.6666122328750366,Lmbr1l,FALSE,FALSE,FALSE,FALSE,0.22254991070793148,FALSE,FALSE,0.05937601852237086
Ssu72,-0.23600018059827743,0.08488525003316139,-0.21319595554641158,0.15160112387851207,-0.21834711276982866,0.2288917539742778,Ssu72,FALSE,FALSE,FALSE,FALSE,0.22251441630483923,FALSE,FALSE,0.0593664212795142
Ripk4,-0.3622662742315823,0.02238658138102193,-0.09718162909998451,0.4774532183707044,-0.20792080800828305,0.2337889699045175,Ripk4,FALSE,FALSE,FALSE,FALSE,0.2224562371132833,FALSE,FALSE,0.05935069035345482
Fndc1,-0.2936558131336948,0.47213840327994416,-0.003335371307253032,0.9936408291678288,-0.37031951619734427,0.5039994923487308,Fndc1,FALSE,FALSE,FALSE,FALSE,0.22243690021276405,FALSE,FALSE,0.05934546189729806
Prdm1,-0.14759763815654248,0.6761306050970445,-0.24370183933653022,0.4923145824033823,-0.2758685589052341,0.5570229928595926,Prdm1,FALSE,FALSE,FALSE,FALSE,0.22238934546610226,FALSE,FALSE,0.059332603688314695
Atad3a,-0.36293336334999227,0.029633515864581787,-0.2466174687702236,0.12953643428384148,-0.057381862541778794,0.7895479915138292,Atad3a,FALSE,FALSE,FALSE,FALSE,0.22231089822066488,FALSE,FALSE,0.05931139253387039
Eif2s2,0.3587882139623195,0.09684627104111877,0.22181730934982813,0.32816981463070727,0.08619835599544778,0.7979012849547554,Eif2s2,FALSE,FALSE,FALSE,FALSE,0.22226795976919847,FALSE,FALSE,0.05929978251339644
Ttll1,-0.38021735250577526,0.20020337030432506,-0.26617950036607496,0.3827062710914622,-0.020357302785198872,0.9688448947437457,Ttll1,FALSE,FALSE,FALSE,FALSE,0.22225138521901636,FALSE,FALSE,0.059295300962236834
Ankrd35,-0.007562613075400737,0.9831371407849704,-0.4380193084181805,0.20724234738551886,-0.22097556295264287,0.6248779672221111,Ankrd35,FALSE,FALSE,FALSE,FALSE,0.22218582814874135,FALSE,FALSE,0.05927757515000766
4930430F08Rik,0.21467911616152557,0.3208973954068837,0.23128328566225642,0.30872009913532356,0.22048045872268895,0.4570186161614942,4930430F08Rik,FALSE,FALSE,FALSE,FALSE,0.22214762018215697,FALSE,FALSE,0.05926724419350682
Slfn5,0.36081102965871903,0.23448495128816918,0.19240349471994334,0.5656675978904805,0.11318906179733723,0.8167296301391461,Slfn5,FALSE,FALSE,FALSE,FALSE,0.2221345287253332,FALSE,FALSE,0.05926370442724681
Rnf125,-0.16567766738208634,0.7854906611172889,-0.09439611802891079,0.8836727456948127,-0.40629560527646413,0.6180028147443085,Rnf125,FALSE,FALSE,FALSE,FALSE,0.22212313022915375,FALSE,FALSE,0.05926062241638018
Kcnk6,-0.273004967992617,0.3218834308919524,-0.22218628678007502,0.4388953294559892,-0.17109102726791336,0.6592130259753674,Kcnk6,FALSE,FALSE,FALSE,FALSE,0.2220940940135351,FALSE,FALSE,0.05925277138667823
Pde1c,0.14843593401674937,0.22555957588518277,0.28020624488974644,0.08414847600606047,0.23752439667178127,0.162978954396471,Pde1c,FALSE,FALSE,FALSE,FALSE,0.22205552519275903,FALSE,FALSE,0.05924234285971524
Zmym3,-0.3491553622601131,0.07506027985433712,-0.24394487294836598,0.23156258513960362,-0.07303019970728197,0.8070474816521159,Zmym3,FALSE,FALSE,FALSE,FALSE,0.2220434783052537,FALSE,FALSE,0.059239085531940065
P2rx6,-0.2483897885370503,0.37506026020486116,0.027957279253107536,0.9306273582385759,-0.3897192475232809,0.30580971891383374,P2rx6,FALSE,FALSE,FALSE,FALSE,0.2220221051044796,FALSE,FALSE,0.05923330648565155
Abhd3,0.4560165752337584,0.03298181707236668,0.10341375572394451,0.6298326920794924,0.10655473226596257,0.7104396828307731,Abhd3,FALSE,FALSE,FALSE,FALSE,0.22199502107455515,FALSE,FALSE,0.059225983302555726
Zfp750,0.13436470828842317,0.5650777024928945,0.3096979106894109,0.18859720229045795,0.22172843036775491,0.46337846929732385,Zfp750,FALSE,FALSE,FALSE,FALSE,0.221930349781863,FALSE,FALSE,0.059208496993511245
Sox9,0.2535039382923321,0.22250861067029745,0.16861074011302435,0.44759112363289966,0.24366077337350145,0.39068104797992104,Sox9,FALSE,FALSE,FALSE,FALSE,0.22192515059295262,FALSE,FALSE,0.05920709119782845
Ankrd44,0.25269074047686946,0.1250785377416868,0.22341340044965552,0.20461088600303368,0.18963325999716218,0.40251165001783124,Ankrd44,FALSE,FALSE,FALSE,FALSE,0.22191246697456238,FALSE,FALSE,0.0592036617059822
Fam172a,0.22047927120377775,0.23561662175636477,0.25888006740008684,0.2008422315832144,0.18610440423696684,0.4780597921531549,Fam172a,FALSE,FALSE,FALSE,FALSE,0.22182124761361047,FALSE,FALSE,0.05917899713117561
Dnaaf2,5.04763628064786e-4,0.9991400025480253,0.5094398612413003,0.24993977568884737,-0.15531455492086949,0.8297913037749647,Dnaaf2,FALSE,FALSE,FALSE,FALSE,0.22175305993007818,FALSE,FALSE,0.059160560034008734
Gm9899,-0.5301952037585976,0.4814564131910181,0.04342676095041384,0.958849425312765,0.09159087857654549,0.938907882023053,Gm9899,FALSE,FALSE,FALSE,FALSE,0.221737614428519,FALSE,FALSE,0.05915638376348177
Tmem230,0.29901307777778374,0.0491949323243061,0.22632546977223367,0.15202031156578022,0.13981239351966313,0.48101347484134177,Tmem230,FALSE,FALSE,FALSE,FALSE,0.22171698035656018,FALSE,FALSE,0.05915080456838456
Clip3,-0.3182199422237275,0.14967885427777347,-0.2798755073136512,0.23611666862118097,0.06705078892887961,0.8523293301643531,Clip3,FALSE,FALSE,FALSE,FALSE,0.2217154128220861,FALSE,FALSE,0.05915038072665958
L1cam,-0.286022783049237,0.30921576750814933,-0.3467397747010561,0.24675601433965388,0.03230672721405847,0.946856337752542,L1cam,FALSE,FALSE,FALSE,FALSE,0.22168976165478385,FALSE,FALSE,0.05914344497170361
Cops4,-0.21714380346157114,0.0861299875070005,-0.19516717598661426,0.15559242713449012,-0.25267558067809315,0.1396697986803263,Cops4,FALSE,FALSE,FALSE,FALSE,0.2216621867087595,FALSE,FALSE,0.05913598905103164
Map3k15,0.25631447180655087,0.38883047403543297,0.34998446002377026,0.2535455157730661,0.05863825289858471,0.9094944895919783,Map3k15,FALSE,FALSE,FALSE,FALSE,0.2216457282429686,FALSE,FALSE,0.05913153888764017
Msantd4,0.35618352708040746,0.05407684450633797,0.24434683072598595,0.1985784419281993,0.06431082694541779,0.8171979380423273,Msantd4,FALSE,FALSE,FALSE,FALSE,0.22161372825060374,FALSE,FALSE,0.05912288648975821
Pcdhga11,0.2916060432482359,0.214753044027264,0.10627513078834294,0.6934321841329113,0.26694985889114387,0.40586815594732095,Pcdhga11,FALSE,FALSE,FALSE,FALSE,0.2216103443092409,FALSE,FALSE,0.05912197151431863
Dbndd2,-0.14611493876696557,0.7270505464268755,0.40460984925985843,0.2737159572628543,0.1138971389187311,0.8465733945695251,Dbndd2,FALSE,FALSE,FALSE,FALSE,0.22154064231518503,FALSE,FALSE,0.0591031249665176
Lix1,-0.35047158774279863,0.25826556664889005,-0.2933345091421491,0.3590004920937288,-0.020766163654815983,0.9692527582689531,Lix1,FALSE,FALSE,FALSE,FALSE,0.2215240868465879,FALSE,FALSE,0.05909864857478002
Rps19-ps3,0.12579676481751184,0.7921701684224393,0.28246922551445147,0.5328291418692237,0.2561407178503626,0.6758588626152562,Rps19-ps3,FALSE,FALSE,FALSE,FALSE,0.22146890272744196,FALSE,FALSE,0.05908372747885688
Scrib,-0.3003335558873026,0.12315571343567883,-0.27552587128271266,0.1886090407477817,-0.0884925036237858,0.7618521586830532,Scrib,FALSE,FALSE,FALSE,FALSE,0.22145064359793368,FALSE,FALSE,0.05907879043850754
Zfp46,-0.31024259108650476,0.0800508408935697,-0.24330838455798975,0.18714316511102974,-0.1107991809500346,0.6487905668716706,Zfp46,FALSE,FALSE,FALSE,FALSE,0.22145005219817637,FALSE,FALSE,0.059078630531406655
Ifrd1,0.24778959483165774,0.34637598293104427,0.22495121333875012,0.428065568511634,-0.19155137623518304,0.6213931225837765,Ifrd1,FALSE,FALSE,FALSE,FALSE,0.22143072813519696,FALSE,FALSE,0.059073405546360175
Srsf3,0.3141063702525093,0.2656290817766711,0.30870627192356537,0.31276354770148346,-0.04140884951241741,0.9359554293696131,Srsf3,FALSE,FALSE,FALSE,FALSE,0.22140716389616402,FALSE,FALSE,0.05906703407071812
Asic1,-0.2666478367538181,0.23613199230325171,-0.27581794023566,0.25556829598778497,-0.12169201152704723,0.7192625320922958,Asic1,FALSE,FALSE,FALSE,FALSE,0.22138592950550842,FALSE,FALSE,0.0590612925569503
Tnk1,-0.458022306565546,0.2014607671766894,-0.1096934510640919,0.7764578883679247,-0.09643553520729675,0.860479119514287,Tnk1,FALSE,FALSE,FALSE,FALSE,0.2213837642789782,FALSE,FALSE,0.05906070710676549
Tmem108,-0.40646409951336593,0.18767077259408427,-0.13696016772398045,0.6738645730493827,0.12067049501074223,0.7795054729393572,Tmem108,FALSE,FALSE,FALSE,FALSE,0.22136492074936287,FALSE,FALSE,0.05905561205193319
Fam126a,0.20102891926342892,0.26572279873926596,0.2563916060183118,0.19338259148175432,0.20664715015134938,0.41152607975529,Fam126a,FALSE,FALSE,FALSE,FALSE,0.22135589181103002,FALSE,FALSE,0.059053170739884836
Trp53rkb,-0.42042056443046705,0.3501749715441627,-0.21069010955985368,0.6599025896333858,0.03276819303114831,0.9672576142655462,Trp53rkb,FALSE,FALSE,FALSE,FALSE,0.221292955673823,FALSE,FALSE,0.05903615359519119
Pmf1,-0.27675591607967,0.3641093526215241,-0.24127322726019917,0.445656637006935,-0.145844730999384,0.7421123575871962,Pmf1,FALSE,FALSE,FALSE,FALSE,0.2212912914464177,FALSE,FALSE,0.05903570360890643
Tada2b,-0.3215864110224711,0.07281060083867312,-0.12771726058386434,0.47366301306790326,-0.21450227067954897,0.35097088175205643,Tada2b,FALSE,FALSE,FALSE,FALSE,0.22126864742862815,FALSE,FALSE,0.05902958094958428
Stx1a,-0.33355269295308076,0.37342615337055196,-0.27247573287808136,0.4843568273926152,-0.0577238081326108,0.9269782174922921,Stx1a,FALSE,FALSE,FALSE,FALSE,0.22125074465459096,FALSE,FALSE,0.059024740263299284
Igfbp3,0.18008637246351977,0.6270805350890241,0.15493063730535095,0.6991419926117094,0.3286966246398917,0.5021515070226712,Igfbp3,FALSE,FALSE,FALSE,FALSE,0.22123787813625415,FALSE,FALSE,0.05902126131759404
Wfdc1,0.18154529253993967,0.4394992293728271,0.23521315358333172,0.3285403313589623,0.24682787718744104,0.43208725836388395,Wfdc1,FALSE,FALSE,FALSE,FALSE,0.2211954411035708,FALSE,FALSE,0.059009786874490454
Ubxn2b,0.34919160295418195,0.10297615968225879,0.2479225660674933,0.2714871745683854,0.06632665688719364,0.850803879525421,Ubxn2b,FALSE,FALSE,FALSE,FALSE,0.22114694196962295,FALSE,FALSE,0.05899667331499136
Unc93b1,-0.3116463716854696,0.2542198300741111,-0.3275731340368795,0.2557856333799155,-0.024086203784760674,0.9615865207700058,Unc93b1,FALSE,FALSE,FALSE,FALSE,0.22110190316903658,FALSE,FALSE,0.05898449538637325
Trpv2,-0.3346289853543708,0.43966601775347824,-0.13156762425247281,0.7791570352295698,0.19702644034808925,0.7331999851013423,Trpv2,FALSE,FALSE,FALSE,FALSE,0.22107434998497763,FALSE,FALSE,0.058977045349864664
Dhx58,0.44261316459048405,0.22483516403870096,0.02054497215540585,0.965968932971312,0.19992798421648672,0.7186756725575926,Dhx58,FALSE,FALSE,FALSE,FALSE,0.22102870698745888,FALSE,FALSE,0.05896470405394951
Galnt3,0.3755595593905898,0.2206596723487681,0.1426753952197859,0.6870504735037587,-0.14484904211382954,0.7682559787096986,Galnt3,FALSE,FALSE,FALSE,FALSE,0.22102799890806843,FALSE,FALSE,0.05896451259813451
Mpp3,-0.448610378635276,0.25758050186745496,-0.13710036242456525,0.7472872088541492,-0.07736184792385936,0.9039338091049612,Mpp3,FALSE,FALSE,FALSE,FALSE,0.22102419632790019,FALSE,FALSE,0.05896348442799564
Rgl2,-0.36720172374767124,0.05453671284523709,-0.19732625724384967,0.28581823110857474,-0.09838056881952184,0.6995586078855729,Rgl2,FALSE,FALSE,FALSE,FALSE,0.22096951660368092,FALSE,FALSE,0.05894869971415489
Rab11fip4,-0.3192455255171094,0.061042994082917454,-0.18873399112038935,0.2729200424569962,-0.1548222580523353,0.4934507710584372,Rab11fip4,FALSE,FALSE,FALSE,FALSE,0.22093392489661134,FALSE,FALSE,0.05893907616151923
Mga,0.2815821049740146,0.07090815878580355,0.262820708873055,0.13194198036716423,0.11831498255670159,0.5872846284148451,Mga,FALSE,FALSE,FALSE,FALSE,0.2209059321345904,FALSE,FALSE,0.05893150726862518
Rfc2,-0.1952089659827667,0.21223058834709732,-0.24926888661087876,0.15412885058219658,-0.2180427614404552,0.3063636413538097,Rfc2,FALSE,FALSE,FALSE,FALSE,0.22084020467803356,FALSE,FALSE,0.05891373538607551
Phospho2,0.3872851546339495,0.09744830853712559,0.20968550125439123,0.3934887102055304,-0.06552109002896778,0.8670046508474297,Phospho2,FALSE,FALSE,FALSE,FALSE,0.22083058197243619,FALSE,FALSE,0.058911133526781914
Phlda3,0.20680688040845396,0.5071711477907779,0.13950350885507978,0.6829731185802284,0.316147538108146,0.4377371803709186,Phlda3,FALSE,FALSE,FALSE,FALSE,0.22081930912389325,FALSE,FALSE,0.05890808548946539
Nrbf2,-0.40712337250845776,0.09529083985814811,-0.025645777312205187,0.9230965541511631,-0.22967125097115115,0.4631964688388756,Nrbf2,FALSE,FALSE,FALSE,FALSE,0.2208134669306047,FALSE,FALSE,0.058906505833437366
Stamos,-0.34884201731658815,0.2568875940890467,-0.04240522398247726,0.9013081768000376,-0.2711322886388148,0.5128926163287819,Stamos,FALSE,FALSE,FALSE,FALSE,0.22079317664596007,FALSE,FALSE,0.058901019594132006
Zbtb8a,-0.33191594507743094,0.203506060472091,-0.17026579851625012,0.5286028989477645,-0.16007948413083817,0.6584721442302853,Zbtb8a,FALSE,FALSE,FALSE,FALSE,0.22075374257483973,FALSE,FALSE,0.058890357114293
Gm16576,-0.03401549762652774,0.9560617570108378,0.014494354995623335,0.9818356329647663,0.6136546727126355,0.33431722288597066,Gm16576,FALSE,FALSE,FALSE,FALSE,0.22072150844492885,FALSE,FALSE,0.05888164140854572
Zfp90,0.049500258134785424,0.9193839231222225,0.31631325345485695,0.4457668690622567,0.296301290646775,0.5959454069893855,Zfp90,FALSE,FALSE,FALSE,FALSE,0.2207049340788058,FALSE,FALSE,0.05887715990715338
Ehhadh,0.28735308624911227,0.20217449500214754,0.12705205213263104,0.6124158501491137,0.24746755367608086,0.4223776035002393,Ehhadh,FALSE,FALSE,FALSE,FALSE,0.2206242306859414,FALSE,FALSE,0.05885533871865043
Tmem242,-0.1496942606891798,0.34120907368191306,-0.3164192150155669,0.10069442807404672,-0.19575408167451425,0.3674681188904697,Tmem242,FALSE,FALSE,FALSE,FALSE,0.2206225191264203,FALSE,FALSE,0.05885487593435329
Ulk4,-0.3484660836185447,0.06814296238815701,-0.20754477063770782,0.2714301298889309,-0.10584001167053536,0.6812335233941603,Ulk4,FALSE,FALSE,FALSE,FALSE,0.2206169553089293,FALSE,FALSE,0.05885337154766076
Uba1,-0.20553199576542092,0.13113176829267867,-0.24236473990941398,0.12652931320825933,-0.2137444162858504,0.25445387841808387,Uba1,FALSE,FALSE,FALSE,FALSE,0.22054705065356175,FALSE,FALSE,0.05883447020277465
Cyren,-0.15232173596576248,0.5852075588354925,-0.19351314781362539,0.49284914300220756,-0.3157164123541305,0.3907833964499173,Cyren,FALSE,FALSE,FALSE,FALSE,0.22051709871117278,FALSE,FALSE,0.05882637157200212
Gm26534,-0.3424458729091321,0.5136120280931344,-0.002053784456611585,0.9970980968330352,-0.31701650631008593,0.6606726582629691,Gm26534,FALSE,FALSE,FALSE,FALSE,0.2205053878919432,FALSE,FALSE,0.0588232051128873
Ccndbp1,-0.26778551481207913,0.09852016257814526,-0.18734942018345802,0.26263286791225277,-0.20610331419266448,0.3356363749792366,Ccndbp1,FALSE,FALSE,FALSE,FALSE,0.22041274972940053,FALSE,FALSE,0.05879815691186796
Gm16283,-0.002448602423400274,0.9969228940490537,-0.10901725543291005,0.8775811218988313,-0.5496181731668898,0.5366259856518361,Gm16283,FALSE,FALSE,FALSE,FALSE,0.22036134367440002,FALSE,FALSE,0.05878425735725761
Cdkn1b,0.32855792695923025,0.07619685571132737,0.1779453370463253,0.3534768769139751,0.15450885498937872,0.549080390044536,Cdkn1b,FALSE,FALSE,FALSE,FALSE,0.22033737299831144,FALSE,FALSE,0.05877777598611686
Dtwd2,0.2759477498858588,0.46987950401446177,0.23803098011228008,0.5534633609545336,0.14676033676444866,0.8007407999651911,Dtwd2,FALSE,FALSE,FALSE,FALSE,0.22024635558752917,FALSE,FALSE,0.05875316601611142
Glrx5,-0.32785197878365047,0.040457000377134976,-0.25036801717562174,0.1288986675776628,-0.08216157318534023,0.6933502162778737,Glrx5,FALSE,FALSE,FALSE,FALSE,0.2201271897148708,FALSE,FALSE,0.0587209450539176
Cdkl5,0.42827140566451405,0.040457000377134976,0.11515570416119303,0.585708869837165,0.11693845168924888,0.6786702461817296,Cdkl5,FALSE,FALSE,FALSE,FALSE,0.22012185383831864,FALSE,FALSE,0.05871950229960529
Rabggta,-0.24282893696676533,0.21772680211941747,-0.18830512704906877,0.35727230132172627,-0.22920979263853303,0.3901523714115766,Rabggta,FALSE,FALSE,FALSE,FALSE,0.22011461888478903,FALSE,FALSE,0.058717546058619924
Pigm,0.24529062749302266,0.2154993674794851,0.31350217036514216,0.1570634880083841,0.10140852950032375,0.7380908778766705,Pigm,FALSE,FALSE,FALSE,FALSE,0.2200671091194962,FALSE,FALSE,0.058704700012036384
Sbf1,-0.30693194573405425,0.05680961022878276,-0.2736239815211947,0.12344328495802823,-0.07963276779707407,0.7298672384813677,Sbf1,FALSE,FALSE,FALSE,FALSE,0.22006289835077433,FALSE,FALSE,0.05870356147281565
Gm11131,0.3860152366802337,0.38159349178441637,0.07136017386831191,0.8947830203555054,0.20274530609903535,0.7654644375588999,Gm11131,FALSE,FALSE,FALSE,FALSE,0.220040238882527,FALSE,FALSE,0.05869743463588288
Tram1,0.4127695553250099,0.03143092402678548,0.19440193887227508,0.2845208184255073,0.0527410598925897,0.8515673023102216,Tram1,FALSE,FALSE,FALSE,FALSE,0.21997085136329156,FALSE,FALSE,0.05867867311814183
Tmem238,-0.12662943201346755,0.6841201472802957,-0.3039484202769427,0.32606536840398864,0.2293254348782927,0.5510282534209763,Tmem238,FALSE,FALSE,FALSE,FALSE,0.21996776238956764,FALSE,FALSE,0.058677837898264223
Plekhb1,-0.3330107788395402,0.07477912716082198,-0.1303796044382679,0.5027758108041562,-0.1963300469023972,0.4351880865934207,Plekhb1,FALSE,FALSE,FALSE,FALSE,0.21990681006006843,FALSE,FALSE,0.05866135715037385
Tmem151a,-0.21851451362772112,0.5455216364059913,-0.11886055125828632,0.760239020990327,0.3223244449593943,0.4637710952718513,Tmem151a,FALSE,FALSE,FALSE,FALSE,0.2198998366151339,FALSE,FALSE,0.058659471618043295
Acpp,0.08648857966519469,0.91536285965573,0.5285986704834753,0.4395010255988981,0.04453138070039858,0.97138086550869,Acpp,FALSE,FALSE,FALSE,FALSE,0.21987287694968952,FALSE,FALSE,0.05865218206154811
Gm12249,0.4347246161541027,0.471999294455847,0.00853570987253166,0.9903440033530366,-0.2163400190423599,0.8336569332519945,Gm12249,FALSE,FALSE,FALSE,FALSE,0.21986678168966475,FALSE,FALSE,0.05865053397943837
A230051N06Rik,-0.07902224243121658,0.711778049470032,-0.31909061750239687,0.1551146534293681,-0.26146041109990437,0.3356363749792366,A230051N06Rik,FALSE,FALSE,FALSE,FALSE,0.2198577570111726,FALSE,FALSE,0.058648093819197694
Tmem241,-0.006842545122726751,0.9721933262056326,-0.3766725879322794,0.08284060909925162,-0.27602779500409413,0.2142264092705122,Tmem241,FALSE,FALSE,FALSE,FALSE,0.21984764268636678,FALSE,FALSE,0.058645359032216196
Ptprd,0.15458728059079085,0.4059441549422234,0.3390398354778865,0.1212335433577694,0.16577883910807412,0.5338248798468546,Ptprd,FALSE,FALSE,FALSE,FALSE,0.21980198505891715,FALSE,FALSE,0.058633013780550636
Kdelc1,0.2854753716661711,0.16004160635309217,0.16502082854590228,0.4461153398341292,0.20877985117924958,0.4548881771547283,Kdelc1,FALSE,FALSE,FALSE,FALSE,0.21975868379710764,FALSE,FALSE,0.05862130566069564
Zbtb38,0.2607923425997276,0.048458249934711414,0.3113916776722796,0.07174505317840721,0.08689017320966208,0.6291384412790544,Zbtb38,FALSE,FALSE,FALSE,FALSE,0.2196913978272231,FALSE,FALSE,0.05860311237562619
Syngap1,0.2279191718525091,0.2530766363216681,-0.061627438426947734,0.7971587405697481,0.3693940069748818,0.17235863147628205,Syngap1,FALSE,FALSE,FALSE,FALSE,0.21964687241811287,FALSE,FALSE,0.05859107326164498
Kcnh2,-0.26598644860770193,0.36109028168554425,-0.31341127943403535,0.3176646893488722,-0.07941382873333769,0.8726206570105425,Kcnh2,FALSE,FALSE,FALSE,FALSE,0.21960385225835832,FALSE,FALSE,0.0585794411482714
Csrnp3,0.4560317404020511,0.056071649430426286,-0.060768040789525024,0.8219258048129209,-0.14200665601200768,0.669501609130111,Csrnp3,FALSE,FALSE,FALSE,FALSE,0.21960214573452794,FALSE,FALSE,0.058578979725562065
Cdh2,-0.38158382954094705,0.022606933826155737,-0.1955175789073582,0.1923491362252548,-0.08163243570369083,0.6870962481459709,Cdh2,FALSE,FALSE,FALSE,FALSE,0.21957794805066536,FALSE,FALSE,0.058572436974357205
Baiap2,-0.19715845860617698,0.5020345317882818,0.29446482793852,0.3129679738151863,0.16697422544427454,0.6814498670918829,Baiap2,FALSE,FALSE,FALSE,FALSE,0.21953250399632385,FALSE,FALSE,0.05856014947019006
Gm2a,-0.3377386270516327,0.05911626483550253,-0.18689604332931342,0.2982612476633725,-0.13394024139511007,0.5810928973019279,Gm2a,FALSE,FALSE,FALSE,FALSE,0.21952497059201873,FALSE,FALSE,0.058558112531846125
Ywhae,-0.23014158697208487,0.09670089271881378,-0.22863142984188833,0.1412681408730407,-0.19963431789982256,0.2873591841964026,Ywhae,FALSE,FALSE,FALSE,FALSE,0.21946911157126525,FALSE,FALSE,0.0585430089509657
Sh3gl3,-0.3183064758966163,0.47739460578819665,-0.250709389826838,0.5920645359461502,-0.08932756267315889,0.9011549275079148,Sh3gl3,FALSE,FALSE,FALSE,FALSE,0.21944780946553774,FALSE,FALSE,0.05853724912788899
Gm16062,-0.44040364268090326,0.4208751291794794,-0.050764296426818456,0.9336600427653136,-0.16700776540327955,0.8387363133611334,Gm16062,FALSE,FALSE,FALSE,FALSE,0.21939190150366708,FALSE,FALSE,0.05852213231394233
Zfr2,-0.2659252205580911,0.3238170221140415,-0.31961481314666695,0.2635848790240753,-0.0725015106354352,0.8681458594612189,Zfr2,FALSE,FALSE,FALSE,FALSE,0.21934718144673107,FALSE,FALSE,0.058510040569622446
Iqcd,-0.3359836330184016,0.5783408039562166,0.06018330990713727,0.9264847218925997,-0.26185960542979325,0.7586629626215923,Iqcd,FALSE,FALSE,FALSE,FALSE,0.21934218278511072,FALSE,FALSE,0.058508688994011945
Tmem192,-0.13619007321387633,0.618713791732992,-0.27308751546834564,0.32291529155258997,-0.24874617317399972,0.4918152224753389,Tmem192,FALSE,FALSE,FALSE,FALSE,0.2193412539520739,FALSE,FALSE,0.05850843784917076
Fbxo8,0.33533651451327984,0.10202062357472737,0.2413051105134043,0.26441955413661655,0.08104983376159858,0.8004555289780123,Fbxo8,FALSE,FALSE,FALSE,FALSE,0.2192304862627609,FALSE,FALSE,0.05847848765076217
Fam58b,-0.26823115843078416,0.16046588725983216,-0.24891862417467037,0.2143217879561058,-0.14043992561923435,0.5936017818500622,Fam58b,FALSE,FALSE,FALSE,FALSE,0.21919656940822962,FALSE,FALSE,0.0584693169573144
Mepce,-0.3596401984058888,0.07103756616135568,-0.24541002529456168,0.2255409015418172,-0.052318819499577174,0.8668290961147813,Mepce,FALSE,FALSE,FALSE,FALSE,0.21912301440000923,FALSE,FALSE,0.05844942860265241
Chp1,-0.29030774714357577,0.07419591162983291,-0.16599647424816322,0.3220718419238767,-0.20100765980415947,0.3549167891717785,Chp1,FALSE,FALSE,FALSE,FALSE,0.2191039603986328,FALSE,FALSE,0.05844427663888716
Spats1,0.24732761594729502,0.4442580246312602,0.17996318244083453,0.6054959329248684,0.22993647252589233,0.6090343244783578,Spats1,FALSE,FALSE,FALSE,FALSE,0.21907575697134063,FALSE,FALSE,0.058436650784737434
Gabrq,0.3588187801307421,0.4778352098920009,0.21029761827168003,0.70836786721416245,-0.08793770762051245,0.9246932735739727,Gabrq,FALSE,FALSE,FALSE,FALSE,0.2190180353409782,FALSE,FALSE,0.058421043577504495
Dimt1,0.18666541112035828,0.4187766364020462,0.29385460476194547,0.22061046713397056,0.17648481308049924,0.5843142122556336,Dimt1,FALSE,FALSE,FALSE,FALSE,0.21900160965426765,FALSE,FALSE,0.05841660227716656
Ktn1,0.25163612060364215,0.09543613557212562,0.2183450509323963,0.18249011305865206,0.1868751050097579,0.3629587478573254,Ktn1,FALSE,FALSE,FALSE,FALSE,0.21895209218193212,FALSE,FALSE,0.058403213371698376
Actl6a,-0.26995285735733177,0.09651986621113183,-0.20617916014808735,0.21923515587027972,-0.1806838670050963,0.40117901389157906,Actl6a,FALSE,FALSE,FALSE,FALSE,0.21893862817017182,FALSE,FALSE,0.05839957287124109
Med26,-0.4364994461003904,0.06759098882668427,-0.1532119611554883,0.5073471584423649,-0.06686838015082541,0.8478435411890705,Med26,FALSE,FALSE,FALSE,FALSE,0.21885992913556804,FALSE,FALSE,0.058378293636153974
Ppp1r9b,-0.3230683745437144,0.12753705213631594,-0.305378466296256,0.18815805051545068,0.028001755314459587,0.9423032087921142,Ppp1r9b,FALSE,FALSE,FALSE,FALSE,0.2188161987181433,FALSE,FALSE,0.058366469477985794
Tipin,0.3927941416249463,0.12396733506254445,0.1480623885514314,0.599918241059456,0.11551416003046855,0.7691879629745485,Tipin,FALSE,FALSE,FALSE,FALSE,0.21879023006894874,FALSE,FALSE,0.05835944787989519
Gm26826,0.4443407172306254,0.36059847242903664,0.16645445952692356,0.7730365749214968,0.04557479649346802,0.9627760205893158,Gm26826,FALSE,FALSE,FALSE,FALSE,0.21878999108367234,FALSE,FALSE,0.05835938326126417
Brd7,0.24100087864386222,0.19196311783530765,0.24669885158717975,0.21677815427231506,0.1686325774357007,0.5211950102021086,Brd7,FALSE,FALSE,FALSE,FALSE,0.2187774358889142,FALSE,FALSE,0.058355988493562536
Lysmd4,-0.2900075377937372,0.0689083121561852,-0.18488458933166996,0.2431288962636732,-0.18134611462793426,0.370809562392528,Lysmd4,FALSE,FALSE,FALSE,FALSE,0.21874608058444714,FALSE,FALSE,0.058347510411228466
Slc6a11,0.20567172103452158,0.43475757451893027,0.1964155303254005,0.48160413690977955,0.2540637049437455,0.4831030718126321,Slc6a11,FALSE,FALSE,FALSE,FALSE,0.21871698543455587,FALSE,FALSE,0.05833964344643597
Gm13645,-0.13851366565337214,0.8082986401329526,-0.5072666943784813,0.3664638280288702,-0.010352688589763459,0.9901796608639275,Gm13645,FALSE,FALSE,FALSE,FALSE,0.21871101620720562,FALSE,FALSE,0.0583380294419858
Perp,0.300428162153457,0.34908944885363835,-0.057140179030088056,0.8841631230666537,-0.29852883609291414,0.5172465150293523,Perp,FALSE,FALSE,FALSE,FALSE,0.21869905909215306,FALSE,FALSE,0.05833479638755956
Zdhhc2,0.34801558060882876,0.10559694403737749,0.21215134750339804,0.3477728721694165,0.09592060937323588,0.7712035767092684,Zdhhc2,FALSE,FALSE,FALSE,FALSE,0.21869584582848756,FALSE,FALSE,0.058333927561235586
Pcyox1,-0.2559430000409275,0.12955560579550043,-0.2685803036057637,0.15531856130438151,-0.13146425468295853,0.5887222143874582,Pcyox1,FALSE,FALSE,FALSE,FALSE,0.21866251944321657,FALSE,FALSE,0.05832491652329395
Cxadr,0.22180770080599466,0.2603357999753488,0.30580655643458243,0.16449104175527315,0.12830973317645533,0.6590071388741874,Cxadr,FALSE,FALSE,FALSE,FALSE,0.2186413301390108,FALSE,FALSE,0.0583191872003385
Nckap5l,-0.09163776740509322,0.7607403342576287,-0.2585689644207787,0.37440422482509755,0.30566598416785107,0.3818903462293329,Nckap5l,FALSE,FALSE,FALSE,FALSE,0.21862423866457434,FALSE,FALSE,0.05831456587932294
Tek,0.418061303175139,0.12396343097643611,0.07523710327379884,0.8189285068879487,0.1625271611964103,0.6862286944589383,Tek,FALSE,FALSE,FALSE,FALSE,0.2186085225484494,FALSE,FALSE,0.058310316438000526
Adgra1,-0.10533329106651435,0.8950339460703547,0.508539258859519,0.45282030447178295,0.041690461965607106,0.9726519631189647,Adgra1,FALSE,FALSE,FALSE,FALSE,0.21852100396388016,FALSE,FALSE,0.0582866525068619
Slitrk5,0.3678560047186634,0.15394608313364594,-0.14763944184630207,0.6186452727846006,0.13972691276241456,0.7207264661661053,Slitrk5,FALSE,FALSE,FALSE,FALSE,0.21840745310912668,FALSE,FALSE,0.05825594977531244
Sh2d5,-0.31743867268843573,0.40252810044169246,-0.08372393081613172,0.8430291126962641,-0.25403736416420264,0.6305444785347456,Sh2d5,FALSE,FALSE,FALSE,FALSE,0.21839998922292336,FALSE,FALSE,0.058253931633794144
Dnhd1,0.4314363908598884,0.2657580747861068,-0.1631233107968716,0.730572780130591,-0.06062868470297955,0.9347491177293159,Dnhd1,FALSE,FALSE,FALSE,FALSE,0.21839612878657985,FALSE,FALSE,0.05825288782006877
Gm43461,0.16217420963070683,0.8245951287981585,0.4662165861025075,0.48225440007615816,0.026755267627763812,0.9816102659217427,Gm43461,FALSE,FALSE,FALSE,FALSE,0.21838202112032604,FALSE,FALSE,0.0582490732834832
Cyhr1,-0.19961050196387387,0.26418495607371817,-0.2806853935289535,0.1633800169110105,-0.17464142917351477,0.4918152224753389,Cyhr1,FALSE,FALSE,FALSE,FALSE,0.21831244155544738,FALSE,FALSE,0.05823025983900112
Themis2,0.23100069714860022,0.6049965519758311,-0.4104995301637844,0.39883379402160046,-0.01338973119703274,0.9856077629477604,Themis2,FALSE,FALSE,FALSE,FALSE,0.21829665283647245,FALSE,FALSE,0.05822599076677573
Fbxo6,-0.22206981078852506,0.29191274343444856,-0.16306677878007791,0.4626234932340416,-0.2697485487201128,0.34785514625716263,Fbxo6,FALSE,FALSE,FALSE,FALSE,0.2182950460962386,FALSE,FALSE,0.058225556324303436
Xaf1,-0.31378258005408477,0.5303578093948238,-0.0867242454514141,0.8734148001102818,0.25436461323646764,0.6878318863330061,Xaf1,FALSE,FALSE,FALSE,FALSE,0.2182904795806555,FALSE,FALSE,0.058224321595578866
Ttbk1,-0.362187013715225,0.05235916543481257,-0.20954835509336167,0.24764052550781399,0.08301502764251012,0.7389467888881259,Ttbk1,FALSE,FALSE,FALSE,FALSE,0.2182501321503656,FALSE,FALSE,0.05821341215483893
Slc2a3,-0.4369506267029699,0.0891271380677042,-0.07357142818747908,0.7893025558874441,-0.14409943987204876,0.677591709527178,Slc2a3,FALSE,FALSE,FALSE,FALSE,0.21820716492083259,FALSE,FALSE,0.05820179435313554
Pdcd7,-0.3161785021669634,0.10702894195822939,-0.2384290931965669,0.23555213896371915,-0.09998004291688112,0.7171371266066036,Pdcd7,FALSE,FALSE,FALSE,FALSE,0.21819587942680382,FALSE,FALSE,0.05819874289663774
Rabgap1l,0.3488303318477275,0.04697803911124257,0.19570278870022406,0.2629327123188013,0.11005271477789869,0.6444753230168732,Rabgap1l,FALSE,FALSE,FALSE,FALSE,0.21819527844195008,FALSE,FALSE,0.05819858039784661
Dph6,0.34370247374219165,0.09747175539783108,0.16262987207989354,0.4575600142123392,0.14809630498179427,0.6158572510954741,Dph6,FALSE,FALSE,FALSE,FALSE,0.21814288360129316,FALSE,FALSE,0.05818441348795624
Ddx5,0.15195341893564773,0.3553000482510673,0.2719968921115008,0.1493370872734708,0.23044338472250558,0.3171196489047632,Ddx5,FALSE,FALSE,FALSE,FALSE,0.21813123192321804,FALSE,FALSE,0.05818126301987022
Gnas,-0.4750696164793924,0.024622889509878367,-0.0838781188060862,0.6813197981987249,-0.09538251612938353,0.726722031562358,Gnas,FALSE,FALSE,FALSE,FALSE,0.21811008380495403,FALSE,FALSE,0.05817554483307853
Micu1,-0.23157697241980468,0.06372917024986907,-0.19303690544759178,0.15063276062816908,-0.22968181039343083,0.162978954396471,Micu1,FALSE,FALSE,FALSE,FALSE,0.2180985627536091,FALSE,FALSE,0.058172429684827304
Rex1bd,-0.1647347245745725,0.40875558524638167,-0.3097914292708368,0.16106409597029755,-0.17970487522098333,0.5142216748241247,Rex1bd,FALSE,FALSE,FALSE,FALSE,0.21807700968879754,FALSE,FALSE,0.05816660200555167
Thap7,-0.3659499091342848,0.12590755572454204,-0.22485701335092712,0.3547725264727615,-0.06325918777597028,0.8667610246367737,Thap7,FALSE,FALSE,FALSE,FALSE,0.21802203675372742,FALSE,FALSE,0.058151738011162475
Dcbld1,0.2196423437776871,0.47710122607413896,0.24266503623404123,0.44313286904945803,-0.1916499550634212,0.6765392028715754,Dcbld1,FALSE,FALSE,FALSE,FALSE,0.21798577835838318,FALSE,FALSE,0.05814193419435206
Cldn7,-0.34528567975486757,0.2957640633663141,-0.13110311066748226,0.7118246477198251,-0.17755720970949307,0.7041590533168067,Cldn7,FALSE,FALSE,FALSE,FALSE,0.21798200004394763,FALSE,FALSE,0.058140912585363955
Ptchd1,0.27309661616985537,0.1747591225439906,0.29323209198666156,0.1817937313356521,0.08754481012330118,0.7815854768661635,Ptchd1,FALSE,FALSE,FALSE,FALSE,0.21795783942660604,FALSE,FALSE,0.05813437985648297
Lrrc8b,0.3633095074554147,0.04699882919650759,0.24912985531658194,0.18269802350293032,0.04137475263590851,0.8868021301935464,Lrrc8b,FALSE,FALSE,FALSE,FALSE,0.2179380384693017,FALSE,FALSE,0.05812902592517301
Fyn,-0.35643435925066314,0.06817528099516182,-0.1895852714312607,0.3282436756309847,-0.10777906157919404,0.686813506456624,Fyn,FALSE,FALSE,FALSE,FALSE,0.2179328974203726,FALSE,FALSE,0.058127635849814306
Spata9,0.21963453718147008,0.6823732981528533,0.40736332057809876,0.42709388414480626,0.026784118480065854,0.9769481402429396,Spata9,FALSE,FALSE,FALSE,FALSE,0.21792732541321155,FALSE,FALSE,0.058126129248737377
Chac1,0.23419947547135855,0.40062538926817554,0.21256557102704976,0.46864131719612834,0.20698301290797483,0.5978318720087996,Chac1,FALSE,FALSE,FALSE,FALSE,0.21791601980212771,FALSE,FALSE,0.05812307235283938
Zc4h2,0.26376457272750997,0.221783499872132,0.24149981376831553,0.28970484473663366,0.14836708040259827,0.6353991793414071,Zc4h2,FALSE,FALSE,FALSE,FALSE,0.21787715563280793,FALSE,FALSE,0.05811256396732253
Rce1,-0.22577292867894894,0.17835283005083494,-0.12419144283213557,0.4805674554372339,-0.30364342658468235,0.1847956908054722,Rce1,FALSE,FALSE,FALSE,FALSE,0.21786926603192228,FALSE,FALSE,0.05811043071787627
Gusb,-0.2412663897088203,0.11340103044404656,-0.21227691402668736,0.19145658132627202,-0.19992761077417498,0.32771178945933277,Gusb,FALSE,FALSE,FALSE,FALSE,0.21782363816989422,FALSE,FALSE,0.05809809351440858
Ptprg,0.3967900001787612,0.03502397457811796,0.19563772392560974,0.27823422601000725,0.060945285027531604,0.8212216742936621,Ptprg,FALSE,FALSE,FALSE,FALSE,0.2177910030439675,FALSE,FALSE,0.05808926938435174
Klf8,0.4695188985506422,0.11191810633482727,0.12264284993633301,0.7187154404906316,-0.061172265650124125,0.9082471205101105,Klf8,FALSE,FALSE,FALSE,FALSE,0.21777800471236644,FALSE,FALSE,0.05808575479798773
Tinf2,-0.37079241999794554,0.3265258191098746,0.030979819141507825,0.9446480138054657,-0.25151464996607187,0.6373440275892699,Tinf2,FALSE,FALSE,FALSE,FALSE,0.2177622963685084,FALSE,FALSE,0.05808150745818912
Fam214b,-0.18015079661263123,0.5379232144833853,-0.43452389688947335,0.17182396980292172,-0.038591389865252346,0.938907882023053,Fam214b,FALSE,FALSE,FALSE,FALSE,0.2177553611224523,FALSE,FALSE,0.05807963225435774
Gm37768,0.26599218400022995,0.3230993671321727,0.2917663459190365,0.29913348655956795,-0.09543480612091626,0.8311382480620428,Gm37768,FALSE,FALSE,FALSE,FALSE,0.21773111201339423,FALSE,FALSE,0.058073075598422924
A430027H14Rik,0.48953626560351604,0.4316477172276337,0.0795132532467756,0.9183157947800061,0.08410180596926597,0.9421114768290293,A430027H14Rik,FALSE,FALSE,FALSE,FALSE,0.21771710827318588,FALSE,FALSE,0.05806928916214079
Pi4ka,-0.2741000465053336,0.09851608775825164,-0.21603124722666855,0.22181136806305504,-0.1629885831685769,0.4793803885113061,Pi4ka,FALSE,FALSE,FALSE,FALSE,0.21770662563352636,FALSE,FALSE,0.05806645478742741
Tmc6,-0.19625368989781977,0.5124578281145993,-0.3832340074675078,0.22369159846707723,-0.07361706083783748,0.8766490443993098,Tmc6,FALSE,FALSE,FALSE,FALSE,0.2177015860677217,FALSE,FALSE,0.05806509215183684
Tmcc1,0.18604340183589763,0.20921195213879842,0.2716352085894451,0.11878237804584307,0.1952714394205355,0.33805142134477234,Tmcc1,FALSE,FALSE,FALSE,FALSE,0.21765001661529274,FALSE,FALSE,0.05805114841660458
Ilf3,-0.3056596537316816,0.057866366417955666,-0.2090444688705677,0.20636785363981122,-0.1382376950966,0.5235063894901375,Ilf3,FALSE,FALSE,FALSE,FALSE,0.2176472725662831,FALSE,FALSE,0.05805040646005759
Prelid3a,-0.1289658635146329,0.6419329827626282,-0.4365190495143636,0.15010697591373315,0.08738125134387298,0.8256031384808236,Prelid3a,FALSE,FALSE,FALSE,FALSE,0.2176220547909565,FALSE,FALSE,0.058043587888873704
Pex1,0.26341337440152124,0.10790000964153601,0.15357892028979414,0.3700242542052895,0.23579696868692412,0.2820480949988769,Pex1,FALSE,FALSE,FALSE,FALSE,0.21759642112607983,FALSE,FALSE,0.0580366568663548
Hps6,-0.28447711798068687,0.16849786082919574,-0.20718649620281182,0.32955125191089263,-0.1610875442822972,0.5711601376426727,Hps6,FALSE,FALSE,FALSE,FALSE,0.21758371948859864,FALSE,FALSE,0.058033222502371626
Nat9,-0.3118951687468865,0.23165557324761923,-0.33871991018472425,0.22061046713397056,-0.002102453223656653,0.9957254050020347,Nat9,FALSE,FALSE,FALSE,FALSE,0.21757251071842246,FALSE,FALSE,0.05803019179104439
Akap3,0.12078330032507298,0.9023058925428663,0.4954002116519407,0.5615436879675977,-0.036462233793446486,0.9812328423861192,Akap3,FALSE,FALSE,FALSE,FALSE,0.21754858192348672,FALSE,FALSE,0.058023721744043785
Aldh16a1,-0.27181060403857327,0.20439356516683294,-0.19682130680049026,0.37136154322514686,-0.18386995391506478,0.5293244089977212,Aldh16a1,FALSE,FALSE,FALSE,FALSE,0.21750062158470942,FALSE,FALSE,0.058010753868022964
1700113A16Rik,-0.032457278177766724,0.9594871066065702,-0.23457883243014682,0.699775373375869,-0.38543443787382137,0.6280112689956463,1700113A16Rik,FALSE,FALSE,FALSE,FALSE,0.21749018282724497,FALSE,FALSE,0.05800793135850653
2810002D19Rik,0.1834298577270408,0.488793450030284,0.16152031187281013,0.5606700111008929,0.30733190866107085,0.36731526383037594,2810002D19Rik,FALSE,FALSE,FALSE,FALSE,0.21742735942030725,FALSE,FALSE,0.05799094469466838
Cbfa2t3,-0.2533607027946738,0.44311983788854037,-0.06368743622951678,0.8631449694373656,0.3350627780813027,0.409082037651014,Cbfa2t3,FALSE,FALSE,FALSE,FALSE,0.2173703057018311,FALSE,FALSE,0.05797551808245948
Pcdhb11,0.2573463745190452,0.43816169182075587,0.38071896559885854,0.26513810557637163,0.013989760578544619,0.9814681879629646,Pcdhb11,FALSE,FALSE,FALSE,FALSE,0.21735170023214945,FALSE,FALSE,0.05797048739605709
Pde4a,-0.4076853983813109,0.1712931126346169,-0.1275145562588107,0.6910959912237041,0.11680437911092234,0.7857274676140475,Pde4a,FALSE,FALSE,FALSE,FALSE,0.21733477791701464,FALSE,FALSE,0.057965911813601924
Lrrc4,-0.19104267032764488,0.38112099296615787,0.23861826794710206,0.2693743686825765,0.22229298933990638,0.4298082302108534,Lrrc4,FALSE,FALSE,FALSE,FALSE,0.2173179758715511,FALSE,FALSE,0.05796136875056229
Gm11944,0.4805629641335787,0.13682189784979978,-0.07449054787104803,0.8538550504410823,-0.09682597143553162,0.8655590665162797,Gm11944,FALSE,FALSE,FALSE,FALSE,0.21729316114671945,FALSE,FALSE,0.05795465915919344
Tmx2,-0.22982334209968247,0.1270878445013887,-0.249347504318437,0.14217675146862493,-0.17263420630127246,0.40608108524542064,Tmx2,FALSE,FALSE,FALSE,FALSE,0.217268350906464,FALSE,FALSE,0.05794795078039792
Slc38a2,0.29715640229781126,0.41368013462762443,0.2022681492157421,0.6187885821275946,0.15221519366723424,0.7907515501976368,Slc38a2,FALSE,FALSE,FALSE,FALSE,0.21721324839359588,FALSE,FALSE,0.05793305174979209
Pthlh,0.054007462958709285,0.9631115815869717,-0.48059646750793616,0.6816889043734667,0.11696486324336897,0.946856337752542,Pthlh,FALSE,FALSE,FALSE,FALSE,0.21718959790333814,FALSE,FALSE,0.057926656952897136
Spint1,-0.4522222690849702,0.06768812426438686,-0.13841908013880744,0.5969362354364939,-0.06090322479452759,0.8797388443604395,Spint1,FALSE,FALSE,FALSE,FALSE,0.2171815246727684,FALSE,FALSE,0.05792447405227999
4930590J08Rik,-0.12805842097268788,0.8373029651543856,0.27431924701410143,0.6319951881229863,0.24903623859968957,0.7485665919920164,4930590J08Rik,FALSE,FALSE,FALSE,FALSE,0.21713796886215964,FALSE,FALSE,0.05791269710561196
Ncan,0.017913646615544287,0.9803166876438931,-0.3901503057679341,0.5880432490339391,0.243315108611577,0.7941080421442922,Ncan,FALSE,FALSE,FALSE,FALSE,0.21712635366501845,FALSE,FALSE,0.05790955650151441
Myo15,0.08005515006682007,0.722595225017074,0.2165642292425627,0.3247285709845821,0.35474673109130794,0.21104701833447545,Myo15,FALSE,FALSE,FALSE,FALSE,0.21712203680023023,FALSE,FALSE,0.057908389275243714
Fbxo3,0.27386809376855403,0.07632809242793562,0.23906981900995117,0.1553322422877571,0.13839160792108274,0.5142216748241247,Fbxo3,FALSE,FALSE,FALSE,FALSE,0.217109840233196,FALSE,FALSE,0.057905091475995166
Qars,-0.20328166093031186,0.26500231550371434,-0.2530167683871012,0.20509121143550949,-0.19483887479646533,0.4479050700592937,Qars,FALSE,FALSE,FALSE,FALSE,0.21704576803795947,FALSE,FALSE,0.057887767155412974
Cdh26,-0.38633311715943464,0.17974565255229744,-0.0725653355245166,0.8251250029368248,-0.19208681649501802,0.6353991793414071,Cdh26,FALSE,FALSE,FALSE,FALSE,0.2169950897263231,FALSE,FALSE,0.057874064373510274
Rarres2,-0.4871654599014055,0.2810120363146574,-0.0010392154808003262,0.998198544740651,0.16275957842246913,0.7934187077638027,Rarres2,FALSE,FALSE,FALSE,FALSE,0.2169880846015583,FALSE,FALSE,0.05787217027534967
Nadk,-0.38975565400766854,0.03437875473845127,-0.14801063756786093,0.3868178875878152,-0.11316739168526979,0.6281697940375983,Nadk,FALSE,FALSE,FALSE,FALSE,0.2169778944202664,FALSE,FALSE,0.057869414977722675
Zfp597,0.3238278745841763,0.1769035069182091,0.2630793277363992,0.3045431309964631,0.06397078409909174,0.8766490443993098,Zfp597,FALSE,FALSE,FALSE,FALSE,0.21695932880655575,FALSE,FALSE,0.05786439506787658
Zbp1,-0.06479967549578802,0.8391087004260513,-0.23199474848064594,0.4427207900518026,-0.3540402135464209,0.37098170919899925,Zbp1,FALSE,FALSE,FALSE,FALSE,0.21694487917428495,FALSE,FALSE,0.057860488067955164
5330439M10Rik,-0.07514433153583111,0.8374845494395238,-0.17481946240424828,0.6252718520014925,-0.4007225286760462,0.37998782017608723,5330439M10Rik,FALSE,FALSE,FALSE,FALSE,0.21689544087204185,FALSE,FALSE,0.057847120569090214
Dpm3,-0.09553015523986907,0.5508488803493035,-0.23468369159174252,0.1730309294115567,-0.3203579066958513,0.1396697986803263,Dpm3,FALSE,FALSE,FALSE,FALSE,0.21685725117582097,FALSE,FALSE,0.057836794552667256
Alas1,-0.40203005060063557,0.025108797127996386,-0.17918169544338447,0.26187927799549093,-0.06935363334644151,0.7614822701776649,Alas1,FALSE,FALSE,FALSE,FALSE,0.21685512646348717,FALSE,FALSE,0.05783622005701466
Rab34,-0.19856412725758332,0.2352251878386343,-0.2541287565807604,0.17026313196676432,-0.19777577630815646,0.3893809453148289,Rab34,FALSE,FALSE,FALSE,FALSE,0.21682288671550007,FALSE,FALSE,0.0578275028322098
Arhgef2,-0.2861366232552287,0.25319369249494034,-0.27942946767040766,0.29828776400111556,-0.08486732248948048,0.83689760360963406,Arhgef2,FALSE,FALSE,FALSE,FALSE,0.21681113780503894,FALSE,FALSE,0.057824326073702165
Pitpnb,0.2845805504361625,0.06375649594055306,0.19963407614997575,0.20843657005646712,0.16620126859511153,0.41597677421465484,Pitpnb,FALSE,FALSE,FALSE,FALSE,0.21680529839374993,FALSE,FALSE,0.05782274716989204
Tab2,0.2236924215017666,0.08409221452631181,0.19755344646273354,0.16043520345135412,0.22908325522809037,0.18772786970742486,Tab2,FALSE,FALSE,FALSE,FALSE,0.21677637439753017,FALSE,FALSE,0.057814926482912615
Ptp4a2,0.4025195080419426,0.02300251776828198,0.19078590051209154,0.22928353074146865,0.05696508389588839,0.806828674163578,Ptp4a2,FALSE,FALSE,FALSE,FALSE,0.21675683081664085,FALSE,FALSE,0.05780964214296764
Fibin,-0.2519638833231719,0.5201911948592036,0.39098996263382135,0.2913687912323456,-0.00718656604949075,0.9907500529601377,Fibin,FALSE,FALSE,FALSE,FALSE,0.21671347066882798,FALSE,FALSE,0.057797918101073514
Sigirr,-0.3524288377766923,0.31952390531116626,-0.0763998654422775,0.8458170878383701,-0.22123114400420485,0.6514533311511672,Sigirr,FALSE,FALSE,FALSE,FALSE,0.21668661574105821,FALSE,FALSE,0.05779065686433615
Prl,0.14595589352537885,0.5032126446454813,-0.27645930286762166,0.23156258513960362,-0.2276345474776882,0.4476069209720985,Prl,FALSE,FALSE,FALSE,FALSE,0.21668324795689622,FALSE,FALSE,0.057789746257601686
H2-Q7,-0.14237177731576312,0.6700313575526734,-0.46259525572202076,0.19025808232305622,-0.04504720580691579,0.9341461024839268,H2-Q7,FALSE,FALSE,FALSE,FALSE,0.21667141294823322,FALSE,FALSE,0.05778654621921664
Nov,0.26226485567448066,0.6134079330649332,-0.11398827295471747,0.8506667983234456,0.27375781277770095,0.7086393025968165,Nov,FALSE,FALSE,FALSE,FALSE,0.2166703138022997,FALSE,FALSE,0.05778624902389738
Safb2,-0.30187373069118983,0.1169807194071159,-0.16855141146611352,0.39897669119041196,-0.17954550813076775,0.49424565482601784,Safb2,FALSE,FALSE,FALSE,FALSE,0.21665688342935704,FALSE,FALSE,0.057782617618955846
AI464131,-0.2619171445937667,0.3555359042640988,-0.33211726563586197,0.26680291570486764,0.055908644224234916,0.9040384258742079,AI464131,FALSE,FALSE,FALSE,FALSE,0.21664768481795452,FALSE,FALSE,0.05778013042943065
Cluh,-0.28187546553780596,0.08110136452577156,-0.21305576581047792,0.20879337333605225,-0.15495157309764274,0.4818397663255097,Cluh,FALSE,FALSE,FALSE,FALSE,0.21662760148197555,FALSE,FALSE,0.057774700146457275
Vamp5,0.044387957168727676,0.922485600548607,0.14028662559452654,0.7405052037651411,0.46510806955143125,0.3352200891458386,Vamp5,FALSE,FALSE,FALSE,FALSE,0.2165942174382285,FALSE,FALSE,0.05776567351838453
Slc18a1,0.37911742866469966,0.1802266087473724,0.08249131363570728,0.8102751002330068,0.18807081932372327,0.6513789697025123,Slc18a1,FALSE,FALSE,FALSE,FALSE,0.21655985387471008,FALSE,FALSE,0.05775638204041126
Oaf,0.45075382023094424,0.03838424351977799,0.049134175807497904,0.8365589247616898,0.14966285172783067,0.6004853062189887,Oaf,FALSE,FALSE,FALSE,FALSE,0.21651694925542428,FALSE,FALSE,0.05774478116773599
Hdgfl3,0.28022121980852344,0.21606764024337666,0.3102879455997005,0.21131351596952883,0.05900315776492615,0.8800124098189297,Hdgfl3,FALSE,FALSE,FALSE,FALSE,0.21650410772438336,FALSE,FALSE,0.05774130897828317
Bicra,0.04947644313080923,0.8440525744996649,0.1742408610871924,0.44775255468443753,0.42560649804753714,0.13969684197102653,Bicra,FALSE,FALSE,FALSE,FALSE,0.21644126742184625,FALSE,FALSE,0.05772431774608617
Ube2a,0.33346570569657574,0.19151741645568937,0.2518252488209858,0.3532574664832106,0.06396378213520926,0.8845296362698789,Ube2a,FALSE,FALSE,FALSE,FALSE,0.2164182455509236,FALSE,FALSE,0.05771809292000063
Dnajb11,-0.21781570747406231,0.3676021633461915,-0.180501871908473,0.4908343504089793,-0.25087596228664566,0.4609619379459538,Dnajb11,FALSE,FALSE,FALSE,FALSE,0.21639784722306032,FALSE,FALSE,0.057712577467159666
Sema7a,0.16698249641495333,0.8369694763428169,0.17532824420784987,0.8346823238434757,0.3068082892449455,0.7736803959401033,Sema7a,FALSE,FALSE,FALSE,FALSE,0.21637300995591624,FALSE,FALSE,0.05770586178063135
Kdelr3,0.5752086618310157,0.021218439507966206,-0.02436035018955396,0.92283859305892,0.04953605677342576,0.8872434035113,Kdelr3,FALSE,FALSE,FALSE,FALSE,0.21636835626466513,FALSE,FALSE,0.05770460348069598
Wdr24,-0.1628714162024245,0.3691633327701676,-0.26754438565306504,0.18061600692723812,-0.21864319787132658,0.3784241570270433,Wdr24,FALSE,FALSE,FALSE,FALSE,0.21635299990893872,FALSE,FALSE,0.05770045131408773
Atp6v1g1,0.33528874752307924,0.11016338850382798,0.25252252754999915,0.2591098998940219,0.06121674819633682,0.8608733854455557,Atp6v1g1,FALSE,FALSE,FALSE,FALSE,0.2163426744231384,FALSE,FALSE,0.05769765943181319
Cmc2,-0.3483663707366471,0.17076603580565067,-0.19857193050169242,0.44595409806537917,-0.10203140635423358,0.7853473577292891,Cmc2,FALSE,FALSE,FALSE,FALSE,0.21632323586419103,FALSE,FALSE,0.057692403488488364
Tpst1,-0.1897286791312549,0.37314383005102336,-0.277938197777277,0.22507498714318153,-0.18126986237292098,0.5464351320001115,Tpst1,FALSE,FALSE,FALSE,FALSE,0.21631224642715097,FALSE,FALSE,0.057689432082099104
Homez,-0.2823567355740906,0.09690335597309364,-0.2702598166421555,0.14374366628244586,-0.09627019330809627,0.6833803884038661,Homez,FALSE,FALSE,FALSE,FALSE,0.21629558184144745,FALSE,FALSE,0.0576849261864601
Tmeff2,0.1033213348146318,0.7390839010037674,-0.14835246878951525,0.6462844750423172,-0.3971678290290148,0.32856826596063826,Tmeff2,FALSE,FALSE,FALSE,FALSE,0.21628054421105394,FALSE,FALSE,0.05768086019919726
Atp8a1,0.27066429635091804,0.030793365723213884,0.22090935206064888,0.10069442807404672,0.15724579875606448,0.30120166896755146,Atp8a1,FALSE,FALSE,FALSE,FALSE,0.21627314905587713,FALSE,FALSE,0.057678860641689284
Kmt5b,0.2088356440656467,0.07869498464347795,0.26310211035614106,0.08414847600606047,0.17668988161087196,0.263937480222375,Kmt5b,FALSE,FALSE,FALSE,FALSE,0.21620921201088658,FALSE,FALSE,0.05766157286404399
Metrnl,-0.15289026214247858,0.5982220308419418,-0.25655498981039404,0.3815138823117331,-0.23907568178187644,0.5403423527783343,Metrnl,FALSE,FALSE,FALSE,FALSE,0.2161736445782497,FALSE,FALSE,0.05765195587491146
Lrrc59,-0.24051857181783642,0.17276336302468592,-0.14860370253219557,0.43349893869258527,-0.25937188890630125,0.28710195326786103,Lrrc59,FALSE,FALSE,FALSE,FALSE,0.2161647210854444,FALSE,FALSE,0.057649543074015513
Otud6b,0.3236906973586091,0.16873537960410737,0.22564044588979648,0.3716464508925747,0.09902126558851787,0.7904065480724864,Otud6b,FALSE,FALSE,FALSE,FALSE,0.21611746961230782,FALSE,FALSE,0.05763676686640194
Sacs,0.34224318650699637,0.06367836414668322,0.2568859469437159,0.18598641846202824,-0.049208130263894034,0.8692966030428528,Sacs,FALSE,FALSE,FALSE,FALSE,0.2161124212382021,FALSE,FALSE,0.057635401849156886
Cdh5,0.37663989258087405,0.21169697626737546,0.014143845430685253,0.9711253155214011,0.2575374331213425,0.5510282534209763,Cdh5,FALSE,FALSE,FALSE,FALSE,0.21610705704430058,FALSE,FALSE,0.05763395143818732
Sox1ot,-0.12688285304865377,0.8665557460023535,-0.4538317172810639,0.5402866307583487,-0.06755907676433281,0.9551747383485689,Sox1ot,FALSE,FALSE,FALSE,FALSE,0.21609121569801684,FALSE,FALSE,0.057629668136195564
Nbn,0.2793784747599819,0.06617746891243419,0.2242348779729273,0.16193890622432133,0.14453197525985306,0.47644690130966866,Nbn,FALSE,FALSE,FALSE,FALSE,0.21604844266425408,FALSE,FALSE,0.057618102842600674
Ccar2,-0.22306328148927523,0.18517632634188883,-0.23126774878588563,0.20759309558593936,-0.19376068684789427,0.41152607975529,Ccar2,FALSE,FALSE,FALSE,FALSE,0.21603057237435172,FALSE,FALSE,0.05761327093961963
Cfap61,0.35483914402729244,0.1140214123544564,0.11872889256960928,0.6341910055614219,0.17450588356273844,0.5866675587007106,Cfap61,FALSE,FALSE,FALSE,FALSE,0.2160246400532134,FALSE,FALSE,0.057611666914147784
Ier3,-0.5003004581813985,0.15899810272588363,-0.14128728862014506,0.7020245170897639,-0.0063984089351747375,0.9906497636949133,Ier3,FALSE,FALSE,FALSE,FALSE,0.21599538524557274,FALSE,FALSE,0.05760375677989585
Plppr1,-0.38405475238829645,0.2051147269933494,-0.11543893399095362,0.7214773284926297,-0.1484442075523824,0.7303752574601557,Plppr1,FALSE,FALSE,FALSE,FALSE,0.21597929797721083,FALSE,FALSE,0.057599406983648585
Zfp141,0.3356426574244278,0.11651271067653067,0.30621474286811967,0.18598641846202824,0.006052680901166063,0.9870574452185918,Zfp141,FALSE,FALSE,FALSE,FALSE,0.21597002706457116,FALSE,FALSE,0.05759690024477276
Gpr135,0.3432278867302223,0.14516550914109022,0.25369416747651297,0.31131470175312426,0.0509819974309389,0.9023575418873587,Gpr135,FALSE,FALSE,FALSE,FALSE,0.21596801721255807,FALSE,FALSE,0.05759635680591493
Camk1,-0.18365963952582653,0.1944026450658373,-0.2183811978043133,0.16689378229146876,-0.2458396539902381,0.210724425683816,Camk1,FALSE,FALSE,FALSE,FALSE,0.2159601637734593,FALSE,FALSE,0.05759423333416377
Ldlrap1,-0.2963818997513603,0.18290442304889856,-0.2642996363851484,0.25496162769046354,0.08717042753667359,0.7858197116097553,Ldlrap1,FALSE,FALSE,FALSE,FALSE,0.21595065455772744,FALSE,FALSE,0.057591662161110994
Hs6st1,-0.3309379340067533,0.0903157659106365,-0.2342999930428169,0.24571725306667863,-0.08256450066566323,0.7751107135393539,Hs6st1,FALSE,FALSE,FALSE,FALSE,0.21593414257174448,FALSE,FALSE,0.05758719752652869
3110040N11Rik,-0.15703992805832812,0.4191932427292261,-0.2611862146644053,0.20759309558593936,-0.22951189042052444,0.3828501513131791,3110040N11Rik,FALSE,FALSE,FALSE,FALSE,0.21591267771441927,FALSE,FALSE,0.057581393697454616
Mgat5,-0.28509333111316604,0.10702894195822939,-0.22209331949083655,0.23962892332865487,-0.14044037080732252,0.579053990186208,Mgat5,FALSE,FALSE,FALSE,FALSE,0.21587567380377504,FALSE,FALSE,0.05757138830262728
Tsta3,-0.25261190263007505,0.15026853094608744,-0.21068838481214724,0.25059213224598464,-0.1843190004426618,0.4361613003846646,Tsta3,FALSE,FALSE,FALSE,FALSE,0.21587309596162804,FALSE,FALSE,0.05757069128633808
Vps50,0.3756591273727281,0.12440693144850236,0.21294475662134982,0.4137651253780098,0.05881483957071243,0.8880822970179317,Vps50,FALSE,FALSE,FALSE,FALSE,0.21580624118826344,FALSE,FALSE,0.05755261459141693
Gm18949,0.052395447710565646,0.950301486290721,-0.32744341905746877,0.6932654759273493,-0.2674278802183385,0.8162230695333773,Gm18949,FALSE,FALSE,FALSE,FALSE,0.21575558232879097,FALSE,FALSE,0.05753891706913617
Gm26876,0.23634545964788803,0.7036213656681566,-0.25123724067329395,0.7163836545880186,0.1596555663741068,0.8681353527138019,Gm26876,FALSE,FALSE,FALSE,FALSE,0.21574608889842958,FALSE,FALSE,0.05753635016425023
Pcdhb14,0.29418608749177544,0.23852315744046984,0.29267372196185093,0.2747661417701888,0.06028162117279212,0.8896254591455209,Pcdhb14,FALSE,FALSE,FALSE,FALSE,0.21571381020880617,FALSE,FALSE,0.05752762241011375
Serinc5,-0.264204031445912,0.08027629808720138,-0.21947146040987686,0.17619113081826418,-0.16331603893482516,0.42382405512237675,Serinc5,FALSE,FALSE,FALSE,FALSE,0.21566384359687132,FALSE,FALSE,0.05751411206291291
Morn2,-0.24134259021113458,0.2901003114829598,-0.2350342668621055,0.3279191791100783,-0.17055364288239616,0.5982800806319076,Morn2,FALSE,FALSE,FALSE,FALSE,0.21564349998521207,FALSE,FALSE,0.05750861140464947
Gm30025,-0.09445099029377868,0.7936847096420291,-0.5413504679140291,0.15536279914095444,0.01101988797680753,0.9838869890402369,Gm30025,FALSE,FALSE,FALSE,FALSE,0.21560711539487176,FALSE,FALSE,0.05749877346628977
E130309D02Rik,-0.38411228475527004,0.04075000225377727,-0.2623055122054576,0.152309808756673,3.4660122491336764e-4,0.9988142172743153,E130309D02Rik,FALSE,FALSE,FALSE,FALSE,0.21558813272854702,FALSE,FALSE,0.05749364079063068
Nnmt,0.30423572113245345,0.643473628213988,0.18336365343304195,0.8022607962798526,-0.15890605476829378,0.8855500443030303,Nnmt,FALSE,FALSE,FALSE,FALSE,0.21550180977792974,FALSE,FALSE,0.05747030014396524
Ddx24,-0.3284354282530835,0.04178226443439048,-0.16696645715762504,0.29010117929190565,-0.15108309596860803,0.4640066217279275,Ddx24,FALSE,FALSE,FALSE,FALSE,0.21549499379310552,FALSE,FALSE,0.05746845718688
Id4,-0.380614915986337,0.0672225688003913,-0.20191022572804673,0.3316821993684828,0.06395468546384464,0.8400009053122465,Id4,FALSE,FALSE,FALSE,FALSE,0.21549327572607613,FALSE,FALSE,0.05746799264303396
Otud3,-0.30842343401447403,0.21628846749836436,-0.22818295056222704,0.3727511229669014,0.10986699437315606,0.7522180191532596,Otud3,FALSE,FALSE,FALSE,FALSE,0.21549112631661904,FALSE,FALSE,0.05746741146958799
Ankrd40,-0.30085488825389994,0.13612176654375133,-0.25430681213210615,0.2376089885658884,-0.09124030364152436,0.7670071603261326,Ankrd40,FALSE,FALSE,FALSE,FALSE,0.21546733467584347,FALSE,FALSE,0.05746097850735763
Cpsf4,-0.3082541760636399,0.07855551065606932,-0.12146565713881685,0.4841647492537692,-0.21667160489785475,0.33208358919457537,Cpsf4,FALSE,FALSE,FALSE,FALSE,0.21546381270010384,FALSE,FALSE,0.05746002620914823
Tmem9,-0.2302067376655419,0.23429993040464867,-0.2897198473760856,0.1751640242634439,-0.12640883647751355,0.6498321150608817,Tmem9,FALSE,FALSE,FALSE,FALSE,0.21544514050638033,FALSE,FALSE,0.05745497748139909
Rasd1,-0.3899354358760583,0.361692628727329,-0.2328503893352769,0.6196434193940608,-0.023529643797597366,0.9758980317260209,Rasd1,FALSE,FALSE,FALSE,FALSE,0.21543848966964418,FALSE,FALSE,0.057453179178292235
Pde12,0.24992890719163974,0.30204119926460643,0.3016674666413408,0.24607299408637548,0.09467197458425503,0.80660148337424,Pde12,FALSE,FALSE,FALSE,FALSE,0.2154227828057452,FALSE,FALSE,0.057448932238656054
Minos1,-0.17887138394713453,0.2240232657236123,-0.15683631803005493,0.3169198791906148,-0.3105331599187604,0.13561843586769132,Minos1,FALSE,FALSE,FALSE,FALSE,0.2154136206319833,FALSE,FALSE,0.057446454901413355
Il17d,-0.42727455722489127,0.17364208852375299,-0.20071561401562876,0.5297578987669008,-0.018245049446795614,0.9721532070737475,Il17d,FALSE,FALSE,FALSE,FALSE,0.21541174022910523,FALSE,FALSE,0.057445946463983315
Xlr3a,0.22104123417349553,0.6511726267475598,0.2950821663302927,0.549688401546869,-0.1299583307258536,0.8713754329964963,Xlr3a,FALSE,FALSE,FALSE,FALSE,0.2153605770765473,FALSE,FALSE,0.05743211258715675
Gm17954,-0.06155518505090202,0.9394786194736893,0.39676114536455304,0.5590248144852829,-0.187714476346302,0.8663696857974812,Gm17954,FALSE,FALSE,FALSE,FALSE,0.21534360225391902,FALSE,FALSE,0.05742752280733178
Sirt2,-0.21732407787281183,0.24314470203480215,-0.29424394032544754,0.15770925883084566,-0.1344406767051467,0.6150505511268062,Sirt2,FALSE,FALSE,FALSE,FALSE,0.2153362316344687,FALSE,FALSE,0.0574255298839775
Rom1,-0.15775791590639354,0.5742711478394857,-0.21917725021800205,0.4440042213831018,-0.2690680073418248,0.4739405573515179,Rom1,FALSE,FALSE,FALSE,FALSE,0.21533439115540678,FALSE,FALSE,0.05742503224144823
Zfp710,-0.29423340449765645,0.23037251101540085,-0.23043425059441391,0.36471671960430296,-0.12131426158046832,0.7340760635387051,Zfp710,FALSE,FALSE,FALSE,FALSE,0.2153273055575129,FALSE,FALSE,0.05742311638435956
Ubald2,-0.28914839282144644,0.31809682642560644,-0.33875511026209315,0.2665530497694287,-0.018046914868458774,0.9709984408155377,Ubald2,FALSE,FALSE,FALSE,FALSE,0.21531680598399947,FALSE,FALSE,0.057420277430943786
Svip,0.3433264571695558,0.12928019049070805,0.21300825895988673,0.3774020623010916,-0.08955446583807891,0.8030854534075001,Svip,FALSE,FALSE,FALSE,FALSE,0.2152963939891738,FALSE,FALSE,0.05741475828272705
Greb1,-0.2114301692549816,0.5080581782657083,-0.14226270826793908,0.6905460002148099,-0.2921907590194204,0.509178971164443,Greb1,FALSE,FALSE,FALSE,FALSE,0.21529454551411367,FALSE,FALSE,0.05741425847817983
Sf3b1,0.248445750111582,0.20439356516683294,0.32534368376194145,0.1482000332258096,0.07207307850264222,0.8202484450223476,Sf3b1,FALSE,FALSE,FALSE,FALSE,0.21528750412538855,FALSE,FALSE,0.05741235457469771
Nxn,-0.3246760758694007,0.15229621361155157,-0.2623084787245258,0.27044834847925936,-0.05886349573248406,0.8736400263834452,Nxn,FALSE,FALSE,FALSE,FALSE,0.21528268344213686,FALSE,FALSE,0.057411051122213064
H13,-0.2308032659969017,0.12265380358430816,-0.1946573794073867,0.22600843327690065,-0.22037940959744073,0.2819557242717475,H13,FALSE,FALSE,FALSE,FALSE,0.21528001833390972,FALSE,FALSE,0.05741033051026677
Lgi2,0.2390712563171269,0.556326781823984,0.17806358585014026,0.6862561075585119,0.22869715272366054,0.6862724265643745,Lgi2,FALSE,FALSE,FALSE,FALSE,0.21527733163030924,FALSE,FALSE,0.05740960405920149
Bhlhb9,0.29067979169521685,0.22035883648782395,0.26285058577718434,0.3045431309964631,0.0922999988217228,0.8087018480553254,Bhlhb9,FALSE,FALSE,FALSE,FALSE,0.21527679209804132,FALSE,FALSE,0.057409458176421305
Zfp830,-0.3710468778370868,0.06887879335536105,-0.07581675300128765,0.7193137587088378,-0.19880770717173313,0.44505439627464977,Zfp830,FALSE,FALSE,FALSE,FALSE,0.21522377933670253,FALSE,FALSE,0.05739512418850361
Map1lc3b,-0.2697024316651824,0.10652925965243601,-0.23623227404910097,0.1907576742489005,-0.13970419475536033,0.5545323398270376,Map1lc3b,FALSE,FALSE,FALSE,FALSE,0.21521296682321456,FALSE,FALSE,0.05739220062003098
Fgfbp3,-0.10035956840859228,0.8049087333626292,0.32472716055765893,0.3651099120619768,0.2204013366122899,0.6566039326491923,Fgfbp3,FALSE,FALSE,FALSE,FALSE,0.21516268852618037,FALSE,FALSE,0.057378605997075866
A430033K04Rik,0.2398307212467783,0.06685610684488208,0.24696828041781238,0.10095931193905984,0.15860736550178967,0.3566922191199575,A430033K04Rik,FALSE,FALSE,FALSE,FALSE,0.21513545572212678,FALSE,FALSE,0.05737124258731544
Fgf9,0.3829124263540553,0.052484610846958955,0.0494488810531486,0.8255291120989992,0.2130430344277663,0.40608108524542064,Fgf9,FALSE,FALSE,FALSE,FALSE,0.21513478061165672,FALSE,FALSE,0.057371060045884346
Tmem106a,-0.4821202877413777,0.15515347804975665,-0.10487056155580277,0.7702943096080379,-0.058196313718602344,0.9137155754780841,Tmem106a,FALSE,FALSE,FALSE,FALSE,0.21506238767192762,FALSE,FALSE,0.0573514859000146
Nrg3,-0.1371376705017986,0.8261269936537547,0.1447942236562907,0.8159164896321595,0.36323604500987794,0.6201811789712147,Nrg3,FALSE,FALSE,FALSE,FALSE,0.21505597972265575,FALSE,FALSE,0.05734975327064159
Gm12258,0.28437221362352183,0.08287551843540658,0.16499915218720407,0.32853638858876605,0.19579369737331298,0.3695214380019148,Gm12258,FALSE,FALSE,FALSE,FALSE,0.2150550210613463,FALSE,FALSE,0.05734949406060839
Gcn1l1,-0.2543457000883267,0.16319454371524947,-0.2376108192913362,0.2302062127245488,-0.15296883073069356,0.5603327662620621,Gcn1l1,FALSE,FALSE,FALSE,FALSE,0.21497511670345215,FALSE,FALSE,0.05732788892117212
Itga2b,-0.3315733651073669,0.33366995928159315,0.13343259300404764,0.7053237842671018,0.17991303548332782,0.6930940634580646,Itga2b,FALSE,FALSE,FALSE,FALSE,0.2149729978649141,FALSE,FALSE,0.05732731601372046
Rn7sk,0.015409050025366966,0.9602257010590786,0.12505921471406367,0.6751108288449134,-0.504409771776853,0.1608014925764406,Rn7sk,FALSE,FALSE,FALSE,FALSE,0.21495934550542786,FALSE,FALSE,0.05732362458639274
2010204K13Rik,-0.2287659602484804,0.2012645530352158,-0.09747212998009802,0.6142769593600323,-0.3185684794604131,0.1935793337310282,2010204K13Rik,FALSE,FALSE,FALSE,FALSE,0.21493552322966383,FALSE,FALSE,0.05731718334084449
Gm23119,-0.45000525398354096,0.22518313922008967,0.10758738588390004,0.7832619822129238,-0.08707606154494074,0.8808124843806986,Gm23119,FALSE,FALSE,FALSE,FALSE,0.21488956713746057,FALSE,FALSE,0.05730475738804086
Nucks1,0.2993789866067944,0.06258785347559691,0.18381401979123613,0.265724484379953,0.16146595840258904,0.45412993686795694,Nucks1,FALSE,FALSE,FALSE,FALSE,0.21488632160020651,FALSE,FALSE,0.05730387983534201
Gabarap,-0.1646838799474457,0.19735778665218456,-0.20450129055583854,0.15770178933733603,-0.27544995891165946,0.13056264754156902,Gabarap,FALSE,FALSE,FALSE,FALSE,0.2148783764716479,FALSE,FALSE,0.057301731571907176
Samd15,-0.08945061312211319,0.8699436523135023,0.1348082934140291,0.8014351838939364,-0.4202822491009007,0.5473797992880546,Samd15,FALSE,FALSE,FALSE,FALSE,0.21484705187901432,FALSE,FALSE,0.057293261793668934
Mthfsl,0.3590456486384954,0.17097673714706052,0.22814649930590214,0.41468666924851794,-0.05728082033093651,0.903169279293507,Mthfsl,FALSE,FALSE,FALSE,FALSE,0.21482432275844468,FALSE,FALSE,0.05728711612361898
4833439L19Rik,-0.2545828984935552,0.0792518997077474,-0.19696177676280957,0.19822511993097694,-0.19281105592803094,0.3201469390088925,4833439L19Rik,FALSE,FALSE,FALSE,FALSE,0.2147852437281319,FALSE,FALSE,0.05727654964237574
Cdk5r2,-0.2579807201191988,0.21435235424961252,-0.29680769057729695,0.18799612030111593,0.08951207300038533,0.7694971818629086,Cdk5r2,FALSE,FALSE,FALSE,FALSE,0.21476682789896037,FALSE,FALSE,0.05727157023239647
Crkl,-0.26925098366358036,0.08758145471042411,-0.17393280532184097,0.2848525347265725,-0.20105760291783437,0.3356363749792366,Crkl,FALSE,FALSE,FALSE,FALSE,0.21474713063441855,FALSE,FALSE,0.057266244338313156
Kcnd2,0.31741111247600085,0.3713484196031849,-0.08024424675778885,0.8515462942269872,-0.24638581177927943,0.6404970248893243,Kcnd2,FALSE,FALSE,FALSE,FALSE,0.2146803903376897,FALSE,FALSE,0.05724819859644317
Ap4m1,-0.25078822087601527,0.322007560039949,-0.335439867650726,0.21672455074669958,-0.05769636683765578,0.8897943050158532,Ap4m1,FALSE,FALSE,FALSE,FALSE,0.21464148512146566,FALSE,FALSE,0.05723767911235656
Selenoo,-0.3239242605077677,0.1035525302727877,-0.20871145133284807,0.29668187781581806,-0.1111979563552481,0.6847326182607593,Selenoo,FALSE,FALSE,FALSE,FALSE,0.21461122273195463,FALSE,FALSE,0.057229496540563335
Srm,-0.22066453061579594,0.3200621399215851,-0.21315234815126516,0.364337246814455,-0.20992813508228725,0.4982150180812785,Srm,FALSE,FALSE,FALSE,FALSE,0.21458167128311612,FALSE,FALSE,0.057221506198240006
Pitpnm1,-0.29104773004339624,0.06881684961481466,-0.1723491440986269,0.2908778103398009,-0.18031516764310052,0.39626213025781254,Pitpnm1,FALSE,FALSE,FALSE,FALSE,0.21457068059504122,FALSE,FALSE,0.057218534453586566
Ptch2,-0.25506613437124326,0.466503272086283,-0.32308332280716057,0.36723484334593864,-0.0655142755510294,0.9076330935065577,Ptch2,FALSE,FALSE,FALSE,FALSE,0.21455457757647775,FALSE,FALSE,0.05721418039868171
Hist1h1e,-0.10083593568874871,0.7799361395703357,-0.3905784293103096,0.2698096102445253,-0.15214156371961796,0.7654644375588999,Hist1h1e,FALSE,FALSE,FALSE,FALSE,0.21451864290622544,FALSE,FALSE,0.05720446411308905
Pi16,-0.3097937169047198,0.5913553287522196,-0.13609718594035392,0.8262631180585953,0.1975883156965521,0.7991714381727287,Pi16,FALSE,FALSE,FALSE,FALSE,0.21449307284720862,FALSE,FALSE,0.05719755028879946
Ercc5,0.13296065460043227,0.47838806372283316,0.2605227732873665,0.19338259148175432,0.249979947100039,0.3222078500593148,Ercc5,FALSE,FALSE,FALSE,FALSE,0.2144877916626126,FALSE,FALSE,0.057196122322508355
Slc17a5,0.2928315494903302,0.06975513193685803,0.10792810164074318,0.522111449307512,0.24268775211331306,0.24974600456733995,Slc17a5,FALSE,FALSE,FALSE,FALSE,0.21448246774812882,FALSE,FALSE,0.05719468280258979
Gm6204,-0.06460313461126499,0.8765253317262869,-0.027493209205166957,0.9505151305917118,-0.5512731068389527,0.2875721650212734,Gm6204,FALSE,FALSE,FALSE,FALSE,0.2144564835517949,FALSE,FALSE,0.05718765700074707
Zfp791,0.11173935312032235,0.7127550668765885,0.38246574923412124,0.18821656976613457,0.1490908885184159,0.7150256651137155,Zfp791,FALSE,FALSE,FALSE,FALSE,0.21443199695761983,FALSE,FALSE,0.05718103613180558
Trub1,-0.3089758724674492,0.11463941489504895,-0.21177548914402244,0.2886661584499953,-0.12253572865491158,0.6493196626106921,Trub1,FALSE,FALSE,FALSE,FALSE,0.2144290300887944,FALSE,FALSE,0.057180233927566014
Tnr,0.29349182323164325,0.09395482625067193,0.09451482581860127,0.6220774246873307,0.2552624067666498,0.2795560624461205,Tnr,FALSE,FALSE,FALSE,FALSE,0.21442301860563143,FALSE,FALSE,0.057178608497672354
Plod2,0.3028802861584916,0.151363757994544,0.3179827532522115,0.17619113081826418,-0.02237707102636044,0.9553945377109728,Plod2,FALSE,FALSE,FALSE,FALSE,0.21441337014568784,FALSE,FALSE,0.05717599967472552
Syna,0.027869203636386564,0.969828492479467,-0.19050475968001324,0.7900623300184164,-0.4248366878095211,0.6428558246388795,Syna,FALSE,FALSE,FALSE,FALSE,0.21440355037530698,FALSE,FALSE,0.05717334453157811
Plekho1,-0.16439755399848321,0.2740816682497817,-0.26360817956363336,0.1291797619460309,-0.21513207098779308,0.2898482140873195,Plekho1,FALSE,FALSE,FALSE,FALSE,0.21437926818330322,FALSE,FALSE,0.05716677893042836
Slco2a1,-0.3138549242174351,0.41544733703260933,-0.1767564918289133,0.6690061285725941,-0.1524333195896661,0.787969696283249,Slco2a1,FALSE,FALSE,FALSE,FALSE,0.21434824521200482,FALSE,FALSE,0.05715839070682838
Hcn2,-0.19811110392268505,0.43495352879027405,-0.26542618856007305,0.3160793103401508,0.179450774580312,0.5986416733418338,Hcn2,FALSE,FALSE,FALSE,FALSE,0.21432935568769004,FALSE,FALSE,0.05715328321560436
Sntg2,-0.38559143903879667,0.18340060191479474,-0.22724373900501327,0.4400695098912832,-0.030143236393449513,0.9515620989493591,Sntg2,FALSE,FALSE,FALSE,FALSE,0.21432613814575316,FALSE,FALSE,0.057152413232489284
Tenm3,-0.3634119379202154,0.06042149514947938,-0.16803992002367352,0.39552682114728965,-0.1115110093484315,0.6839548616543273,Tenm3,FALSE,FALSE,FALSE,FALSE,0.2143209557641068,FALSE,FALSE,0.057151011981280565
Oasl2,-0.24536406165320468,0.4270271940218051,-0.12981139879433723,0.7057253659928479,-0.2676407685139912,0.536826266972932,Oasl2,FALSE,FALSE,FALSE,FALSE,0.21427207632051104,FALSE,FALSE,0.057137795590807186
Fam210a,0.23154495519104223,0.28587385365243406,0.31838920011935645,0.18605944583798062,0.092797327433507,0.7874110355465114,Fam210a,FALSE,FALSE,FALSE,FALSE,0.2142438275813019,FALSE,FALSE,0.05713015748488159
Tctn1,-0.23046839441876044,0.3027208567377793,-0.2675970307381297,0.25929895799603286,-0.14462014209804996,0.649868840575571,Tctn1,FALSE,FALSE,FALSE,FALSE,0.21422852241831336,FALSE,FALSE,0.05712601916014966
Lyl1,0.24576055052414786,0.5996599363866458,0.08872573894131719,0.8693428991496887,0.30819534508101676,0.6267890777147247,Lyl1,FALSE,FALSE,FALSE,FALSE,0.21422721151549393,FALSE,FALSE,0.05712566470841576
Slc25a3,-0.2694527496128396,0.06873232572712132,-0.15121106074899604,0.32080207872345984,-0.22191677361903128,0.2576590212120603,Slc25a3,FALSE,FALSE,FALSE,FALSE,0.21419352799362232,FALSE,FALSE,0.05711655710520212
Lgmn,-0.32076634966645123,0.06685610684488208,-0.20014111013622493,0.2644769199659294,-0.12165101956586,0.6155468445961313,Lgmn,FALSE,FALSE,FALSE,FALSE,0.21418615978951205,FALSE,FALSE,0.0571145648349256
Lmna,-0.25715604192379615,0.12928019049070805,-0.16440540722736952,0.3630959320911972,-0.22098383123870047,0.3446581186171951,Lmna,FALSE,FALSE,FALSE,FALSE,0.21418176012995538,FALSE,FALSE,0.05711337522198459
Slc15a4,-0.2334433276482688,0.09888818133620551,-0.21024540560022853,0.16449104175527315,-0.1988074275469307,0.2846553430753471,Slc15a4,FALSE,FALSE,FALSE,FALSE,0.21416538693180934,FALSE,FALSE,0.0571089481138983
Tnfaip8l2,-0.13873411412654252,0.826420110934365,0.1485107628308348,0.813329632068809,-0.3552397173785661,0.6684097359808432,Tnfaip8l2,FALSE,FALSE,FALSE,FALSE,0.21416153144531447,FALSE,FALSE,0.05710790563855013
Ormdl3,-0.16164426295868584,0.4281267079426917,-0.2709980271589467,0.21906620900985435,-0.2097360376813553,0.46195112695688567,Ormdl3,FALSE,FALSE,FALSE,FALSE,0.21412610926632927,FALSE,FALSE,0.0570983279241891
Zdhhc14,-0.13558992094793787,0.7005784487093503,-0.3788248136737782,0.2868967491202585,0.12792643702699857,0.7899874344258451,Zdhhc14,FALSE,FALSE,FALSE,FALSE,0.21411372388290487,FALSE,FALSE,0.05709497907134918
Slc44a1,0.33063868954890463,0.07284197938301351,0.21405898930147327,0.26283936124650703,0.09762571570093392,0.7166618001956644,Slc44a1,FALSE,FALSE,FALSE,FALSE,0.2141077981837706,FALSE,FALSE,0.057093376836384435
Epb41l3,-0.3383526352981745,0.06975513193685803,-0.18194756565611048,0.3351482496290801,-0.12201510370578195,0.6369815032783174,Epb41l3,FALSE,FALSE,FALSE,FALSE,0.21410510155335563,FALSE,FALSE,0.057092647701232624
Kat8,-0.22320161314591935,0.1061276311980601,-0.2301567212105784,0.13385386958283618,-0.18875502708216052,0.29972969774926334,Kat8,FALSE,FALSE,FALSE,FALSE,0.21403778714621943,FALSE,FALSE,0.05707444672708584
Sez6,-0.296174342351053,0.4938800405661042,-0.3276979567756948,0.46950663713740787,-0.018188934925526645,0.9812050334728056,Sez6,FALSE,FALSE,FALSE,FALSE,0.21402041135075814,FALSE,FALSE,0.05706974852921965
Dhx35,-0.2687831597565533,0.12444658359816296,-0.20805372952502,0.24767510848860122,-0.16513954334659564,0.47763770328727306,Dhx35,FALSE,FALSE,FALSE,FALSE,0.21399214420938964,FALSE,FALSE,0.05706210544758022
Eif1a,0.2743010917985149,0.40184004814184965,0.2824703536063611,0.42279209745396906,-0.08515910360960532,0.8796884147096544,Eif1a,FALSE,FALSE,FALSE,FALSE,0.21397684967149377,FALSE,FALSE,0.05705796999574052
Gm47814,-0.0204377205840148,0.9728659599636666,-0.4199027721738189,0.4412759729562034,-0.2015354135377019,0.7936895045475404,Gm47814,FALSE,FALSE,FALSE,FALSE,0.2139586354318452,FALSE,FALSE,0.05705304509304805
Dand5,-0.5114936672066912,0.16616677934331306,-0.10764185867924692,0.7839411590267156,-0.022738736347497124,0.9702827424909112,Dand5,FALSE,FALSE,FALSE,FALSE,0.21395808741114508,FALSE,FALSE,0.05705289691510191
Hist2h4,-0.17878344018206693,0.38815412693564066,-0.33212500331222516,0.15345187967322974,-0.13086557391584064,0.658119312982017,Hist2h4,FALSE,FALSE,FALSE,FALSE,0.21392467247004424,FALSE,FALSE,0.05704386193277097
Scamp5,-0.24721725665372762,0.1571699761549266,-0.2001493867104962,0.28173877603101755,-0.19431310649969458,0.422832318958479,Scamp5,FALSE,FALSE,FALSE,FALSE,0.21389324995463946,FALSE,FALSE,0.057035365677439595
Cyb561d2,-0.044282607510117256,0.8414663089592489,-0.3680773929005263,0.1188522374406061,-0.22927084100296113,0.40068636885312003,Cyb561d2,FALSE,FALSE,FALSE,FALSE,0.21387694713786823,FALSE,FALSE,0.05703095759959717
Cd14,-0.3973491342374508,0.43672834733043975,-0.09603008810884739,0.8636415092873642,-0.14800992741576813,0.8485018659136949,Cd14,FALSE,FALSE,FALSE,FALSE,0.2137963832540221,FALSE,FALSE,0.057009174132588665
Slain1,0.26647146412834744,0.14918100168187182,0.1778540131259776,0.3639609100680595,0.1970573311575592,0.4411571550032388,Slain1,FALSE,FALSE,FALSE,FALSE,0.21379426947062807,FALSE,FALSE,0.05700860259198476
Rybp,-0.17879456726307197,0.4556734786727934,-0.20761036931857912,0.4111036326228149,-0.2549112558092128,0.44037088244546707,Rybp,FALSE,FALSE,FALSE,FALSE,0.21377206413028796,FALSE,FALSE,0.05700259854556074
Pmm2,-0.28726810142166137,0.14722696863750814,-0.26167307322230426,0.20880340348686607,-0.09236060288963355,0.7475443841313373,Pmm2,FALSE,FALSE,FALSE,FALSE,0.2137672591778664,FALSE,FALSE,0.0570012993464959
Zfp513,-0.3141257296013835,0.2511864685649918,-0.242626004974563,0.38821411432038894,-0.08448277076812438,0.8414422683689409,Zfp513,FALSE,FALSE,FALSE,FALSE,0.2137448351146903,FALSE,FALSE,0.05699523616015143
Vasp,-0.3177974343784937,0.14551286473662525,-0.20565474406199247,0.36304067902846404,-0.11756217925787915,0.7088382059094462,Vasp,FALSE,FALSE,FALSE,FALSE,0.21367145256612177,FALSE,FALSE,0.05697539443642327
AC130815.2,0.15256735835407398,0.7320558142696643,0.2989179365778214,0.4779801240125353,0.18952498369712,0.7527474539377121,AC130815.2,FALSE,FALSE,FALSE,FALSE,0.21367009287633845,FALSE,FALSE,0.05697502679330426
Haus8,-0.3576569560146514,0.2639906948042882,-0.20877826681104805,0.5280608434730026,-0.07455716846485272,0.8825184669752741,Haus8,FALSE,FALSE,FALSE,FALSE,0.21366413043018406,FALSE,FALSE,0.056973414622404676
Ankrd6,-0.4125125275989423,0.037721004885432716,-0.10285820288376968,0.5779323338992404,-0.12557724035612106,0.6058900302146935,Ankrd6,FALSE,FALSE,FALSE,FALSE,0.21364932361294434,FALSE,FALSE,0.05696941104413307
Sstr4,-0.41951047204011327,0.3475524365155792,0.11673619696572435,0.8040251253638423,0.10455672101989344,0.8766490443993098,Sstr4,FALSE,FALSE,FALSE,FALSE,0.21360113000857703,FALSE,FALSE,0.05695638009601293
Klhl9,0.3745203231662231,0.3070922501099274,0.12876466455728597,0.7656731180805703,0.13736500159467546,0.8168341462801646,Klhl9,FALSE,FALSE,FALSE,FALSE,0.21354999643939485,FALSE,FALSE,0.05694255421816133
Gm25835,0.14731038933364582,0.7918846025495134,-0.13597440733106314,0.8251250029368248,-0.3570292135591684,0.6428558246388795,Gm25835,FALSE,FALSE,FALSE,FALSE,0.21343800340795913,FALSE,FALSE,0.056912272702561585
Gm20628,-0.06404830468329362,0.925263589180471,-0.026501599722785457,0.9702120984189493,-0.5497294499395077,0.516426073040473,Gm20628,FALSE,FALSE,FALSE,FALSE,0.21342645144852893,FALSE,FALSE,0.0569091491971505
Alpk1,-0.016720042663162626,0.9666645601325129,0.41763943245964263,0.21131351596952883,0.20590446716815958,0.6559947940117007,Alpk1,FALSE,FALSE,FALSE,FALSE,0.21342131409698828,FALSE,FALSE,0.05690776012151941
Abhd8,-0.30742870651351417,0.10785250103223686,-0.3072667535558855,0.1497476064857061,-0.025553340716578,0.9408306343998061,Abhd8,FALSE,FALSE,FALSE,FALSE,0.21341626692865923,FALSE,FALSE,0.05690639543030129
Hspd1-ps3,-0.26370380703765944,0.6287488602347076,-0.36524405271033006,0.5094658205200775,0.011193082564326384,0.9897422061655735,Hspd1-ps3,FALSE,FALSE,FALSE,FALSE,0.2133803141041053,FALSE,FALSE,0.05689667423601243
Kcns3,-0.46936801011670715,0.35050631195540427,0.10731835833045106,0.8420477769545697,0.06343128033959627,0.9382890029180332,Kcns3,FALSE,FALSE,FALSE,FALSE,0.21337254959558483,FALSE,FALSE,0.05689457480997786
Gm10517,0.2665036977209481,0.7507528951810539,-0.3584547873850807,0.699775373375869,0.01493379106560433,0.9907500529601377,Gm10517,FALSE,FALSE,FALSE,FALSE,0.2132974253905444,FALSE,FALSE,0.05687426216411332
Nfu1,-0.16872094941565985,0.305033259634278,-0.28597339733048743,0.13273974799943214,-0.18519302021676332,0.4129097120597232,Nfu1,FALSE,FALSE,FALSE,FALSE,0.21329578898763688,FALSE,FALSE,0.056873819701224904
Vezf1,0.304165743376398,0.03743810450986503,0.2016197329001974,0.16850572652034887,0.13403568126968235,0.46654021036801535,Vezf1,FALSE,FALSE,FALSE,FALSE,0.2132737191820926,FALSE,FALSE,0.05686785230171527
Mbd3,-0.23433745875915957,0.12347119792186818,-0.3467024818632263,0.08226320350755506,-0.058691847182451795,0.8007407999651911,Mbd3,FALSE,FALSE,FALSE,FALSE,0.2132439292682792,FALSE,FALSE,0.056859797481443944
Tsku,-0.4662033511276742,0.06975513193685803,0.12292118816604791,0.6275883291249957,0.05058415257474547,0.8988443503559427,Tsku,FALSE,FALSE,FALSE,FALSE,0.21323623062282251,FALSE,FALSE,0.05685771586395842
Gtf3c6,-0.2710222711221615,0.09714459149413551,-0.21344100928571308,0.2074031996763363,-0.15497004311859452,0.4773873686673134,Gtf3c6,FALSE,FALSE,FALSE,FALSE,0.2131444411754897,FALSE,FALSE,0.05683289714492146
Wrap73,-0.2449815257613599,0.3208651686292763,-0.37523384419201733,0.1708847594760277,-0.01921577439746258,0.9671302197151238,Wrap73,FALSE,FALSE,FALSE,FALSE,0.21314371478361327,FALSE,FALSE,0.05683270073763919
Ddx59,-0.34236236231297834,0.29943611465600656,-0.281818623716815,0.4065785222687313,0.015212618968720282,0.9779166711917642,Ddx59,FALSE,FALSE,FALSE,FALSE,0.2131312016661712,FALSE,FALSE,0.056829317347117776
Kank1,-0.1269588416450862,0.4245482945790611,-0.22290410876527034,0.19557832328593347,-0.28951435141353254,0.18547706079840864,Kank1,FALSE,FALSE,FALSE,FALSE,0.2131257672746297,FALSE,FALSE,0.05682784795558395
Akip1,-0.40692440509270345,0.3114495504019246,-0.10550554611536622,0.8114174328468818,-0.12694310334544356,0.8336711485421909,Akip1,FALSE,FALSE,FALSE,FALSE,0.21312435151783773,FALSE,FALSE,0.056827465152646736
Akap8l,-0.2804284504927512,0.13703416536357824,-0.1639059358857784,0.4039484897100307,-0.19503512111448185,0.4471474922198249,Akap8l,FALSE,FALSE,FALSE,FALSE,0.21312316916433716,FALSE,FALSE,0.056827145459041585
Pcif1,-0.34406492330152094,0.07219074338574336,-0.2125904260316931,0.273688756199674,-0.08266689952020734,0.7672013539909329,Pcif1,FALSE,FALSE,FALSE,FALSE,0.2131074162844738,FALSE,FALSE,0.056822886077263914
Sertad3,-0.21350117554818615,0.4346826452720255,-0.2327528378110757,0.40929526134043714,-0.193064172409517,0.6105192888508725,Sertad3,FALSE,FALSE,FALSE,FALSE,0.21310606192292628,FALSE,FALSE,0.05682251987483325
Hif1an,-0.24871851848539528,0.09342203321087186,-0.23514591285447484,0.148729445107168,-0.15537638669394394,0.43795994411519684,Hif1an,FALSE,FALSE,FALSE,FALSE,0.21308027267793803,FALSE,FALSE,0.056815546785397186
Tmem181b-ps,0.1438232631480041,0.534646830993199,0.278655481306056,0.23600489452289,0.216723178742932,0.4818397663255097,Tmem181b-ps,FALSE,FALSE,FALSE,FALSE,0.2130673077323307,FALSE,FALSE,0.056812041226188506
Gga2,-0.181084550385596,0.38989346689502824,-0.3158284764094583,0.17731712766685262,-0.14228505058849006,0.6444753230168732,Gga2,FALSE,FALSE,FALSE,FALSE,0.2130660257945148,FALSE,FALSE,0.05681169460622945
Naalad2,0.23027007029091484,0.5864020107390225,0.2840442654757336,0.5034347206004036,0.1248268233610661,0.8501039286595538,Naalad2,FALSE,FALSE,FALSE,FALSE,0.21304705304257152,FALSE,FALSE,0.056806564611295164
6330418K02Rik,0.3545604624882708,0.5392388743872143,-0.03931397988896579,0.9570023458030545,0.24520106999591873,0.7754441268582836,6330418K02Rik,FALSE,FALSE,FALSE,FALSE,0.21302517079105177,FALSE,FALSE,0.05680064792404902
Gm14303,0.011514477437960923,0.9843461195671008,-0.43880547877650516,0.44337743973909466,-0.1886748828769894,0.8172120753385824,Gm14303,FALSE,FALSE,FALSE,FALSE,0.21299827969715182,FALSE,FALSE,0.05679337690844219
Stpg1,0.03851895099466679,0.9519892809938042,-0.03775808573425525,0.954850703362207,-0.5625933131841891,0.48505319533726043,Stpg1,FALSE,FALSE,FALSE,FALSE,0.2129567833043704,FALSE,FALSE,0.05678215680260851
Inpp5k,-0.20514418327272743,0.3895483128875976,-0.2726002875020761,0.2816005317275259,-0.16098661815275417,0.6386112816474349,Inpp5k,FALSE,FALSE,FALSE,FALSE,0.21291036297585256,FALSE,FALSE,0.05676960532610914
1810034E14Rik,0.15456818131333713,0.7904239238979065,0.04709422822934874,0.9430094073196065,0.4370354951777707,0.5395052045440035,1810034E14Rik,FALSE,FALSE,FALSE,FALSE,0.21289930157348552,FALSE,FALSE,0.05676661446119515
Olfr1507,-0.1848828865365626,0.7278084820203263,0.29347802700472037,0.5480236614001345,0.1602383743960798,0.824415684445824,Olfr1507,FALSE,FALSE,FALSE,FALSE,0.21286642931245425,FALSE,FALSE,0.05675772621277062
A730017C20Rik,0.34002578070166845,0.026285779611079727,0.1488444498260444,0.28991229218443104,0.14971243668995715,0.4129097120597232,A730017C20Rik,FALSE,FALSE,FALSE,FALSE,0.21286088907255665,FALSE,FALSE,0.05675622820116459
Cnot11,0.28433581685990017,0.07041310714213872,0.14384025778726084,0.37151238011732024,0.21028340219727415,0.30995639629376925,Cnot11,FALSE,FALSE,FALSE,FALSE,0.21281982561481172,FALSE,FALSE,0.056745125155552356
Nrip2,0.18674124777144296,0.6104771239722787,-0.33694253396137863,0.39323524530167103,0.1147349877551469,0.8386306525691708,Nrip2,FALSE,FALSE,FALSE,FALSE,0.2128062564959895,FALSE,FALSE,0.05674145623545954
Ifi27l2a,0.427818331858441,0.25921735684472696,0.19249680372085365,0.6563051496349276,0.017996357768348847,0.9799428752071496,Ifi27l2a,FALSE,FALSE,FALSE,FALSE,0.21277049778254783,FALSE,FALSE,0.05673178752638873
Ddb1,-0.18557505840442623,0.13692374383065425,-0.23128344028314451,0.1177927071434135,-0.22144965728028865,0.2012185525754525,Ddb1,FALSE,FALSE,FALSE,FALSE,0.2127693853226198,FALSE,FALSE,0.0567314867311318
Cep68,0.26798133437768,0.041094116910353355,0.24078330081113286,0.09952388076120047,0.12953017265754863,0.438203146700698,Cep68,FALSE,FALSE,FALSE,FALSE,0.21276493594878718,FALSE,FALSE,0.05673028367607209
Ttll9,-0.1346133496808285,0.8600433117794445,-0.10064457954592612,0.8984292323025337,0.4030057069869551,0.6518423353640949,Ttll9,FALSE,FALSE,FALSE,FALSE,0.2127545454045699,FALSE,FALSE,0.05672747420281494
3110082I17Rik,-0.3755325386065884,0.07218456160406528,-0.08289506723503814,0.6989128057096087,-0.17963803508701215,0.5010569257892595,3110082I17Rik,FALSE,FALSE,FALSE,FALSE,0.2126885469762129,FALSE,FALSE,0.0567096290528781
Mgl2,-0.03149132836626334,0.9758444915187687,-0.5942915847616088,0.5543265503480688,-0.012221362927243351,0.9932904823528143,Mgl2,FALSE,FALSE,FALSE,FALSE,0.21266809201837183,FALSE,FALSE,0.05670409828799912
Eogt,0.2990303727137329,0.051609680506440665,0.12226121586300742,0.42690539384908505,0.21661366897925483,0.26669296121677394,Eogt,FALSE,FALSE,FALSE,FALSE,0.2126350858519984,FALSE,FALSE,0.0566951738332441
Slc39a8,0.043020528383210466,0.9466217865154063,0.4212233054919894,0.428065568511634,0.17357468224931466,0.8356426531394597,Slc39a8,FALSE,FALSE,FALSE,FALSE,0.21260617204150484,FALSE,FALSE,0.05668735590035771
Slc35c1,-0.12631484939948212,0.5184176983914183,-0.2422007652159417,0.23828464880518577,-0.2692466160293474,0.3050370489296286,Slc35c1,FALSE,FALSE,FALSE,FALSE,0.21258741021492375,FALSE,FALSE,0.05668228293700443
Gm19196,-0.08409496117307258,0.8378686268644834,-0.30278184532692687,0.44431488107917816,-0.250614816890918,0.6372343955628968,Gm19196,FALSE,FALSE,FALSE,FALSE,0.21249720779697248,FALSE,FALSE,0.05665789333087172
Fdft1,-0.24719525619502747,0.14077676579819653,-0.18349192744017095,0.3025670975890482,-0.2066408651188203,0.3713840597306045,Fdft1,FALSE,FALSE,FALSE,FALSE,0.21244268291800625,FALSE,FALSE,0.056643150485251564
Platr14,0.37064671711601527,0.19140449940030194,0.15299307345851032,0.6326786658763162,0.11364811565298627,0.8023123152984812,Platr14,FALSE,FALSE,FALSE,FALSE,0.2124293020758373,FALSE,FALSE,0.05663953247281202
Fgd2,-0.21810457572243003,0.24225105084274823,-0.1510161417796727,0.4501727812479166,-0.26805099093960294,0.29707755412989917,Fgd2,FALSE,FALSE,FALSE,FALSE,0.21239056948056856,FALSE,FALSE,0.05662905966327367
Grm7,0.07385992824832543,0.8694935503675812,-0.46292093249358124,0.3002520393752789,0.10036230381705669,0.8766720781795934,Grm7,FALSE,FALSE,FALSE,FALSE,0.21238105485298778,FALSE,FALSE,0.056626487026924605
Ddx20,0.24831724177990644,0.08813052067994848,0.30751599429146736,0.08525470443769087,0.08102810340110977,0.7012294955917784,Ddx20,FALSE,FALSE,FALSE,FALSE,0.21228711315749452,FALSE,FALSE,0.05660108636689177
Phf5a,-0.24200225415796162,0.11852399012693042,-0.21958792581728304,0.18541594748883103,-0.17518448298909917,0.4009978217569,Phf5a,FALSE,FALSE,FALSE,FALSE,0.21225822098811462,FALSE,FALSE,0.056593274285491955
Nup210l,-0.3051506139363871,0.620396561920024,-0.2922133374165242,0.6495681572572491,0.039225859208272984,0.9692575353705227,Nup210l,FALSE,FALSE,FALSE,FALSE,0.21219660352039477,FALSE,FALSE,0.05657661369254206
Gbp9,0.3777191668501283,0.06101940267505173,0.045899319288017715,0.8430291126962641,0.21275447623182053,0.4252095487961677,Gbp9,FALSE,FALSE,FALSE,FALSE,0.21212432078998886,FALSE,FALSE,0.0565570693458955
Mprip,-0.296685576068521,0.06175211049500276,-0.18577174005628905,0.25610579244029946,-0.15379076231079125,0.4716558228225186,Mprip,FALSE,FALSE,FALSE,FALSE,0.2120826928118671,FALSE,FALSE,0.05654581366103083
Gm11613,0.08307558808425086,0.8535058189147229,0.13762220518368862,0.7585606943084089,0.4154998600722959,0.41944900487067,Gm11613,FALSE,FALSE,FALSE,FALSE,0.21206588444674512,FALSE,FALSE,0.05654126888923457
Gm10095,-0.312457012749078,0.48161894497095553,-0.2764583724951476,0.5501827305736446,0.04716709582158535,0.9490386880259917,Gm10095,FALSE,FALSE,FALSE,FALSE,0.21202749368860366,FALSE,FALSE,0.056530888508181894
Gm7467,0.2519339599968108,0.6140562775975715,0.0676719739702144,0.9061409340002653,0.31647543136449685,0.6364084168683887,Gm7467,FALSE,FALSE,FALSE,FALSE,0.212027121777174,FALSE,FALSE,0.05653078794798083
Gm10136,-0.2591360674684941,0.5144723058565456,0.08349815358441737,0.844617758758602,-0.29343139475083757,0.5887222143874582,Gm10136,FALSE,FALSE,FALSE,FALSE,0.21202187193458302,FALSE,FALSE,0.05652936845617606
Kcnab2,0.0012904968143918616,0.997379431195079,-0.2559540261670046,0.5577564352065747,0.3787902835747117,0.4570186161614942,Kcnab2,FALSE,FALSE,FALSE,FALSE,0.21201160218536938,FALSE,FALSE,0.056526591644377754
Srsf1,0.20016140352632128,0.38229589910050854,0.32957455601146624,0.192647176927713,0.10624960819978657,0.7667997898059906,Srsf1,FALSE,FALSE,FALSE,FALSE,0.21199518924585803,FALSE,FALSE,0.05652215379072312
Miga2,-0.1752331204469506,0.2543434060915999,-0.29562777564095377,0.10991940223882853,-0.1650717292295445,0.4409658825010089,Miga2,FALSE,FALSE,FALSE,FALSE,0.21197754177248296,FALSE,FALSE,0.05651738213454548
Atp6v0d1,-0.24841897062352825,0.09222099265007831,-0.19617126460380785,0.21010714886265444,-0.19130963265296685,0.3356363749792366,Atp6v0d1,FALSE,FALSE,FALSE,FALSE,0.21196662262676766,FALSE,FALSE,0.05651442973405167
Timp2,-0.23460005933014028,0.24143619274223696,-0.28144622145891773,0.2011709830200725,-0.11977760842403651,0.6893773649417326,Timp2,FALSE,FALSE,FALSE,FALSE,0.21194129640436485,FALSE,FALSE,0.05650758184013415
Oma1,-0.19804744912724193,0.2750680887628251,-0.16913530218416994,0.37420305250646474,-0.26854968088520614,0.277823096050058,Oma1,FALSE,FALSE,FALSE,FALSE,0.211910810732206,FALSE,FALSE,0.05649933889550436
Tcf7,0.29849465236843553,0.6268005011877488,0.31578220204374813,0.6191454105723174,-0.021400643869717604,0.9835144308273872,Tcf7,FALSE,FALSE,FALSE,FALSE,0.21189249942730043,FALSE,FALSE,0.05649438774757988
Rbm18,0.3723700789641944,0.07883659168967523,0.2569828762542157,0.24567186050197717,0.006237766169603809,0.986445719232866,Rbm18,FALSE,FALSE,FALSE,FALSE,0.21186357379600462,FALSE,FALSE,0.05648656661849633
Grm8,0.2489856163023047,0.6602695957228838,-0.19894261720375866,0.7591161996052953,0.1874848590713017,0.824893794979805,Grm8,FALSE,FALSE,FALSE,FALSE,0.21180436419245502,FALSE,FALSE,0.056470557081915736
Cct2,-0.21636322541457798,0.06358052643923044,-0.181758072255648,0.14983289954064988,-0.2370593112879371,0.1322286053371434,Cct2,FALSE,FALSE,FALSE,FALSE,0.21172686965272103,FALSE,FALSE,0.05644960352718321
Cmss1,-0.4261973088113442,0.06090787990199205,-0.11012378350703056,0.6210458497470788,-0.09880976178042244,0.7439321364433031,Cmss1,FALSE,FALSE,FALSE,FALSE,0.21171028469959907,FALSE,FALSE,0.05644511916319873
Osbpl2,-0.16949057057157635,0.4209450107910909,-0.29038410268554404,0.20317627668310742,-0.17524926273988584,0.5589446444403366,Osbpl2,FALSE,FALSE,FALSE,FALSE,0.21170797866566873,FALSE,FALSE,0.05644449564045325
Nudt9,-0.18572995890646027,0.2849608188676177,-0.278690856426393,0.1528795889478993,-0.1705244823906975,0.4793803885113061,Nudt9,FALSE,FALSE,FALSE,FALSE,0.21164843257451693,FALSE,FALSE,0.056428395121831676
Mettl18,0.4397933878768878,0.05275902261457179,-0.05995673119438383,0.821419850251616,0.1351766042275826,0.6677356565884597,Mettl18,FALSE,FALSE,FALSE,FALSE,0.21164224109961807,FALSE,FALSE,0.05642672102442283
Tmem234,-0.19898289395119928,0.112979938083593,-0.15363133542882768,0.2462462431052924,-0.2823027736013284,0.1120519743544354,Tmem234,FALSE,FALSE,FALSE,FALSE,0.2116390009937851,FALSE,FALSE,0.05642584494031235
Gm7536,-0.12473146761275444,0.6609951173750771,-0.11187892149714229,0.7074194883017526,-0.39829600147362787,0.2869049960553417,Gm7536,FALSE,FALSE,FALSE,FALSE,0.21163546352784154,FALSE,FALSE,0.05642488845374546
Gabrg2,0.35559109050064563,0.05799733387321416,0.2232536974678636,0.2461248894090577,0.055810135415479856,0.8512858244649717,Gabrg2,FALSE,FALSE,FALSE,FALSE,0.21155164112799638,FALSE,FALSE,0.056402223924747724
Ly6a,-0.17735093448209183,0.5988812916406083,-0.1837784096413464,0.5979234642233446,-0.27349390288768394,0.5469108570334249,Ly6a,FALSE,FALSE,FALSE,FALSE,0.21154108233704072,FALSE,FALSE,0.056399368959675886
Plekhg2,0.11744746430704023,0.6132774873130512,0.17002275391375843,0.4611521792098636,0.34709899884306106,0.22810197194471662,Plekhg2,FALSE,FALSE,FALSE,FALSE,0.2115230723546199,FALSE,FALSE,0.056394499285584244
Pias4,-0.2905921479604312,0.20054758250435528,-0.3019700994043455,0.2095593413286789,-0.04196946716415795,0.9102391423284211,Pias4,FALSE,FALSE,FALSE,FALSE,0.2115105715096449,FALSE,FALSE,0.0563911192133845
Sec61g,0.2489308035287321,0.34362799455759513,0.06010861917020538,0.8498508105643079,-0.3254829193444335,0.3758240347301949,Sec61g,FALSE,FALSE,FALSE,FALSE,0.21150744734779034,FALSE,FALSE,0.05639027447907628
Naip2,-0.1528168608492626,0.5810393927259077,-0.2884039545489885,0.30628840842591787,-0.19328838209777155,0.6069099947055215,Naip2,FALSE,FALSE,FALSE,FALSE,0.21150306583200754,FALSE,FALSE,0.0563890897719849
Brsk1,-0.24452066795740413,0.24567998957542145,-0.3685180167530553,0.12947871565590208,-0.021418754875058177,0.9540892383272409,Brsk1,FALSE,FALSE,FALSE,FALSE,0.21148581319517254,FALSE,FALSE,0.056384424874671574
AW495222,-0.34290705587649106,0.599375878638016,-0.2015241524491571,0.7733026504052077,-0.09002335694892416,0.9333761742486896,AW495222,FALSE,FALSE,FALSE,FALSE,0.21148485509152412,FALSE,FALSE,0.056384165815422944
Igsf9,-0.3310045674901665,0.2385142713701712,-0.2789492744050275,0.33374400988442926,0.024406968241875493,0.9609730014174996,Igsf9,FALSE,FALSE,FALSE,FALSE,0.21145360337902316,FALSE,FALSE,0.05637571574306144
Il17rb,-0.2028111901510542,0.7151887018059707,0.19457807329835813,0.7182094398797543,-0.23692865788366635,0.757764037709616,Il17rb,FALSE,FALSE,FALSE,FALSE,0.21143930711102624,FALSE,FALSE,0.056371850210922364
Clic5,0.10906132285976211,0.594565288860522,0.20977172989148496,0.29913348655956795,0.3154799408715654,0.21933529191204615,Clic5,FALSE,FALSE,FALSE,FALSE,0.2114376645409375,FALSE,FALSE,0.05637140608050524
Nek5,0.13341335275318,0.7991415099784679,0.3688162685313814,0.4404213361509498,0.13207227556246215,0.8645344729382035,Nek5,FALSE,FALSE,FALSE,FALSE,0.2114339656156745,FALSE,FALSE,0.0563704059373569
Gm5963,0.14989059126322224,0.7201999535157129,-0.081263928994603,0.8619967588529425,-0.4029958144657465,0.4802323611650335,Gm5963,FALSE,FALSE,FALSE,FALSE,0.21138344490785724,FALSE,FALSE,0.05635674576955657
Sap30bp,-0.32230602263795216,0.04507719703981169,-0.16202968220118397,0.2950610007860362,-0.14977141229700486,0.460023447495747,Sap30bp,FALSE,FALSE,FALSE,FALSE,0.21136903904538032,FALSE,FALSE,0.05635285060444022
1110046J04Rik,0.15871503004564547,0.7099840483519205,0.3417946592689822,0.39795719791858325,0.13324518650841277,0.832137145608147,1110046J04Rik,FALSE,FALSE,FALSE,FALSE,0.21125162527434682,FALSE,FALSE,0.05632110338862157
Gm15721,0.03856967312159993,0.963166406495066,-0.2044044643408821,0.8079782335127356,0.3906512663905643,0.6860699920592607,Gm15721,FALSE,FALSE,FALSE,FALSE,0.21120846795101544,FALSE,FALSE,0.05630943418793159
Sec14l4,-0.35439151621742804,0.29492097827987857,-0.1548237778786179,0.676382539512746,0.12437991312569352,0.8050337205689284,Sec14l4,FALSE,FALSE,FALSE,FALSE,0.2111984024072465,FALSE,FALSE,0.056306712590732624
Zdhhc7,-0.4021697078859323,0.048745583009281925,-0.18668337394686318,0.33406579477067677,-0.044622286610630724,0.883224873139823,Zdhhc7,FALSE,FALSE,FALSE,FALSE,0.21115845614780873,FALSE,FALSE,0.0562959116215758
Churc1,-0.17114600157484317,0.4337074210036815,-0.26422707864830786,0.25059213224598464,-0.19807378203589998,0.5052860783650747,Churc1,FALSE,FALSE,FALSE,FALSE,0.21114895408635034,FALSE,FALSE,0.05629334238294914
Sh2d4a,0.056555066127241815,0.8546795601321721,-0.2769018492044075,0.35647849610019083,-0.29998840402115956,0.4440065826876765,Sh2d4a,FALSE,FALSE,FALSE,FALSE,0.21114843978426964,FALSE,FALSE,0.056293203322096155
Ptar1,0.35648253643880246,0.03462705916548173,0.036372203869609265,0.8401854626982291,0.2405533002334055,0.2382186750770699,Ptar1,FALSE,FALSE,FALSE,FALSE,0.21113601351393907,FALSE,FALSE,0.05628984341394796
Gm3807,-0.2327779157652331,0.6234945423818731,-0.32561878845597975,0.4976992996967757,0.0748365811218775,0.9211006069645289,Gm3807,FALSE,FALSE,FALSE,FALSE,0.2110777617810301,FALSE,FALSE,0.0562740928736136
Eps8l2,-0.2963534944800159,0.3993193984810281,0.09463138664264159,0.8027048352950934,0.24213530327179766,0.5933579496540761,Eps8l2,FALSE,FALSE,FALSE,FALSE,0.21104006146481838,FALSE,FALSE,0.056263899179427056
Slc10a3,-0.20793761535936728,0.23100151896879767,-0.10979448645637957,0.551259727405565,-0.315337204117093,0.18430814601703555,Slc10a3,FALSE,FALSE,FALSE,FALSE,0.2110231019776133,FALSE,FALSE,0.056259313546108795
Nfatc3,0.28163862709428145,0.0689871520886827,0.17534051767722492,0.2719573862991408,0.1760846910791134,0.39648884399324824,Nfatc3,FALSE,FALSE,FALSE,FALSE,0.21102127861687325,FALSE,FALSE,0.056258820532159755
Mast4,-0.20386069378586846,0.6017500519497047,0.3555740095007076,0.375334969264717,0.0736165513770688,0.9102391423284211,Mast4,FALSE,FALSE,FALSE,FALSE,0.21101708488788162,FALSE,FALSE,0.05625768660026905
Tubg2,-0.2507891260984354,0.4453465738277402,-0.3129217344940778,0.35777483085527034,-0.06928863152359321,0.8976109099523567,Tubg2,FALSE,FALSE,FALSE,FALSE,0.2109998307053688,FALSE,FALSE,0.05625302128502376
Btf3l4,0.3813039482340965,0.04981338696929231,0.19137494502742491,0.3237996585477247,0.06021869039756034,0.8414070539267476,Btf3l4,FALSE,FALSE,FALSE,FALSE,0.21096586121969393,FALSE,FALSE,0.05624383636077275
Gm15577,0.36812165126378904,0.4278691996163379,-0.11380775282641942,0.8431987964057405,-0.15094456117290056,0.8508373654802651,Gm15577,FALSE,FALSE,FALSE,FALSE,0.21095798842103633,FALSE,FALSE,0.0562417076544389
Cyp4f16,-0.27463231993094483,0.2578104329913156,-0.22834298373681738,0.3622244296737134,-0.12985682484863537,0.7064485821366093,Cyp4f16,FALSE,FALSE,FALSE,FALSE,0.2109440428387992,FALSE,FALSE,0.05623793694334512
Bok,-0.04213802899743446,0.9490776319408436,0.46323351998480256,0.38847256935435703,0.1274496391309421,0.8868769607477045,Bok,FALSE,FALSE,FALSE,FALSE,0.21094039603772638,FALSE,FALSE,0.05623695089392615
Ctnnbl1,-0.32754322621126697,0.12661037148792734,-0.18909088065420665,0.3974870377759186,-0.1159450601526304,0.7103748911104654,Ctnnbl1,FALSE,FALSE,FALSE,FALSE,0.210859722339368,FALSE,FALSE,0.0562151377344464
Bhlhe41,-0.11725315452056773,0.7136373126666026,0.16005085913604766,0.615872249361425,0.35526101559909495,0.3638296127944278,Bhlhe41,FALSE,FALSE,FALSE,FALSE,0.21085500975190344,FALSE,FALSE,0.05621386350971122
Nabp1,0.277282137660257,0.18917973013792738,0.18757241918156797,0.40473077824708503,0.1676316812304548,0.5806814573102527,Nabp1,FALSE,FALSE,FALSE,FALSE,0.21082874602409327,FALSE,FALSE,0.05620676212605193
Foxred1,-0.18430728792154838,0.24072380349758676,-0.23569037689612093,0.17233569714023145,-0.21244152390775728,0.3196304599978533,Foxred1,FALSE,FALSE,FALSE,FALSE,0.21081306290847554,FALSE,FALSE,0.05620252160765412
Zfp644,0.25461419541225183,0.09501043867075135,0.24548245363232457,0.14824912016780012,0.13233226924525,0.5366259856518361,Zfp644,FALSE,FALSE,FALSE,FALSE,0.21080963942994213,FALSE,FALSE,0.0562015959418579
Egr4,-0.5492714141514997,0.44735348902264505,0.057021200247048355,0.9430094073196065,0.02609643126443383,0.9817462572109429,Egr4,FALSE,FALSE,FALSE,FALSE,0.2107963485543273,FALSE,FALSE,0.05619800225524985
Marveld2,-0.40041157331182564,0.11416714458878076,-0.03024303735722489,0.9150448085658364,-0.20149460402362207,0.5528493575251785,Marveld2,FALSE,FALSE,FALSE,FALSE,0.21071640489755752,FALSE,FALSE,0.056176386489888916
Wrap53,-0.26298703045236715,0.3054183786852948,-0.24970476557018983,0.3483238581571395,-0.11929859957158806,0.7500492749721234,Wrap53,FALSE,FALSE,FALSE,FALSE,0.21066346519804835,FALSE,FALSE,0.05616207225697655
Taok2,-0.24071865863104236,0.20581408685927485,-0.29491590927217715,0.16879956701889143,-0.09625183309196661,0.7428128430247322,Taok2,FALSE,FALSE,FALSE,FALSE,0.2106288003317287,FALSE,FALSE,0.05615269931049261
Trak1,-0.3053415382215299,0.04849389014100938,-0.19554058720892442,0.20595066153419875,-0.1307764510227516,0.5161960844348376,Trak1,FALSE,FALSE,FALSE,FALSE,0.2105528588177353,FALSE,FALSE,0.05613216567450492
Pip5k1b,0.17920568673972337,0.3506034093054318,0.22787837717790804,0.25871720444237,0.22453115080249564,0.38738060474461117,Pip5k1b,FALSE,FALSE,FALSE,FALSE,0.21053840490670903,FALSE,FALSE,0.05612825751766151
Arhgef15,0.08601223835828842,0.8841918224656006,-0.18324483169615524,0.7622017209520391,0.3623434390651792,0.6015495062515869,Arhgef15,FALSE,FALSE,FALSE,FALSE,0.21053350303987428,FALSE,FALSE,0.05612693211415094
Palld,0.20270617115773604,0.4897010502646469,0.1893566562876119,0.5392448774147974,0.23934187874896207,0.5501145927604588,Palld,FALSE,FALSE,FALSE,FALSE,0.21046823539810333,FALSE,FALSE,0.05610928455977092
Ugcg,0.27045205370239866,0.09677015007483654,0.2882068455372666,0.12288850697556022,0.07259410985736103,0.7698158335076815,Ugcg,FALSE,FALSE,FALSE,FALSE,0.21041766969900877,FALSE,FALSE,0.05609561222689168
A230050P20Rik,-0.2833374049464381,0.22805059286806986,-0.3152497032957893,0.20940987612816628,0.03265390450988326,0.9355352885294924,A230050P20Rik,FALSE,FALSE,FALSE,FALSE,0.2104136709173702,FALSE,FALSE,0.05609453100632809
Gm44986,-0.021326853518676248,0.9757275585991279,0.5605114735287258,0.3237996585477247,0.04938202324276092,0.9645037666394128,Gm44986,FALSE,FALSE,FALSE,FALSE,0.2104067834300543,FALSE,FALSE,0.05609266871586299
4930447N08Rik,-0.19779312160427492,0.7542156686817975,-0.12415615516382424,0.8515548019739525,-0.3091650613527126,0.7209485575805084,4930447N08Rik,FALSE,FALSE,FALSE,FALSE,0.21037144604027058,FALSE,FALSE,0.05608311392744204
Trabd2b,-0.09422834981911654,0.8881160318129836,-0.2711486940338117,0.6793456658563486,-0.2655360852822457,0.7640855421063019,Trabd2b,FALSE,FALSE,FALSE,FALSE,0.2103043763783913,FALSE,FALSE,0.05606497912935299
Syngr2,-0.15964012968899066,0.38382746712278365,-0.23611612033408758,0.23114014779682374,-0.23497796848328178,0.3516867329002739,Syngr2,FALSE,FALSE,FALSE,FALSE,0.21024473950212,FALSE,FALSE,0.056048854063570075
Snhg6,0.35385625827487877,0.2865450924730403,0.046345332045090615,0.9112397064071659,-0.23049462701540624,0.6567154068593041,Snhg6,FALSE,FALSE,FALSE,FALSE,0.2102320724451252,FALSE,FALSE,0.05604542904971811
Bcas3,-0.29651349848028374,0.09421709660624765,-0.2229164179530594,0.2255323085897773,-0.11117588306650728,0.6547536462708212,Bcas3,FALSE,FALSE,FALSE,FALSE,0.2102019331666168,FALSE,FALSE,0.056037279765600904
Hapln2,0.3020814535090005,0.7228612791795048,-0.22399957435723516,0.820199299983728,0.1045235263020462,0.9423815786646674,Hapln2,FALSE,FALSE,FALSE,FALSE,0.21020151805609397,FALSE,FALSE,0.056037167524905104
Gas5,-0.21493294290638865,0.13055441515475025,-0.10696401743483008,0.486301436946215,-0.3087019597505991,0.12583557241427581,Gas5,FALSE,FALSE,FALSE,FALSE,0.21019964003060596,FALSE,FALSE,0.05603665973029161
Vstm2a,0.36584089956206034,0.09664968865051357,0.1937620388917698,0.40024801296702084,0.070988379876471,0.8431475850104174,Vstm2a,FALSE,FALSE,FALSE,FALSE,0.21019710611010037,FALSE,FALSE,0.056035974589865145
Gm26794,0.29217615447329837,0.44556840149865645,0.1113841580665541,0.8040068310040033,0.22702588481043917,0.6786702461817296,Gm26794,FALSE,FALSE,FALSE,FALSE,0.21019539911676388,FALSE,FALSE,0.056035513040207235
Stx8,-0.2416634869375489,0.12698918626437802,-0.19608511295279474,0.23440180054604517,-0.1928077649475224,0.35965108820509595,Stx8,FALSE,FALSE,FALSE,FALSE,0.21018545494595534,FALSE,FALSE,0.0560328242607394
BC051226,-0.16835906659341737,0.6740200753869582,-0.2095448972089442,0.6074948160252606,-0.2526024877658384,0.6384642820852632,BC051226,FALSE,FALSE,FALSE,FALSE,0.21016881718939998,FALSE,FALSE,0.05602832561936665
Vsig10,-0.25273234382778753,0.29310845039504374,-0.27946949680833777,0.2729820932796619,-0.09825440243148797,0.7880024725620399,Vsig10,FALSE,FALSE,FALSE,FALSE,0.21015208102253777,FALSE,FALSE,0.05602380036907723
Epb41l1,-0.19880938841746776,0.33223953782072746,-0.3028978652311345,0.18403549311500284,-0.1287015809324803,0.6714396932718651,Epb41l1,FALSE,FALSE,FALSE,FALSE,0.21013627819369418,FALSE,FALSE,0.056019527481719754
Star,-0.10887659503361125,0.6512082442857864,0.30263900134135335,0.18912960776311086,0.21881633968691672,0.4610697330244798,Star,FALSE,FALSE,FALSE,FALSE,0.21011064535396043,FALSE,FALSE,0.05601259668230918
Cxcr4,-0.34118884731050425,0.14542093729521605,0.020773113587154945,0.938713551068722,-0.2683253876883489,0.3870321416396405,Cxcr4,FALSE,FALSE,FALSE,FALSE,0.2100957828620027,FALSE,FALSE,0.05600857805028985
Clcn7,-0.24488202153539262,0.25016951015036143,-0.27231695394191835,0.23575912396975782,-0.11305955542355495,0.7246650166942583,Clcn7,FALSE,FALSE,FALSE,FALSE,0.2100861769669553,FALSE,FALSE,0.05600598073635881
Il6st,-0.19849119962976403,0.23751139573072463,-0.19725822620904232,0.27965409470693703,-0.23433993719429047,0.3190813079399291,Il6st,FALSE,FALSE,FALSE,FALSE,0.21002978767769895,FALSE,FALSE,0.05599073377750446
Cyb5d2,-0.1825382365274968,0.403028675135078,-0.1329287680233997,0.5679410521083739,-0.31440008737603886,0.289054293552995,Cyb5d2,FALSE,FALSE,FALSE,FALSE,0.20995569730897845,FALSE,FALSE,0.05597070066805614
Taf7,0.25775150038290207,0.40075318347746025,0.3197513983553817,0.32064964441489785,0.0523092003002521,0.9248627502252181,Taf7,FALSE,FALSE,FALSE,FALSE,0.20993736634617863,FALSE,FALSE,0.05596574420488281
Cpsf3,-0.19832902144848763,0.13595400877538305,-0.2644005124691393,0.10095931193905984,-0.16699724920205838,0.3610501378650021,Cpsf3,FALSE,FALSE,FALSE,FALSE,0.20990892770656178,FALSE,FALSE,0.05595805475226104
Slc7a8,0.21885095403469546,0.4005449285051863,0.15548990770467963,0.5893325025286795,0.2553817800229963,0.48505319533726043,Slc7a8,FALSE,FALSE,FALSE,FALSE,0.20990754725412378,FALSE,FALSE,0.055957681495179774
Golga7,0.27178368615903015,0.1474355371490459,0.22661916110437286,0.2591057418763741,0.1313152091034233,0.6319227535735167,Golga7,FALSE,FALSE,FALSE,FALSE,0.2099060187889421,FALSE,FALSE,0.05595726821730303
Rab5c,-0.3066413544770761,0.03183990594905779,-0.17795363798643038,0.19225472731575155,-0.14509824022562778,0.4039491867541203,Rab5c,FALSE,FALSE,FALSE,FALSE,0.2098977442297114,FALSE,FALSE,0.05595503087993289
Dhrs13,-0.19381320489884457,0.5013093703220385,-0.22410775220479806,0.44599140595901676,-0.2116321820459568,0.5911240838513844,Dhrs13,FALSE,FALSE,FALSE,FALSE,0.20985104638319982,FALSE,FALSE,0.05594240436603746
Cldn11,0.05206638014730647,0.9440242896807219,0.29161857172933026,0.6615693758698573,0.2858193861008127,0.7504677895464228,Cldn11,FALSE,FALSE,FALSE,FALSE,0.20983477932581648,FALSE,FALSE,0.05593800595708647
Atp10a,-0.3988861523593763,0.055451272180871154,-0.20954981431005937,0.2927177273289199,-0.021000907205251718,0.9504892550510045,Atp10a,FALSE,FALSE,FALSE,FALSE,0.20981229129156245,FALSE,FALSE,0.05593192547376227
Gm17396,-0.4604945194647711,0.2543923701770452,0.031730983073488483,0.944866651972727,-0.1370717208502023,0.818855206328757,Gm17396,FALSE,FALSE,FALSE,FALSE,0.2097657411294873,FALSE,FALSE,0.05591933889189214
9130401M01Rik,-0.1807591475651047,0.34160957358799326,-0.17223987031287624,0.3851107539578122,-0.27628941890421155,0.28315990045604944,9130401M01Rik,FALSE,FALSE,FALSE,FALSE,0.20976281226073082,FALSE,FALSE,0.05591854696239616
Taf1,0.24400922490164767,0.16396633569104335,0.2897939271680512,0.14768108866812987,0.09542693909499267,0.7206012177079236,Taf1,FALSE,FALSE,FALSE,FALSE,0.20974336372156385,FALSE,FALSE,0.05591328832054473
Gm26645,-0.06828970590350707,0.9412984029529845,-0.44873409337390635,0.6087930362092339,-0.1121676092738031,0.934080055478921,Gm26645,FALSE,FALSE,FALSE,FALSE,0.20973046951707217,FALSE,FALSE,0.05590980188884933
Tmem202,-0.04689604836623476,0.9440242896807219,0.3505652111335771,0.5317479250914336,0.23169467128840918,0.7751107135393539,Tmem202,FALSE,FALSE,FALSE,FALSE,0.20971864359607367,FALSE,FALSE,0.05590660430765516
Plin4,-0.1697456298941914,0.7390264069076042,0.22482361800367534,0.6416772771242428,0.23456374721081097,0.714375522940781,Plin4,FALSE,FALSE,FALSE,FALSE,0.20971099836955923,FALSE,FALSE,0.05590453713398379
Paqr3,0.0673841688196859,0.7744753212097959,0.18284437452416658,0.4038181308733306,0.3784304907201923,0.16735442230976913,Paqr3,FALSE,FALSE,FALSE,FALSE,0.2095530113546816,FALSE,FALSE,0.055861819420263185
Slc12a8,0.1341928650283194,0.7888327636544916,-0.3186398874163387,0.5391495427120944,0.17581250165012569,0.8010169148644262,Slc12a8,FALSE,FALSE,FALSE,FALSE,0.2095484180315946,FALSE,FALSE,0.05586057744312469
Zfp112,0.32563309989072176,0.1349239144245101,0.06846095516024553,0.7913431805479165,0.23454869270755063,0.4312041051832669,Zfp112,FALSE,FALSE,FALSE,FALSE,0.20954758258617265,FALSE,FALSE,0.05586035154912706
Tmem8b,-0.39427480087804856,0.09148453684572642,-0.17367465930353454,0.46076428402895114,-0.06068703381174423,0.8679789910206142,Tmem8b,FALSE,FALSE,FALSE,FALSE,0.20954549799777578,FALSE,FALSE,0.05585978790248539
Emp2,-0.0639663461818083,0.834646828221242,-0.17022838416480557,0.5641732241980488,-0.39434619028948203,0.30069536535523167,Emp2,FALSE,FALSE,FALSE,FALSE,0.20951364021203198,FALSE,FALSE,0.05585117395549595
Zfp623,-0.3804624802163836,0.04459643639216172,-0.06082109116590395,0.7458644774828005,-0.18691480490461387,0.41559490146073635,Zfp623,FALSE,FALSE,FALSE,FALSE,0.20939945876230048,FALSE,FALSE,0.055820300718947925
Arpc4,-0.2389092135775721,0.16150771386712293,-0.24120099295340225,0.19226839497108306,-0.14802482126675454,0.5366259856518361,Arpc4,FALSE,FALSE,FALSE,FALSE,0.20937834259924296,FALSE,FALSE,0.055814591172444576
Fam53a,-0.36920120508171506,0.03578613757405807,-0.20306552012124435,0.21334669874541962,-0.055858642129188674,0.8130590719423034,Fam53a,FALSE,FALSE,FALSE,FALSE,0.20937512244404935,FALSE,FALSE,0.05581372048273756
4930513N10Rik,-0.1941379955446576,0.6499102208157033,-0.06734981703665244,0.8853351888491728,-0.36650615280968923,0.5225787173452385,4930513N10Rik,FALSE,FALSE,FALSE,FALSE,0.20933132179699976,FALSE,FALSE,0.055801877335356805
Gbp8,0.1511967878832885,0.585674708737975,-0.27188609423748566,0.3535625220791368,-0.20488870337153609,0.6008405275298442,Gbp8,FALSE,FALSE,FALSE,FALSE,0.2093238618307701,FALSE,FALSE,0.055799860253750375
Clk1,0.21109583583516134,0.33651497139552805,0.2907934267336545,0.2239668496417463,0.12606492911649259,0.7037178753758783,Clk1,FALSE,FALSE,FALSE,FALSE,0.2093180638951028,FALSE,FALSE,0.05579829256442984
Cplx1,0.20966155200993752,0.8139903127672742,0.08315384331640319,0.9327384956987116,0.33511678839529035,0.7813173530431106,Cplx1,FALSE,FALSE,FALSE,FALSE,0.20931072790721036,FALSE,FALSE,0.055796309005015865
Esam,0.17260198036727203,0.4526781273913428,-0.19801263823358184,0.428487815611131,0.257265096024232,0.39722881370005314,Esam,FALSE,FALSE,FALSE,FALSE,0.20929323820836196,FALSE,FALSE,0.055791580009097785
Ccnd3,-0.33835706142514876,0.06618645276546413,-0.22301571557067668,0.2356837084288945,-0.06634087435130898,0.8099457106559667,Ccnd3,FALSE,FALSE,FALSE,FALSE,0.20923788378237815,FALSE,FALSE,0.05577661286433481
Gm19719,-0.4158686875335618,0.322007560039949,-0.027588685471603203,0.954850703362207,-0.18421446728637436,0.7611811657218196,Gm19719,FALSE,FALSE,FALSE,FALSE,0.20922394676384645,FALSE,FALSE,0.055772844468759915
Inppl1,-0.24027655248555568,0.24673494647542016,-0.23059016048631875,0.29894524419752583,-0.15678013269894464,0.6018000001898766,Inppl1,FALSE,FALSE,FALSE,FALSE,0.20921561522360635,FALSE,FALSE,0.0557705917244372
2810468N07Rik,-0.18016796392975765,0.6646215124253746,-0.3737306769084915,0.3709568495465565,-0.07371370026088475,0.9096517207354082,2810468N07Rik,FALSE,FALSE,FALSE,FALSE,0.20920411369971129,FALSE,FALSE,0.055767481856164286
Tirap,0.061961336825077096,0.8181660285245004,0.44831955994239103,0.10005216606778224,0.11720000435440459,0.7403978385026804,Tirap,FALSE,FALSE,FALSE,FALSE,0.20916030037395758,FALSE,FALSE,0.05575563528062044
Kctd11,-0.24711722818512882,0.18295052477175225,-0.24083182141225645,0.22443988314778326,-0.1394908960925889,0.596242609438247,Kctd11,FALSE,FALSE,FALSE,FALSE,0.20914664856332474,FALSE,FALSE,0.055751944001695815
Fbxl14,-0.35067592690749017,0.056125553687378926,-0.19366722346395182,0.2869556623442961,-0.08307982186962448,0.7475443841313373,Fbxl14,FALSE,FALSE,FALSE,FALSE,0.20914099074702217,FALSE,FALSE,0.055750414198899784
Lamc3,0.24650852959015435,0.2702159909007111,-0.030762380417173496,0.9114704850621738,0.35009623646986965,0.24200848289713714,Lamc3,FALSE,FALSE,FALSE,FALSE,0.20912238215906584,FALSE,FALSE,0.05574538266935491
Ostc,0.3682755550353072,0.061016914491829576,0.07903069086135073,0.7125456175887385,-0.1800485314746183,0.4963408178118363,Ostc,FALSE,FALSE,FALSE,FALSE,0.20911825912375873,FALSE,FALSE,0.05574426785215272
Crlf2,-0.1860942903603503,0.6829410624172643,-0.28896947542681894,0.5287597309359323,0.15209996808544346,0.8072004780906422,Crlf2,FALSE,FALSE,FALSE,FALSE,0.20905457795753757,FALSE,FALSE,0.05572704926092775
Sema4g,-0.29379172457124314,0.3957830372504935,-0.26236073935967164,0.4639395660622508,-0.07090637290290625,0.899722477455269,Sema4g,FALSE,FALSE,FALSE,FALSE,0.20901961227794033,FALSE,FALSE,0.05571759497829422
Cbx2,-0.41168635746621973,0.27040764079008545,-0.2087027368108787,0.5925030085466981,0.006602016593341142,0.9907500529601377,Cbx2,FALSE,FALSE,FALSE,FALSE,0.20899703695681318,FALSE,FALSE,0.05571149089369077
Rfk,0.3130013881649285,0.06880008266174083,0.17486715306033318,0.3230716869694704,0.1390271041498714,0.557735124964567,Rfk,FALSE,FALSE,FALSE,FALSE,0.20896521512504437,FALSE,FALSE,0.05570288666820668
Pde7a,0.12944411066785744,0.4492905384623004,0.2984006169741882,0.12351233695174244,0.19899680422183863,0.3893809453148289,Pde7a,FALSE,FALSE,FALSE,FALSE,0.20894717728796142,FALSE,FALSE,0.05569800946256262
4930448E22Rik,-0.3242261138187119,0.5753513535735558,-0.16211831989111347,0.7962366847144552,-0.14047936899031163,0.8752993193659248,4930448E22Rik,FALSE,FALSE,FALSE,FALSE,0.20894126756671233,FALSE,FALSE,0.055696411547818285
Zkscan1,0.2892568917938094,0.05799733387321416,0.26506589749253084,0.12061995108359509,0.07247641219335055,0.7440145915484206,Zkscan1,FALSE,FALSE,FALSE,FALSE,0.20893306715989693,FALSE,FALSE,0.05569419426033422
Rdh5,0.2259176826948508,0.6566263188251952,0.35634435739847337,0.47630657329358095,-0.0443944530347995,0.9625254956400278,Rdh5,FALSE,FALSE,FALSE,FALSE,0.20888549770937456,FALSE,FALSE,0.05568133207561078
Pxylp1,-0.24789117029224217,0.31887915303485187,-0.1267393246834767,0.6336786502065647,-0.2519124891616005,0.45520489533214187,Pxylp1,FALSE,FALSE,FALSE,FALSE,0.20884766137910646,FALSE,FALSE,0.055671101604923785
Dzank1,0.16102834547632838,0.25372709574258406,0.16022356652332803,0.2913102204408477,0.30522441948122125,0.1271905710602574,Dzank1,FALSE,FALSE,FALSE,FALSE,0.20882544382695922,FALSE,FALSE,0.05566509425657979
Ndst4,-0.30748067409309554,0.4514086123009039,-0.26861984897968405,0.5248357391192737,-0.05034765736007252,0.9412928407447815,Ndst4,FALSE,FALSE,FALSE,FALSE,0.20881606014428403,FALSE,FALSE,0.05566255702609617
Cops8,-0.21329078604584684,0.10277424314352014,-0.1890976298673701,0.1807582297364256,-0.22405553743950968,0.20537944218215956,Cops8,FALSE,FALSE,FALSE,FALSE,0.20881465111757555,FALSE,FALSE,0.05566217604288939
Tspan4,-0.4396070703004682,0.24684327523832703,-0.15902745490501013,0.6955975631325026,0.027764836170420804,0.9672576142655462,Tspan4,FALSE,FALSE,FALSE,FALSE,0.2087997871252997,FALSE,FALSE,0.055658157005202796
Mia2,0.2970892810360617,0.07573990170257532,0.18379252574312588,0.2898565569205746,0.14550530265803108,0.5287865855315325,Mia2,FALSE,FALSE,FALSE,FALSE,0.20879570314573956,FALSE,FALSE,0.055657052748186324
Susd4,-0.18670168828062073,0.5546379995364945,-0.2339962489725993,0.4685885682952225,0.20567127285793596,0.617092598556139,Susd4,FALSE,FALSE,FALSE,FALSE,0.20878973670371867,FALSE,FALSE,0.05565543949685439
Arap1,-0.16135633806380234,0.3847303556760009,-0.2900793202393537,0.16302366272243765,-0.17493346036147006,0.5059385997457012,Arap1,FALSE,FALSE,FALSE,FALSE,0.20878970622154203,FALSE,FALSE,0.055655431254854906
Ogfod2,-0.17694787018596347,0.28690119523780777,-0.2546615404154391,0.16931968225551924,-0.19471293220829544,0.3986146287865253,Ogfod2,FALSE,FALSE,FALSE,FALSE,0.20877411426989934,FALSE,FALSE,0.05565121538605623
Parp16,0.07300568123647855,0.8022262419812161,0.14714218208430418,0.598600567444625,0.40615896730230894,0.22487581069502433,Parp16,FALSE,FALSE,FALSE,FALSE,0.20876894354103057,FALSE,FALSE,0.05564981728561289
Gm7932,0.23113851238335614,0.8488731316952847,0.047723176699359326,0.972194723194104,0.34734257877487984,0.8394565203236111,Gm7932,FALSE,FALSE,FALSE,FALSE,0.20873475595253177,FALSE,FALSE,0.05564057338908494
Slc39a5,-0.2840880526424399,0.5116659439605304,-0.2569980734818049,0.5653072078301382,-0.08505039442406043,0.9023882759351294,Slc39a5,FALSE,FALSE,FALSE,FALSE,0.20871217351610175,FALSE,FALSE,0.05563446738059254
Abcg4,-0.22277432242881368,0.6201832344901208,0.08551300478422919,0.8561048857286463,0.3176001815424039,0.5643695690563701,Abcg4,FALSE,FALSE,FALSE,FALSE,0.2086291695851489,FALSE,FALSE,0.055612024155351054
Zc3h18,-0.2981122366249416,0.11841832847061663,-0.1960230581846023,0.3257895973021623,-0.13172882199696634,0.6288690343193462,Zc3h18,FALSE,FALSE,FALSE,FALSE,0.20862137226883673,FALSE,FALSE,0.05560991585849975
Cltc,0.3395432878980209,0.07281060083867312,0.2612763297914267,0.19322335011700129,0.025039964205623377,0.9401978230813419,Cltc,FALSE,FALSE,FALSE,FALSE,0.20861986063169033,FALSE,FALSE,0.055609507130713366
Klhl24,0.37573935831965155,0.08283360241168333,0.12165286249306462,0.6033752816527193,0.12837591754210642,0.6813412246544414,Klhl24,FALSE,FALSE,FALSE,FALSE,0.20858937945160752,FALSE,FALSE,0.05560126540068478
Scamp3,-0.2839109832633926,0.3528923325993291,-0.26791272442939507,0.39861203781631577,-0.07377413010285405,0.8808124843806986,Scamp3,FALSE,FALSE,FALSE,FALSE,0.20853261259854725,FALSE,FALSE,0.05558591635329802
Copa,-0.18132250438619657,0.18983473644815455,-0.22013697335667892,0.15960495987500192,-0.2240556373359368,0.24418727363987092,Copa,FALSE,FALSE,FALSE,FALSE,0.2085050383596041,FALSE,FALSE,0.05557846062381197
P2rx2,-0.00314496911228318,0.9958886595666324,-0.11644061538882455,0.853239939204169,0.505859536989398,0.4544863891536926,P2rx2,FALSE,FALSE,FALSE,FALSE,0.20848170716350192,FALSE,FALSE,0.05557215216006497
Cyp2t4,-0.17989681815220981,0.7867644415849234,-0.3929174300044218,0.5531354276812297,-0.05233945502663051,0.9625254956400278,Cyp2t4,FALSE,FALSE,FALSE,FALSE,0.20838456772775404,FALSE,FALSE,0.05554588687104439
Efhb,-0.07173117987021471,0.8762536054030983,-0.22015498995825739,0.6217601311171286,-0.33301256839242505,0.5679796663193235,Efhb,FALSE,FALSE,FALSE,FALSE,0.20829957940696572,FALSE,FALSE,0.05552290709159959
Slc25a29,-0.1848811659387155,0.3185041397049212,-0.3109174579376912,0.14033189235385934,-0.12902524596667586,0.6233849736559339,Slc25a29,FALSE,FALSE,FALSE,FALSE,0.20827462328102753,FALSE,FALSE,0.05551615926713928
Slirp,-0.0020794476890970692,0.9957015482547452,-0.4393664801265431,0.25130193226292036,-0.18335624359099612,0.7217757150744633,Slirp,FALSE,FALSE,FALSE,FALSE,0.20826739046887877,FALSE,FALSE,0.05551420360515652
Dmxl2,0.255563570424707,0.08908800555579745,0.19277658242920648,0.22575820224146992,0.176371573367601,0.3889473934382578,Dmxl2,FALSE,FALSE,FALSE,FALSE,0.20823724207383817,FALSE,FALSE,0.05550605185604298
Jam2,-0.4882599801450862,0.09916973245161555,-0.06462873983070327,0.8515462942269872,-0.07173112604402654,0.8845296362698789,Jam2,FALSE,FALSE,FALSE,FALSE,0.20820661533993867,FALSE,FALSE,0.05549777077008203
Traf1,-0.23128970012742078,0.6258912362640711,-0.13905102786987533,0.7840659324761762,-0.2540448336989103,0.6954083451765153,Traf1,FALSE,FALSE,FALSE,FALSE,0.20812852056540213,FALSE,FALSE,0.055476654919362836
Gins3,0.09573152283140418,0.8229289017841604,0.16370885919289058,0.6978082704157996,0.36494357015334566,0.4636490916249325,Gins3,FALSE,FALSE,FALSE,FALSE,0.20812798405921348,FALSE,FALSE,0.05547650985479665
Nrxn1,0.26784206564640023,0.10221434888025557,0.2486738618779203,0.16879956701889143,0.10786677711130821,0.649894386994797,Nrxn1,FALSE,FALSE,FALSE,FALSE,0.20812756821187625,FALSE,FALSE,0.05547639741487545
5930403N24Rik,0.02237320520806102,0.9750768320772762,-0.25951409563553995,0.70836786721416245,0.34245918130669095,0.6798613120520077,5930403N24Rik,FALSE,FALSE,FALSE,FALSE,0.2081154940500973,FALSE,FALSE,0.05547313271247767
Hopx,-0.37119731632772845,0.2510080229990451,-0.08595954879262502,0.8109825192371107,-0.1671399732754435,0.716232446307076,Hopx,FALSE,FALSE,FALSE,FALSE,0.20809894613193233,FALSE,FALSE,0.055468658362282555
Ttll12,-0.2962508549202867,0.08841092283439075,-0.22412071627964458,0.2088633125352467,-0.10379653444183035,0.6637036813491213,Ttll12,FALSE,FALSE,FALSE,FALSE,0.20805603521392055,FALSE,FALSE,0.055457055786510515
Ift22,-0.15116621041888845,0.32385415830109476,-0.23288002074945258,0.17177354314326648,-0.24001304798981327,0.25445387841808387,Ift22,FALSE,FALSE,FALSE,FALSE,0.20801975971938477,FALSE,FALSE,0.055447247346292486
App,-0.26176332852747564,0.10956542376760203,-0.18792593142358172,0.28069181546464617,-0.17421746610899902,0.44486998371893066,App,FALSE,FALSE,FALSE,FALSE,0.20796890868668547,FALSE,FALSE,0.05543349786277368
AC098883.2,0.17594701725643924,0.8204208230034371,0.2377836001685283,0.7621001360680744,0.21012447284394375,0.8517657334467509,AC098883.2,FALSE,FALSE,FALSE,FALSE,0.20795169675630376,FALSE,FALSE,0.05542884397197642
Gdi1,-0.2657786675219853,0.09370763753459439,-0.18793448227283793,0.2613324069934754,-0.17012756155798847,0.4351880865934207,Gdi1,FALSE,FALSE,FALSE,FALSE,0.20794690378427058,FALSE,FALSE,0.055427548012258826
Prkdc,0.35170590307313354,0.03864412666210684,0.20631701328397511,0.21545322800644753,0.06569955780210002,0.7856859702254747,Prkdc,FALSE,FALSE,FALSE,FALSE,0.20790749138640288,FALSE,FALSE,0.05541689139259639
Myh11,0.2907682559164072,0.643473628213988,0.3210286234873575,0.6194421209178991,-0.011722293041829812,0.9907500529601377,Myh11,FALSE,FALSE,FALSE,FALSE,0.2078397241485315,FALSE,FALSE,0.055398567978679945
Rab15,0.16472459650061788,0.6529730353007966,-0.24344388972319342,0.5359638342033833,0.21526527252333016,0.6623967494516975,Rab15,FALSE,FALSE,FALSE,FALSE,0.2078112529157138,FALSE,FALSE,0.055390869713264144
Rorb,0.02272507727398132,0.9442968383698496,0.4718110386909622,0.13287841853167795,0.1288286512670327,0.758342963913753,Rorb,FALSE,FALSE,FALSE,FALSE,0.20778825574399207,FALSE,FALSE,0.055384651565533745
Lrrc20,-0.32509405079506637,0.30960915955989154,-0.24258829911528013,0.46476728553581453,-0.05566375460602346,0.9169876082763547,Lrrc20,FALSE,FALSE,FALSE,FALSE,0.20778203483879,FALSE,FALSE,0.05538296951053884
Tssk6,0.30099391784655105,0.5429881790078056,0.12097960811928168,0.8321323751297399,0.2010682274547955,0.786454588531769,Tssk6,FALSE,FALSE,FALSE,FALSE,0.20768058447354273,FALSE,FALSE,0.05535553860007547
Setd1b,0.14130613843217876,0.5210340121139145,0.1179219172417465,0.619953456660641,0.3637702357144583,0.2115258159712169,Setd1b,FALSE,FALSE,FALSE,FALSE,0.20766609712946119,FALSE,FALSE,0.05535162140335189
Frmd8,-0.3445961519621017,0.19012871029833042,-0.16828710534352265,0.5369214474303748,-0.1100008964302237,0.7748565220796638,Frmd8,FALSE,FALSE,FALSE,FALSE,0.2076280512452827,FALSE,FALSE,0.0553413342719073
Cabin1,-0.2879763223631242,0.052656631445157503,-0.23034789548195267,0.14563399502307858,-0.10452195292193256,0.6040907740219245,Cabin1,FALSE,FALSE,FALSE,FALSE,0.2076153902556698,FALSE,FALSE,0.05533791089859955
Pbx2,-0.239518757898888,0.20581408685927485,-0.33797176965518894,0.1261216494667396,-0.045234186242077534,0.8872434035113,Pbx2,FALSE,FALSE,FALSE,FALSE,0.20757490459871816,FALSE,FALSE,0.055326964083098354
Psg16,-0.34496757685876567,0.2918623107498507,-0.08950698103831245,0.8053680592737981,0.1882467915899726,0.6621080034450036,Psg16,FALSE,FALSE,FALSE,FALSE,0.20757378316235023,FALSE,FALSE,0.0553266608607243
D930048N14Rik,0.3438461556413049,0.5977534692386802,-0.22541722991212632,0.7683968157561343,0.0534447894042655,0.9660868653825796,D930048N14Rik,FALSE,FALSE,FALSE,FALSE,0.20756939165256558,FALSE,FALSE,0.05532547345137975
Abhd12,-0.2320537793331363,0.15044153772931307,-0.2814711495518898,0.1315695259837197,-0.10917945229397397,0.6428558246388795,Abhd12,FALSE,FALSE,FALSE,FALSE,0.20756812705966668,FALSE,FALSE,0.05532513152126942
Gm20324,-0.26226129592813086,0.5474606889685331,-0.007407615853370908,0.9872386800326817,-0.3529337657047521,0.550401885002387,Gm20324,FALSE,FALSE,FALSE,FALSE,0.20753422582875128,FALSE,FALSE,0.055315965052252065
Gm807,0.3707820442584713,0.28694362644485827,0.23762648800641095,0.5334950400603833,0.01415651993431899,0.9822347844287155,Gm807,FALSE,FALSE,FALSE,FALSE,0.2075216840664004,FALSE,FALSE,0.055312573916505424
Fsd2,0.08487547531936979,0.9336632756031844,0.48156656957420985,0.5827534880325388,0.05603713267016841,0.9703846237918002,Fsd2,FALSE,FALSE,FALSE,FALSE,0.20749305918791602,FALSE,FALSE,0.05530483410722218
March4,-0.36407954818821464,0.1293036859391393,-0.13345428671788007,0.5963426249807814,-0.12486359059437735,0.714375522940781,March4,FALSE,FALSE,FALSE,FALSE,0.20746580850015736,FALSE,FALSE,0.055297465861931475
Myo19,-0.4135569393633336,0.11282187765907992,-0.11950759708777237,0.6563051496349276,-0.08924727474281369,0.8126705624679939,Myo19,FALSE,FALSE,FALSE,FALSE,0.20743727039797322,FALSE,FALSE,0.05528974951587496
Abcc4,-0.19729150589978772,0.18933311990797744,-0.23382415463567785,0.16317635657006416,-0.19111003843741603,0.3574572286911746,Abcc4,FALSE,FALSE,FALSE,FALSE,0.20740856632429386,FALSE,FALSE,0.05528198829320106
Syt12,-0.28108757984689814,0.5102278859632107,-0.15765280659931924,0.7283878889536912,0.1834683964104995,0.7501573610949873,Syt12,FALSE,FALSE,FALSE,FALSE,0.20740292761890564,FALSE,FALSE,0.055280463657757344
Slc9a8,-0.1886547456467813,0.3222967322037291,-0.3291306460930796,0.1352466132251879,-0.10428484832548968,0.7142796038603582,Slc9a8,FALSE,FALSE,FALSE,FALSE,0.2073567466884502,FALSE,FALSE,0.055267976911501177
Slc8a1,0.2790969509887713,0.13071526387139806,0.20117732137746103,0.3035286561811794,0.14175996719038242,0.5939113230126288,Slc8a1,FALSE,FALSE,FALSE,FALSE,0.20734474651887158,FALSE,FALSE,0.05526473221566934
S100a16,-0.29645357310007014,0.25287461575646364,-0.18686503634064566,0.4917535289775416,-0.1386835622645144,0.7121974294248009,S100a16,FALSE,FALSE,FALSE,FALSE,0.20733405723507672,FALSE,FALSE,0.05526184196696516
Inafm1,-0.26219246673124097,0.26415305948725065,-0.34244483203494003,0.18269802350293032,0.0172663257077037,0.9679665286152154,Inafm1,FALSE,FALSE,FALSE,FALSE,0.20730120815796158,FALSE,FALSE,0.05525295998718171
1700010I14Rik,0.3094098255478379,0.33449718744617124,0.11701804613398004,0.753674965053926,0.19536684108073255,0.6768029330044387,1700010I14Rik,FALSE,FALSE,FALSE,FALSE,0.2072649042541835,FALSE,FALSE,0.055243143865459726
Dnm1,-0.20372999326651353,0.6427472130904501,-0.2530346187563941,0.576859379631759,0.16492477245213522,0.7921458943676372,Dnm1,FALSE,FALSE,FALSE,FALSE,0.20722979482501427,FALSE,FALSE,0.055233650714739034
Ccdc92b,-0.278252238189058,0.31778535729367524,-0.29795781218558215,0.31207004954883505,-0.04537596382246267,0.9260668732862938,Ccdc92b,FALSE,FALSE,FALSE,FALSE,0.20719533806570092,FALSE,FALSE,0.05522433403778791
Gm17816,-0.33549261310001277,0.673341856885603,0.21336727601882105,0.7900623300184164,-0.07259751307020867,0.9561166086653877,Gm17816,FALSE,FALSE,FALSE,FALSE,0.2071524673963475,FALSE,FALSE,0.05521274234474991
Plek,0.3116060325306411,0.11572319761117383,0.157318282801151,0.4536964246583487,0.15242424224543516,0.5886083323760776,Plek,FALSE,FALSE,FALSE,FALSE,0.20711618585907576,FALSE,FALSE,0.05520293227065162
Mctp2,0.3385860822955786,0.2199821916232632,0.08428475871807883,0.7998118566062874,0.19844088233010737,0.6191685364311297,Mctp2,FALSE,FALSE,FALSE,FALSE,0.20710390778125495,FALSE,FALSE,0.055199612431905416
Rad51b,-0.008649301933287501,0.990651899895079,0.4886753805243994,0.4513373713810351,0.1239863243930665,0.9097708286991968,Rad51b,FALSE,FALSE,FALSE,FALSE,0.20710366895025115,FALSE,FALSE,0.05519954785498778
Psmb10,-0.3188414486840747,0.1777348058530885,-0.2853304139052173,0.2509931658026106,-0.017107378450871735,0.9681997036345765,Psmb10,FALSE,FALSE,FALSE,FALSE,0.20709308034672125,FALSE,FALSE,0.05519668482896857
Igdcc4,-0.20449070011191584,0.3254331720450501,-0.21000109484213603,0.34432151937824074,-0.20671714491188364,0.4802748256302139,Igdcc4,FALSE,FALSE,FALSE,FALSE,0.2070696466219785,FALSE,FALSE,0.05519034864275894
Baalc,0.2422231204682883,0.5558024179175302,-0.05119996884345879,0.9173817457718378,0.32765328691369344,0.549747839381507,Baalc,FALSE,FALSE,FALSE,FALSE,0.20702545874181352,FALSE,FALSE,0.05517840079238485
Tmem33,0.26810887584510823,0.20903138111428268,0.2459578635444437,0.2871302699233349,0.10696604807901089,0.7461194659432941,Tmem33,FALSE,FALSE,FALSE,FALSE,0.2070109291561876,FALSE,FALSE,0.05517447217407575
Dph1,-0.25689760243761395,0.2557600264463182,-0.25003424363210414,0.2883805002121975,-0.11405733610947344,0.7274065720446323,Dph1,FALSE,FALSE,FALSE,FALSE,0.2069963940597305,FALSE,FALSE,0.055170542065706804
Tef,-0.42437212751270703,0.07863601658531666,-0.10190279470242469,0.7022393636703086,0.09469052052982274,0.7973629000844592,Tef,FALSE,FALSE,FALSE,FALSE,0.2069884809149848,FALSE,FALSE,0.05516840245029513
Agap2,-0.21231047551713633,0.6153352913067358,-0.3316321792242789,0.44273934512470553,0.07701959738068087,0.9098965040937579,Agap2,FALSE,FALSE,FALSE,FALSE,0.20698741737403203,FALSE,FALSE,0.05516811488211754
Wnk2,-0.3678612221768125,0.10682333414869673,-0.1419144528790941,0.5599302160948975,0.11118360504875113,0.7418553498688256,Wnk2,FALSE,FALSE,FALSE,FALSE,0.20698642670155257,FALSE,FALSE,0.05516784701666416
Rasgrf1,-0.20277542021629724,0.3392820824635016,-0.2056688000445419,0.3651755561451283,-0.21241232087241357,0.4794091216131907,Rasgrf1,FALSE,FALSE,FALSE,FALSE,0.2069521803777509,FALSE,FALSE,0.0551585872388446
Atp5c1,-0.11568819359057247,0.2901613047874157,-0.19626688781967871,0.12827348778031472,-0.3088647735652801,0.0684992308941451,Atp5c1,FALSE,FALSE,FALSE,FALSE,0.20693995165851042,FALSE,FALSE,0.05515528074604145
Phldb2,-0.10703947461108765,0.7674546525760478,-0.131373480779577,0.7291389229669599,-0.3823097238988753,0.4081648763702787,Phldb2,FALSE,FALSE,FALSE,FALSE,0.20690755976317998,FALSE,FALSE,0.055146522382497044
Cystm1,-0.18736483239216728,0.28120715588144113,-0.10866384777975746,0.5724957540172652,-0.3246866080280464,0.18062361102062527,Cystm1,FALSE,FALSE,FALSE,FALSE,0.20690509606665705,FALSE,FALSE,0.055145856229757574
Mfsd4b1,0.39834667875363255,0.4763570423880476,0.009156973499146466,0.9885680190559362,0.21302979077185985,0.805296368326678,Mfsd4b1,FALSE,FALSE,FALSE,FALSE,0.20684448100821295,FALSE,FALSE,0.05512946667574405
Pld4,-0.31087807565301495,0.3632955998034709,-0.04699630156372758,0.9023263997382117,-0.2626249854051088,0.5788118886888393,Pld4,FALSE,FALSE,FALSE,FALSE,0.20683312087395045,FALSE,FALSE,0.055126395037460175
8430429K09Rik,-0.13646397602712623,0.6072532308680872,-0.2269153188468369,0.3965253386387812,-0.2570967126243038,0.46199893899746625,8430429K09Rik,FALSE,FALSE,FALSE,FALSE,0.20682533583275564,FALSE,FALSE,0.055124290059647155
Phc1,-0.27977688614497165,0.12116319454980866,-0.3163854904062946,0.12426441805216319,-0.024277430435572178,0.9382619193940122,Phc1,FALSE,FALSE,FALSE,FALSE,0.2068132689956128,FALSE,FALSE,0.05512102733773941
Fgfr1,-0.3794872023213891,0.040457000377134976,-0.14122432935381735,0.4315987104213861,-0.09967909731547131,0.6877364194780291,Fgfr1,FALSE,FALSE,FALSE,FALSE,0.20679687633022592,FALSE,FALSE,0.055116594965954564
B430212C06Rik,0.38911342508396074,0.3471295099541979,0.2030774341725053,0.6660809391781337,0.028171625710108866,0.9709984408155377,B430212C06Rik,FALSE,FALSE,FALSE,FALSE,0.2067874949888583,FALSE,FALSE,0.05511405836853124
Endov,-0.21580978141996976,0.2539158641182922,-0.2601341974885214,0.20186884071327277,-0.14419796191510237,0.5903138884319951,Endov,FALSE,FALSE,FALSE,FALSE,0.20671398027453117,FALSE,FALSE,0.05509418090883425
Sergef,-0.23837786239050462,0.35526282298416345,-0.2996854608437407,0.2714301298889309,-0.08207246968110127,0.8392716934107318,Sergef,FALSE,FALSE,FALSE,FALSE,0.2067119309717822,FALSE,FALSE,0.055093626802990646
Gtpbp10,0.22211933747670987,0.2714287784011912,0.2547485877565254,0.23545674547003215,0.14324599886841227,0.6241050444616466,Gtpbp10,FALSE,FALSE,FALSE,FALSE,0.20670464136721586,FALSE,FALSE,0.055091655785048176
Hpse,-0.3784914122365326,0.14495330864436035,-0.10058256387020403,0.713739818599968,-0.14101804800985596,0.6936544590961399,Hpse,FALSE,FALSE,FALSE,FALSE,0.20669734137219753,FALSE,FALSE,0.05508968195765738
Smpd3,-0.3126358524200983,0.11017171652616557,-0.18657381469052758,0.35727230132172627,-0.1204857976295104,0.6645774646016186,Smpd3,FALSE,FALSE,FALSE,FALSE,0.20656515491337876,FALSE,FALSE,0.05505394039174493
2700062C07Rik,-0.38190272993652785,0.11556119278716111,-0.12983405009471438,0.6004476778296263,-0.10792635512153481,0.7504694413323157,2700062C07Rik,FALSE,FALSE,FALSE,FALSE,0.20655437838425902,FALSE,FALSE,0.05505102655299562
Brinp1,-0.2693134697781172,0.47940907441598724,0.32218023713633404,0.4022024116339983,0.02813955905205745,0.9679665286152154,Brinp1,FALSE,FALSE,FALSE,FALSE,0.20654442198883624,FALSE,FALSE,0.055048334468144916
Ankrd28,0.2372463243478613,0.17786705797678015,0.1275983310043154,0.5068726020531586,0.25460197354449576,0.2943649772118689,Ankrd28,FALSE,FALSE,FALSE,FALSE,0.20648220963222416,FALSE,FALSE,0.05503151302467567
Pacs2,-0.32300774535378984,0.05428956408387389,-0.20861519119655103,0.21425912568641653,-0.08769147407058764,0.7037178753758783,Pacs2,FALSE,FALSE,FALSE,FALSE,0.20643813687364285,FALSE,FALSE,0.05501959630173858
Col8a2,0.3967305813381823,0.3528923325993291,0.050390556341990855,0.9244647514882413,0.17209445299295734,0.8004555289780123,Col8a2,FALSE,FALSE,FALSE,FALSE,0.2064051968910435,FALSE,FALSE,0.055010689742248674
Adam19,0.366146522163308,0.3086669455167604,0.15961065757105752,0.699775373375869,0.09341361448706109,0.8800863548037948,Adam19,FALSE,FALSE,FALSE,FALSE,0.20639026474047553,FALSE,FALSE,0.05500665227541199
Slc2a4rg-ps,0.432555215558482,0.30508997053293435,0.1363426948322165,0.7878344251993196,-0.05019903281597937,0.9507355800574848,Slc2a4rg-ps,FALSE,FALSE,FALSE,FALSE,0.2063656477355593,FALSE,FALSE,0.05499999614503643
Arrdc3,0.10048806327147641,0.6452754020383616,0.3624890368623026,0.13194198036716423,0.1561021351475782,0.604382858141787,Arrdc3,FALSE,FALSE,FALSE,FALSE,0.20635974509378574,FALSE,FALSE,0.054998400144493774
Polr1c,-0.2325305800123827,0.05453671284523709,-0.14801236540638474,0.22308816444723586,-0.23852957871072356,0.1338577043485682,Polr1c,FALSE,FALSE,FALSE,FALSE,0.20635750804316366,FALSE,FALSE,0.054997795273972444
Myom1,-0.599701875580339,0.26056510997592985,0.010914550755990682,0.9848780202720052,-0.008416996165389934,0.9913286600395865,Myom1,FALSE,FALSE,FALSE,FALSE,0.2063444741672399,FALSE,FALSE,0.05499427107686793
Irgq,-0.2713390426000277,0.1454795966004321,-0.2085215356766863,0.29556947914630743,-0.13917032604058033,0.6071956733394005,Irgq,FALSE,FALSE,FALSE,FALSE,0.20634363477243145,FALSE,FALSE,0.05499404411500557
Cybrd1,-0.45131511614986586,0.13054378234781824,-0.16710353136996714,0.5884111863829882,-5.998240308970892e-4,0.9988142172743153,Cybrd1,FALSE,FALSE,FALSE,FALSE,0.20633949051691003,FALSE,FALSE,0.05499292356012272
Zfp133-ps,0.4615232882167981,0.0643268399061992,0.11700515544288059,0.6709717923754032,0.04047955016901472,0.9273792890499064,Zfp133-ps,FALSE,FALSE,FALSE,FALSE,0.2063359979428978,FALSE,FALSE,0.05499197921177284
Ube2d1,0.3075884128733568,0.08089762452443569,0.23129804022341727,0.20660506944315912,0.08000449028647028,0.7617236112997624,Ube2d1,FALSE,FALSE,FALSE,FALSE,0.2062969811277481,FALSE,FALSE,0.0549814295527319
Nup155,0.2878984615032394,0.05576731727755199,0.25453930199732167,0.12392065412312836,0.07641079406394358,0.7235207038937208,Nup155,FALSE,FALSE,FALSE,FALSE,0.20628285252150155,FALSE,FALSE,0.05497760935423407
Terf2,-0.3084938590811954,0.10459240527881557,-0.20910406895161016,0.2802269044084426,-0.10122923965418273,0.7049398058523204,Terf2,FALSE,FALSE,FALSE,FALSE,0.20627572256232943,FALSE,FALSE,0.05497568150241036
Gm42902,0.29137550069131335,0.4886084935939737,-0.06595297100204806,0.8966172196810334,0.2614698957716891,0.6573798774633489,Gm42902,FALSE,FALSE,FALSE,FALSE,0.20626612248835016,FALSE,FALSE,0.05497308576242337
Gm10432,0.1310169406363998,0.8730744030607788,-0.4847597814914185,0.5656675978904805,-0.0030199239728622013,0.997766082285734,Gm10432,FALSE,FALSE,FALSE,FALSE,0.20626554870022684,FALSE,FALSE,0.05497293061728814
Eif2b5,-0.18200018435250165,0.1609744087337025,-0.2344783065981737,0.12243118855820584,-0.20230812877140192,0.2546139087629604,Eif2b5,FALSE,FALSE,FALSE,FALSE,0.20626220657402575,FALSE,FALSE,0.05497202694814554
Gm12592,-0.07057324854457672,0.9251825132384155,0.32965421560505437,0.6116523013722733,0.21855233210723268,0.8160706567923424,Gm12592,FALSE,FALSE,FALSE,FALSE,0.20625993208562127,FALSE,FALSE,0.05497141195491588
Vasn,-0.35908431735571567,0.17088108669381252,-0.2526977997262958,0.34711013538464913,-0.0069670516388598,0.987007007124099,Vasn,FALSE,FALSE,FALSE,FALSE,0.2062497229069571,FALSE,FALSE,0.05496865152063692
Bloc1s4,0.09176074496412001,0.7463189010361165,0.05187821469140763,0.8654982342513181,0.47492731310898684,0.1537328596831151,Bloc1s4,FALSE,FALSE,FALSE,FALSE,0.20618875758817148,FALSE,FALSE,0.054952167260605894
Tsc22d3,-0.5010588225925812,0.15044153772931307,0.09797589765377346,0.811959235721534,-0.01951271658625231,0.9760940538467167,Tsc22d3,FALSE,FALSE,FALSE,FALSE,0.2061824789442023,FALSE,FALSE,0.054950469593770195
Cmtm6,-0.26622338309495497,0.0403330919229201,-0.1520863748372685,0.22930223786494727,-0.19997200462382736,0.2160746753329498,Cmtm6,FALSE,FALSE,FALSE,FALSE,0.20609392085201694,FALSE,FALSE,0.054926524592767756
Cry1,0.18877357258836192,0.5679689301535046,0.35275367335211794,0.2908778103398009,0.07674864980543816,0.8868769607477045,Cry1,FALSE,FALSE,FALSE,FALSE,0.20609196524863935,FALSE,FALSE,0.05492599582206277
Klhl2,0.299326631467288,0.1927475678372667,0.17271212344294096,0.4896664998478474,0.14609631163746606,0.667304825320646,Klhl2,FALSE,FALSE,FALSE,FALSE,0.206045022182565,FALSE,FALSE,0.054913303003863226
Pcdhb5,-0.33144439434782,0.3380970008053757,-0.2386840765641225,0.5070892670556649,-0.04796151565579643,0.9346527986232642,Pcdhb5,FALSE,FALSE,FALSE,FALSE,0.20602999552257964,FALSE,FALSE,0.054909239982861596
C87436,-0.3168869722925183,0.1406351560558562,-0.1678423670781335,0.4478165425848194,-0.13334029873902287,0.6573798774633489,C87436,FALSE,FALSE,FALSE,FALSE,0.20602321270322488,FALSE,FALSE,0.054907405993304674
Brd1,-0.2882442477631333,0.03709196898568159,-0.22697352454605024,0.1185524866650668,-0.10270256628730845,0.5599787778067897,Brd1,FALSE,FALSE,FALSE,FALSE,0.20597344619883065,FALSE,FALSE,0.05489394975268114
Secisbp2l,0.1641140680237143,0.24707399092265328,0.24876066662253482,0.13249902234155334,0.20501280189698612,0.2973627393954329,Secisbp2l,FALSE,FALSE,FALSE,FALSE,0.20596251218107842,FALSE,FALSE,0.05489099333097446
B930095G15Rik,0.21589270243481806,0.15617548474171714,0.18420834709579115,0.25731729974165796,0.21769082162975284,0.2938618654252344,B930095G15Rik,FALSE,FALSE,FALSE,FALSE,0.2059306237201207,FALSE,FALSE,0.05488237108979067
Zfp473,-0.4156528852075204,0.33420924144711833,-0.04473149899871898,0.9274678559839745,0.1573830690167466,0.7979012849547554,Zfp473,FALSE,FALSE,FALSE,FALSE,0.205922484407662,FALSE,FALSE,0.05488017032145688
Wls,0.2961440831919777,0.049782262731491264,0.2435507399008836,0.1341276004190071,0.0780366833850934,0.713382629184324,Wls,FALSE,FALSE,FALSE,FALSE,0.20591050215931825,FALSE,FALSE,0.054876930471302904
Rhebl1,0.144577937538787,0.7400255762890934,0.393089506310756,0.3269403397181912,-0.08006008502609507,0.9082471205101105,Rhebl1,FALSE,FALSE,FALSE,FALSE,0.20590917629187935,FALSE,FALSE,0.05487657197332299
Snapc4,-0.3412276201174964,0.0999833095098056,-0.1540004955195502,0.4596511487589347,-0.12244653782211001,0.6638082036321433,Snapc4,FALSE,FALSE,FALSE,FALSE,0.20589155115305222,FALSE,FALSE,0.054871806356127886
Gm26461,-0.03052771704311219,0.9305595932485962,-0.03078342083835217,0.9329177574445945,-0.5562991329396922,0.18061343796298449,Gm26461,FALSE,FALSE,FALSE,FALSE,0.20587009027371886,FALSE,FALSE,0.054866003602653084
Exoc7,-0.3023403587503939,0.09127372583915803,-0.22112133163702197,0.2338582518089044,-0.09385342842125954,0.7158198493268959,Exoc7,FALSE,FALSE,FALSE,FALSE,0.20577170626955846,FALSE,FALSE,0.054839401797892956
Nit2,0.2386341258143525,0.32166410820311175,0.1909621005629374,0.45417920846154314,0.18770817734279976,0.5819837462150098,Nit2,FALSE,FALSE,FALSE,FALSE,0.2057681345733632,FALSE,FALSE,0.05483843605589395
Lsr,-0.1706593006860091,0.2999998912940723,-0.16849670671914918,0.333739231447387,-0.2781269201552039,0.2204592690840769,Lsr,FALSE,FALSE,FALSE,FALSE,0.20576097585345407,FALSE,FALSE,0.054836500427526504
Ino80e,-0.32275919698874267,0.08602640390421634,-0.0804110525550259,0.6828022441273592,-0.21409185688595,0.3758240347301949,Ino80e,FALSE,FALSE,FALSE,FALSE,0.20575403547657287,FALSE,FALSE,0.05483462383638416
Pkib,-0.4943605766250516,0.05799733387321416,-0.08891506270649518,0.7357481070090026,-0.03398563766291485,0.9347491177293159,Pkib,FALSE,FALSE,FALSE,FALSE,0.20575375899815387,FALSE,FALSE,0.05483454908007611
C130013H08Rik,0.09418242237760999,0.8168583397129657,0.23828982108820806,0.5280407464470854,0.2847721662021383,0.5603327662620621,C130013H08Rik,FALSE,FALSE,FALSE,FALSE,0.20574813655598545,FALSE,FALSE,0.05483302884200371
Il33,0.1654953540062052,0.6742220243816085,0.07404088925938401,0.8657283681631889,0.3776783471568832,0.4438146471736768,Il33,FALSE,FALSE,FALSE,FALSE,0.2057381968074908,FALSE,FALSE,0.05483034125827426
Utp23,0.2541291637184955,0.16573430699159306,0.26058196369878717,0.18694027203838565,0.10248749847304284,0.7071222817241728,Utp23,FALSE,FALSE,FALSE,FALSE,0.20573287529677517,FALSE,FALSE,0.054828902388304554
Ptpn2,0.16220149930541705,0.3996556468889322,0.37971030895361224,0.09835563284088865,0.07505674428579745,0.8036632174805637,Ptpn2,FALSE,FALSE,FALSE,FALSE,0.20565618418160891,FALSE,FALSE,0.05480816606953099
Acta2,-0.29319431073123003,0.5836645407744375,0.20450667534510947,0.6990175401895781,0.11916925406561774,0.8811480874391052,Acta2,FALSE,FALSE,FALSE,FALSE,0.2056234133806524,FALSE,FALSE,0.05479930525464225
Tsc22d4,-0.2927849242014249,0.2586627211219247,-0.3079678754661046,0.265724484379953,-0.016066252386007562,0.9726791585577116,Tsc22d4,FALSE,FALSE,FALSE,FALSE,0.20560635068451236,FALSE,FALSE,0.05479469171491826
Eif4g1,-0.19141218781952496,0.2778553592892094,-0.1791021596045006,0.34906179077309546,-0.2461781381257726,0.3198924465078698,Eif4g1,FALSE,FALSE,FALSE,FALSE,0.20556416184993273,FALSE,FALSE,0.05478328438147903
Gm29417,0.2434929413245417,0.6435270964820903,-0.19820572891349342,0.7379784277161371,-0.1749246174842406,0.8346485080070303,Gm29417,FALSE,FALSE,FALSE,FALSE,0.20554109590742523,FALSE,FALSE,0.054777047638987914
Ppp1r12c,-0.2848529046019639,0.07010207635025392,-0.23117554895725778,0.1651567524401833,-0.100463036169538,0.6440346170487203,Ppp1r12c,FALSE,FALSE,FALSE,FALSE,0.2054971632429199,FALSE,FALSE,0.05476516879573756
Men1,-0.3380410416988786,0.09431191754459184,-0.1531850943574975,0.4607676814828954,-0.12510361542517678,0.6577656820609833,Men1,FALSE,FALSE,FALSE,FALSE,0.20544325049385095,FALSE,FALSE,0.05475059146238899
Cdc20,0.18859224302065541,0.7332784572041158,0.06787133119740724,0.911737854262108,0.3598236004036364,0.6077926607531411,Cdc20,FALSE,FALSE,FALSE,FALSE,0.20542905820723303,FALSE,FALSE,0.05474675404551486
Six4,0.20807995103092036,0.15444433103445177,0.29269828464383885,0.09955301218514566,0.11542071000414911,0.5834785963223479,Six4,FALSE,FALSE,FALSE,FALSE,0.2053996485596361,FALSE,FALSE,0.054738802044474504
Pkp2,-0.07362368218837823,0.7636181367590618,0.3288038906207964,0.1674980978887916,0.21375494017987595,0.4802323611650335,Pkp2,FALSE,FALSE,FALSE,FALSE,0.20539417099635018,FALSE,FALSE,0.05473732097984071
Prr36,-0.2508931188672596,0.41953210388747,-0.32689692246858204,0.3129679738151863,-0.038356824392603794,0.9423815786646674,Prr36,FALSE,FALSE,FALSE,FALSE,0.2053822885761485,FALSE,FALSE,0.05473410812196832
Heca,0.25887525251606647,0.20521751170412528,0.2986284701988229,0.18598641846202824,-0.05862660672524367,0.8667306917353391,Heca,FALSE,FALSE,FALSE,FALSE,0.20537677648004435,FALSE,FALSE,0.0547326177200922
Cir1,0.1930042580666913,0.2807499826141951,0.2827973431855768,0.15383544683701847,0.14031115339206002,0.5845286270681717,Cir1,FALSE,FALSE,FALSE,FALSE,0.20537091821477604,FALSE,FALSE,0.054731033718401774
Tmed3,-0.04953355244131519,0.8031730859907206,-0.28942073394741286,0.15371241834896676,-0.2770921266450408,0.263028780668114,Tmed3,FALSE,FALSE,FALSE,FALSE,0.2053488043445896,FALSE,FALSE,0.05472505440436378
Trim28,-0.27520027945854864,0.09094840874864964,-0.22812107780961366,0.19157596201585197,-0.11242142804630983,0.629283199765418,Trim28,FALSE,FALSE,FALSE,FALSE,0.20524759510482404,FALSE,FALSE,0.05469768869121619
Gpr19,-0.09911739310631695,0.5654598735320604,-0.3111726149878469,0.1156090072283418,-0.2054180112423225,0.3669246121980078,Gpr19,FALSE,FALSE,FALSE,FALSE,0.20523600644549544,FALSE,FALSE,0.05469455526261139
Psma4,-0.18542909961787757,0.21606764024337666,-0.11631314832050155,0.47146195192402135,-0.31377112780936667,0.13822744191326178,Psma4,FALSE,FALSE,FALSE,FALSE,0.2051711252492486,FALSE,FALSE,0.05467701219826987
Polr1d,-0.05872745363055554,0.7032996765374163,-0.23782851538648497,0.1461016191169466,-0.3188816066876239,0.12049300589085365,Polr1d,FALSE,FALSE,FALSE,FALSE,0.20514585856822146,FALSE,FALSE,0.05467018040359596
Stard13,-0.2511585064670978,0.2344022091834865,-0.22994727344878818,0.3035286561811794,-0.1342795117040625,0.6593689455770281,Stard13,FALSE,FALSE,FALSE,FALSE,0.20512843053998284,FALSE,FALSE,0.05466546808263978
Cd82,-0.1773666599163075,0.4078882288528471,-0.2952364407299761,0.20245098351647586,-0.14269215060089735,0.6440598762475647,Cd82,FALSE,FALSE,FALSE,FALSE,0.20509841708239365,FALSE,FALSE,0.054657352818926155
Hpn,-0.1886754928495552,0.6724981360081108,-0.1402165186252578,0.7663132045105532,0.2863803281599752,0.6026450239941397,Hpn,FALSE,FALSE,FALSE,FALSE,0.20509077987826274,FALSE,FALSE,0.054655287814407004
Pappa,0.2664669210319439,0.4313593802836893,0.1443482467577457,0.7048651419804823,-0.2044310503053275,0.6933502956664442,Pappa,FALSE,FALSE,FALSE,FALSE,0.20508207269833903,FALSE,FALSE,0.05465293350180996
Tmem53,-0.3959900977922395,0.11231506303557022,-0.12563347734259445,0.6210458497470788,0.09355550052312034,0.7857274676140475,Tmem53,FALSE,FALSE,FALSE,FALSE,0.20505969188598475,FALSE,FALSE,0.05464688200994701
Pcnx3,-0.3201280752791158,0.10273935842207439,-0.19816764597191838,0.3343208573142701,-0.09681668073237581,0.7414382488637913,Pcnx3,FALSE,FALSE,FALSE,FALSE,0.20503746732780334,FALSE,FALSE,0.05464087276725896
Rab1a,0.32184635315186316,0.05792927191402524,0.23934938128645822,0.1807637213998195,0.05391553592935683,0.8392716934107318,Rab1a,FALSE,FALSE,FALSE,FALSE,0.2050370901225594,FALSE,FALSE,0.054640770775676695
Ap4b1,0.48965797065715444,0.10090539617897373,0.07705871308536949,0.8310215491155629,-0.04794874865352883,0.9308707838816256,Ap4b1,FALSE,FALSE,FALSE,FALSE,0.2048884774653509,FALSE,FALSE,0.05460058777107465
Jagn1,-0.35681435119602156,0.05268865774388297,-0.13231752482500703,0.45684044867027696,-0.1254913693852835,0.5987037601073929,Jagn1,FALSE,FALSE,FALSE,FALSE,0.20487441513543736,FALSE,FALSE,0.054596785492868706
Cadps,0.26000454013824914,0.08355190747209663,0.27894667227463366,0.11036521115468788,0.07557264334251901,0.7342904374456407,Cadps,FALSE,FALSE,FALSE,FALSE,0.2048412852518006,FALSE,FALSE,0.05458782758651236
Gle1,-0.10917287518131058,0.5770394783012438,-0.3118983354852478,0.14656943276270237,-0.19341166878251936,0.4637710952718513,Gle1,FALSE,FALSE,FALSE,FALSE,0.2048276264830259,FALSE,FALSE,0.05458413442619317
Glb1l2,0.16615217034634222,0.43236774744279904,0.2995054635036625,0.18285657238127678,0.14876214985819392,0.6192376015098673,Glb1l2,FALSE,FALSE,FALSE,FALSE,0.20480659456939954,FALSE,FALSE,0.05457844765968275
Rftn1,-0.2495713995985649,0.35717366178503723,-0.31133492564060283,0.2751346941568714,-0.0534537319147681,0.9044557673763675,Rftn1,FALSE,FALSE,FALSE,FALSE,0.20478668571797862,FALSE,FALSE,0.05457306455515252
Rtl1,0.2544279672420995,0.4299761520732134,0.2606860609094248,0.4443694934648041,0.09923977824836161,0.8520898642323667,Rtl1,FALSE,FALSE,FALSE,FALSE,0.2047846021332953,FALSE,FALSE,0.05457250117990245
Strn4,-0.24094201228630663,0.1347274504868778,-0.2456112697022368,0.16624462768238393,-0.12772262646567345,0.5757955720636947,Strn4,FALSE,FALSE,FALSE,FALSE,0.20475863615140563,FALSE,FALSE,0.05456548030301775
Astn2,-0.30491992432565906,0.3450172349031964,0.12941229513250585,0.699775373375869,0.1799209682890739,0.6753156391320772,Astn2,FALSE,FALSE,FALSE,FALSE,0.20475106258241293,FALSE,FALSE,0.054563432504644425
Zbed5,0.29643330219190034,0.15956461178486883,0.2726206798150925,0.22362541810982733,0.04504039156538919,0.9032636414194102,Zbed5,FALSE,FALSE,FALSE,FALSE,0.20469812452412736,FALSE,FALSE,0.054549118715498404
Zfp414,-0.29407939092947855,0.44549712970417044,-0.2948331711159149,0.4572739104603423,-0.02515629405043196,0.9693175565461654,Zfp414,FALSE,FALSE,FALSE,FALSE,0.20468961869860847,FALSE,FALSE,0.05454681884661516
Fbxw17,-0.11415630808357546,0.645110350977528,-0.3063738310680133,0.22757613897618562,-0.19353108981951372,0.5572624935729553,Fbxw17,FALSE,FALSE,FALSE,FALSE,0.20468707632370084,FALSE,FALSE,0.05454613142022408
Enpp4,0.2659288016772594,0.09230460330460367,0.2497018160118083,0.1497476064857061,0.09841785020133198,0.6639649189738192,Enpp4,FALSE,FALSE,FALSE,FALSE,0.20468282263013324,FALSE,FALSE,0.054544981274661695
Rarg,-0.2584470912286507,0.25895828254069814,-0.2899518668716432,0.23536683068054728,-0.06544306578006331,0.8601078292105824,Rarg,FALSE,FALSE,FALSE,FALSE,0.20461400796011908,FALSE,FALSE,0.054526374648188505
Glmp,-0.27108915086293095,0.19012871029833042,-0.216977678952877,0.3228295578834808,-0.12570455334371555,0.6770675819992295,Glmp,FALSE,FALSE,FALSE,FALSE,0.2045904610531745,FALSE,FALSE,0.05452000785892646
Mef2a,0.33467240982874724,0.13464737296340484,0.19436905881381694,0.41795663594397386,0.08472978188045932,0.8124349429659031,Mef2a,FALSE,FALSE,FALSE,FALSE,0.20459041684100784,FALSE,FALSE,0.05451999590450933
Map10,0.3252060271802364,0.08494746283512687,0.2525902885540816,0.20196449138564118,-0.03593370959527853,0.9113082659190264,Map10,FALSE,FALSE,FALSE,FALSE,0.20457667510986552,FALSE,FALSE,0.0545162803122031
Rasgef1c,0.18763978915200677,0.7403752244821562,0.19761407587117627,0.7339872573038496,-0.22844460121561766,0.7856859702254747,Rasgef1c,FALSE,FALSE,FALSE,FALSE,0.20456615541293358,FALSE,FALSE,0.05451343591766653
Ptn,0.10817039559366393,0.6423371064297342,0.15965636816530804,0.5076088132851752,0.345710884965877,0.25716025112894175,Ptn,FALSE,FALSE,FALSE,FALSE,0.20451254957494966,FALSE,FALSE,0.05449894156923844
Esyt1,-0.22311182667411433,0.2865450924730403,-0.2545274041772023,0.2591057418763741,-0.13583307863387883,0.6573798774633489,Esyt1,FALSE,FALSE,FALSE,FALSE,0.2044907698283985,FALSE,FALSE,0.05449305259805432
Ehf,0.3890589381256033,0.33223953782072746,-0.08782636438762959,0.860452660195402,0.1364722098119704,0.8379878925494353,Ehf,FALSE,FALSE,FALSE,FALSE,0.2044525041084011,FALSE,FALSE,0.05448270602575262
Sparc,0.33244010366312526,0.2711244380973106,0.05649965576358351,0.878213322370923,0.22435638708263017,0.6140787433215946,Sparc,FALSE,FALSE,FALSE,FALSE,0.2044320488364463,FALSE,FALSE,0.0544771751759412
Bzw1,0.30012284080259466,0.1988621622719327,0.271169985393076,0.2842259887151532,0.041975717785362576,0.9217800069562034,Bzw1,FALSE,FALSE,FALSE,FALSE,0.20442284799367774,FALSE,FALSE,0.05447468738308253
Pex11g,0.20013357429108591,0.5232617874134783,-0.2843805741838108,0.40513899604631437,0.12870151681919495,0.7842715445684607,Pex11g,FALSE,FALSE,FALSE,FALSE,0.20440522176469722,FALSE,FALSE,0.05446992147112358
Fundc2,0.3740359371491442,0.09852016257814526,0.23744401281228278,0.3183938602773265,-0.0016677016648776188,0.9959836244907013,Fundc2,FALSE,FALSE,FALSE,FALSE,0.20438255054210153,FALSE,FALSE,0.05446379145596196
Pot1a,0.22755867571000188,0.1412447290188716,0.2626919101007843,0.13385386958283618,0.12280884751202858,0.5793027975647883,Pot1a,FALSE,FALSE,FALSE,FALSE,0.20435314444093824,FALSE,FALSE,0.05445584041383293
S1pr3,-0.13445240274657877,0.6882238335285857,-0.302412048623397,0.3649523092278782,0.17602685928304362,0.6831724968112778,S1pr3,FALSE,FALSE,FALSE,FALSE,0.20429710355100647,FALSE,FALSE,0.054440687657800364
Lhfpl3,0.45437381287482204,0.06685610684488208,0.14638269501659273,0.5802323353262716,0.011956736583889516,0.9784661064776469,Lhfpl3,FALSE,FALSE,FALSE,FALSE,0.20423774815843476,FALSE,FALSE,0.0544246387016908
Pdzd8,0.2625818704210854,0.1090493413248515,0.2574809469110111,0.15721984680009796,0.09261598410004357,0.7037178753758783,Pdzd8,FALSE,FALSE,FALSE,FALSE,0.20422626714404668,FALSE,FALSE,0.05442153437893217
Efcab12,0.012940601387101403,0.9741370035611857,-0.132517883605618,0.7248808300778413,0.4671997917601429,0.25916219418382946,Efcab12,FALSE,FALSE,FALSE,FALSE,0.20421942558428743,FALSE,FALSE,0.05441968450670423
Pkig,-0.23856282051830213,0.14145779174609385,-0.207943938479775,0.22557911324474583,-0.16607130865776565,0.4529967964507363,Pkig,FALSE,FALSE,FALSE,FALSE,0.20419268921861425,FALSE,FALSE,0.05441245532767555
Bche,0.4875791021379845,0.17631410210085877,0.08425134938621603,0.8468771031142535,-0.0406031123709516,0.9526965180433054,Bche,FALSE,FALSE,FALSE,FALSE,0.20414452129838404,FALSE,FALSE,0.054399431324224985
Cd48,0.1999009551843022,0.6876716943101787,0.31333053884985196,0.5194868654821532,-0.09914897615271187,0.9044011772078193,Cd48,FALSE,FALSE,FALSE,FALSE,0.20412682339562202,FALSE,FALSE,0.05439464603257156
Atxn7l1,0.2017583958231821,0.23448495128816918,0.19507372227548414,0.27633485072511704,0.21552184652938644,0.3489998163289769,Atxn7l1,FALSE,FALSE,FALSE,FALSE,0.2041179882093509,FALSE,FALSE,0.05439225710865848
2610307P16Rik,0.27873308980095546,0.3475615246082374,0.3034543586637706,0.32592957413947643,-0.030120107634398874,0.9579336101530627,2610307P16Rik,FALSE,FALSE,FALSE,FALSE,0.2041025186997083,FALSE,FALSE,0.0543880743466459
Atp6v1c2,-0.38054913560461023,0.19490713897859338,-0.10637149998823814,0.7349143434279936,-0.12536217110239978,0.7667480930376989,Atp6v1c2,FALSE,FALSE,FALSE,FALSE,0.20409426889841606,FALSE,FALSE,0.054385843703512814
Fads6,-0.25975288928383433,0.49600672794363865,-0.24963551393112438,0.522829519524485,-0.10281767964765764,0.8617068038132876,Fads6,FALSE,FALSE,FALSE,FALSE,0.2040686942875388,FALSE,FALSE,0.05437892864845707
Tmem222,-0.24426180758597216,0.1225294254566307,-0.25287148328181264,0.14942689218103428,-0.11504363472918122,0.6047686111283912,Tmem222,FALSE,FALSE,FALSE,FALSE,0.20405897519898866,FALSE,FALSE,0.054376300728418
Dpy19l3,-0.195121717539946,0.21375180168449262,-0.2552255860670378,0.14922249340217833,-0.16182123564291562,0.45520489533214187,Dpy19l3,FALSE,FALSE,FALSE,FALSE,0.20405617974996648,FALSE,FALSE,0.0543755448739502
Lpar4,0.1684518335789036,0.6880242732236963,-0.2693766550164629,0.545799380938466,0.17433479474407831,0.7658239997536922,Lpar4,FALSE,FALSE,FALSE,FALSE,0.20405442777981495,FALSE,FALSE,0.05437507116312379
Aqp1,0.11342967053467645,0.8321745887996385,0.07967096560867981,0.888040165254959,0.4190379543959759,0.5042996409130537,Aqp1,FALSE,FALSE,FALSE,FALSE,0.20404619684644407,FALSE,FALSE,0.054372845621640756
Slit2,0.24120539070991587,0.23586807047282995,0.23346967507006955,0.28949165066078364,0.1374021167442523,0.6487905668716706,Slit2,FALSE,FALSE,FALSE,FALSE,0.20402572750807924,FALSE,FALSE,0.05436731096844792
Gm43737,-0.30416974764698645,0.32274164240563485,-0.0043018177365985455,0.9893311686346192,-0.30340713259548946,0.4653466312395885,Gm43737,FALSE,FALSE,FALSE,FALSE,0.2039595659930248,FALSE,FALSE,0.05434942172190696
Syt5,-0.24528712124168628,0.1780468774851776,-0.15875949003891776,0.4097255660280858,-0.20777329095171115,0.40802563862657043,Syt5,FALSE,FALSE,FALSE,FALSE,0.20393996741077172,FALSE,FALSE,0.054344122510280826
Ecpas,0.2707356575364015,0.056220512415930186,0.23550509891861626,0.13078105459057643,0.10550395231308407,0.5872846284148451,Ecpas,FALSE,FALSE,FALSE,FALSE,0.20391490292270062,FALSE,FALSE,0.05433734538605449
Pxmp4,-0.07042523185166916,0.7739342863427227,-0.31899604237843215,0.19340204879639786,-0.22230393446978525,0.47273442977821856,Pxmp4,FALSE,FALSE,FALSE,FALSE,0.20390840289996218,FALSE,FALSE,0.054335587861167184
Rassf9,0.20063782673275243,0.37541841210233406,0.23706764803299096,0.3183938602773265,0.17391317078083146,0.5892461206831642,Rassf9,FALSE,FALSE,FALSE,FALSE,0.2038728818488583,FALSE,FALSE,0.05432598341302133
Ylpm1,0.19325091510106684,0.1871595946070043,0.227730188765217,0.16648780582271683,0.19047876732326952,0.35139711412796376,Ylpm1,FALSE,FALSE,FALSE,FALSE,0.20381995706318445,FALSE,FALSE,0.05431167321262359
Kif1a,-0.29847788534072883,0.1718723731373125,-0.21926761428072616,0.3520224686960751,-0.09360691745887806,0.787019880890773,Kif1a,FALSE,FALSE,FALSE,FALSE,0.2037841390267777,FALSE,FALSE,0.05430198846336465
Ddx23,-0.2288933325817073,0.1115752788654373,-0.20284298665934575,0.19319649001917574,-0.17940175095929067,0.36266984049165635,Ddx23,FALSE,FALSE,FALSE,FALSE,0.20371269006678125,FALSE,FALSE,0.05428266955781329
Gm47071,-0.217595156671067,0.399874202249074,-0.10812819372072813,0.699775373375869,-0.2853558287018101,0.4155066938527845,Gm47071,FALSE,FALSE,FALSE,FALSE,0.2036930596978684,FALSE,FALSE,0.05427736175147174
Ccdc125,0.20798443360128327,0.6040041220094299,0.21680338979164704,0.600749241235631,0.1861760502402363,0.7424085677028015,Ccdc125,FALSE,FALSE,FALSE,FALSE,0.20365462454438887,FALSE,FALSE,0.054266969366474675
Pdp2,-0.30305896303044655,0.13145022832410025,-0.24117579163945102,0.2522924373187414,-0.06670367054739756,0.831761936042151,Pdp2,FALSE,FALSE,FALSE,FALSE,0.20364614173909837,FALSE,FALSE,0.054264675721973396
Nrg4,0.08634644184402451,0.8488731316952847,0.23946156497483306,0.5724973729225814,-0.2850362015891854,0.6359063770718255,Nrg4,FALSE,FALSE,FALSE,FALSE,0.20361473613601433,FALSE,FALSE,0.054256184039522114
Cab39l,0.26521034351930783,0.09646791195530949,0.20457196068733996,0.22575648399405318,0.14093849350010856,0.52681363362745115,Cab39l,FALSE,FALSE,FALSE,FALSE,0.20357359923558546,FALSE,FALSE,0.0542450611359263
Map7,-0.21072813340341057,0.2213032422499172,-0.13982506708119047,0.4493910110102658,-0.2601512688586487,0.272116105299102,Map7,FALSE,FALSE,FALSE,FALSE,0.20356815644774992,FALSE,FALSE,0.054243589474139535
Gm9821,-0.34756461859591625,0.3001034032164297,0.011899331829448911,0.9758235606273156,0.25123393537631067,0.5572624935729553,Gm9821,FALSE,FALSE,FALSE,FALSE,0.20356596193389195,FALSE,FALSE,0.05424299610502744
Gm23935,-0.08829142182977812,0.7622487172330679,-0.10584870181598127,0.7313258593589378,0.41649003893791203,0.263937480222375,Gm23935,FALSE,FALSE,FALSE,FALSE,0.20354338752789047,FALSE,FALSE,0.054236892267862526
Xpnpep1,-0.170207566806587,0.21782424606367687,-0.25602263824155713,0.1172186160026876,-0.1843684143678086,0.33208358919457537,Xpnpep1,FALSE,FALSE,FALSE,FALSE,0.2035328731386509,FALSE,FALSE,0.054234049308459625
Rxfp1,-0.08976015321646003,0.8856948108988039,0.013659923358174453,0.9842139940914723,-0.5071718320643237,0.5125642645955931,Rxfp1,FALSE,FALSE,FALSE,FALSE,0.20353063621298606,FALSE,FALSE,0.05423344447172517
Acvr1,0.15429213957370447,0.32903379377706615,0.2433811994695816,0.16375819859142324,0.21291446799677605,0.3250867372160071,Acvr1,FALSE,FALSE,FALSE,FALSE,0.20352926901335402,FALSE,FALSE,0.054233074798036955
2810405F17Rik,-0.23114182492105195,0.5095358364609619,-0.103989682363399,0.7859045493647401,-0.2754097260317182,0.5665884775804109,2810405F17Rik,FALSE,FALSE,FALSE,FALSE,0.20351374443872305,FALSE,FALSE,0.05422887714713992
Eef2k,-0.2936155749513478,0.08776313926082008,-0.2255798417997088,0.2011709830200725,-0.09109719449165121,0.7024748625539515,Eef2k,FALSE,FALSE,FALSE,FALSE,0.20343087041423594,FALSE,FALSE,0.05420646904698272
Mical2,-0.40846484888347145,0.06057188323532129,-0.08676301968990874,0.7036397267999698,-0.11506327333009025,0.7004461949458431,Mical2,FALSE,FALSE,FALSE,FALSE,0.20343038063449015,FALSE,FALSE,0.05420633661666253
Cyb5r1,-0.19087574935182428,0.38725456864554797,-0.24957518720761707,0.2831047720150802,-0.16979714279625568,0.582725202961002,Cyb5r1,FALSE,FALSE,FALSE,FALSE,0.20341602645189902,FALSE,FALSE,0.05420245542514121
Etv6,0.052747738947863,0.7624209549263573,0.29452112809691133,0.11285132306746327,0.26296380513184037,0.22197979763727838,Etv6,FALSE,FALSE,FALSE,FALSE,0.20341089072553822,FALSE,FALSE,0.054201066788938435
Ift140,-0.30166288504894023,0.11854095259265547,-0.22181376425376875,0.2727756949988538,-0.08671724751374299,0.7653695685493653,Ift140,FALSE,FALSE,FALSE,FALSE,0.20339796560548398,FALSE,FALSE,0.05419757199806142
Pask,0.17818784954227063,0.6718757186047474,-0.033234645837838306,0.9469783047149088,0.3987179859178247,0.44486998371893066,Pask,FALSE,FALSE,FALSE,FALSE,0.20338016043264454,FALSE,FALSE,0.05419275770192011
Spa17,-0.32281268762075976,0.17609749776136674,-0.2441761538147058,0.3180005601478314,0.042972782669572496,0.9098965040937579,Spa17,FALSE,FALSE,FALSE,FALSE,0.20332054136834601,FALSE,FALSE,0.054176637452271956
Lrfn2,-0.22708413786786297,0.5235894679950808,0.16942689348917472,0.6339315751485788,0.21343442574291727,0.6440346170487203,Lrfn2,FALSE,FALSE,FALSE,FALSE,0.20331515236665165,FALSE,FALSE,0.05417518033358535
Rgl3,-0.32786177830757435,0.22522528624043495,-0.13100430565649557,0.6521342817410232,0.1510049829917599,0.6831724968112778,Rgl3,FALSE,FALSE,FALSE,FALSE,0.20329035565194328,FALSE,FALSE,0.054168475611928675
Wdr72,-0.5529792487826568,0.06372917024986907,0.015841202888470907,0.960701738508381,0.040966632309799245,0.9290932173658183,Wdr72,FALSE,FALSE,FALSE,FALSE,0.20326236132697564,FALSE,FALSE,0.05416090629643337
D230017M19Rik,0.09794498347642544,0.7883455304782705,0.29849852393404364,0.373545515770801,0.21329243316092517,0.6442905195745641,D230017M19Rik,FALSE,FALSE,FALSE,FALSE,0.20324531352379807,FALSE,FALSE,0.054156296783580256
Camsap1,-0.3317473424427586,0.040457000377134976,-0.12393518511011781,0.428487815611131,-0.15401491732430905,0.4517468054469823,Camsap1,FALSE,FALSE,FALSE,FALSE,0.2032324816257285,FALSE,FALSE,0.05415282719876246
Pcbp3,-0.2754848602244415,0.3145214601676718,-0.23896443721651384,0.4094577365584219,-0.09519745527040424,0.824893794979805,Pcbp3,FALSE,FALSE,FALSE,FALSE,0.20321558423711986,FALSE,FALSE,0.05414825835612834
Sptbn4,-0.24978989932551254,0.4793692771666029,-0.22398164304877177,0.5474970921318569,0.13583923444382506,0.793830874849862,Sptbn4,FALSE,FALSE,FALSE,FALSE,0.20320359227270313,FALSE,FALSE,0.0541450158788697
Snx6,0.2631234097254218,0.09230711216701888,0.17088475552903226,0.2949021993373063,0.17559918563247034,0.409082037651014,Snx6,FALSE,FALSE,FALSE,FALSE,0.20320245029564146,FALSE,FALSE,0.05414470710254885
Atp5s,0.3032565379510581,0.22623502083039632,0.08331759260143157,0.7804299921681203,0.22289134038291802,0.5287865855315325,Atp5s,FALSE,FALSE,FALSE,FALSE,0.20315515697846923,FALSE,FALSE,0.054131919580831155
Tbc1d10b,-0.287163041992736,0.10683629907733029,-0.24491444447681587,0.19665710528955893,-0.07738170053277305,0.7730735839940973,Tbc1d10b,FALSE,FALSE,FALSE,FALSE,0.20315306233410832,FALSE,FALSE,0.05413135321518253
Zswim4,-0.46990459100185733,0.046193150571138854,-0.0896134014009018,0.6985310078579873,0.04992372333213346,0.8825719988378934,Zswim4,FALSE,FALSE,FALSE,FALSE,0.20314723857829753,FALSE,FALSE,0.05412977854441799
9330182L06Rik,0.32637782268137094,0.10646807305599486,0.20634496385024992,0.33410860402958964,0.07668020066164694,0.8096467725030331,9330182L06Rik,FALSE,FALSE,FALSE,FALSE,0.2031343290644226,FALSE,FALSE,0.05412628797325676
Tmsb15b1,-0.16989749146020824,0.7818015406837895,-0.04898390872517569,0.9414937342746121,-0.39035669393395495,0.6297341360634865,Tmsb15b1,FALSE,FALSE,FALSE,FALSE,0.2030793647064463,FALSE,FALSE,0.054111426298006506
Prdx6,-0.32060225618227367,0.05271036189280255,-0.14776547865769807,0.373121097723003,-0.1407820184892028,0.5243802984022411,Prdx6,FALSE,FALSE,FALSE,FALSE,0.2030499177763915,FALSE,FALSE,0.054103464216255635
Prr5,-0.39471226521093394,0.3472266528476119,-0.11536839381461772,0.8020756894068517,0.09903949796802392,0.876713687437313,Prr5,FALSE,FALSE,FALSE,FALSE,0.20304005233119185,FALSE,FALSE,0.05410079672320824
Snx11,-0.32703927361497476,0.08331131573459313,-0.16325777149969056,0.3817813863600023,-0.11873222001576611,0.6399736729957317,Snx11,FALSE,FALSE,FALSE,FALSE,0.20300975504347715,FALSE,FALSE,0.05409260471537703
Gdap1,0.3826979910748358,0.034025200692420224,0.2103338736444007,0.2253861355812503,0.01593195823206095,0.9586602010760729,Gdap1,FALSE,FALSE,FALSE,FALSE,0.20298794098376582,FALSE,FALSE,0.05408670646634337
Trmt10c,0.292494023160085,0.2187167299953903,0.30424684744800157,0.23526982677254285,0.01214920472271075,0.9779166711917642,Trmt10c,FALSE,FALSE,FALSE,FALSE,0.2029633584435991,FALSE,FALSE,0.05408005965480522
Abi2,0.16693582727048906,0.32654857863708986,0.2713698761757186,0.15770178933733603,0.17050448600987878,0.48128914376852533,Abi2,FALSE,FALSE,FALSE,FALSE,0.20293672981869548,FALSE,FALSE,0.05407285960753369
Scnn1a,-0.5419590447662035,0.11983823587663145,-0.0499037399903588,0.8947830203555054,0.016580359170200065,0.9771143533526007,Scnn1a,FALSE,FALSE,FALSE,FALSE,0.2028143813089208,FALSE,FALSE,0.054039778100051915
Ptpro,0.24147684299811978,0.2079375604258114,0.20208177154006002,0.32914265277261606,-0.16487020150281317,0.5534654287261079,Ptpro,FALSE,FALSE,FALSE,FALSE,0.20280960534699766,FALSE,FALSE,0.054038486739655424
Gbgt1,0.18224290397496912,0.6560831405871339,-0.18546419651512158,0.6819748734410187,0.24068382423644996,0.6613015358593789,Gbgt1,FALSE,FALSE,FALSE,FALSE,0.20279697490884688,FALSE,FALSE,0.054035071627081085
Tmem88,0.07131308282247335,0.910588376816181,0.21764376873614294,0.710644788818276,0.3194330714882034,0.667304825320646,Tmem88,FALSE,FALSE,FALSE,FALSE,0.20279664101560657,FALSE,FALSE,0.054034981346523125
Gm23973,-0.03368208844894549,0.927507765240409,-0.10387388788723806,0.7723723215661221,-0.47081958472166074,0.2916039292166117,Gm23973,FALSE,FALSE,FALSE,FALSE,0.2027918536859481,FALSE,FALSE,0.05403368691243312
P2ry13,-0.27743448539291377,0.5686765141271708,-0.16900654624358852,0.7445753424462925,-0.1619019152891959,0.8204718255310779,P2ry13,FALSE,FALSE,FALSE,FALSE,0.20278098230856606,FALSE,FALSE,0.05403074742789944
Slc35g1,0.3436556753363105,0.1701069868920607,0.2628959214065061,0.32322488662811827,-0.0017621618828371766,0.9961728625386465,Slc35g1,FALSE,FALSE,FALSE,FALSE,0.2027712528752179,FALSE,FALSE,0.054028116710756316
Tmem141,-0.2283955198343426,0.36109028168554425,-0.23736406667246923,0.3631160403044044,-0.14248894721234784,0.6886734423751706,Tmem141,FALSE,FALSE,FALSE,FALSE,0.20274951123971988,FALSE,FALSE,0.0540222380443245
Aftph,0.2633578189400394,0.05436178060188472,0.22997017272162523,0.12652931320825933,0.11488227557673891,0.5340572342099397,Aftph,FALSE,FALSE,FALSE,FALSE,0.2027367557461345,FALSE,FALSE,0.054018789118324056
Rab23,0.2321287303487889,0.13733138295439462,0.13428426669150362,0.41882288294895337,0.24169401122802459,0.2522575208173455,Rab23,FALSE,FALSE,FALSE,FALSE,0.20270233608943902,FALSE,FALSE,0.05400948247345696
Ehd3,-0.2979835531144479,0.05273948396062499,-0.19434135153334786,0.2048540962759163,-0.11566563486613912,0.5668467784630143,Ehd3,FALSE,FALSE,FALSE,FALSE,0.20266351317131162,FALSE,FALSE,0.05399898524174681
Ccdc65,-0.2797127015859806,0.433962291363792,-0.24186593057390326,0.5111467256490784,-0.08637176395656976,0.8780961547788988,Ccdc65,FALSE,FALSE,FALSE,FALSE,0.20265013203881788,FALSE,FALSE,0.05399536715080707
Med6,0.30994152763644056,0.06375804038220935,0.27192762815251115,0.1337309177711528,0.026064667135044406,0.9283896130089764,Med6,FALSE,FALSE,FALSE,FALSE,0.20264460764133205,FALSE,FALSE,0.053993873422791126
Notch4,-0.29161515334298427,0.33856258338383854,-0.08787108271186739,0.7971587405697481,0.22842086546027973,0.5633926802767948,Notch4,FALSE,FALSE,FALSE,FALSE,0.2026357005050438,FALSE,FALSE,0.053991465044492905
Nat2,0.3527811439048625,0.24826231790646952,0.16267029230579455,0.6358226993314816,0.09207237684695224,0.8579434260278233,Nat2,FALSE,FALSE,FALSE,FALSE,0.20250793768586975,FALSE,FALSE,0.05395691957543748
Cryl1,-0.33115037127233915,0.13890949822424414,-0.12397232529237279,0.5934022856507757,-0.15205591871341984,0.6179462941764441,Cryl1,FALSE,FALSE,FALSE,FALSE,0.20239287175937726,FALSE,FALSE,0.053925807187430716
Orai3,-0.09039928517322693,0.661965596502624,-0.3153304969986026,0.15416988132257714,-0.20143141391607866,0.46102443412285193,Orai3,FALSE,FALSE,FALSE,FALSE,0.20238706536263606,FALSE,FALSE,0.053924237210341584
Speg,-0.2216345167225353,0.5136120280931344,-0.28814187584380146,0.40797635074764094,0.09729530508423556,0.8492524126814698,Speg,FALSE,FALSE,FALSE,FALSE,0.20235723255019078,FALSE,FALSE,0.0539161707908165
Mettl25,0.2721752617193105,0.2050020052672179,0.19190573480891393,0.4002837411298884,0.14288753532965925,0.6481246945822079,Mettl25,FALSE,FALSE,FALSE,FALSE,0.2023228439526279,FALSE,FALSE,0.05390687254395057
Smurf2,0.3435824171445079,0.054635306882139086,0.18566067081521442,0.30254022451643714,0.07763932077355484,0.7670071603261326,Smurf2,FALSE,FALSE,FALSE,FALSE,0.20229413624442572,FALSE,FALSE,0.053899110338547135
1810062G17Rik,-0.07147182798022733,0.8400415960978438,-0.44881413343090104,0.20245098351647586,-0.08657522570038889,0.8665832855839324,1810062G17Rik,FALSE,FALSE,FALSE,FALSE,0.20228706237050575,FALSE,FALSE,0.05389719765147445
AC134468.1,0.41670190361976583,0.3298294204699014,-0.14377337937684137,0.7867198158950081,-0.04594177167116269,0.9561166086653877,AC134468.1,FALSE,FALSE,FALSE,FALSE,0.20213901822258995,FALSE,FALSE,0.053857168364677833
Mapkapk3,-0.3614758689103632,0.12758317245392864,0.0239161536404926,0.928250590345953,-0.22084920126810026,0.48025592007664103,Mapkapk3,FALSE,FALSE,FALSE,FALSE,0.202080407939652,FALSE,FALSE,0.05384132087689812
Bend7,0.03866865640106942,0.8771848029584649,0.2827190063592404,0.2079677063134914,0.28483217437378316,0.3177624641846084,Bend7,FALSE,FALSE,FALSE,FALSE,0.20207327904469766,FALSE,FALSE,0.05383939331282559
Tmem184a,-0.1681331316534358,0.5824652450499517,-0.3009593856922086,0.33779632177308955,-0.13703892775214044,0.7618521586830532,Tmem184a,FALSE,FALSE,FALSE,FALSE,0.20204381503259494,FALSE,FALSE,0.053831426612302516
Mpzl2,-0.06438828721581391,0.809101851372499,0.11854543008259721,0.6412925321518502,-0.4230352544371667,0.2115258159712169,Mpzl2,FALSE,FALSE,FALSE,FALSE,0.2019896572451926,FALSE,FALSE,0.05381678302365198
Hrh2,-0.2771100851861169,0.6111961217898026,-0.3235877384468606,0.564000686400012,0.0052555610618088,0.9946967334510257,Hrh2,FALSE,FALSE,FALSE,FALSE,0.20198446156492877,FALSE,FALSE,0.05381537817666335
Pdzrn3,-0.4246131080957136,0.1557476814680249,-0.13949647969069146,0.6562984567409238,-0.04182633364620081,0.9331422927130665,Pdzrn3,FALSE,FALSE,FALSE,FALSE,0.2019786404775353,FALSE,FALSE,0.0538138042274055
Cobl,0.2035526212444383,0.10796551301196859,0.25944655367163083,0.09392720074652847,0.14292820648940907,0.4129097120597232,Cobl,FALSE,FALSE,FALSE,FALSE,0.20197579380182606,FALSE,FALSE,0.05381303452188193
Tceal8,0.33948559727306016,0.23729199302663204,0.22470297767271852,0.47366301306790326,0.04164790254722739,0.9365508379727022,Tceal8,FALSE,FALSE,FALSE,FALSE,0.2019454924976687,FALSE,FALSE,0.053804841428054834
6820431F20Rik,0.22451007179203764,0.44962790339583647,0.23639387388322097,0.44208566962447876,0.14490947636738793,0.7411340549315056,6820431F20Rik,FALSE,FALSE,FALSE,FALSE,0.20193780734754885,FALSE,FALSE,0.053802763459539674
Agt,-0.14312755829235477,0.8343658808112523,-0.2519499039690317,0.7137078664539014,-0.21058936616283308,0.8261512923495982,Agt,FALSE,FALSE,FALSE,FALSE,0.20188894280807318,FALSE,FALSE,0.053789551098954044
Chfr,0.19076541667562008,0.29492097827987857,0.24855565653783085,0.20448633021290497,0.16632719254764794,0.516426073040473,Chfr,FALSE,FALSE,FALSE,FALSE,0.20188275525369961,FALSE,FALSE,0.053787878061606224
Sfrp2,-0.012970487346922854,0.9849862621205168,-0.3026631983531083,0.6620888900316391,0.28997594392247783,0.7340760635387051,Sfrp2,FALSE,FALSE,FALSE,FALSE,0.20186987654083632,FALSE,FALSE,0.05378439581865348
Sgsm1,-0.32382471577758487,0.13235747671033465,-0.25314905577354097,0.2716675470981915,0.028541666354626294,0.9421760662025427,Sgsm1,FALSE,FALSE,FALSE,FALSE,0.20183847930191737,FALSE,FALSE,0.053775906397767866
Deup1,0.14851359419013654,0.6199672337321084,-0.21952637380207785,0.488213609010269,0.23745603686730732,0.542651867324677,Deup1,FALSE,FALSE,FALSE,FALSE,0.20183200161984058,FALSE,FALSE,0.05377415491351618
Hax1,-0.1320081186944826,0.2994233743909697,-0.15835178881280232,0.24898515650683883,-0.3151315811030857,0.09610154956615466,Hax1,FALSE,FALSE,FALSE,FALSE,0.20183049620345686,FALSE,FALSE,0.05377374786774625
Arpc1a,-0.25333851831013376,0.06986649458100805,-0.2120743244947736,0.15811465367424565,-0.1400569947299708,0.4561467262960611,Arpc1a,FALSE,FALSE,FALSE,FALSE,0.2018232791782927,FALSE,FALSE,0.05377179647436676
Rab4b,-0.12684637987354108,0.8064998374650886,-0.18945409949811198,0.7179128183256356,0.289158635783225,0.6423207840863889,Rab4b,FALSE,FALSE,FALSE,FALSE,0.20181970505162602,FALSE,FALSE,0.05377083007519866
Rassf7,0.024445331296199857,0.9503279507279465,-0.21717866906781103,0.5496270288782675,-0.36380009154482074,0.4411571550032388,Rassf7,FALSE,FALSE,FALSE,FALSE,0.2018080306362772,FALSE,FALSE,0.05376767345923808
Trib1,-0.5019843714616159,0.14961676518748437,-0.03544809069856392,0.9291232150696664,-0.06796033118510802,0.9044493352787544,Trib1,FALSE,FALSE,FALSE,FALSE,0.20179759778176262,FALSE,FALSE,0.0537648525458055
Rnf166,-0.3864713707326146,0.022606933826155737,-0.1791785151275258,0.21605903318043737,-0.03969531773711488,0.85734601513712,Rnf166,FALSE,FALSE,FALSE,FALSE,0.20178173453241843,FALSE,FALSE,0.05376056332150002
Rabgap1,0.28869567482356473,0.023495574798305448,0.16342546666168634,0.16931968225551924,0.15315506010628965,0.29707755412989917,Rabgap1,FALSE,FALSE,FALSE,FALSE,0.2017587338638469,FALSE,FALSE,0.05375434422826516
Ctr9,-0.28063173662958985,0.03353365904116094,-0.13001289310997155,0.2954783693021104,-0.19455667798307097,0.22613175626772028,Ctr9,FALSE,FALSE,FALSE,FALSE,0.20173376924087746,FALSE,FALSE,0.05374759410631382
Thsd1,-0.21932939037490118,0.6390166155588232,-0.17219674087956993,0.7260984285256967,-0.21365697599822386,0.743834993709065,Thsd1,FALSE,FALSE,FALSE,FALSE,0.201727702417565,FALSE,FALSE,0.053745953713135584
Gm12346,-0.1410512549364199,0.7703614013171868,0.12604881520716615,0.7943608260782665,-0.338081570756566,0.5911764765603967,Gm12346,FALSE,FALSE,FALSE,FALSE,0.201727213633384,FALSE,FALSE,0.053745821552003664
Dnajb14,0.2583647885764657,0.08964789631879275,0.17310686589174473,0.2778383669696087,0.17369894327826518,0.4035915733652024,Dnajb14,FALSE,FALSE,FALSE,FALSE,0.20172353258215855,FALSE,FALSE,0.053744826241771605
Fez2,-0.17878998276992641,0.35606155618253627,-0.34150344969755464,0.1291797619460309,-0.08467354436671526,0.7696170906965715,Fez2,FALSE,FALSE,FALSE,FALSE,0.2016556589447321,FALSE,FALSE,0.05372647405874565
Ankrd13a,-0.20974351205035813,0.18089310931293454,-0.29569615765535584,0.11432686890313623,-0.0994166160528458,0.6668364257356766,Ankrd13a,FALSE,FALSE,FALSE,FALSE,0.2016187619195199,FALSE,FALSE,0.05371649756440289
St6gal1,-0.1398589901188334,0.4733021636047522,-0.2082252936230482,0.3106000185547134,-0.2565317362236277,0.33309557531644124,St6gal1,FALSE,FALSE,FALSE,FALSE,0.20153867332183642,FALSE,FALSE,0.05369484260883089
Nrep,0.04861710632618177,0.8708444510323124,-0.2768463197816784,0.32672412494339437,-0.2789891122915531,0.4506333374984107,Nrep,FALSE,FALSE,FALSE,FALSE,0.2014841794664711,FALSE,FALSE,0.05368010815160457
Gm27217,0.1259766661922288,0.770868646289398,0.19393708188081638,0.6482752653655177,0.2844821670413604,0.5986097926836036,Gm27217,FALSE,FALSE,FALSE,FALSE,0.2014653050381352,FALSE,FALSE,0.05367500474214451
Exd2,-0.2416584945983704,0.0852727405758858,-0.11878183860486669,0.40808932759040595,-0.24380851915225588,0.1898219094480944,Exd2,FALSE,FALSE,FALSE,FALSE,0.20141628411849766,FALSE,FALSE,0.053661750098318126
Gm28043,0.3734566812399429,0.26448776034949983,-0.05428693592916911,0.8970020520400097,0.17649805671904129,0.7287233337446296,Gm28043,FALSE,FALSE,FALSE,FALSE,0.2014138912960511,FALSE,FALSE,0.05366110310904287
Cyb561,-0.2714849408454656,0.09100456226890173,-0.2361175810895757,0.1751640242634439,-0.09648159130221146,0.6765560283158762,Cyb561,FALSE,FALSE,FALSE,FALSE,0.20136137107908425,FALSE,FALSE,0.05364690229896571
Arntl,0.14921280663847813,0.6593950580713268,0.11857775818435634,0.7458644774828005,-0.336251893545362,0.46512022245959317,Arntl,FALSE,FALSE,FALSE,FALSE,0.20134748612273215,FALSE,FALSE,0.05364314798035331
Bcl7c,-0.2793031816513647,0.138950325399966,-0.20552543380062005,0.29508023323567045,-0.11918228479877158,0.656222858170358,Bcl7c,FALSE,FALSE,FALSE,FALSE,0.20133696675025212,FALSE,FALSE,0.053640303673544484
Zfp553,-0.24777240432213965,0.1053997621817512,-0.14857142721608607,0.3446973987570024,-0.20762479347347895,0.30767876852914383,Zfp553,FALSE,FALSE,FALSE,FALSE,0.20132287500390156,FALSE,FALSE,0.053636493441501724
Cd276,-0.04239372673111008,0.8971181035775991,-0.39012838190192145,0.20880340348686607,-0.17139421961299695,0.6758588626152562,Cd276,FALSE,FALSE,FALSE,FALSE,0.20130544274867615,FALSE,FALSE,0.05363177997762116
Fut9,0.07124108833659104,0.8374845494395238,-0.19253868418472875,0.5768390964423238,0.33996224047774914,0.40601358767050566,Fut9,FALSE,FALSE,FALSE,FALSE,0.2012473376663563,FALSE,FALSE,0.05361606908977273
Ccz1,0.31323623345334006,0.08577832319922225,0.2347392964492645,0.22103188849778516,0.05573994530032955,0.8508373654802651,Ccz1,FALSE,FALSE,FALSE,FALSE,0.20123849173431138,FALSE,FALSE,0.05361367726033675
mt-Co2,0.09159154295790195,0.7814896570101553,0.049311744619857656,0.8895720116004452,-0.4627576325847258,0.28691790535577466,mt-Co2,FALSE,FALSE,FALSE,FALSE,0.20122030672082847,FALSE,FALSE,0.0536087602600341
Ikzf2,0.21316620482275273,0.26056510997592985,0.24632381955164728,0.22706342722971493,0.14382056171779745,0.5999389162503753,Ikzf2,FALSE,FALSE,FALSE,FALSE,0.20110352869739914,FALSE,FALSE,0.0535771849424197
Birc6,0.23823046265546566,0.09852016257814526,0.21024064080035032,0.18147780754439508,0.1547829235532756,0.4374561837147931,Birc6,FALSE,FALSE,FALSE,FALSE,0.2010846756696972,FALSE,FALSE,0.05357208731942352
Wdr62,-0.2740719101505411,0.6724981360081108,-0.2801822812469457,0.6779411364663361,-0.048986868118020714,0.965741105261516,Wdr62,FALSE,FALSE,FALSE,FALSE,0.20108035317183584,FALSE,FALSE,0.05357091857004027
Ano8,-0.2304774993502905,0.3591355173783138,-0.363124010069209,0.18766538365281438,-0.009618822720264042,0.9820279074263849,Ano8,FALSE,FALSE,FALSE,FALSE,0.20107344404658786,FALSE,FALSE,0.053569050428948856
Flna,-0.2976514419027465,0.06219365004951987,-0.11358777750907656,0.4922214747468449,-0.1917615520335545,0.36456401969128355,Flna,FALSE,FALSE,FALSE,FALSE,0.20100025714845918,FALSE,FALSE,0.05354926160665367
Pcf11,0.2267362848892711,0.12854490058602966,0.23884349193736387,0.1541848750853232,0.1373922948963333,0.5146808573359559,Pcf11,FALSE,FALSE,FALSE,FALSE,0.20099069057432276,FALSE,FALSE,0.05354667492460538
Pip4k2c,-0.28254798511123,0.09617219445732124,-0.24126389410254667,0.1846518904164374,-0.07915728757323848,0.7520055843307022,Pip4k2c,FALSE,FALSE,FALSE,FALSE,0.20098972226233838,FALSE,FALSE,0.05354641310515033
Tap1,-0.03613082818494462,0.9252518645869081,-0.5156389307959492,0.1708847594760277,-0.0511420624769503,0.9287909625991778,Tap1,FALSE,FALSE,FALSE,FALSE,0.20097060715261472,FALSE,FALSE,0.05354124461845194
Lingo3,-0.14876386702082212,0.8112790956377575,-0.05326902727909588,0.9357515163610096,0.4007388234784095,0.579053990186208,Lingo3,FALSE,FALSE,FALSE,FALSE,0.20092390592610918,FALSE,FALSE,0.053528617190648393
Edc4,-0.2518692276162584,0.08420413288891762,-0.1298833845768126,0.3893315611192468,-0.22078413478659265,0.25542934587792965,Edc4,FALSE,FALSE,FALSE,FALSE,0.20084558232655456,FALSE,FALSE,0.05350743946850501
Galnt11,-0.2987259393770003,0.13569614258777002,5.144028118913013e-4,0.998198544740651,-0.30329252408151586,0.26669296121677394,Galnt11,FALSE,FALSE,FALSE,FALSE,0.2008442887568025,FALSE,FALSE,0.05350708970341584
Slc2a9,-0.21387380703043624,0.5251568381669737,-0.21216759652251427,0.5415594607352369,-0.1764660885512077,0.7086393025968165,Slc2a9,FALSE,FALSE,FALSE,FALSE,0.20083583070138608,FALSE,FALSE,0.0535048027509711
Pbx1,0.23701001396680788,0.04941778286752157,0.15418817808254648,0.20771293151680123,0.21115275322876492,0.17684792934803384,Pbx1,FALSE,FALSE,FALSE,FALSE,0.20078364842603977,FALSE,FALSE,0.0534906933160833
Gm14275,0.18747080387084047,0.8204047018540324,-0.1649080377856808,0.8550575274383475,0.2499508187367442,0.8297913037749647,Gm14275,FALSE,FALSE,FALSE,FALSE,0.20077655346442183,FALSE,FALSE,0.05348877492716071
Gm26734,0.29529340429585965,0.6911208442029793,-0.29305408353277856,0.7287647835703219,-0.013944676583434137,0.9907500529601377,Gm26734,FALSE,FALSE,FALSE,FALSE,0.20076405480402412,FALSE,FALSE,0.05348539544564336
Pacs1,-0.3111943772236403,0.25121420317176785,-0.2739668363232086,0.3354120042190772,0.017061874766580942,0.97138086550869,Pacs1,FALSE,FALSE,FALSE,FALSE,0.20074102943780994,FALSE,FALSE,0.05347916967447469
Fhit,-0.3122587849685634,0.3912964795828513,0.02766641687622373,0.9472955114701552,-0.26196758675862686,0.6020366589869007,Fhit,FALSE,FALSE,FALSE,FALSE,0.20063092953447134,FALSE,FALSE,0.05344940003704514
H2-K1,-0.13792172502363442,0.36470723401317817,-0.24902129668288708,0.15107250934188324,-0.21493604126971633,0.310773383682471,H2-K1,FALSE,FALSE,FALSE,FALSE,0.20062635432541262,FALSE,FALSE,0.05344816295771344
St7l,0.26189778676498765,0.24262128523624044,0.27387812660955113,0.25801703404524223,0.06605060929826756,0.8617790682297148,St7l,FALSE,FALSE,FALSE,FALSE,0.20060884089093545,FALSE,FALSE,0.05344342754397807
Cabcoco1,-0.28638136460544006,0.26736410174998104,-0.1669667707222886,0.5362779838505993,-0.14839341397508043,0.6842077659910076,Cabcoco1,FALSE,FALSE,FALSE,FALSE,0.2005805164342697,FALSE,FALSE,0.053435768964998805
Gm14025,0.31519062185246544,0.44627348079435075,0.17296336424679754,0.7095113151572938,0.11350583374975148,0.8692966030428528,Gm14025,FALSE,FALSE,FALSE,FALSE,0.20055327328300482,FALSE,FALSE,0.053428402757481806
Tgfb1i1,-0.3191727580197483,0.30483118483729693,-0.027343980596760575,0.9399079381696848,-0.25510489129263636,0.5516967539178483,Tgfb1i1,FALSE,FALSE,FALSE,FALSE,0.2005405433030484,FALSE,FALSE,0.05342496073004766
Nab1,0.2359148149483259,0.3217314728947804,0.3486397453562571,0.18714316511102974,0.016865408836140183,0.9699521455828801,Nab1,FALSE,FALSE,FALSE,FALSE,0.2004733230469077,FALSE,FALSE,0.053406785213153014
Ddc,0.22096639910430116,0.6021040882783352,0.24693916152069173,0.5670797504978163,0.1334833797219761,0.838488109751801,Ddc,FALSE,FALSE,FALSE,FALSE,0.20046298011565633,FALSE,FALSE,0.053403988613846605
Pbxip1,-0.30191784622630724,0.22735542506345788,-0.1805747547622003,0.5112516415296172,-0.11868073090992581,0.7618521586830532,Pbxip1,FALSE,FALSE,FALSE,FALSE,0.20039111063281112,FALSE,FALSE,0.053384556004174175
Slc2a10,-0.07226288942379733,0.8505178031178732,-0.28294754368964226,0.4395010255988981,0.245875606261015,0.5877431975833438,Slc2a10,FALSE,FALSE,FALSE,FALSE,0.2003620131248182,FALSE,FALSE,0.05337668840178047
Atp6v1h,0.2379150577606728,0.13346033667075255,0.23377343856683552,0.18184581122353816,0.12939264749500268,0.5709440666044705,Atp6v1h,FALSE,FALSE,FALSE,FALSE,0.20036038127417033,FALSE,FALSE,0.053376247169766154
Rdx,0.32588281865735436,0.03000047045183853,0.1630192997675417,0.25222740029654517,0.11214372557321983,0.5546592750257199,Rdx,FALSE,FALSE,FALSE,FALSE,0.20034861466603862,FALSE,FALSE,0.05337306562602965
Gm15496,0.44488254955815176,0.17227525854045125,-0.0013174916650321444,0.9973840376780988,-0.15484542929688905,0.7725829607625792,Gm15496,FALSE,FALSE,FALSE,FALSE,0.20034849017335765,FALSE,FALSE,0.05337303196476508
Clic3,-0.15812515990033021,0.7969283026799546,-0.19366926125568013,0.7577915245291359,-0.24919076817739588,0.768726806780188,Clic3,FALSE,FALSE,FALSE,FALSE,0.20032839644446873,FALSE,FALSE,0.05336759887167879
Stim2,0.21862059511465848,0.18495717921864333,0.18480209829693184,0.2950610007860362,0.1974950269286504,0.3889473934382578,Stim2,FALSE,FALSE,FALSE,FALSE,0.20030590678008023,FALSE,FALSE,0.05336151794758661
P3h3,-0.23840778779840477,0.19221022194807713,-0.3012556209527997,0.14700426820062606,-0.06123285701889536,0.8369669943461152,P3h3,FALSE,FALSE,FALSE,FALSE,0.20029875525669993,FALSE,FALSE,0.0533595842650706
Txnrd2,0.2185295215898635,0.2974948461382096,0.03299983607333079,0.8966391268941187,0.3493199200267738,0.2097049595423849,Txnrd2,FALSE,FALSE,FALSE,FALSE,0.2002830925633227,FALSE,FALSE,0.05335534926859129
Gtf3c3,0.3032090783246808,0.03709196898568159,0.22535231841186043,0.13329311116485434,0.07215669140749004,0.713141200911912,Gtf3c3,FALSE,FALSE,FALSE,FALSE,0.2002393627146771,FALSE,FALSE,0.05334352526421388
Kcnj11,-0.30559276524467793,0.5355576349608078,-0.22816144830306362,0.6592298262613572,0.06695294260070606,0.9333062118677539,Kcnj11,FALSE,FALSE,FALSE,FALSE,0.2002357187161492,FALSE,FALSE,0.05334253997256802
Snrnp25,-0.32584611135261343,0.4232346398102139,-0.11478269631483107,0.7980391298451983,-0.15971804388338318,0.7894084023234561,Snrnp25,FALSE,FALSE,FALSE,FALSE,0.20011561718360923,FALSE,FALSE,0.053310066019639536
Prrc2b,-0.33900296611661496,0.08861253762385753,-0.20457906090937428,0.32623022592415385,-0.056610776440438215,0.8633567936378185,Prrc2b,FALSE,FALSE,FALSE,FALSE,0.20006426782214248,FALSE,FALSE,0.053296181794251954
Asb6,-0.29283731741191366,0.10403354072382295,-0.19575731200410962,0.2865881799157268,-0.11157411970000153,0.6547536462708212,Asb6,FALSE,FALSE,FALSE,FALSE,0.2000562497053416,FALSE,FALSE,0.05329401379570888
Max,-0.27649033816471835,0.054019456589735816,-0.12668915888614762,0.37016639654799155,-0.1969188807762947,0.2819557242717475,Max,FALSE,FALSE,FALSE,FALSE,0.20003279260905357,FALSE,FALSE,0.05328767129012559
Mllt1,-0.1282796695899311,0.466503272086283,-0.25157280907469914,0.18486213874014412,-0.22018645189822816,0.35166179021365035,Mllt1,FALSE,FALSE,FALSE,FALSE,0.20001297685428612,FALSE,FALSE,0.0532823133577666
Slc39a13,-0.14442141410130827,0.4733021636047522,-0.331798773397181,0.14175301147002217,-0.12366284185404108,0.667304825320646,Slc39a13,FALSE,FALSE,FALSE,FALSE,0.19996100978417677,FALSE,FALSE,0.05326826211168445
Slc16a6,-0.25814265087059285,0.46047819752462116,-0.22606793589679608,0.5287597309359323,-0.11551756071815489,0.824323366081102,Slc16a6,FALSE,FALSE,FALSE,FALSE,0.19990938249518128,FALSE,FALSE,0.053254302738167655
9530082P21Rik,0.022845256774733425,0.9631115815869717,-0.5166817888043215,0.27120676836863844,0.060005455139347075,0.9342749805313149,9530082P21Rik,FALSE,FALSE,FALSE,FALSE,0.199844166906134,FALSE,FALSE,0.05323666925819336
Fam162a,0.320702823292923,0.14269249817856952,0.2330333592706082,0.3129679738151863,0.045724215236014665,0.9050521467595347,Fam162a,FALSE,FALSE,FALSE,FALSE,0.19982013259984863,FALSE,FALSE,0.05323017068224289
Zfp706,0.3115431887016644,0.09617219445732124,0.2130650810941992,0.27986782268072213,0.07475633657366654,0.7973084863460969,Zfp706,FALSE,FALSE,FALSE,FALSE,0.19978820212317672,FALSE,FALSE,0.053221537080535244
Gm15542,0.09634437977568061,0.861158469104117,0.2662317580830892,0.6083289123531449,0.23663831973596605,0.7376116363550428,Gm15542,FALSE,FALSE,FALSE,FALSE,0.19973815253157862,FALSE,FALSE,0.053208004296670844
Gpr137,-0.2866126766318864,0.16731940696605402,-0.11736667441162085,0.5940459877566193,-0.19508936875117477,0.4889066518789024,Gpr137,FALSE,FALSE,FALSE,FALSE,0.199689573264894,FALSE,FALSE,0.05319486907028152
Setd5,0.19303319633711258,0.18320932738785858,0.21143960710499599,0.18862725831771443,0.19452685733816466,0.3351526116781136,Setd5,FALSE,FALSE,FALSE,FALSE,0.19966655359342442,FALSE,FALSE,0.053188644838900595
2010001A14Rik,-0.19253457692678144,0.5719497225591006,-0.3842346016780007,0.273688756199674,0.022217751457290547,0.9692527582689531,2010001A14Rik,FALSE,FALSE,FALSE,FALSE,0.1996623100206909,FALSE,FALSE,0.053187497429885225
Kirrel,-0.25016737446748083,0.19944394527362003,-0.21904294517529843,0.283912968732773,0.12976654347084615,0.6282296160853685,Kirrel,FALSE,FALSE,FALSE,FALSE,0.19965895437120848,FALSE,FALSE,0.05318659010421641
Atp8b5,-0.12004612041566798,0.8547263809219464,0.25396211087700005,0.681205500330113,0.22483112247020984,0.7910411544701778,Atp8b5,FALSE,FALSE,FALSE,FALSE,0.1996131179209593,FALSE,FALSE,0.05317419650110143
Lmtk2,-0.29265126086568216,0.1295947760286292,-0.16354837797431987,0.428065568511634,-0.14257727355005834,0.6103078548914072,Lmtk2,FALSE,FALSE,FALSE,FALSE,0.19959230413002013,FALSE,FALSE,0.05316856871223873
Ep300,0.20556609521433167,0.10885242165713828,0.21403932668013503,0.13998329451427927,0.17916915109270715,0.30680584388598314,Ep300,FALSE,FALSE,FALSE,FALSE,0.19959152432905794,FALSE,FALSE,0.05316835786380738
Tra2a,0.1421471425701748,0.6453846182330609,0.3652187297283733,0.24936187148890213,0.09139042396486374,0.8520398112800426,Tra2a,FALSE,FALSE,FALSE,FALSE,0.19958543208780397,FALSE,FALSE,0.05316671059793552
Coa6,0.3993791352113303,0.15933316019423563,0.09004206939237802,0.7913016070386644,0.10928703676042106,0.8099447440709837,Coa6,FALSE,FALSE,FALSE,FALSE,0.19956941378804313,FALSE,FALSE,0.05316237944993577
Galnt18,-0.29322309914097966,0.17176448924755597,-0.19744598271644787,0.37016639654799155,-0.10801234886069144,0.7277650765318794,Galnt18,FALSE,FALSE,FALSE,FALSE,0.19956047690603965,FALSE,FALSE,0.05315996302876802
Aoc3,0.3844881628128609,0.5759160247394557,0.14096974108249527,0.8600046319027435,0.0731811146835456,0.9528063179104878,Aoc3,FALSE,FALSE,FALSE,FALSE,0.1995463395263006,FALSE,FALSE,0.05315614045802751
Prrt1,0.14608456636984712,0.5486396556238536,0.1895892668058421,0.43931875063671105,0.262964642330739,0.4035882157190128,Prrt1,FALSE,FALSE,FALSE,FALSE,0.19954615850214275,FALSE,FALSE,0.05315609151135833
Axin1,-0.3346090260976613,0.0367439593313831,-0.1976239956732302,0.1980749072432713,-0.06620104031886687,0.7588400258853942,Axin1,FALSE,FALSE,FALSE,FALSE,0.19947802069658613,FALSE,FALSE,0.05313766790057252
Gm9828,0.027015851565888704,0.9547915690770244,-0.3667742422140641,0.4101463508264005,-0.2046114024072614,0.7376116363550428,Gm9828,FALSE,FALSE,FALSE,FALSE,0.19946716539573806,FALSE,FALSE,0.053134732762932645
Khdrbs1,0.27505209597402125,0.12171410967139998,0.21889635678516584,0.25059213224598464,0.10443380400192215,0.6909010522147261,Khdrbs1,FALSE,FALSE,FALSE,FALSE,0.19946075225370308,FALSE,FALSE,0.053132998729501404
Inha,0.08397886710455826,0.8012946849106481,0.20676718314249198,0.5071837315744592,0.30759683287645645,0.4364099649809756,Inha,FALSE,FALSE,FALSE,FALSE,0.19944762770783556,FALSE,FALSE,0.05312945001637763
Dok1,-0.3157154431058826,0.35606155618253627,0.0663538882718735,0.8593813388889676,-0.21625831191391742,0.6499662637708897,Dok1,FALSE,FALSE,FALSE,FALSE,0.19944254776389117,FALSE,FALSE,0.05312807646304288
M6pr,-0.19868188983006263,0.07506027985433712,-0.15018276218819082,0.20175210863693624,-0.24943411703886653,0.10902868562452005,M6pr,FALSE,FALSE,FALSE,FALSE,0.19943292301904,FALSE,FALSE,0.05312547405236055
Gm43863,-0.09780359446766929,0.8883210495609691,-0.41981197035041895,0.5335605159546664,0.08062889475492788,0.9382131319933964,Gm43863,FALSE,FALSE,FALSE,FALSE,0.19941481985767204,FALSE,FALSE,0.053120579183846495
Zscan22,-0.30438280725752564,0.10600570902159198,-0.17211058703438464,0.3649523092278782,-0.1216529250402143,0.6374176418551903,Zscan22,FALSE,FALSE,FALSE,FALSE,0.19938210644404153,FALSE,FALSE,0.05311173388577327
9330102E08Rik,-0.11993864288248512,0.7663859456248032,-0.22303553020712363,0.5765521789485791,-0.25506520338911054,0.6316212817462324,9330102E08Rik,FALSE,FALSE,FALSE,FALSE,0.19934645882623978,FALSE,FALSE,0.0531020952155746
Fbxo36,-0.19303689204506647,0.3801094095803889,-0.31787502066516327,0.1853663579839753,-0.08696279815938279,0.7917127400949447,Fbxo36,FALSE,FALSE,FALSE,FALSE,0.19929157028987085,FALSE,FALSE,0.053087254041539085
Rabif,-0.20919523218515845,0.1561620609460092,-0.15556335379853792,0.3131522303105099,-0.2329162944112193,0.24200848289713714,Rabif,FALSE,FALSE,FALSE,FALSE,0.19922496013163857,FALSE,FALSE,0.053069243487491626
Gm49494,0.06927505178456289,0.9104536015627139,0.27451900049623257,0.619953456660641,0.25384056910861663,0.7351420034823858,Gm49494,FALSE,FALSE,FALSE,FALSE,0.19921154046313735,FALSE,FALSE,0.05306561497689723
Tm9sf3,0.345439226834408,0.05938451716834093,0.20748705065604334,0.2688625356359767,0.04463189225892883,0.8808124843806986,Tm9sf3,FALSE,FALSE,FALSE,FALSE,0.1991860565831267,FALSE,FALSE,0.05305872445433354
Plk5,-0.276503120501999,0.4991368294328717,-0.26922359589228173,0.5224835155554023,-0.051824930454966944,0.938907882023053,Plk5,FALSE,FALSE,FALSE,FALSE,0.19918388228308256,FALSE,FALSE,0.053058136550783994
Cd72,-0.2895514129451733,0.49300187701256953,-0.1764019569453924,0.6952913696341294,-0.1315950527681946,0.8353928814295244,Cd72,FALSE,FALSE,FALSE,FALSE,0.1991828075529201,FALSE,FALSE,0.053057845957183984
Gm45606,-0.45941061643117287,0.1272748550368734,0.04932898194746915,0.8781132051784376,0.08878292088123874,0.8383691582713656,Gm45606,FALSE,FALSE,FALSE,FALSE,0.1991741730866269,FALSE,FALSE,0.0530555113054436
Ajap1,-0.10959805339234951,0.7863162246149926,0.12383296072788919,0.7561555267210275,0.36401284224972685,0.43326724633757063,Ajap1,FALSE,FALSE,FALSE,FALSE,0.19914795212332184,FALSE,FALSE,0.05304842148477187
Plau,-0.25503099799475004,0.6901738462651253,0.031111788129063345,0.9653080060911616,0.3112834000880613,0.6990664125254931,Plau,FALSE,FALSE,FALSE,FALSE,0.1991420620706249,FALSE,FALSE,0.05304682888815814
Yeats2,0.3160548076740817,0.0494690787480236,0.12276123116429627,0.44759112363289966,0.15853805721439862,0.4510180004656422,Yeats2,FALSE,FALSE,FALSE,FALSE,0.19911803201759218,FALSE,FALSE,0.053040331462234004
Asap3,-0.09270348403770301,0.7540182464765895,-0.3758712081277973,0.20639889745453108,-0.12874050339931697,0.7501573610949873,Asap3,FALSE,FALSE,FALSE,FALSE,0.19910506518827242,FALSE,FALSE,0.053036825393693025
2310002F09Rik,-0.23511729879617965,0.6390166155588232,0.3272129983544617,0.47838198663687254,-0.034957395278713055,0.9677541211626071,2310002F09Rik,FALSE,FALSE,FALSE,FALSE,0.19909589747645148,FALSE,FALSE,0.0530343465590284
Nes,-0.1349581489877032,0.7297167847317197,-0.4310960984214791,0.2689094692066624,-0.03119562370551865,0.9645037666394128,Nes,FALSE,FALSE,FALSE,FALSE,0.199083290371567,FALSE,FALSE,0.05303093775547756
Ryr2,-0.13778148404979884,0.6879810305542573,-0.23170917900289822,0.5040103927591965,-0.227719040153338,0.6247319868358995,Ryr2,FALSE,FALSE,FALSE,FALSE,0.19906990106867836,FALSE,FALSE,0.05302731745536519
Sipa1l1,-0.31602567860158626,0.13103290518440663,-0.20837497966505225,0.3498697369257727,-0.07269230313180675,0.8301499634118278,Sipa1l1,FALSE,FALSE,FALSE,FALSE,0.19903098713281508,FALSE,FALSE,0.05301679561359714
Hmgcs1,0.23751612848472803,0.1368845711453523,0.1762192294898215,0.2997320072394701,0.18319286916426858,0.409082037651014,Hmgcs1,FALSE,FALSE,FALSE,FALSE,0.19897607571293938,FALSE,FALSE,0.05300194825214746
Akirin2,0.21166269118914993,0.19432169782525202,0.26885755284074975,0.14511596784703726,0.11626428331291194,0.6262787131906913,Akirin2,FALSE,FALSE,FALSE,FALSE,0.19892817578093722,FALSE,FALSE,0.05298899670936346
Zfp408,-0.3055008132727064,0.19330600214311724,-0.1741395236180776,0.47341785809664433,-0.11696247377093805,0.7299551787449847,Zfp408,FALSE,FALSE,FALSE,FALSE,0.19886760355390734,FALSE,FALSE,0.052972618736428875
Arhgef37,0.13010391690574075,0.8803884991697175,0.27469972809384297,0.7415705195465283,-0.19176191540877313,0.883224873139823,Arhgef37,FALSE,FALSE,FALSE,FALSE,0.1988551868027856,FALSE,FALSE,0.05296926140215574
3110001I22Rik,-0.13232407405899949,0.732054532178614,-0.12177533347692981,0.7621001360680744,-0.34236699473232,0.4918464553106545,3110001I22Rik,FALSE,FALSE,FALSE,FALSE,0.19882213408941643,FALSE,FALSE,0.052960324361675
Crot,0.38966402381557597,0.09674731075524617,0.15238498852561833,0.5473071033304687,0.0544070322210537,0.8915071457053368,Crot,FALSE,FALSE,FALSE,FALSE,0.19881868152074933,FALSE,FALSE,0.052959390830270306
Cbx8,-0.21296460847687326,0.29081622147468794,-0.24283596186827694,0.2557856333799155,-0.14065496767466046,0.6220455487202412,Cbx8,FALSE,FALSE,FALSE,FALSE,0.19881851267327022,FALSE,FALSE,0.05295934517602283
Cox18,-0.3090800738846049,0.17172001614672028,-0.13771904625666664,0.5565253621846682,-0.14963923534164314,0.6309539820456576,Cox18,FALSE,FALSE,FALSE,FALSE,0.19881278516097156,FALSE,FALSE,0.05295779652830077
Snx1,-0.18389464100326425,0.14654404342024394,-0.1915319050551263,0.1746713167438668,-0.2209371619221967,0.20866111788589797,Snx1,FALSE,FALSE,FALSE,FALSE,0.19878790266019575,FALSE,FALSE,0.05295106861116393
Mdfic,0.23063885956021002,0.2655918696407639,0.35286949107084276,0.132447305132203,0.012800282800614404,0.97366084761709,Mdfic,FALSE,FALSE,FALSE,FALSE,0.1987695444772224,FALSE,FALSE,0.05294610478799597
Lamp1,-0.2277216961382038,0.05775442637382814,-0.16856825054233404,0.1815644450762235,-0.1998907865059305,0.20584913244367445,Lamp1,FALSE,FALSE,FALSE,FALSE,0.19872691106215612,FALSE,FALSE,0.052934577245551145
Tspyl3,-0.35308189130370016,0.05158729991443725,-0.09197568516971977,0.6041123989629539,-0.15101011336631442,0.5044716856398636,Tspyl3,FALSE,FALSE,FALSE,FALSE,0.19868922994657812,FALSE,FALSE,0.05292438874297591
Rnf157,-0.21484901505006482,0.4790970966544759,-0.2917565687813486,0.3522976937603543,-0.08938820632847211,0.8519587778884545,Rnf157,FALSE,FALSE,FALSE,FALSE,0.19866459671996184,FALSE,FALSE,0.05291772822645546
Tmem229b,-0.3290073645242817,0.14350847190458643,-0.1673203651613191,0.477271883057607,-0.09962846163357764,0.7669481888557534,Tmem229b,FALSE,FALSE,FALSE,FALSE,0.19865206377305947,FALSE,FALSE,0.05291433947429589
Armc7,-0.27419285845491936,0.3856369670584017,-0.06885195453910864,0.8458170878383701,-0.2528789545059711,0.5610754330066823,Armc7,FALSE,FALSE,FALSE,FALSE,0.19864125583333303,FALSE,FALSE,0.05291141714251121
Samd1,-0.3239798730106296,0.24244751061751582,-0.21087586334750252,0.4611555726101895,-0.060871987606868405,0.8921582714898193,Samd1,FALSE,FALSE,FALSE,FALSE,0.1985759079883335,FALSE,FALSE,0.052893747902180856
Arhgdig,-0.18284185690129873,0.7291055467892879,-0.12155877457193437,0.8277209093973332,0.29130925051405476,0.6520388991930587,Arhgdig,FALSE,FALSE,FALSE,FALSE,0.1985699606624293,FALSE,FALSE,0.05289213981960789
Syk,0.091496875793325,0.8628550450045804,-0.4171035626460007,0.4302876072095241,0.08699507261374717,0.9131884519966582,Syk,FALSE,FALSE,FALSE,FALSE,0.19853183701769095,FALSE,FALSE,0.05288183166268006
Gm46404,-0.10451704200978895,0.7904239238979065,0.18840202046292642,0.610369265218909,0.30261055731252795,0.5094794585436205,Gm46404,FALSE,FALSE,FALSE,FALSE,0.19850987326174777,FALSE,FALSE,0.05287589293765676
Tacc3,-0.2227400624892526,0.4827863465437518,-0.2749968817539332,0.3983432675788574,-0.09768556708986553,0.8414422683689409,Tacc3,FALSE,FALSE,FALSE,FALSE,0.19847417044435045,FALSE,FALSE,0.052866239342177546
Alg9,-0.3103608287908397,0.07835453692915285,-0.22708678385062786,0.20246110290249036,-0.05781308986243383,0.821948704418931,Alg9,FALSE,FALSE,FALSE,FALSE,0.19842023416796714,FALSE,FALSE,0.05285165564733729
Lrp4,-0.25911684489714704,0.25782904104818966,-0.23901799588232642,0.3165188523730102,-0.09690031034770108,0.7758237520797927,Lrp4,FALSE,FALSE,FALSE,FALSE,0.19834505037572484,FALSE,FALSE,0.052831326889838305
Zfp11,0.22563482547249336,0.24657281109116386,0.22156131331352125,0.27879923227722064,0.1477994978573256,0.5942810246865454,Zfp11,FALSE,FALSE,FALSE,FALSE,0.1983318788811134,FALSE,FALSE,0.052827765482361115
Snapin,-0.22589826551535275,0.2047472080805139,-0.24108363305904135,0.20699311676740734,-0.12788185271033736,0.6129758732020755,Snapin,FALSE,FALSE,FALSE,FALSE,0.19828791709491048,FALSE,FALSE,0.05281587876496781
Tmem169,0.2709865162577789,0.22053110167777618,0.06790531879055761,0.7969311509032558,0.2558928419826012,0.39705957723000673,Tmem169,FALSE,FALSE,FALSE,FALSE,0.1982615590103126,FALSE,FALSE,0.052808751868412745
Zc3h12b,0.31842067177015654,0.05938451716834093,0.1923921809895921,0.261586142013232,0.08393535433138055,0.7306013384149221,Zc3h12b,FALSE,FALSE,FALSE,FALSE,0.19824940236370972,FALSE,FALSE,0.05280546486314978
Nat8l,0.17493777339405536,0.648308321715556,-0.1616567985537718,0.7038079129264514,0.2580685608720854,0.6120521966758661,Nat8l,FALSE,FALSE,FALSE,FALSE,0.1982210442733042,FALSE,FALSE,0.05279779719002775
Gm43545,0.2138023751437721,0.568930681869462,0.26097681938920236,0.48962749257656313,0.11980669995271898,0.8369176274335286,Gm43545,FALSE,FALSE,FALSE,FALSE,0.19819529816189782,FALSE,FALSE,0.052790835763372984
Ptk2,0.3833683110436441,0.023670425705780866,0.12026401340788961,0.4318278607674273,0.09088859570591801,0.6646887837926196,Ptk2,FALSE,FALSE,FALSE,FALSE,0.19817364005248392,FALSE,FALSE,0.052784979681350104
Nadsyn1,-0.2635156087851107,0.28692874617463504,-0.053011033007683395,0.8503092592010478,-0.2779753512842298,0.409082037651014,Nadsyn1,FALSE,FALSE,FALSE,FALSE,0.19816733102567463,FALSE,FALSE,0.05278327379937428
Scaf4,0.16787830036854157,0.3520019637108458,0.1849235290621447,0.3323549309668997,0.24168091217645316,0.3248219619173585,Scaf4,FALSE,FALSE,FALSE,FALSE,0.19816091386904647,FALSE,FALSE,0.05278153868044723
Ust,-0.32214310390554823,0.16935361896584866,-0.1231747911984904,0.6178354491913587,-0.14906938711248818,0.6454769994363265,Ust,FALSE,FALSE,FALSE,FALSE,0.1981290940721756,FALSE,FALSE,0.052772935005174104
C230034O21Rik,-0.22341524567829496,0.6856566326875797,-0.29420846040117654,0.5989830891521232,0.07674239326829957,0.9290932173658183,C230034O21Rik,FALSE,FALSE,FALSE,FALSE,0.1981220331159237,FALSE,FALSE,0.052771025810877364
A930017M01Rik,0.25788255739484,0.10763645922293553,0.21601072696326273,0.20594668056636947,0.12039092387119332,0.5985008766847209,A930017M01Rik,FALSE,FALSE,FALSE,FALSE,0.19809473607643202,FALSE,FALSE,0.052763645032657534
Ggh,0.29339902623701963,0.21331576081917059,0.15562580070895038,0.5509406252596274,-0.14512687854503348,0.6831724968112778,Ggh,FALSE,FALSE,FALSE,FALSE,0.19805056849700117,FALSE,FALSE,0.052751702671348155
Mthfs,0.35146734908231103,0.2782386246323684,0.24041782690185487,0.49265216248163424,-0.002158335485283658,0.9962685492673117,Mthfs,FALSE,FALSE,FALSE,FALSE,0.19801450382314986,FALSE,FALSE,0.05274195123440759
Gm49041,-0.4067670014238684,0.429363129603888,-0.08669797164590676,0.8799929174190191,-0.10055733810424866,0.9038261855921822,Gm49041,FALSE,FALSE,FALSE,FALSE,0.19800743705800794,FALSE,FALSE,0.05274004046945961
Inpp1,0.27172104899980454,0.04849389014100938,0.2133620308187565,0.14038682208155595,0.10887804475057994,0.5513748699388772,Inpp1,FALSE,FALSE,FALSE,FALSE,0.197987041523047,FALSE,FALSE,0.05273452577178452
Gm5640,-0.366187094962941,0.5841841837326643,-0.2133169523716767,0.7652033422932852,0.014445463992197816,0.9890612592287737,Gm5640,FALSE,FALSE,FALSE,FALSE,0.19798317044227184,FALSE,FALSE,0.05273347907993792
Tgfa,-0.26628478541338296,0.23032196285758985,-0.1566040104393145,0.4987679916902909,-0.17099980093504152,0.5799459136414272,Tgfa,FALSE,FALSE,FALSE,FALSE,0.197962865595913,FALSE,FALSE,0.052727988903327076
Gnpat,-0.1627878222697463,0.21528476602687377,-0.3538497779561727,0.0704576830990092,-0.07722443245739097,0.6906484118257846,Gnpat,FALSE,FALSE,FALSE,FALSE,0.19795401089443665,FALSE,FALSE,0.052725594702746466
Sec11a,-0.15086379069029832,0.2982190384775431,-0.21335717772284646,0.18598641846202824,-0.22944831661513998,0.25475803720872064,Sec11a,FALSE,FALSE,FALSE,FALSE,0.19788976167609493,FALSE,FALSE,0.05270822251732971
Cops9,-0.16217891096393533,0.35116226666409023,-0.1718488988112803,0.35190310477649156,-0.25960303421100495,0.27725271245900934,Cops9,FALSE,FALSE,FALSE,FALSE,0.19787694799540687,FALSE,FALSE,0.05270475785826413
Shc3,0.17778010996764593,0.5102278859632107,-0.14033790115217926,0.6418756390715776,0.27547435943605647,0.4365918811038007,Shc3,FALSE,FALSE,FALSE,FALSE,0.19786412351862723,FALSE,FALSE,0.052701290280070354
Gm9866,-0.1567915983670154,0.7086214226487981,-0.4277617828005368,0.311822147802712,-0.009023490321051764,0.9890612592287737,Gm9866,FALSE,FALSE,FALSE,FALSE,0.19785895716286797,FALSE,FALSE,0.052699893362061156
Kank4,-0.24854632511814323,0.29877667569648797,-0.2373356275687768,0.34245886126594494,-0.1076028834587337,0.7611811657218196,Kank4,FALSE,FALSE,FALSE,FALSE,0.1978282787152179,FALSE,FALSE,0.05269159829334856
Mcm2,-0.15291709601191794,0.558082507575594,-0.29448077689634555,0.273688756199674,-0.14605595000316995,0.6909198300632233,Mcm2,FALSE,FALSE,FALSE,FALSE,0.1978179409704778,FALSE,FALSE,0.052688803096409956
Sik3,-0.1978000077078219,0.2846307952095948,0.1830927740021986,0.35795429072834656,0.21250078136289474,0.41401257646555706,Sik3,FALSE,FALSE,FALSE,FALSE,0.19779785435763841,FALSE,FALSE,0.05268337192741449
Spice1,0.17877934039502952,0.4155933888022524,0.2641461163078427,0.24800866563941124,0.15046283735912436,0.6304541330199086,Spice1,FALSE,FALSE,FALSE,FALSE,0.19779609802066553,FALSE,FALSE,0.05268289703585417
Abca3,-0.22255880042462373,0.3108967131628711,-0.26433171973120295,0.26513810557637163,-0.10649168249626939,0.7519291126946297,Abca3,FALSE,FALSE,FALSE,FALSE,0.1977940675506987,FALSE,FALSE,0.052682348022159424
Nub1,-0.21820260789936619,0.17670743686735446,-0.25932352195454555,0.1541848750853232,-0.11584583614501565,0.6214620653628867,Nub1,FALSE,FALSE,FALSE,FALSE,0.1977906553329758,FALSE,FALSE,0.052681425401145586
Zfp174,0.27356785224973645,0.16515300429281204,0.16525224062276234,0.42898474253876107,0.15413814920881874,0.58350268073904,Zfp174,FALSE,FALSE,FALSE,FALSE,0.19765274736043917,FALSE,FALSE,0.052644136809452326
Gm27151,-0.23470325706460937,0.7181957457554603,-0.052270548099183745,0.9418119204477002,0.305597929129184,0.7071874787184879,Gm27151,FALSE,FALSE,FALSE,FALSE,0.19752391143099238,FALSE,FALSE,0.05260930118479483
1600002K03Rik,0.40177045858716043,0.22096605659849103,-0.01661327834980386,0.9694774020216769,0.17418274140313472,0.7281231251795859,1600002K03Rik,FALSE,FALSE,FALSE,FALSE,0.19752215944669968,FALSE,FALSE,0.05260882747014482
Gm4202,-0.17918595365703543,0.8292707490163045,-0.4066904076902889,0.624328586288329,-0.006527303186832201,0.9956812519502132,Gm4202,FALSE,FALSE,FALSE,FALSE,0.1974678881780522,FALSE,FALSE,0.0525941531975843
Scrn3,0.3229203086644832,0.05454566233359454,0.19928921931559174,0.2423800227374527,0.06998600971685587,0.7774729484999068,Scrn3,FALSE,FALSE,FALSE,FALSE,0.19739851256564359,FALSE,FALSE,0.05257539489930037
Man2b1,-0.2218753757793719,0.279940882453915,-0.264821394528278,0.23526982677254285,-0.10543115222650368,0.73647889380471665,Man2b1,FALSE,FALSE,FALSE,FALSE,0.1973759741780512,FALSE,FALSE,0.05256930080106298
Ctsd,-0.23748734635331914,0.07785097825669217,-0.17304887916879874,0.22141532666896793,-0.18154077868969232,0.3150712318003307,Ctsd,FALSE,FALSE,FALSE,FALSE,0.19735900140393672,FALSE,FALSE,0.052564711575130534
Capn1,-0.2527104157220377,0.3401390891168017,-0.22505138928979473,0.4191791287834492,-0.11426131977672327,0.7749891809461196,Capn1,FALSE,FALSE,FALSE,FALSE,0.19734104159618523,FALSE,FALSE,0.052559855467642205
Nfib,0.14621376623387494,0.26249275875557454,0.24150210305273667,0.12032630107413,0.20426134746581415,0.2596272457328866,Nfib,FALSE,FALSE,FALSE,FALSE,0.19732573891747526,FALSE,FALSE,0.052555717814628145
Gatad2a,-0.23557741045236114,0.1402349547047837,-0.2092927358142891,0.22417888855535012,-0.14699435193490817,0.5138195973015232,Gatad2a,FALSE,FALSE,FALSE,FALSE,0.19728816606718613,FALSE,FALSE,0.05254555858563353
Kl,0.40867639726032934,0.05677174172214825,0.11056056584190177,0.6269552602309127,0.07246167533615289,0.8254402592907791,Kl,FALSE,FALSE,FALSE,FALSE,0.19723287947946133,FALSE,FALSE,0.05253060978348769
Slc35e2,0.19972541051383885,0.2508093096538628,0.24427954025596677,0.1980749072432713,0.1475774824635696,0.5558389517164815,Slc35e2,FALSE,FALSE,FALSE,FALSE,0.19719414441112507,FALSE,FALSE,0.052520136305262796
Bcdin3d,-0.2352557965901112,0.28932201224288534,-0.22483831514192198,0.3309978385405057,-0.13148801330822524,0.6758327487003399,Bcdin3d,FALSE,FALSE,FALSE,FALSE,0.19719404168008614,FALSE,FALSE,0.052520108528074184
Zcchc3,-0.3280498618396237,0.07861410739096554,-0.21386892041979522,0.25179821216206116,-0.04960571511294498,0.8617790682297148,Zcchc3,FALSE,FALSE,FALSE,FALSE,0.19717483245745462,FALSE,FALSE,0.05251491459442208
Gm21092,0.04285656739948074,0.9184164024968315,0.13523288643206255,0.7284557607347769,-0.4134303515441685,0.41944900487067,Gm21092,FALSE,FALSE,FALSE,FALSE,0.1971732684585706,FALSE,FALSE,0.05251449170867645
Snta1,-0.4043913058222546,0.10963706395913922,-0.16311734712834625,0.5190971317013834,-0.02394632480399972,0.9556465995102239,Snta1,FALSE,FALSE,FALSE,FALSE,0.19715165925153352,FALSE,FALSE,0.0525086488492449
Trib2,0.17748903229314816,0.4104628437929098,0.18320172248607758,0.41955941237361744,0.23047129656618548,0.4337252740578476,Trib2,FALSE,FALSE,FALSE,FALSE,0.19705401711513706,FALSE,FALSE,0.052482247636253546
Mink1,-0.29843520602867724,0.11126028848730007,-0.2138169584137808,0.2789047226257517,-0.07879803758638815,0.7847233869529875,Mink1,FALSE,FALSE,FALSE,FALSE,0.1970167340096154,FALSE,FALSE,0.05247216675062175
Tnk2,-0.23160249184983428,0.36419792617818963,-0.35274881884866627,0.20548047699218985,-0.00662236658705595,0.988242021606551,Tnk2,FALSE,FALSE,FALSE,FALSE,0.19699122576185216,FALSE,FALSE,0.052465269639322396
Cep250,-0.2760962428997358,0.16515739838780052,-0.26314943672423663,0.21491080475112342,0.05169800782500911,0.873330180241766,Cep250,FALSE,FALSE,FALSE,FALSE,0.19698122914966051,FALSE,FALSE,0.05246256668036017
Rnf185,-0.1951860895297859,0.27563689446138184,-0.14720015238111106,0.4393498139528595,-0.24852199939128283,0.313578034115945,Rnf185,FALSE,FALSE,FALSE,FALSE,0.19696941376739327,FALSE,FALSE,0.05245937194870718
Nup62,-0.2845667918381336,0.2475214734921935,-0.13049262104141768,0.6247641842339976,-0.17581389188145824,0.6131233655009791,Nup62,FALSE,FALSE,FALSE,FALSE,0.19695776825366984,FALSE,FALSE,0.052456223147384795
Cyb5d1,-0.21965473084560205,0.37506026020486116,-0.2572368063620809,0.3246309803128976,-0.11393008608654043,0.7593884037821229,Cyb5d1,FALSE,FALSE,FALSE,FALSE,0.19694054109807446,FALSE,FALSE,0.0524515651398801
Crebrf,0.2860604898656893,0.08412253447324684,0.19574128831895443,0.2591057418763741,0.10901069478625391,0.6444543178953018,Crebrf,FALSE,FALSE,FALSE,FALSE,0.19693749099029922,FALSE,FALSE,0.05245074042886913
Acp5,0.05750187571047334,0.9331586152887693,0.024242671511695135,0.9731053265941999,0.508964739819013,0.49370377655327735,Acp5,FALSE,FALSE,FALSE,FALSE,0.19690309568039382,FALSE,FALSE,0.0524414403670697
Chdh,0.10401856862051773,0.7767002128131685,0.15713426016629928,0.6660720767373982,0.3295445979881002,0.4544863891536926,Chdh,FALSE,FALSE,FALSE,FALSE,0.19689914225830574,FALSE,FALSE,0.05244037141116148
Mb21d2,-0.11457131641385487,0.4796803846271581,-0.2396832927524244,0.1751640242634439,-0.23642431311933088,0.28012866486304117,Mb21d2,FALSE,FALSE,FALSE,FALSE,0.19689297409520337,FALSE,FALSE,0.052438703616970964
Ctdnep1,0.3051559231017329,0.04740362148602608,0.13474339927236212,0.375689809472048,0.15062969424390715,0.44953970802632287,Ctdnep1,FALSE,FALSE,FALSE,FALSE,0.19684300553933406,FALSE,FALSE,0.052425192744154546
Ikbip,0.4099396791994394,0.023495574798305448,0.10340661623329872,0.5322384569143993,0.07712738900452631,0.7387467393828504,Ikbip,FALSE,FALSE,FALSE,FALSE,0.19682456147908814,FALSE,FALSE,0.0524202057008457
Cars2,0.3366732973014659,0.0914599822813078,0.19883784560982143,0.33483768359924504,0.054910380021302885,0.8679973948674066,Cars2,FALSE,FALSE,FALSE,FALSE,0.1968071743108634,FALSE,FALSE,0.05241550442792645
Fahd2a,-0.32992812136191496,0.10950806681193752,-0.15189520289959368,0.4636011928463199,-0.1085351074870502,0.7037601176937658,Fahd2a,FALSE,FALSE,FALSE,FALSE,0.1967861439161863,FALSE,FALSE,0.052409818072120924
Ifit3b,0.10918355701177251,0.8140045881021514,-0.18856594704803165,0.6966057929916216,0.29242085722325317,0.6089331033600185,Ifit3b,FALSE,FALSE,FALSE,FALSE,0.1967234537610191,FALSE,FALSE,0.05239286743789565
Taf9b,0.35529983188726266,0.04377204212100119,0.1630334385725467,0.34569883556202574,0.07173924749516569,0.7772401188179298,Taf9b,FALSE,FALSE,FALSE,FALSE,0.196690839318325,FALSE,FALSE,0.05238404890032634
Col16a1,0.33488110122596826,0.09674731075524617,-0.2333859392177402,0.2842259887151532,-0.02171244563035657,0.9531333652183723,Col16a1,FALSE,FALSE,FALSE,FALSE,0.196659828691355,FALSE,FALSE,0.05237566401447843
Mcf2l,-0.2625522610837594,0.08060783020265043,-0.23327354636344122,0.15518880905879467,-0.09408293114291055,0.661074608079989,Mcf2l,FALSE,FALSE,FALSE,FALSE,0.19663624619670372,FALSE,FALSE,0.0523692876027454
Trpc3,0.030697525825724492,0.940004638959126,0.05918057452778358,0.8820679078742742,0.5000228498673329,0.2393845836359759,Trpc3,FALSE,FALSE,FALSE,FALSE,0.19663365007361366,FALSE,FALSE,0.052368585643517734
Zbtb42,0.0519371463407885,0.9029566172838434,-0.42997166471360404,0.2913687912323456,-0.10796065700527235,0.857631954631146,Zbtb42,FALSE,FALSE,FALSE,FALSE,0.1966231560198883,FALSE,FALSE,0.052365748182583646
Rbl2,0.24965160720001567,0.05501175218210653,0.15326443033232096,0.24728591502651884,0.18647304975728574,0.2677770325853278,Rbl2,FALSE,FALSE,FALSE,FALSE,0.1964630290965408,FALSE,FALSE,0.052322451864365224
Cnih2,-0.25447061022328876,0.279940882453915,-0.3290655720151734,0.19572058560215308,0.005695071062000956,0.988414301980834,Cnih2,FALSE,FALSE,FALSE,FALSE,0.19641041776682103,FALSE,FALSE,0.052308226418538745
Slc25a35,-0.2336372469913075,0.5385480700075879,-0.21480346985740506,0.5843438371707971,0.14074811875959026,0.7888595233079527,Slc25a35,FALSE,FALSE,FALSE,FALSE,0.19639627853610095,FALSE,FALSE,0.0523044033473161
Itpr1,-0.2188174672165184,0.10514963649337045,-0.19681368322677883,0.18269802350293032,-0.1735020620137968,0.34872330261413764,Itpr1,FALSE,FALSE,FALSE,FALSE,0.196377737485698,FALSE,FALSE,0.05229939007908133
Paqr9,0.18968287934494166,0.40062538926817554,-0.1992218815325324,0.4222139455172442,0.19999064364022212,0.5218777527662501,Paqr9,FALSE,FALSE,FALSE,FALSE,0.19629846817256538,FALSE,FALSE,0.05227795664780946
Ccm2,-0.21455456440063525,0.3098499613750224,-0.2180294365185027,0.32517600587260753,-0.1562623384079771,0.598803497404075,Ccm2,FALSE,FALSE,FALSE,FALSE,0.19628211310903834,FALSE,FALSE,0.05227353444309743
Mroh7,-0.3420550583084352,0.20321082509826657,-0.185337063941573,0.5027758108041562,-0.06144976723557205,0.8855111438723956,Mroh7,FALSE,FALSE,FALSE,FALSE,0.19628062982852676,FALSE,FALSE,0.05227313338259059
Msantd1,0.12235795123729903,0.816964500882769,-0.21285859799659662,0.699775373375869,-0.253501266444457,0.7303862231313626,Msantd1,FALSE,FALSE,FALSE,FALSE,0.1962392718927842,FALSE,FALSE,0.05226195071380927
Zfp169,0.10039947196379462,0.5861248480318755,0.23543426683543345,0.2086980333808792,0.2527714847490232,0.2858621350708036,Zfp169,FALSE,FALSE,FALSE,FALSE,0.19620174118275044,FALSE,FALSE,0.05225180287901288
Ecscr,0.189876025722217,0.6748746510857644,0.14825038535567925,0.7608681525653622,0.250474274203573,0.6808576716060339,Ecscr,FALSE,FALSE,FALSE,FALSE,0.19620022842715643,FALSE,FALSE,0.052251393848812236
Sap30,0.1532030533847828,0.5458646618794339,-0.13496821313398888,0.6275883291249957,0.30030036849973474,0.3528985693680156,Sap30,FALSE,FALSE,FALSE,FALSE,0.19615721167283548,FALSE,FALSE,0.05223976265622533
Tiparp,-0.20107473702737177,0.6532028631376686,0.14465156509389576,0.7657765098525056,-0.2427007023117218,0.7015333692195924,Tiparp,FALSE,FALSE,FALSE,FALSE,0.19614233481099644,FALSE,FALSE,0.05223574013876975
Ide,0.24864023978357785,0.25319051435674134,0.19373179660410855,0.4092548890655328,0.14593793159846324,0.649894386994797,Ide,FALSE,FALSE,FALSE,FALSE,0.19610332266204988,FALSE,FALSE,0.052225191741411804
Spcs1,-0.12786233634509525,0.45726963074937754,-0.22875821878244196,0.21545322800644753,-0.23168223151752798,0.3248219619173585,Spcs1,FALSE,FALSE,FALSE,FALSE,0.1961009288816884,FALSE,FALSE,0.05222454449312832
Cep128,0.0650415002891167,0.8056481284999897,0.20481765454485945,0.40093548775267834,0.31839264479186014,0.2998993914519097,Cep128,FALSE,FALSE,FALSE,FALSE,0.1960839332086121,FALSE,FALSE,0.05221994907560287
Podxl,-0.25465632707374564,0.2843135991920574,0.016147193912854796,0.9557381998009242,0.317395637745971,0.31109217526227284,Podxl,FALSE,FALSE,FALSE,FALSE,0.19606638624419048,FALSE,FALSE,0.05221520459578972
Slc23a2,-0.22758096874597467,0.4789394228088286,0.21772569887514415,0.5281879922521592,-0.14284769978071576,0.7714245997647146,Slc23a2,FALSE,FALSE,FALSE,FALSE,0.19605145580061153,FALSE,FALSE,0.05221116759050152
Lsm5,-0.2528891222546421,0.305336365728003,-0.064622741740886,0.8177080821711707,-0.2705364942442907,0.4187318909375596,Lsm5,FALSE,FALSE,FALSE,FALSE,0.19601611941327293,FALSE,FALSE,0.05220161307312919
Srp9,0.42172949265834525,0.03994263921548932,0.1398996483746826,0.4886390980596435,0.026364408410471718,0.9382131319933964,Srp9,FALSE,FALSE,FALSE,FALSE,0.19599784981449986,FALSE,FALSE,0.05219667320202154
Pcnt,-0.25292714368065816,0.26353424912105594,-0.2948713039915285,0.23050266066214736,-0.040155284904915156,0.9218699519079124,Pcnt,FALSE,FALSE,FALSE,FALSE,0.19598457752570062,FALSE,FALSE,0.05219308454105606
Mtfr1,0.21970588635424715,0.2122627759230576,0.22359747423179765,0.2397064691583677,0.14458531735923597,0.5700228149435639,Mtfr1,FALSE,FALSE,FALSE,FALSE,0.19596289264842692,FALSE,FALSE,0.052187221221338544
Chkb,0.19834726458295587,0.7362632969243278,0.2554072482819345,0.6669514775681711,0.13398261382441431,0.8818326984690418,Chkb,FALSE,FALSE,FALSE,FALSE,0.19591237556310157,FALSE,FALSE,0.05217356203301474
Ubap1,-0.26966556323187074,0.05333433753160921,-0.1465027737225526,0.287798387588748,-0.17143140893963071,0.3332157601112203,Ubap1,FALSE,FALSE,FALSE,FALSE,0.19586658196468468,FALSE,FALSE,0.0521611800164995
Syvn1,0.20691108391082214,0.34548316632778003,0.09803791576356069,0.6966172729327719,0.28259149536962713,0.3485841147330226,Syvn1,FALSE,FALSE,FALSE,FALSE,0.19584683168133665,FALSE,FALSE,0.05215583978679382
Pheta2,0.13807707082405773,0.7530633767516941,-0.37940213908327625,0.3999505152983382,-0.07001472525977492,0.9232097857035996,Pheta2,FALSE,FALSE,FALSE,FALSE,0.19583131172236964,FALSE,FALSE,0.05215164338391462
Hexim2,-0.23401249617064046,0.28627345957426037,-0.20086025930043983,0.3792675819047739,-0.15261886579770145,0.6211846313480557,Hexim2,FALSE,FALSE,FALSE,FALSE,0.19583054042292725,FALSE,FALSE,0.05215143483418793
Ccdc85a,0.2505830505436317,0.2898666797805103,0.20855980735504387,0.4094562210635092,0.1280793933376061,0.7199355915958393,Ccdc85a,FALSE,FALSE,FALSE,FALSE,0.1957407504120939,FALSE,FALSE,0.052127156737784126
Sae1,-0.2201417687978191,0.11881551627982423,-0.2209219342500024,0.1554219416556397,-0.14612892263880273,0.44977822489590724,Sae1,FALSE,FALSE,FALSE,FALSE,0.19573087522887475,FALSE,FALSE,0.052124486611697995
Gm13341,0.09008188314597643,0.8007203383063919,0.3269843985196821,0.3126157539920834,-0.17012594554845784,0.7303752574601557,Gm13341,FALSE,FALSE,FALSE,FALSE,0.19573074240470545,FALSE,FALSE,0.05212445069770314
Exosc4,-0.18427422265382098,0.22540446822847107,-0.31643179083820616,0.09327604292226828,-0.08639873164549527,0.6966065978764717,Exosc4,FALSE,FALSE,FALSE,FALSE,0.19570158171250748,FALSE,FALSE,0.052116566011090305
Gm17055,-0.4695401731885553,0.41953210388747,-0.09352112173239158,0.8841005417367038,0.023977982250153573,0.9799445617859837,Gm17055,FALSE,FALSE,FALSE,FALSE,0.19567975905703347,FALSE,FALSE,0.05211066543786988
Atp6v0a1,-0.24885755672574295,0.15695424192012283,-0.22396685088274815,0.2397064691583677,-0.11419398484046361,0.6592130259753674,Atp6v0a1,FALSE,FALSE,FALSE,FALSE,0.1956727974829849,FALSE,FALSE,0.05210878311527849
Arhgap1,-0.24298784223932657,0.17730605894642373,-0.15924136641945807,0.40876071437761924,-0.18470860376622067,0.4636490916249325,Arhgap1,FALSE,FALSE,FALSE,FALSE,0.19564593747500178,FALSE,FALSE,0.052101520504914935
Tpbgl,-0.2368704042931714,0.7463189010361165,0.03323845986027518,0.966661166888352,0.3167790917321905,0.7305257616518978,Tpbgl,FALSE,FALSE,FALSE,FALSE,0.19562931862854568,FALSE,FALSE,0.05209702697659662
Trmt10a,0.15123981948858267,0.5456896393311794,0.36351965437292844,0.1581426767106963,0.07195821228209054,0.8563132512776508,Trmt10a,FALSE,FALSE,FALSE,FALSE,0.19557256204786722,FALSE,FALSE,0.05208168070673349
Stard4,0.3789207435782709,0.11396576345400576,0.061087111824888574,0.8310215491155629,0.14667352073717055,0.6758588626152562,Stard4,FALSE,FALSE,FALSE,FALSE,0.19556045871344332,FALSE,FALSE,0.05207840811641722
Kcnq4,-0.2941339718931837,0.47413024558052846,-0.23333854231527273,0.584034365417331,-0.05918053694198111,0.9308707838816256,Kcnq4,FALSE,FALSE,FALSE,FALSE,0.19555101705014585,FALSE,FALSE,0.05207585520869819
Cntn4,0.25664310712917615,0.34008684224986757,0.13764447099078758,0.6470127627857968,0.19231879207053781,0.6162171375119717,Cntn4,FALSE,FALSE,FALSE,FALSE,0.19553545673016717,FALSE,FALSE,0.05207164789270602
Prpf4,-0.2662736033970017,0.11569506013799451,-0.07545711471752092,0.6843774701391692,-0.24484337896599495,0.27951677347185105,Prpf4,FALSE,FALSE,FALSE,FALSE,0.1955246990268392,FALSE,FALSE,0.05206873914421544
Gm20186,0.19742557393992433,0.6501631343609918,0.15675355950567083,0.7364061619112628,-0.23236378532682123,0.7190754103339823,Gm20186,FALSE,FALSE,FALSE,FALSE,0.19551430625747213,FALSE,FALSE,0.052065929069305614
Cacng6,-0.2409229555175636,0.5517443617071002,-0.25981215988176043,0.5301927589588453,-0.08578752313614357,0.8929315197757313,Cacng6,FALSE,FALSE,FALSE,FALSE,0.1955075461784892,FALSE,FALSE,0.05206410122846094
Hmgxb3,-0.3102166532006603,0.06661191676146352,-0.13893164489626209,0.41386508386770854,-0.13736054818359733,0.5443375022543332,Hmgxb3,FALSE,FALSE,FALSE,FALSE,0.19550294876017324,FALSE,FALSE,0.052062858144023734
Zfhx3,0.23371213291511328,0.19059665051557528,0.12512930707555547,0.5235697642865602,0.22762297213430926,0.36266984049165635,Zfhx3,FALSE,FALSE,FALSE,FALSE,0.19548813737499268,FALSE,FALSE,0.05205885333063803
2410022M11Rik,0.0443333222053135,0.9136818576567579,0.07906987256044085,0.8437751604409903,0.4628273826260436,0.29051836872056874,2410022M11Rik,FALSE,FALSE,FALSE,FALSE,0.19541019246393265,FALSE,FALSE,0.052037778001129346
Eif2b3,-0.2819833060827497,0.1617152732538799,-0.17564626347846968,0.3991882509368793,-0.12859259700989645,0.6498321150608817,Eif2b3,FALSE,FALSE,FALSE,FALSE,0.1954073888570386,FALSE,FALSE,0.05203701994087497
Ift20,0.33520778704946874,0.10031343436224324,0.04071605894405117,0.8657283681631889,-0.21028302393644704,0.4579741573138738,Ift20,FALSE,FALSE,FALSE,FALSE,0.19540228997665565,FALSE,FALSE,0.05203564126736397
Yars2,0.27442309477859306,0.2741987495648397,0.30067168302888225,0.25898510796802765,0.011039978977772424,0.9812328423861192,Yars2,FALSE,FALSE,FALSE,FALSE,0.19537825226174924,FALSE,FALSE,0.052029141769764975
Senp2,0.18615985448244476,0.38825834184822416,0.3390969478782564,0.15829680081268593,0.06076911718155831,0.8676876584333398,Senp2,FALSE,FALSE,FALSE,FALSE,0.19534197318075316,FALSE,FALSE,0.05201933235981291
Eif4enif1,0.11148091330756671,0.4204567036029415,0.22697301507942758,0.14319192341357487,0.24755052546431244,0.18772786970742486,Eif4enif1,FALSE,FALSE,FALSE,FALSE,0.19533481795043559,FALSE,FALSE,0.052017397674987406
Meis2,0.22962850504007015,0.3116571934815426,0.23023339064721426,0.33580579901094576,0.12608428127112337,0.7101641766295487,Meis2,FALSE,FALSE,FALSE,FALSE,0.19531539231946926,FALSE,FALSE,0.05201214522722703
Rrm1,0.2826154963533991,0.06637702392931645,0.17834355205548746,0.25902877083401443,0.12478939388665822,0.5542801783995484,Rrm1,FALSE,FALSE,FALSE,FALSE,0.1952494807651816,FALSE,FALSE,0.05199432356695247
Sorbs3,-0.16241070299504745,0.41710300809365897,0.1915617630225519,0.3410043386007869,0.23174004724585728,0.37274546811438364,Sorbs3,FALSE,FALSE,FALSE,FALSE,0.1952375044211522,FALSE,FALSE,0.051991085313251285
P4ha1,-0.24004645444004336,0.2004992888166624,-0.1371216781337603,0.5047903644783557,-0.2084777711624337,0.43208725836388395,P4ha1,FALSE,FALSE,FALSE,FALSE,0.19521530124541245,FALSE,FALSE,0.05198508185210814
9430038I01Rik,0.22946028575466726,0.6283059412147607,0.15894413168387433,0.7563219524403029,0.19715595207294923,0.7715507907867037,9430038I01Rik,FALSE,FALSE,FALSE,FALSE,0.19518678983716362,FALSE,FALSE,0.05197737272375802
Cfap54,-0.11552654884209757,0.6691987364577321,0.1555205471027361,0.5565253621846682,0.31451182741922956,0.3332157601112203,Cfap54,FALSE,FALSE,FALSE,FALSE,0.19518630778802107,FALSE,FALSE,0.0519772423836963
Gspt1,0.23456358745385408,0.24673494647542016,0.25338138122221743,0.24968657272601208,0.09760858645594794,0.7552557829023784,Gspt1,FALSE,FALSE,FALSE,FALSE,0.19518451837733983,FALSE,FALSE,0.05197675854941872
Slc9a6,0.1679210773120685,0.27200126781927303,0.27054251918651673,0.12896703924825403,0.1470881582462411,0.4979997449771047,Slc9a6,FALSE,FALSE,FALSE,FALSE,0.19518391824827544,FALSE,FALSE,0.05197659628202233
Plppr2,-0.1331061901366546,0.5263959116675455,-0.37630975700239677,0.12061995108359509,-0.07598347235339187,0.8110123400508147,Plppr2,FALSE,FALSE,FALSE,FALSE,0.1951331398308144,FALSE,FALSE,0.05196286643275613
Map1b,-0.22876587974289642,0.14478170025205028,-0.16991491641575962,0.3138525385035194,-0.1867021329089571,0.3965644117595931,Map1b,FALSE,FALSE,FALSE,FALSE,0.1951276430225377,FALSE,FALSE,0.05196138016451742
Psd4,-0.266501098793937,0.43973068480119726,-0.20780485105468716,0.5641618866345459,-0.11102388143499842,0.8311625572440076,Psd4,FALSE,FALSE,FALSE,FALSE,0.19510994376120752,FALSE,FALSE,0.05195659450552415
Igsf11,-0.3734598261934181,0.29812323459608503,-0.16489607680649954,0.6675602429089323,0.04696065712966213,0.9364760785169263,Igsf11,FALSE,FALSE,FALSE,FALSE,0.19510552004319326,FALSE,FALSE,0.05195539838747698
Col11a2,0.27357990136131605,0.6382386587468276,-0.1232040514923316,0.8561048857286463,0.18843989165631658,0.8302444942285242,Col11a2,FALSE,FALSE,FALSE,FALSE,0.19507461483665475,FALSE,FALSE,0.051947042005995814
Fam102b,-0.3248513362341683,0.07921581889933181,-0.11007591015760809,0.5675044901793397,0.15022779325321078,0.5441728163197024,Fam102b,FALSE,FALSE,FALSE,FALSE,0.1950516798816624,FALSE,FALSE,0.051940840680891234
Chn1,0.16528477092731908,0.42123943681485626,-0.2602372796132064,0.24728591502651884,0.15956711154846914,0.5858169450535617,Chn1,FALSE,FALSE,FALSE,FALSE,0.19502972069633154,FALSE,FALSE,0.051934903191704365
Taf6l,-0.023854170401538255,0.8942179676809057,-0.2980667919005251,0.11036521115468788,-0.26313561668138163,0.2186392718209619,Taf6l,FALSE,FALSE,FALSE,FALSE,0.19501885966114832,FALSE,FALSE,0.05193196650357196
Ttc24,-0.004388636159274872,0.9924051818919766,0.26399069333706615,0.5221336916485603,0.31657397388992736,0.5558064565173171,Ttc24,FALSE,FALSE,FALSE,FALSE,0.19498443446208946,FALSE,FALSE,0.05192265836011909
Tprgl,-0.2309233707002134,0.12486209200855847,-0.19835302322839432,0.22085503021062522,-0.15565071188910018,0.45731157893809365,Tprgl,FALSE,FALSE,FALSE,FALSE,0.19497570193923597,FALSE,FALSE,0.05192029719511067
Fgfr2,-0.3891451050042667,0.08555435164795915,-0.14418186057241034,0.526179329840516,-0.0515990198679841,0.8833545296420747,Fgfr2,FALSE,FALSE,FALSE,FALSE,0.19497532848155372,FALSE,FALSE,0.051920196216822236
Ahr,0.14004102151486064,0.6438719755037133,0.41622068459858896,0.1751640242634439,0.02865259038182799,0.9578501646983947,Ahr,FALSE,FALSE,FALSE,FALSE,0.19497143216509252,FALSE,FALSE,0.05191914270156161
Akr1b8,-0.22597543689140753,0.645110350977528,0.09143643706891602,0.8575734232508682,-0.2674835642236606,0.6884502669466721,Akr1b8,FALSE,FALSE,FALSE,FALSE,0.19496514606132806,FALSE,FALSE,0.05191744301769052
Paip2,0.37390672108054535,0.061310859174074465,0.148806820361572,0.47040320417075115,0.06217028827879911,0.8438817055185068,Paip2,FALSE,FALSE,FALSE,FALSE,0.19496127657363882,FALSE,FALSE,0.05191639675659443
Fam107a,-0.32073201952098174,0.19875179215485528,0.1845044245235341,0.48544695290127693,0.0796129658254312,0.8440706160343492,Fam107a,FALSE,FALSE,FALSE,FALSE,0.19494980328998235,FALSE,FALSE,0.05191329452412898
Pla2g7,-0.14632546425673265,0.4513097017758343,-0.1852826988804228,0.3648924883306366,-0.2530808869293244,0.3384038039117155,Pla2g7,FALSE,FALSE,FALSE,FALSE,0.19489635002215996,FALSE,FALSE,0.05189884142876519
Ilk,-0.27840435811681774,0.4512394744048527,-0.2318380554608081,0.5473071033304687,0.07433234176539638,0.8989480606634414,Ilk,FALSE,FALSE,FALSE,FALSE,0.1948582517810074,FALSE,FALSE,0.051888540140649364
Mtmr10,0.165786798807237,0.21864932117356495,0.17080493997605295,0.2370386758266454,0.2478437287326507,0.17827482305413056,Mtmr10,FALSE,FALSE,FALSE,FALSE,0.19481182250531356,FALSE,FALSE,0.051875986244945466
Katnal2,-0.2606475823371621,0.17385691408187948,-0.2364004486344844,0.23828464880518577,-0.08731121568991052,0.7532323228074294,Katnal2,FALSE,FALSE,FALSE,FALSE,0.19478641555385234,FALSE,FALSE,0.0518691165228998
Lrrtm2,0.26018553881326323,0.44210430301591214,0.22496112912830402,0.5376535558284866,-0.0991771877622929,0.8617068038132876,Lrrtm2,FALSE,FALSE,FALSE,FALSE,0.1947746185679534,FALSE,FALSE,0.0518659267653948
Nkrf,0.2404699016543721,0.36006328016944633,0.22937195535121946,0.41085726326050515,-0.11446988288530058,0.7850435928194189,Nkrf,FALSE,FALSE,FALSE,FALSE,0.1947705799636307,FALSE,FALSE,0.05186483477727527
Sppl3,-0.31413106252579137,0.09670089271881378,-0.21276054644707987,0.2719573862991408,0.057372308778119496,0.8445246801033858,Sppl3,FALSE,FALSE,FALSE,FALSE,0.19475463925033024,FALSE,FALSE,0.05186052460768444
Axin2,-0.20337904584962896,0.42541741049139953,-0.33988159730677925,0.214624222301969,0.04099040667954057,0.9265374778449096,Axin2,FALSE,FALSE,FALSE,FALSE,0.19475034994531626,FALSE,FALSE,0.051859364833232155
A830011K09Rik,-0.3425921759899388,0.6021040882783352,-0.19634040644982725,0.780175205618221,0.04519497782854004,0.9677541211626071,A830011K09Rik,FALSE,FALSE,FALSE,FALSE,0.19470918675610202,FALSE,FALSE,0.05184823482147744
Lsm14a,0.2496563595906771,0.10303721710844499,0.1876040141280333,0.24936187148890213,0.14674499897355098,0.49116834666750675,Lsm14a,FALSE,FALSE,FALSE,FALSE,0.19466845756408713,FALSE,FALSE,0.051837222157139734
Letm2,0.112299554137814,0.7081523246617254,0.26980916092830753,0.34183371636126963,0.20189348277518437,0.6020366589869007,Letm2,FALSE,FALSE,FALSE,FALSE,0.1946673992804353,FALSE,FALSE,0.0518369360104706
Zfp566,0.427289604773359,0.2379893859365572,0.13879107315063144,0.7438020931602227,0.017748632741651393,0.9793278079387262,Zfp566,FALSE,FALSE,FALSE,FALSE,0.1946097702218806,FALSE,FALSE,0.05182135383349717
Mfsd3,-0.26404970016472507,0.4452635015775329,-0.3048112100865712,0.39166310194609416,0.014958577617261604,0.9793278079387262,Mfsd3,FALSE,FALSE,FALSE,FALSE,0.19460649595618595,FALSE,FALSE,0.05182046851298713
D6Wsu163e,-0.17671951451406454,0.3082040195970543,-0.21234701398875444,0.25249438541278874,-0.19472774751606448,0.4169495874309355,D6Wsu163e,FALSE,FALSE,FALSE,FALSE,0.1945980920062945,FALSE,FALSE,0.051818196189999936
Ivns1abp,0.30576068941021184,0.15014402924547307,0.2679519838444717,0.24493135455171414,-0.00999181943746752,0.9797470578788081,Ivns1abp,FALSE,FALSE,FALSE,FALSE,0.19456816423071702,FALSE,FALSE,0.051810104093631106
Gm29170,0.1287594798337901,0.7435708583588315,0.26451355896174755,0.4807694028690856,0.19037245304581685,0.7169337932983537,Gm29170,FALSE,FALSE,FALSE,FALSE,0.1945484972804515,FALSE,FALSE,0.05180478639614913
Sdhaf4,0.3813300726844915,0.05716747348915869,0.05982085264665837,0.7917371713878245,0.14244300179604874,0.6040907740219245,Sdhaf4,FALSE,FALSE,FALSE,FALSE,0.19453130904239954,FALSE,FALSE,0.051800138911461645
Zfp771,-0.13603472172286146,0.6179015681270956,-0.23372775934480172,0.3954892631840488,0.2137294390111224,0.5366259856518361,Zfp771,FALSE,FALSE,FALSE,FALSE,0.19449730669292853,FALSE,FALSE,0.051790945101251006
2610528J11Rik,-0.26856823929175366,0.44585280911519015,-0.10385554741655723,0.7896016454326162,-0.21096685295650563,0.667304825320646,2610528J11Rik,FALSE,FALSE,FALSE,FALSE,0.19446354655493883,FALSE,FALSE,0.051781816781996864
Pcdh19,0.0213979113285081,0.9195777638738377,0.0722216610004458,0.7173146838709702,0.48969976496674983,0.06396116089959382,Pcdh19,FALSE,FALSE,FALSE,FALSE,0.1944397790985679,FALSE,FALSE,0.05177539035892718
Hnrnpa1,-0.20864022890960587,0.13886254732354278,-0.19527864985574084,0.20366247837653506,-0.17939296117701087,0.3588235537097898,Hnrnpa1,FALSE,FALSE,FALSE,FALSE,0.19443727998078586,FALSE,FALSE,0.051774714628722074
Usp14,0.2814481052050466,0.1359563964824613,0.1787347198983973,0.37440422482509755,0.1229258245824667,0.6574352199602658,Usp14,FALSE,FALSE,FALSE,FALSE,0.19436954989530353,FALSE,FALSE,0.05175640126034716
Gm10297,-0.27149355953980203,0.6297224862571819,0.30752057987005177,0.5647772326255309,-0.004092045518058862,0.9958136259774507,Gm10297,FALSE,FALSE,FALSE,FALSE,0.1943687283093042,FALSE,FALSE,0.05175617911376415
Syt17,-0.14749003355944978,0.4965940705938259,-0.31914059984842424,0.1751640242634439,-0.11644435469103609,0.7086847097238209,Syt17,FALSE,FALSE,FALSE,FALSE,0.19435832936630337,FALSE,FALSE,0.05175336736958092
Slc18b1,0.1765967030179505,0.3521310011126611,0.24709149103032235,0.21666668692401578,0.1593052232016734,0.5505506013670397,Slc18b1,FALSE,FALSE,FALSE,FALSE,0.19433113908331542,FALSE,FALSE,0.05174601545698507
Ranbp6,0.3166001929916895,0.07563175728469197,0.2611840745540297,0.17209149625239953,-0.005203589336049141,0.9865387021639938,Ranbp6,FALSE,FALSE,FALSE,FALSE,0.19432928562725613,FALSE,FALSE,0.05174551430563794
Inpp5j,-0.3432032830946583,0.4046916393817827,-0.1975081707063584,0.6514051108750648,-0.042232893556291895,0.9526275414227284,Inpp5j,FALSE,FALSE,FALSE,FALSE,0.1943147824524362,FALSE,FALSE,0.0517415928284806
Sac3d1,-0.23229939777202002,0.40948467093468033,-0.3039100824688923,0.30033460502744996,-0.0467029843422897,0.9221049149128229,Sac3d1,FALSE,FALSE,FALSE,FALSE,0.19430415486106734,FALSE,FALSE,0.05173871926063716
3110056K07Rik,0.13084623965922848,0.6108697353938372,0.25913853032092593,0.3023118280387254,0.19283856127804455,0.5700228149435639,3110056K07Rik,FALSE,FALSE,FALSE,FALSE,0.19427444375273298,FALSE,FALSE,0.05173068574838217
Capg,-0.3909001747941816,0.27684135324964665,-0.06266154808623225,0.8764196653597753,-0.12922299608882737,0.8093324509467632,Capg,FALSE,FALSE,FALSE,FALSE,0.19426157298974708,FALSE,FALSE,0.05172720565497688
Gm36371,0.16677837413734817,0.7889343236082392,-0.001281623979672103,0.9983601298253817,0.41468841669954815,0.5934923522681136,Gm36371,FALSE,FALSE,FALSE,FALSE,0.1942494716055228,FALSE,FALSE,0.0517239335919702
C1qtnf7,0.026597080465873307,0.973729603862918,0.4844572041699463,0.4626845608325742,0.07162971668177529,0.9526275414227284,C1qtnf7,FALSE,FALSE,FALSE,FALSE,0.1942280004391983,FALSE,FALSE,0.0517181280570216
Tmed9,-0.11409764175726966,0.48582022951342047,-0.23852286124048572,0.1805877448834008,-0.23003033498387548,0.29929667609319877,Tmed9,FALSE,FALSE,FALSE,FALSE,0.19421694599387695,FALSE,FALSE,0.05171513907320579
Gtf2f1,-0.26830568145718825,0.07470964822592321,-0.13134908546563206,0.38687003985486057,-0.18296516546957697,0.35260193967782166,Gtf2f1,FALSE,FALSE,FALSE,FALSE,0.1942066441307991,FALSE,FALSE,0.05171235357822008
Gm47484,-0.2555174163474552,0.4352691967240098,-0.12060660337825668,0.7333584741789106,-0.20648709627745743,0.6509879873964937,Gm47484,FALSE,FALSE,FALSE,FALSE,0.19420370533438977,FALSE,FALSE,0.051711558964410875
Ift122,-0.2842271294794507,0.17712690261118688,-0.22206539665620184,0.3212839313598584,-0.07619677254169233,0.8192972505097768,Ift122,FALSE,FALSE,FALSE,FALSE,0.19416309955911495,FALSE,FALSE,0.05170057967041677
Zhx1,0.2703013750479508,0.07054476207013363,0.18758490662198657,0.22876738426762694,0.12458172766887277,0.5464351320001115,Zhx1,FALSE,FALSE,FALSE,FALSE,0.1941560031129367,FALSE,FALSE,0.051698660880087635
Vamp1,0.2598622548912779,0.21791149932187867,0.047622226212737484,0.851400853586302,0.2749143787472099,0.33498049184934425,Vamp1,FALSE,FALSE,FALSE,FALSE,0.19413295328374178,FALSE,FALSE,0.0516924284944348
Frmd6,0.1546902673172843,0.4078882288528471,0.23930382286228014,0.22499875800787536,0.18838719792144243,0.46186011699147894,Frmd6,FALSE,FALSE,FALSE,FALSE,0.19412709603366896,FALSE,FALSE,0.05169084476724054
Scpep1,-0.22152498217776984,0.48352951946146516,-0.07780709743852743,0.8335154108405982,-0.28300437343421425,0.5224767044970761,Scpep1,FALSE,FALSE,FALSE,FALSE,0.19411215101683718,FALSE,FALSE,0.051686803821526975
Pja1,-0.261365273764544,0.1317731879731566,-0.07409677274050352,0.7078464356391801,-0.2468611193661383,0.30114218577050056,Pja1,FALSE,FALSE,FALSE,FALSE,0.19410772195706194,FALSE,FALSE,0.05168560625913441
Meis1,-0.08735988995744659,0.7572093142384079,0.37467393532012716,0.15980664847787227,-0.12023280879906428,0.7540696464943686,Meis1,FALSE,FALSE,FALSE,FALSE,0.194088878025546,FALSE,FALSE,0.05168051109563321
Heatr6,-0.17751086097461055,0.2195731816809131,-0.22874486758619028,0.15636413188846,-0.17596542905894186,0.37460028239116444,Heatr6,FALSE,FALSE,FALSE,FALSE,0.1940737192065809,FALSE,FALSE,0.05167641234049567
1600020E01Rik,0.129070805165441,0.6512082442857864,0.23470865942771324,0.3994141748142066,0.2182450305806265,0.5572624935729553,1600020E01Rik,FALSE,FALSE,FALSE,FALSE,0.19400816505792692,FALSE,FALSE,0.0516586873182363
Sema3b,-0.111614587504687,0.8359903015398248,0.4494846066039351,0.32578609896149663,0.02082275262893818,0.9800021685439115,Sema3b,FALSE,FALSE,FALSE,FALSE,0.1939739822458534,FALSE,FALSE,0.05164944471319403
Magi2,0.22906802730911213,0.06375804038220935,0.20638360026037805,0.13144440679314048,0.1463340187120803,0.3715242216080237,Magi2,FALSE,FALSE,FALSE,FALSE,0.19392854876052348,FALSE,FALSE,0.05163716006675548
Clgn,0.400326798724143,0.10803663039875643,-0.11164064335127266,0.7035139164034433,0.06968191549063363,0.8681458594612189,Clgn,FALSE,FALSE,FALSE,FALSE,0.1938831191886831,FALSE,FALSE,0.05162487647847558
Abcd3,0.2834694399627393,0.027655801964198284,0.18771371422151795,0.14005946073430853,0.11031484915207468,0.48297481888563765,Abcd3,FALSE,FALSE,FALSE,FALSE,0.1938326677787773,FALSE,FALSE,0.05161123504796418
Wdr95,-0.1366769223649027,0.7936847096420291,0.14173896233789768,0.7865164881774891,0.3028928934852376,0.6323909429312146,Wdr95,FALSE,FALSE,FALSE,FALSE,0.193769592729346,FALSE,FALSE,0.05159418034314172
Cd99l2,-0.24816526301917552,0.14856691083202345,-0.21497281686345904,0.2461248894090577,-0.11806230411153784,0.6388746135393064,Cd99l2,FALSE,FALSE,FALSE,FALSE,0.1937334613313908,FALSE,FALSE,0.05158441086483763
Efhc2,0.23086463010124936,0.35837602197213053,0.18933682791307938,0.4797712246506251,0.16085728321297577,0.6575644461362093,Efhc2,FALSE,FALSE,FALSE,FALSE,0.19368624707576818,FALSE,FALSE,0.051571644720374545
Dhx34,-0.1270936497678159,0.670611882390123,-0.3325536126508304,0.2719573862991408,-0.12132653766883639,0.7786998228737898,Dhx34,FALSE,FALSE,FALSE,FALSE,0.19365793336249423,FALSE,FALSE,0.051563989046274114
Pdgfb,-0.01949495525040268,0.965933059591046,-0.23054183095350855,0.5869073843812755,0.3308509733056151,0.5055026796733817,Pdgfb,FALSE,FALSE,FALSE,FALSE,0.1936292531698421,FALSE,FALSE,0.051556234280731424
Jrk,-0.28286792204279365,0.1945031699891786,-0.10052501240072331,0.6709084366154556,-0.1974927203717627,0.5072462343786608,Jrk,FALSE,FALSE,FALSE,FALSE,0.1936285516050932,FALSE,FALSE,0.051556044586394054
Mutyh,-0.49625775760945606,0.301921871997801,-0.05809912813751894,0.9134051850362276,-0.026463327759422617,0.9739696079877911,Mutyh,FALSE,FALSE,FALSE,FALSE,0.19360673783546586,FALSE,FALSE,0.05155014641579548
Endog,0.02904534302000128,0.9030820683295424,-0.23743294870170262,0.28063390696879814,0.31425035317952066,0.22883549576023568,Endog,FALSE,FALSE,FALSE,FALSE,0.19357621496707486,FALSE,FALSE,0.05154189341376953
Prox2,0.14264596458140055,0.7003052073628556,0.2501902125733635,0.48361535299799724,0.18777712304529426,0.7049852498885629,Prox2,FALSE,FALSE,FALSE,FALSE,0.19353776673335277,FALSE,FALSE,0.0515314974920384
Rnd3,0.11084994008368287,0.7763612316314288,0.11277504440007391,0.7846302515942066,-0.35695695609949896,0.4864879124753956,Rnd3,FALSE,FALSE,FALSE,FALSE,0.1935273135277519,FALSE,FALSE,0.0515286710759265
Tmem196,0.3062877056991711,0.4689129715989378,0.02803743422865601,0.9581069441982245,0.24625020257313834,0.6824119561917095,Tmem196,FALSE,FALSE,FALSE,FALSE,0.19352511416698848,FALSE,FALSE,0.051528076396271764
Intu,0.363965130517367,0.048745583009281925,0.11387067713358956,0.5473071033304687,0.10271611787502533,0.6870962481459709,Intu,FALSE,FALSE,FALSE,FALSE,0.19351730850866064,FALSE,FALSE,0.051525965843843724
Gfpt2,-0.36306461846521365,0.4204567036029415,0.06582015537762953,0.8932279930011998,0.15165040115110495,0.8099330912936741,Gfpt2,FALSE,FALSE,FALSE,FALSE,0.19351172499798272,FALSE,FALSE,0.05152445613235965
Iffo1,-0.3114950419689917,0.18073005636496212,-0.2429156558752643,0.315400578610557,0.026071255796285442,0.9490386880259917,Iffo1,FALSE,FALSE,FALSE,FALSE,0.19349398454684716,FALSE,FALSE,0.051519659336157944
Tmem38a,-0.0792143893411481,0.6377083705724712,-0.27968876691994105,0.132447305132203,-0.22136420851222027,0.3190476864790385,Tmem38a,FALSE,FALSE,FALSE,FALSE,0.19342245492443647,FALSE,FALSE,0.051500318620498184
Ppm1h,0.09665438763826995,0.6518105163603337,0.2844324390426163,0.19494908280330833,0.199097456416796,0.48247876767296555,Ppm1h,FALSE,FALSE,FALSE,FALSE,0.19339476103256073,FALSE,FALSE,0.05149283053835502
Gm266,-0.16101308921894342,0.5713070141331615,0.3218562421699831,0.22858393005897826,0.0972976762612241,0.8093324509467632,Gm266,FALSE,FALSE,FALSE,FALSE,0.1933890025500502,FALSE,FALSE,0.051491273516674846
Rsu1,-0.29236475654147576,0.06873232572712132,-0.12698560274079007,0.42555952619319315,-0.16076447071073208,0.44037088244546707,Rsu1,FALSE,FALSE,FALSE,FALSE,0.19337160999766598,FALSE,FALSE,0.05148657078794619
Pld2,-0.27037318733309457,0.2004992888166624,-0.12577040329759503,0.572054478604948,-0.18397087150906533,0.5238815518443666,Pld2,FALSE,FALSE,FALSE,FALSE,0.1933714873799183,FALSE,FALSE,0.051486537633640146
Ppm1j,0.40421244259877764,0.34875836216228345,-0.16333067652791344,0.757386224995162,0.01255087765925289,0.9870574452185918,Ppm1j,FALSE,FALSE,FALSE,FALSE,0.19336466559531465,FALSE,FALSE,0.05148469310836705
Nsd2,0.21177758724805962,0.1790816253827793,0.2251165241485138,0.19526254241210766,0.14309098887195848,0.5277953757589412,Nsd2,FALSE,FALSE,FALSE,FALSE,0.1933283667561773,FALSE,FALSE,0.0514748783560606
Spata24,-0.32638367069741525,0.33420924144711833,-0.18373070814977166,0.6062960252043784,0.06982998846489896,0.8956161821245161,Spata24,FALSE,FALSE,FALSE,FALSE,0.19331478910402863,FALSE,FALSE,0.051471207128662995
Slc39a3,-0.2412371576793566,0.1798969208636828,-0.254277488509274,0.19557832328593347,-0.08428578290839805,0.7603082604540196,Slc39a3,FALSE,FALSE,FALSE,FALSE,0.19326680969900956,FALSE,FALSE,0.051458234097368764
Mxd4,-0.1785270342635652,0.2528536321507708,-0.256771566461488,0.1497476064857061,-0.14443787233990868,0.5181452776140207,Mxd4,FALSE,FALSE,FALSE,FALSE,0.19324549102165398,FALSE,FALSE,0.051452469793530985
Amz2,-0.13852520519586609,0.3342621087071576,-0.2124464479214634,0.1819389929118795,-0.22871288646281407,0.24833804034655144,Amz2,FALSE,FALSE,FALSE,FALSE,0.19322817986004784,FALSE,FALSE,0.051447789071851206
Pik3ap1,-0.22124130571150458,0.4458369605847635,-0.28263616279191384,0.3450213455456737,0.07569211075031257,0.8662045680027711,Pik3ap1,FALSE,FALSE,FALSE,FALSE,0.19318985975124367,FALSE,FALSE,0.0514374277934961
B330016D10Rik,-0.24057506778319482,0.35816136710346497,-0.2210158132067752,0.4166488156629852,0.11797261709893636,0.7490752946441287,B330016D10Rik,FALSE,FALSE,FALSE,FALSE,0.19318783269630213,FALSE,FALSE,0.05143687970318149
Tpst2,-0.19979001813796327,0.2637004988829507,-0.24215702866353128,0.2067981223441573,-0.13756433317915207,0.5853460266172439,Tpst2,FALSE,FALSE,FALSE,FALSE,0.19317045999354887,FALSE,FALSE,0.05143218234154489
Gm10101,0.2709817000787714,0.5447919874927264,0.011677617531169401,0.9833132997957547,0.2967936078654052,0.6274826732165347,Gm10101,FALSE,FALSE,FALSE,FALSE,0.19315097515844867,FALSE,FALSE,0.05142691388572687
Dusp27,-0.06579217240677313,0.9445262237994538,-0.4137079892283168,0.6460136016663897,-0.09993259552262643,0.9434224676814397,Dusp27,FALSE,FALSE,FALSE,FALSE,0.19314425238590546,FALSE,FALSE,0.05142509613207711
Atf7ip,0.3110814156377284,0.1259107019443761,0.09010591452104055,0.6979879734465968,0.17822101241046884,0.5376533956808073,Atf7ip,FALSE,FALSE,FALSE,FALSE,0.19313611418974594,FALSE,FALSE,0.05142289566557665
AC131800.1,0.26374420954319144,0.5642258811719814,0.256115872456966,0.5908528396494197,0.059535985984654705,0.9411848844156687,AC131800.1,FALSE,FALSE,FALSE,FALSE,0.19313202266160404,FALSE,FALSE,0.05142178936751804
Gm10366,0.17924194468192095,0.7228612791795048,0.06989736890103654,0.8993063692255349,-0.33006515797532227,0.6410240806979091,Gm10366,FALSE,FALSE,FALSE,FALSE,0.19306815718609324,FALSE,FALSE,0.051404520941365335
Cdc42bpg,-0.1432453027519065,0.5988567398927818,-0.35641259994815666,0.2095593413286789,0.07939860305126167,0.8525140246949218,Cdc42bpg,FALSE,FALSE,FALSE,FALSE,0.1930188352504416,FALSE,FALSE,0.05139118490657194
Frzb,-0.13377751573602348,0.9197401693609432,0.15242441380426497,0.9059589266713349,0.29262705019377055,0.8685662314054673,Frzb,FALSE,FALSE,FALSE,FALSE,0.19294299324468633,FALSE,FALSE,0.05137067817636782
Afap1l2,-0.2056132358141225,0.5606334668136418,-0.0829735929747355,0.8305600803544603,-0.2901216994891713,0.542651867324677,Afap1l2,FALSE,FALSE,FALSE,FALSE,0.1929028427593431,FALSE,FALSE,0.05135982198707933
Gtf2ird1,-0.20327867554745538,0.293296944413963,-0.21875083369351778,0.29167783137037917,-0.15661147173234902,0.5741022733873479,Gtf2ird1,FALSE,FALSE,FALSE,FALSE,0.19288032699110738,FALSE,FALSE,0.0513537340048332
Supt6,-0.26874333396367156,0.14974126184683947,-0.1681743471987387,0.4020941777491611,-0.1415913127630013,0.6020366589869007,Supt6,FALSE,FALSE,FALSE,FALSE,0.19283633130847053,FALSE,FALSE,0.05134183812226792
Slc25a24,0.2853750663466412,0.04571502526579462,0.13284746898332767,0.34501786301198983,0.16022771977002837,0.3784241570270433,Slc25a24,FALSE,FALSE,FALSE,FALSE,0.1928167516999991,FALSE,FALSE,0.051336544040915144
Lrwd1,-0.20749406259575975,0.4613853202902614,-0.2548769573632903,0.3792635441378333,-0.11601183952063243,0.7808157456339877,Lrwd1,FALSE,FALSE,FALSE,FALSE,0.1927942864932275,FALSE,FALSE,0.05133046972985682
A930004D18Rik,-0.19144780701637898,0.675598271652843,-0.19109335901348623,0.6858621413120569,-0.19578586903285977,0.7586885058813316,A930004D18Rik,FALSE,FALSE,FALSE,FALSE,0.19277567835424167,FALSE,FALSE,0.05132543832170796
Rnf114,-0.22882321309153664,0.10047645944031847,-0.17185749496491898,0.2397064691583677,-0.1774416863145296,0.34219325627685565,Rnf114,FALSE,FALSE,FALSE,FALSE,0.1927074647903284,FALSE,FALSE,0.051306994226809614
9530052C20Rik,-0.29977157967937235,0.5714863484975264,0.08021963946489954,0.8876802752163762,-0.1980437121782857,0.7959782417716054,9530052C20Rik,FALSE,FALSE,FALSE,FALSE,0.19267831044085254,FALSE,FALSE,0.05129911125518954
Prss28,-0.13929125426115768,0.8218118797567512,-0.4308685306560281,0.47506612173997614,-0.007747611794524101,0.9930397526990693,Prss28,FALSE,FALSE,FALSE,FALSE,0.19263579890390328,FALSE,FALSE,0.05128761666706388
Wwc1,-0.2570019600427722,0.2702159909007111,-0.2638419582402305,0.291521853931887,-0.05705873501963765,0.8855111438723956,Wwc1,FALSE,FALSE,FALSE,FALSE,0.19263421776754677,FALSE,FALSE,0.051287189147559926
Slc35d1,0.18499108461615954,0.3508970750522245,0.23854634306645162,0.2508671114262236,0.1543299182891853,0.5816658968255852,Slc35d1,FALSE,FALSE,FALSE,FALSE,0.1926224486572655,FALSE,FALSE,0.051284006927273466
Fzd4,0.2520674355742063,0.06975513193685803,0.22470403814974116,0.13793073677514825,0.1010847212081174,0.5996844107778081,Fzd4,FALSE,FALSE,FALSE,FALSE,0.19261873164402163,FALSE,FALSE,0.05128300189336121
4930524J08Rik,-0.3014016994874161,0.657763374481447,0.023245363704507242,0.9756444034416015,-0.25307558354593973,0.7978500774158859,4930524J08Rik,FALSE,FALSE,FALSE,FALSE,0.1925742155792877,FALSE,FALSE,0.051270965305982526
Rwdd3,-0.12383140164292494,0.6757904429431422,-0.14804366889334508,0.6249655006133806,-0.30584425761064304,0.4288803284742357,Rwdd3,FALSE,FALSE,FALSE,FALSE,0.19257310938230435,FALSE,FALSE,0.051270666204147546
Cyp4b1,-0.44620889831603694,0.5179571227505543,0.07159123053197614,0.9226556392504058,0.05989147098913222,0.9580089951712282,Cyp4b1,FALSE,FALSE,FALSE,FALSE,0.19256386661238176,FALSE,FALSE,0.05126816707471058
Larp1,-0.2564675792797928,0.1444003097765653,-0.2327332468921668,0.2222888701351596,-0.08846192529141472,0.7422695138078268,Larp1,FALSE,FALSE,FALSE,FALSE,0.19255425048779143,FALSE,FALSE,0.05126556699483902
Tnfrsf21,-0.3136156773834833,0.4775178460290069,-0.1242499509812971,0.7969090645244323,-0.13975407185726185,0.8328385915490321,Tnfrsf21,FALSE,FALSE,FALSE,FALSE,0.1925399000740141,FALSE,FALSE,0.051261686822357835
C78197,-0.10629626308375961,0.8081952178043617,-0.4572202428439307,0.2897789278282076,-0.014073006586186043,0.9831719364656961,C78197,FALSE,FALSE,FALSE,FALSE,0.19252983750462546,FALSE,FALSE,0.05125896602939413
4933417C20Rik,-0.0452554241973125,0.9385615787595581,0.07491327731841321,0.8941044567397298,-0.45741345124681687,0.5181960025265059,4933417C20Rik,FALSE,FALSE,FALSE,FALSE,0.19252738425418087,FALSE,FALSE,0.05125830270114365
Tlr5,-0.16601625355830854,0.7540182464765895,0.2900671544326707,0.5523140940060793,-0.12143423097196146,0.8795013884906151,Tlr5,FALSE,FALSE,FALSE,FALSE,0.19250587965431357,FALSE,FALSE,0.05125248812618305
Rufy1,-0.14742773542978949,0.494869463780571,-0.32674498407943187,0.16624462768238393,-0.10327134968966334,0.7464469040878334,Rufy1,FALSE,FALSE,FALSE,FALSE,0.19248135639962824,FALSE,FALSE,0.051245857344697894
1700047K16Rik,0.16902346641693922,0.7201999535157129,0.2908536748298481,0.5233717842483834,0.11754136933862115,0.8701122910798004,1700047K16Rik,FALSE,FALSE,FALSE,FALSE,0.19247283686180283,FALSE,FALSE,0.05124355376817839
Atxn1l,-0.28702761739493887,0.07891730219490482,-0.16403264991171262,0.3295633924449342,-0.1263568373536721,0.579250935142915,Atxn1l,FALSE,FALSE,FALSE,FALSE,0.19247236822010785,FALSE,FALSE,0.05124342705332288
Zfp688,-0.3417127267833755,0.16760333861824991,-0.16081876025771358,0.5269872823058827,-0.0748804348234855,0.8437689765337109,Zfp688,FALSE,FALSE,FALSE,FALSE,0.19247064062152486,FALSE,FALSE,0.051242959932263916
Pknox2,-0.20256319691983382,0.14603991126585572,-0.17224334398390262,0.2418635182582996,-0.20259201168791652,0.2813963106712467,Pknox2,FALSE,FALSE,FALSE,FALSE,0.19246618419721764,FALSE,FALSE,0.05124175497084401
Hectd3,-0.1907223185175546,0.35461149159617467,-0.31788680886888354,0.16745958318601145,-0.06853011218927385,0.8381975915098083,Hectd3,FALSE,FALSE,FALSE,FALSE,0.19237974652523734,FALSE,FALSE,0.05121838330495622
Pmpca,-0.19350703401029978,0.14133852072603895,-0.20316675109618831,0.16339372783955572,-0.18037074534895492,0.3181176268354457,Pmpca,FALSE,FALSE,FALSE,FALSE,0.19234817681848101,FALSE,FALSE,0.051209847250923514
Rxra,-0.2863563483518705,0.17609749776136674,-0.2299946962900412,0.3073787286386316,-0.06068776275097676,0.8635084228831491,Rxra,FALSE,FALSE,FALSE,FALSE,0.19234626913096284,FALSE,FALSE,0.051209331436067894
Gm21885,-0.1601564968366409,0.8871202450442085,0.2494730437173951,0.8185101037104339,0.16727434830709964,0.9179726873196273,Gm21885,FALSE,FALSE,FALSE,FALSE,0.1923012962870452,FALSE,FALSE,0.05119717134130844
H2-T23,-0.3085877882193735,0.1504299177020898,-0.18894154083762427,0.39917888354889874,-0.07935429544301087,0.8099330912936741,H2-T23,FALSE,FALSE,FALSE,FALSE,0.19229454150000289,FALSE,FALSE,0.05119534493133835
Zfp365,-0.09162904206823574,0.8190457712164064,-0.40230022942102384,0.3013432651550845,0.0829313155481044,0.889043988425133,Zfp365,FALSE,FALSE,FALSE,FALSE,0.19228686234578798,FALSE,FALSE,0.05119326858404093
Cacna1g,0.07626766477367664,0.8503250365861832,-0.12215886779567953,0.7717225723664386,-0.378329075016425,0.46199893899746625,Cacna1g,FALSE,FALSE,FALSE,FALSE,0.19225186919526038,FALSE,FALSE,0.05118380687361126
Siva1,0.26913202343393383,0.11763006687722037,0.24384091239580608,0.18576308508784417,-0.06366234627376333,0.8167625587173126,Siva1,FALSE,FALSE,FALSE,FALSE,0.19221176070116774,FALSE,FALSE,0.05117296203823197
Kcnk3,-0.34370448229477857,0.33272443220335884,-0.06056552849139818,0.8806607965393203,0.17236287488793423,0.7277650765318794,Kcnk3,FALSE,FALSE,FALSE,FALSE,0.19221096189137032,FALSE,FALSE,0.051172746050049206
Zbed4,0.37089771413866135,0.061961687406834845,0.19873226189805182,0.3246309803128976,-0.006977501161482991,0.9835144308273872,Zbed4,FALSE,FALSE,FALSE,FALSE,0.1922024923993987,FALSE,FALSE,0.051170456005302914
Rnf24,-0.11615734049830095,0.6020244508224815,0.35482435106056,0.12612987054407163,0.10550921744904462,0.7326110485348573,Rnf24,FALSE,FALSE,FALSE,FALSE,0.19216363633596853,FALSE,FALSE,0.051159949811517266
Mlec,-0.19987280352045644,0.2301926581867233,-0.19609322348471458,0.27852901774073396,-0.18052221128345103,0.4452625450864419,Mlec,FALSE,FALSE,FALSE,FALSE,0.19216274609620734,FALSE,FALSE,0.05115970910181533
Tspan7,-0.12427623895310003,0.5020345317882818,-0.33365161731278903,0.12032630107413,-0.11845000006182005,0.6577656820609833,Tspan7,FALSE,FALSE,FALSE,FALSE,0.19212595210923636,FALSE,FALSE,0.05114976046772484
Atp8b1,-0.09975734261098856,0.7444551173645234,-0.26287405888065263,0.3803281004039201,-0.21345591400815978,0.5936632522255639,Atp8b1,FALSE,FALSE,FALSE,FALSE,0.19202910516660032,FALSE,FALSE,0.05112357426518506
Heph,-0.4004977525114759,0.1465913363742851,-0.031185801119923084,0.919690607841681,-0.14413430968537266,0.7071222817241728,Heph,FALSE,FALSE,FALSE,FALSE,0.19193928777225722,FALSE,FALSE,0.05109928876462255
Ncdn,-0.1442937225258243,0.5897737649946805,-0.315379455631998,0.2555861613981808,0.11608376374024942,0.7685717096883087,Ncdn,FALSE,FALSE,FALSE,FALSE,0.19191898063269056,FALSE,FALSE,0.05109379796795698
Wdr1,-0.25561055854141745,0.03907925629484448,-0.11577838272993368,0.3333624357963325,-0.20436018386466692,0.18744052178052834,Wdr1,FALSE,FALSE,FALSE,FALSE,0.19191637504533934,FALSE,FALSE,0.05109309344971142
Tmem173,-0.5006673829186661,0.2123003546985403,0.0038568744108928854,0.9924672529996393,-0.07120148899094825,0.9096517207354082,Tmem173,FALSE,FALSE,FALSE,FALSE,0.19190858210683573,FALSE,FALSE,0.05109098633656483
Rbms3,0.30994820120422784,0.08095655888063229,0.1905520361359594,0.3003618630769628,0.07519916053368458,0.7809806787939988,Rbms3,FALSE,FALSE,FALSE,FALSE,0.1918997992912906,FALSE,FALSE,0.051088611573041336
Zfp809,0.2306136221271844,0.2686220678005517,0.26752971884426646,0.23130575048951507,0.07753661635625164,0.8164090702370171,Zfp809,FALSE,FALSE,FALSE,FALSE,0.19189331910923416,FALSE,FALSE,0.051086859412826396
Tmem159,0.3000590041136202,0.11262490021491917,-0.06593638314486672,0.7657765098525056,0.20963272397080912,0.41576219554277816,Tmem159,FALSE,FALSE,FALSE,FALSE,0.191876037076432,FALSE,FALSE,0.05108218656721105
Aurka,-0.15709947204353758,0.7755882285082605,-0.32102521672655693,0.5564694112809778,0.09747984509406726,0.9046866159210569,Aurka,FALSE,FALSE,FALSE,FALSE,0.19186817795472058,FALSE,FALSE,0.05108006155895247
Plekhj1,-0.25594188624415537,0.20472201030908357,-0.1826667669990525,0.38401502587862973,-0.13697679186861045,0.6309539820456576,Plekhj1,FALSE,FALSE,FALSE,FALSE,0.19186181503727276,FALSE,FALSE,0.051078341105621705
Atcay,-0.24829163471945126,0.25615571411517224,-0.22840678575208262,0.32743470988950896,-0.09887763452516563,0.7692673212133444,Atcay,FALSE,FALSE,FALSE,FALSE,0.19185868499889983,FALSE,FALSE,0.05107749478237638
AW551984,-0.2728447962073659,0.1349239144245101,-0.12854245792187502,0.5172750120649755,-0.17398778098692347,0.5006745192573898,AW551984,FALSE,FALSE,FALSE,FALSE,0.1917916783720548,FALSE,FALSE,0.05105937702817256
1700023H06Rik,0.15698562961857188,0.7853519400756094,0.19478555485474147,0.7384753908227154,-0.2235667244354833,0.791147561373539,1700023H06Rik,FALSE,FALSE,FALSE,FALSE,0.19177930296959889,FALSE,FALSE,0.051056030874061735
Ercc8,-0.33147616989629114,0.22712931281900747,-0.07749441846309812,0.8006407626514287,-0.16630145416067732,0.664393224960688,Ercc8,FALSE,FALSE,FALSE,FALSE,0.19175734750668885,FALSE,FALSE,0.051050094391370926
Ate1,0.28305875603897146,0.04999281372106513,0.18575459115304138,0.2057064968485248,0.10622559050897173,0.5869831066754727,Ate1,FALSE,FALSE,FALSE,FALSE,0.19167964590032818,FALSE,FALSE,0.051029084848411226
Sptb,-0.3422653051654221,0.10549369000720984,-0.18034419815268787,0.4124812594611713,-0.05241916787673162,0.8801662231380971,Sptb,FALSE,FALSE,FALSE,FALSE,0.19167622373161386,FALSE,FALSE,0.05102815953677371
Gm33195,0.13276163251181605,0.8391087004260513,0.12275481866276544,0.8571192058112792,0.3194967109992547,0.6994536337510838,Gm33195,FALSE,FALSE,FALSE,FALSE,0.1916710540579454,FALSE,FALSE,0.051026761721643346
Tab1,-0.20152143262742905,0.44891399328762466,-0.2551794080854308,0.35529329515790325,-0.11815824520148244,0.7645198466863341,Tab1,FALSE,FALSE,FALSE,FALSE,0.19161969530478076,FALSE,FALSE,0.051012874956858065
Ccdc77,0.16040077313305057,0.3757713208317146,0.16658393122559456,0.37760948927014165,0.2478584255421148,0.30183086075645826,Ccdc77,FALSE,FALSE,FALSE,FALSE,0.19161437663358663,FALSE,FALSE,0.05101143685465947
Ccr5,0.0567797940245236,0.9173468849548408,0.3041176976014509,0.5191391947976804,0.21391864743872568,0.747523310477557,Ccr5,FALSE,FALSE,FALSE,FALSE,0.1916053796882334,FALSE,FALSE,0.05100900419311284
Taf4,0.16088502156697437,0.3686511813573925,0.15151099183925343,0.4237006708496367,0.26241170315095275,0.27372312852219266,Taf4,FALSE,FALSE,FALSE,FALSE,0.19160257218572685,FALSE,FALSE,0.051008245079533554
Ltbr,-0.28228749954291743,0.07834571277714439,-0.2235188953285423,0.18366947912533657,-0.06897825481431408,0.7679830691706384,Ltbr,FALSE,FALSE,FALSE,FALSE,0.19159488322859128,FALSE,FALSE,0.051006166081648936
AI506816,0.08070571017968398,0.8511041428889669,-0.3220501803102005,0.4400695098912832,-0.17195460455956013,0.7742199836523437,AI506816,FALSE,FALSE,FALSE,FALSE,0.19157016501648153,FALSE,FALSE,0.05099948258611351
Plpp2,-0.364353667540966,0.14859431016413446,-0.09336784381447982,0.7281060298064659,-0.11696553764871043,0.7440145915484206,Plpp2,FALSE,FALSE,FALSE,FALSE,0.19156234966805208,FALSE,FALSE,0.05099736941360314
Cd24a,0.23142059894355338,0.3444245841983054,0.0907206305021786,0.7507733369242953,-0.25234636301070257,0.4658526833196551,Cd24a,FALSE,FALSE,FALSE,FALSE,0.19149586415214484,FALSE,FALSE,0.05097939256128213
Fam50a,-0.2994922584902153,0.11946125749025144,-0.1398300877590568,0.477271883057607,-0.13514509525973484,0.6078680284345402,Fam50a,FALSE,FALSE,FALSE,FALSE,0.191489147169669,FALSE,FALSE,0.050977576373194194
Mospd1,0.2869508467951136,0.11581956899089056,0.22955170414170523,0.23270765292960202,0.05782523607224377,0.8464790669780483,Mospd1,FALSE,FALSE,FALSE,FALSE,0.19144259566968755,FALSE,FALSE,0.05096498942957093
Dennd1c,-0.264921794166447,0.4649671080276419,0.013411369464057854,0.9742692730247966,0.2959442935781742,0.5066381384105955,Dennd1c,FALSE,FALSE,FALSE,FALSE,0.1914258190695597,FALSE,FALSE,0.050960453246631954
Pih1d2,0.28967633567206086,0.41341548056835686,0.09259050211272957,0.8258442264929822,0.1918840703183744,0.7112300114706978,Pih1d2,FALSE,FALSE,FALSE,FALSE,0.19138363603438827,FALSE,FALSE,0.0509490474812802
Tnc,0.027523491490997642,0.933088150187557,0.13808439660470917,0.6413389379754536,0.4085098474124922,0.24200848289713714,Tnc,FALSE,FALSE,FALSE,FALSE,0.191372578502733,FALSE,FALSE,0.05094605766295828
Enox1,-0.4110463609944959,0.04199685617976917,-0.15040870473672063,0.4202641821075599,0.012561529616577083,0.9688448947437457,Enox1,FALSE,FALSE,FALSE,FALSE,0.1913388651159312,FALSE,FALSE,0.05093694198464088
Sec61b,0.17465229473646282,0.43405257912026485,-0.1329630786471343,0.5899138534922346,-0.26630372004686276,0.3901523714115766,Sec61b,FALSE,FALSE,FALSE,FALSE,0.19130636447681995,FALSE,FALSE,0.05092815421813762
Rwdd4a,0.2591111027866111,0.14296828782390936,0.2658311572039356,0.17369627107676364,0.04885476262855981,0.8701122910798004,Rwdd4a,FALSE,FALSE,FALSE,FALSE,0.19126567420636884,FALSE,FALSE,0.05091715207770418
Bod1,-0.12858464780667855,0.2865450924730403,-0.27016049047084056,0.08525470443769087,-0.17503806312530568,0.2938618654252344,Bod1,FALSE,FALSE,FALSE,FALSE,0.19126106713427493,FALSE,FALSE,0.0509159063830061
Slfn8,0.067936228939532,0.8762536054030983,-0.24393398921499965,0.5683818667144263,0.2618254565110336,0.6147897797537527,Slfn8,FALSE,FALSE,FALSE,FALSE,0.1912318915551884,FALSE,FALSE,0.050908017671164714
Nefm,0.1369845316642584,0.5413195851817328,-0.2158912874850274,0.36375894468274295,0.22079679334977875,0.45109784384612645,Nefm,FALSE,FALSE,FALSE,FALSE,0.19122420416635486,FALSE,FALSE,0.05090593909732936
Tfap4,-0.2713793451674258,0.38008621339307547,-0.2499818490071246,0.43465157100224333,-0.05226705329222714,0.9198851980195698,Tfap4,FALSE,FALSE,FALSE,FALSE,0.19120941582225917,FALSE,FALSE,0.050901940513964954
Cacna1c,-0.2703746026975544,0.20785949300402165,-0.07346929089361609,0.7696503673685845,-0.22972702142327872,0.44653217569857523,Cacna1c,FALSE,FALSE,FALSE,FALSE,0.1911903050048164,FALSE,FALSE,0.050896773187845655
Mccc2,-0.17570723450240955,0.2220561400607245,-0.20673689260705697,0.1890137555725165,-0.1910910347228727,0.33222572313831944,Mccc2,FALSE,FALSE,FALSE,FALSE,0.1911783872774464,FALSE,FALSE,0.05089355078335636
Pfn2,0.2559073000964709,0.1007349903518848,0.1674076204452568,0.3073470253197104,0.15020060940608637,0.4872459834987005,Pfn2,FALSE,FALSE,FALSE,FALSE,0.19117184331593803,FALSE,FALSE,0.05089178137797498
Ltbp4,-0.2966040755405155,0.14859431016413446,-0.16817425497750982,0.4469356015610473,-0.10872037047294825,0.7282405041309032,Ltbp4,FALSE,FALSE,FALSE,FALSE,0.19116623366365784,FALSE,FALSE,0.05089026459812846
Ube3c,0.23001534652139455,0.12258033863930473,0.27038850897078426,0.12061995108359509,0.07294354514215762,0.7475443841313373,Ube3c,FALSE,FALSE,FALSE,FALSE,0.19111580021144547,FALSE,FALSE,0.05087662802315287
Ywhaz,0.23228167167492408,0.20596063840547224,0.2192880768828589,0.2714871745683854,0.12177476517216945,0.6559947940117007,Ywhaz,FALSE,FALSE,FALSE,FALSE,0.19111483790998415,FALSE,FALSE,0.050876367828868105
DQ267102,0.14174498113073009,0.8139073441303787,0.36377101036107773,0.512910817454023,0.06769537315923335,0.9448621532212499,DQ267102,FALSE,FALSE,FALSE,FALSE,0.19107045488368038,FALSE,FALSE,0.050864367213417735
Cpxm1,0.04613845376902681,0.9433384674789898,-0.3428442548585502,0.5741027616655067,0.18417797651026646,0.823618339460721,Cpxm1,FALSE,FALSE,FALSE,FALSE,0.19105356171261448,FALSE,FALSE,0.05085979951115445
Fancm,0.2737965935895659,0.07802034338400289,0.18642366074841288,0.24716794337327955,0.11284046263887504,0.6032610329152662,Fancm,FALSE,FALSE,FALSE,FALSE,0.1910202389922846,FALSE,FALSE,0.050850789464167066
Carhsp1,-0.19425837301123083,0.1993928595901244,-0.1874067329384479,0.2424260647783817,-0.19133257635549583,0.3509456694499061,Carhsp1,FALSE,FALSE,FALSE,FALSE,0.19099922743505818,FALSE,FALSE,0.0508451082017727
Syn3,0.2881900791607084,0.32493203587793695,0.15973739627464445,0.6236547099088758,0.12505173301827988,0.7846564495789521,Syn3,FALSE,FALSE,FALSE,FALSE,0.19099306948454423,FALSE,FALSE,0.05084344316893842
Kcnb1,-0.23407862483087882,0.28288126481317166,-0.2666277614308292,0.2591057418763741,-0.07226944937495805,0.8414422683689409,Kcnb1,FALSE,FALSE,FALSE,FALSE,0.19099194521222204,FALSE,FALSE,0.050843139179757794
Matn2,0.05274847582303277,0.897794983120712,-0.11799718623646127,0.7734010900839892,0.40220805077306254,0.37744979778792037,Matn2,FALSE,FALSE,FALSE,FALSE,0.19098457094418553,FALSE,FALSE,0.05084114526987142
Qpct,-0.19773123002275828,0.463521426417032,0.03898439037583312,0.8998078191318486,-0.3361569936037778,0.3576453725287247,Qpct,FALSE,FALSE,FALSE,FALSE,0.19095753800078974,FALSE,FALSE,0.050833835899934274
Kctd20,-0.26286030362090074,0.08199518281974344,-0.17400547305105096,0.26150150905944725,-0.13582423562698231,0.5034093626636033,Kctd20,FALSE,FALSE,FALSE,FALSE,0.19089667076631134,FALSE,FALSE,0.05081737816067369
Chtf8,-0.2415787341503579,0.05791681653537301,-0.1514646433472251,0.24552355289196648,-0.17961174365515564,0.28084641640736113,Chtf8,FALSE,FALSE,FALSE,FALSE,0.19088504038424622,FALSE,FALSE,0.05081423345076254
Psma1,0.3616420054265088,0.05274178539993674,0.1674335763790662,0.37205155906056536,0.04346063294971092,0.8850584084286085,Psma1,FALSE,FALSE,FALSE,FALSE,0.19084540491842863,FALSE,FALSE,0.05080351651631518
Adam5,0.13938811836598353,0.7671683404085682,0.4203708116756344,0.327905895493908,-0.0127614616077798,0.986445719232866,Adam5,FALSE,FALSE,FALSE,FALSE,0.19084013054979923,FALSE,FALSE,0.05080209039297623
Cript,0.253451162699478,0.1112352247608098,0.27845367284507283,0.1243180628769836,0.040466735186779346,0.8800863548037948,Cript,FALSE,FALSE,FALSE,FALSE,0.19079052357711004,FALSE,FALSE,0.050788677287731315
Hspa12a,-0.1980174298054278,0.5413697062506557,-0.3250122420485404,0.3309978385405057,-0.049338473784308334,0.9290581504854564,Hspa12a,FALSE,FALSE,FALSE,FALSE,0.1907893818794255,FALSE,FALSE,0.05078836858695055
Nrbp2,-0.3612923591170185,0.08189342752443333,-0.11884945426997984,0.5765521789485791,-0.092182048699474,0.7542646362794528,Nrbp2,FALSE,FALSE,FALSE,FALSE,0.19077462069549078,FALSE,FALSE,0.05078437734735412
Gas2,0.3433879343194137,0.1452829302522455,0.1978369240155642,0.4329704019182371,-0.03109249798332847,0.9433481053506453,Gas2,FALSE,FALSE,FALSE,FALSE,0.19077245210610214,FALSE,FALSE,0.050783790987894435
Mgrn1,-0.23004060625726908,0.17931742650743418,-0.18809416908925325,0.30639469781189954,-0.15410547316900125,0.5300077547124187,Mgrn1,FALSE,FALSE,FALSE,FALSE,0.19074674950517453,FALSE,FALSE,0.050776841325929176
Stat1,0.35810635468653196,0.11365564966779428,0.18887513620586383,0.430784789006045,0.025152720282518803,0.9526275414227284,Stat1,FALSE,FALSE,FALSE,FALSE,0.19071140372497153,FALSE,FALSE,0.050767284268843735
Kpnb1,-0.14529865774166595,0.35863137950837093,-0.2236882708315937,0.19934156273120957,-0.20310417795705682,0.3588235537097898,Kpnb1,FALSE,FALSE,FALSE,FALSE,0.1906970355101055,FALSE,FALSE,0.05076339928317072
Iqce,-0.2943353512007443,0.1395940787705038,-0.18991397576368385,0.35891831511864425,-0.08782505464824641,0.7681228036900202,Iqce,FALSE,FALSE,FALSE,FALSE,0.19069146053755817,FALSE,FALSE,0.05076189188029041
Lfng,0.18636340906513915,0.47801194248412565,0.17721471068777372,0.5165833883191524,0.2084618861030365,0.5592229269389999,Lfng,FALSE,FALSE,FALSE,FALSE,0.19068000195198312,FALSE,FALSE,0.05075879362200243
Fam117a,-0.26314454567990797,0.2704580721998092,-0.21566624321362227,0.3919421563117909,-0.09321965260365506,0.8005641909622794,Fam117a,FALSE,FALSE,FALSE,FALSE,0.1906768138323951,FALSE,FALSE,0.05075793159432267
Gm7292,0.08144546348600534,0.8688583077926684,-0.08736391085016743,0.8659240866044124,-0.4031818405340107,0.5326523293572504,Gm7292,FALSE,FALSE,FALSE,FALSE,0.19066373829006114,FALSE,FALSE,0.050754396131141744
Sp110,0.19277962799177803,0.7895792343514142,0.30084155389850936,0.6763932952993079,0.078200590985676,0.9478628528790193,Sp110,FALSE,FALSE,FALSE,FALSE,0.19060725762532113,FALSE,FALSE,0.050739124465498955
Greb1l,0.23038516206135595,0.12565747718031356,0.25291505997665364,0.13254362378346624,0.08817883920039593,0.6868420188615263,Greb1l,FALSE,FALSE,FALSE,FALSE,0.19049302041280183,FALSE,FALSE,0.05070823615139024
Tmem259,-0.2436272840882392,0.1585345976266787,-0.31200724357274456,0.12278635579850475,-0.01568491116551929,0.9625254956400278,Tmem259,FALSE,FALSE,FALSE,FALSE,0.1904398129421677,FALSE,FALSE,0.05069384951651327
Btc,0.3212706529078642,0.48867194248347595,-0.23159114798044633,0.6679840142791484,-0.018412883253039497,0.9820279074263849,Btc,FALSE,FALSE,FALSE,FALSE,0.19042489471378335,FALSE,FALSE,0.050689815814060984
Procr,0.4117775504603513,0.5350544718776686,0.08956688892058262,0.9100845658391176,0.06991218857155146,0.9540892383272409,Procr,FALSE,FALSE,FALSE,FALSE,0.1904188759841618,FALSE,FALSE,0.05068818842481552
Prelid3b,-0.26849843428714326,0.07609276074433094,-0.11817292276153246,0.4445727099949397,-0.1845817523843758,0.3548627186167565,Prelid3b,FALSE,FALSE,FALSE,FALSE,0.1904177031443505,FALSE,FALSE,0.050687871303593
Arhgef33,0.33700925773573853,0.37733076421194894,-0.09600713126748195,0.8389465562939366,0.1381873584608757,0.8208664365227808,Arhgef33,FALSE,FALSE,FALSE,FALSE,0.19040124915469872,FALSE,FALSE,0.05068342235049359
Fam129b,-0.38401444307406596,0.04843182292059848,-0.17521305798436781,0.3532574664832106,-0.011950180691481016,0.9703486891162046,Fam129b,FALSE,FALSE,FALSE,FALSE,0.19039256058330492,FALSE,FALSE,0.0506810730694104
Otud4,0.2727935666875583,0.142022751659888,0.20961753454334264,0.2929881830611231,0.08873100845181892,0.7560552565973211,Otud4,FALSE,FALSE,FALSE,FALSE,0.19038070322757328,FALSE,FALSE,0.05067786698865737
Cox16,0.22347791058616906,0.2841712215219141,0.2968169101163216,0.1853663579839753,0.050784926254524354,0.8866275749362488,Cox16,FALSE,FALSE,FALSE,FALSE,0.19035991565233834,FALSE,FALSE,0.050672246288193355
A930005H10Rik,-0.09485366030849107,0.7767002128131685,-0.33339242231997634,0.3077067141902111,-0.1427638910157506,0.7520466607853097,A930005H10Rik,FALSE,FALSE,FALSE,FALSE,0.190336657881406,FALSE,FALSE,0.05066595767769434
Angptl6,-0.11391944574971902,0.6650953677483902,-0.25753336570006136,0.32800301791512987,-0.19938324511489736,0.5700228149435639,Angptl6,FALSE,FALSE,FALSE,FALSE,0.19027868552155924,FALSE,FALSE,0.05065028267634338
Vps8,-0.19925573482105996,0.1541251791192069,-0.17840368171059406,0.23194883450233272,-0.19307432276730463,0.31109217526227284,Vps8,FALSE,FALSE,FALSE,FALSE,0.19024457976631956,FALSE,FALSE,0.050641060906505636
Tent5a,0.0695254483804657,0.847117642066003,0.23709449386136328,0.4972293066377403,-0.2640115141377475,0.5690370719367028,Tent5a,FALSE,FALSE,FALSE,FALSE,0.19021048545985883,FALSE,FALSE,0.05063184223227459
Arhgap27,-0.2974196440246346,0.2940608699771211,-0.1994461983722453,0.4999720158954034,-0.07376366304001891,0.8697821617957789,Arhgap27,FALSE,FALSE,FALSE,FALSE,0.19020983514563294,FALSE,FALSE,0.05063166639543793
CT025659.3,0.506272057751756,0.24061515835131023,0.02823426705239887,0.9604160763856309,0.03609079905305848,0.9672576142655462,CT025659.3,FALSE,FALSE,FALSE,FALSE,0.19019904128573778,FALSE,FALSE,0.050628747870663605
Gpkow,0.24538317071273497,0.0947603740011873,0.24108331089262247,0.13931143725561845,0.08405952526652172,0.6942284718936174,Gpkow,FALSE,FALSE,FALSE,FALSE,0.19017533562395972,FALSE,FALSE,0.05062233815607929
Sbno2,-0.25328220045616456,0.28835670167154165,-0.23324170914215703,0.3520224686960751,-0.08382849726920849,0.8208664365227808,Sbno2,FALSE,FALSE,FALSE,FALSE,0.19011746895584336,FALSE,FALSE,0.05060669173245091
C230014O12Rik,-0.23820175564996038,0.5542401922045476,-0.14413534640947134,0.7364297521862553,-0.18793089326630436,0.7423849663895724,C230014O12Rik,FALSE,FALSE,FALSE,FALSE,0.19008933177524537,FALSE,FALSE,0.0505990837905791
Col11a1,0.4181397465126766,0.06388746538297106,-0.08544610270009212,0.73166485972477735,0.06666570482058276,0.8533646223210183,Col11a1,FALSE,FALSE,FALSE,FALSE,0.1900838513444505,FALSE,FALSE,0.050597601950606724
BC030343,-0.14518292393588608,0.7696967758348747,0.17971058746373697,0.7067013471410502,-0.24524838051358708,0.7112300114706978,BC030343,FALSE,FALSE,FALSE,FALSE,0.19004729730440337,FALSE,FALSE,0.05058771819516471
5830448L01Rik,-0.36664847208706,0.33371207706246775,0.10015900588783688,0.806789905360234,-0.10296390218429785,0.8617790682297148,5830448L01Rik,FALSE,FALSE,FALSE,FALSE,0.18992379338639823,FALSE,FALSE,0.050554324279741956
Irf2bp1,-0.3542154044706294,0.059768126936706835,-0.20169984208434766,0.2868967491202585,-0.013683521840532897,0.9679138684030071,Irf2bp1,FALSE,FALSE,FALSE,FALSE,0.18986625613183664,FALSE,FALSE,0.05053876692542056
Pced1a,-0.0670773198816379,0.744257661168193,-0.32721226608600595,0.13487760874132104,-0.17523023072333332,0.5074203544472747,Pced1a,FALSE,FALSE,FALSE,FALSE,0.18983993889699238,FALSE,FALSE,0.05053165107412819
Klhl10,-0.22271930093310308,0.6723827828564496,-0.12457028162482917,0.826135664414293,-0.222185782290274,0.7645198466863341,Klhl10,FALSE,FALSE,FALSE,FALSE,0.18982512161606874,FALSE,FALSE,0.050527644666607266
Gm14586,0.11610325990995551,0.7833979417535396,0.22227764372664827,0.5827534880325388,-0.2310125809060763,0.6877364194780291,Gm14586,FALSE,FALSE,FALSE,FALSE,0.18979782818089336,FALSE,FALSE,0.0505202648629495
Rhobtb1,-0.2224758494962913,0.41605417528475,-0.0804709193958697,0.7930078403520193,-0.26641163655367506,0.4739405573515179,Rhobtb1,FALSE,FALSE,FALSE,FALSE,0.189786135148612,FALSE,FALSE,0.05051710321320311
AI463170,-0.24777544464334567,0.6970199418245945,-0.3143865128563933,0.6275883291249957,-0.007150320605007088,0.9941541606685009,AI463170,FALSE,FALSE,FALSE,FALSE,0.1897707593682487,FALSE,FALSE,0.05051294579441588
Cpox,0.22253879580059444,0.25637641511189124,0.15483526505328804,0.4643244704565193,0.19190773126517158,0.4870096011519635,Cpox,FALSE,FALSE,FALSE,FALSE,0.189760597373018,FALSE,FALSE,0.05051019811794746
Rest,0.13989319371563136,0.4885448859840784,0.23325003204203787,0.2591057418763741,0.19608563140889101,0.466461292566526,Rest,FALSE,FALSE,FALSE,FALSE,0.18974295238885341,FALSE,FALSE,0.05050542713482121
Klhl20,0.10000691758111202,0.5721746240635706,0.25192816223183323,0.16883624532857525,0.2172611774551072,0.33698095358485225,Klhl20,FALSE,FALSE,FALSE,FALSE,0.1897320857560175,FALSE,FALSE,0.05050248893315349
Dync1h1,-0.26512445032513376,0.09227267271813612,-0.1832643834909895,0.27023157728812264,-0.12076278422085274,0.5905209049127902,Dync1h1,FALSE,FALSE,FALSE,FALSE,0.18971720601232533,FALSE,FALSE,0.050498465636480847
Tnks1bp1,-0.3485940019423541,0.06128530396931254,-0.1950917474156757,0.3012324355580313,-0.025448203771816225,0.9361739029450005,Tnks1bp1,FALSE,FALSE,FALSE,FALSE,0.18971131770994867,FALSE,FALSE,0.05049687351313184
Hic1,-0.07172929961739483,0.8786666171025533,-0.07066171611213123,0.8834417142577972,0.4266482659785722,0.4079711581738138,Hic1,FALSE,FALSE,FALSE,FALSE,0.18967976056936608,FALSE,FALSE,0.05048834085683542
Frs3,-0.2526974680350689,0.5097506725959038,-0.1398010033444841,0.7317672248982587,0.17651653506097165,0.7313600982123954,Frs3,FALSE,FALSE,FALSE,FALSE,0.1896716688135082,FALSE,FALSE,0.05048615294721195
Esyt2,0.18925825046205347,0.11246154786462573,0.20832954859848307,0.12953643428384148,0.17141738239839377,0.2930250015663611,Esyt2,FALSE,FALSE,FALSE,FALSE,0.18966839381964343,FALSE,FALSE,0.050485267429813824
Trim16,0.18631015551601093,0.7471419196163871,-0.26574591414759174,0.6694315773780086,-0.11667059215451214,0.9011549275079148,Trim16,FALSE,FALSE,FALSE,FALSE,0.18957555393937162,FALSE,FALSE,0.050460164686842335
Adgrl1,-0.23162696298564622,0.12987563431096966,-0.2508763074564353,0.14705924493714864,-0.08622098848594106,0.7057522572795495,Adgrl1,FALSE,FALSE,FALSE,FALSE,0.18957475297600754,FALSE,FALSE,0.05045994811636207
Best3,0.25471623323056347,0.3506034093054318,0.2540341537695636,0.3732152894263961,0.059947884236802196,0.900223254715002,Best3,FALSE,FALSE,FALSE,FALSE,0.18956609041230976,FALSE,FALSE,0.05045760586743475
Sowahc,0.26605141489826156,0.14974126184683947,0.15262590278813182,0.44125278045716015,0.14987695640244691,0.5732538720885044,Sowahc,FALSE,FALSE,FALSE,FALSE,0.18951809136294676,FALSE,FALSE,0.0504446275245555
Rapgef3,-0.26521849059638924,0.18230389120985385,-0.20950603880917384,0.3220923008090475,0.0937789957259767,0.7551726154891273,Rapgef3,FALSE,FALSE,FALSE,FALSE,0.1895011750438466,FALSE,FALSE,0.05044005356335314
Trim26,-0.30241263636614324,0.08265526992265025,-0.07506647268422384,0.6886513264625592,-0.1909971757903639,0.4069113700088323,Trim26,FALSE,FALSE,FALSE,FALSE,0.18949209494691033,FALSE,FALSE,0.050437598418658
Entpd7,0.2773288284765778,0.28053048513596085,0.16577425889290343,0.5594000590611234,0.12525644132590497,0.7520055843307022,Entpd7,FALSE,FALSE,FALSE,FALSE,0.1894531762317954,FALSE,FALSE,0.05042707528464004
Gm4285,-0.23013361350630168,0.5274083676351016,-0.2243192063082997,0.5521299835899315,-0.11386916664013258,0.8369551619639563,Gm4285,FALSE,FALSE,FALSE,FALSE,0.18944066215157798,FALSE,FALSE,0.050423691633796223
Twistnb,0.17839649440531158,0.5676166009631762,0.3069665918983242,0.3309603665553019,0.08287611315858356,0.8693309728817805,Twistnb,FALSE,FALSE,FALSE,FALSE,0.18941306648740644,FALSE,FALSE,0.05041623011119626
Iqsec1,-0.19489753187535275,0.27714209146204666,-0.2838654120220987,0.15987713177717186,-0.08935778554419116,0.7442724803559847,Iqsec1,FALSE,FALSE,FALSE,FALSE,0.18937357648054753,FALSE,FALSE,0.05040555250703284
Map3k14,-0.28028753348543933,0.15713932219831314,-0.10593145775204116,0.6108450475321608,-0.1818637150028053,0.4925009732773332,Map3k14,FALSE,FALSE,FALSE,FALSE,0.18936090208009526,FALSE,FALSE,0.05040212550760178
Pcdhb8,0.20556650077905303,0.5303823976274591,0.31385691789451364,0.3361750734382977,-0.0483873839796225,0.9338189684089776,Pcdhb8,FALSE,FALSE,FALSE,FALSE,0.18927026755106305,FALSE,FALSE,0.050377619064034894
Gas7,0.2532416042315555,0.3685784782035619,-0.02765497730637545,0.9383725037711669,0.28679084904580066,0.4617634245246221,Gas7,FALSE,FALSE,FALSE,FALSE,0.18922914352791054,FALSE,FALSE,0.05036649964229362
Cnksr1,-0.3011758869359267,0.3886656302098596,-0.12028772561026546,0.7520036526393976,-0.1462189117492092,0.7761454715989462,Cnksr1,FALSE,FALSE,FALSE,FALSE,0.1892275080984671,FALSE,FALSE,0.050366057442617726
P3h4,-0.2097685666868836,0.3353546840525049,-0.24980097136116974,0.2850281444337467,-0.10757047365324901,0.7458858123050663,P3h4,FALSE,FALSE,FALSE,FALSE,0.18904667056710078,FALSE,FALSE,0.05031716123490831
Rsph9,-0.2877376795827562,0.32537295103730074,-0.2379053548375718,0.4353737285087054,-0.041454775812534095,0.934701041003514,Rsph9,FALSE,FALSE,FALSE,FALSE,0.18903260341095404,FALSE,FALSE,0.05031335765174924
Ccdc186,0.24557680919747682,0.10285529959967926,0.2124501789966562,0.19228346098469073,0.10905146044551728,0.6140194340640777,Ccdc186,FALSE,FALSE,FALSE,FALSE,0.1890261495465501,FALSE,FALSE,0.05031161260749853
Lgr6,-0.04047037703660994,0.8942179676809057,-0.2974665522349045,0.29145945691797853,-0.2291355828816548,0.5374640967791049,Lgr6,FALSE,FALSE,FALSE,FALSE,0.18902417071772307,FALSE,FALSE,0.05031107755692238
Tyrobp,-0.2246194886912991,0.4208751291794794,-0.12700686060630817,0.6723527346463436,-0.21532243919353578,0.5771823456063051,Tyrobp,FALSE,FALSE,FALSE,FALSE,0.18898292949704767,FALSE,FALSE,0.050299926446436084
Pola1,0.20412615794754263,0.37172846973056217,0.23696751058692822,0.32497575535050577,0.12584962390740984,0.7121974294248009,Pola1,FALSE,FALSE,FALSE,FALSE,0.1889810974806269,FALSE,FALSE,0.05029943109209918
Saraf,-0.18882717175605457,0.14296828782390936,-0.15669990001615197,0.2605338432548527,-0.22132904077572313,0.2157661235667044,Saraf,FALSE,FALSE,FALSE,FALSE,0.18895203751597656,FALSE,FALSE,0.05029157364095596
Coro1c,-0.3220079911289089,0.11988397161012519,-0.10605237568119374,0.6404368705265121,-0.1387878266373903,0.6400006280402369,Coro1c,FALSE,FALSE,FALSE,FALSE,0.18894939781583098,FALSE,FALSE,0.05029085989903727
Elf4,0.2336444263501969,0.38207968864381936,0.12884314936962626,0.6664833725837623,-0.20411786290377343,0.6105192888508725,Elf4,FALSE,FALSE,FALSE,FALSE,0.18886847954119887,FALSE,FALSE,0.050268980609190717
Ubac1,-0.21371387503878525,0.27315175277607473,-0.24017118862330378,0.24712783338123562,-0.11258848787430331,0.6877364194780291,Ubac1,FALSE,FALSE,FALSE,FALSE,0.18882451717879745,FALSE,FALSE,0.050257093736000534
Dolpp1,-0.18928454754471558,0.3668896226505885,-0.13619203670388336,0.5381773606937944,0.2409718203153175,0.36288796799989526,Dolpp1,FALSE,FALSE,FALSE,FALSE,0.1888161348546388,FALSE,FALSE,0.05025482726034113
B4galt2,-0.07711451584394835,0.7750155972175784,-0.4072390157835577,0.14953211504574346,0.08199023359927526,0.8294262848845444,B4galt2,FALSE,FALSE,FALSE,FALSE,0.18878125507559376,FALSE,FALSE,0.05024539620414301
Dync2h1,0.24101580114955112,0.07477912716082198,0.18345309612140337,0.19897986510657015,0.14173934574816727,0.4401141410891044,Dync2h1,FALSE,FALSE,FALSE,FALSE,0.18873608100637393,FALSE,FALSE,0.0502331817005775
Kbtbd4,-0.3399612610681575,0.05214964159344146,-0.05098646555535824,0.7753109914027093,-0.17520213872869528,0.41576219554277816,Kbtbd4,FALSE,FALSE,FALSE,FALSE,0.18871662178407034,FALSE,FALSE,0.05022792017013948
Fbxo47,0.249001193903295,0.555165807514033,-0.13050067773014007,0.7925902976512803,0.18661326025873826,0.7618521586830532,Fbxo47,FALSE,FALSE,FALSE,FALSE,0.18870504396405777,FALSE,FALSE,0.05022478967235022
Gcat,0.3392531379224457,0.15515347804975665,0.08315284805543666,0.7664927771844515,0.14370499094991196,0.6825695692280814,Gcat,FALSE,FALSE,FALSE,FALSE,0.18870365897593144,FALSE,FALSE,0.050224415188875535
Tmem191c,-0.3958882900743934,0.18026721222392694,-0.10603056510547715,0.7359106655799561,-0.06413748698016031,0.8906125628328215,Tmem191c,FALSE,FALSE,FALSE,FALSE,0.18868544738667695,FALSE,FALSE,0.05021949100281649
Cog1,-0.31129387584350443,0.12801904317877885,-0.18311432295071395,0.3867465237427292,-0.07164043436331102,0.8194745693827141,Cog1,FALSE,FALSE,FALSE,FALSE,0.18868287771917647,FALSE,FALSE,0.050218796196849505
Cdc42ep4,-0.3725762268570687,0.053692366133631465,-0.11245435301736428,0.561849939423747,-0.08097919173061996,0.7670071603261326,Cdc42ep4,FALSE,FALSE,FALSE,FALSE,0.188669923868351,FALSE,FALSE,0.05021529363753113
Rgs2,-0.19238564243431,0.47647360086684887,0.07036370692131566,0.8251319058311288,-0.30312024785293445,0.41504127410235697,Rgs2,FALSE,FALSE,FALSE,FALSE,0.18862319906952005,FALSE,FALSE,0.05020265983606549
Rnf183,0.32829210235186723,0.5368588543149622,0.18431677852821027,0.7563553102240151,0.053215545070057324,0.9568171905639022,Rnf183,FALSE,FALSE,FALSE,FALSE,0.18860814198337827,FALSE,FALSE,0.05019858858821155
Ifitm3,-0.22252213016747735,0.3851549178371399,-0.13052530142094465,0.6452247938646366,-0.21267781150098486,0.557735124964567,Ifitm3,FALSE,FALSE,FALSE,FALSE,0.18857508102980228,FALSE,FALSE,0.0501896493196819
Tmem79,-0.2991288828978571,0.4375541560969465,-0.1650841345405628,0.6886197269319565,-0.1011079419218216,0.8665832855839324,Tmem79,FALSE,FALSE,FALSE,FALSE,0.18844031978674716,FALSE,FALSE,0.05015321156430105
Dynlt1f,-0.16680359878174067,0.550008456251426,-0.1421202874744485,0.6253900233874495,-0.2563663460816372,0.4918152224753389,Dynlt1f,FALSE,FALSE,FALSE,FALSE,0.18843007744594212,FALSE,FALSE,0.05015044216339378
Rbm17,-0.24025463216323928,0.08894273061057743,-0.1838471573642435,0.20940987612816628,-0.14114818376073135,0.45395475270261093,Rbm17,FALSE,FALSE,FALSE,FALSE,0.18841665776273805,FALSE,FALSE,0.050146813648823924
Ints12,0.22823606375891536,0.20629270276113945,0.1942632828874089,0.31066011463794163,0.14260403116685438,0.5823359272908087,Ints12,FALSE,FALSE,FALSE,FALSE,0.18836779260439288,FALSE,FALSE,0.05013360112090371
Map2k2,-0.17115611955849985,0.23602612192653316,-0.2806574882003847,0.10797452060290705,-0.1132357299286646,0.5858169450535617,Map2k2,FALSE,FALSE,FALSE,FALSE,0.18834977922918306,FALSE,FALSE,0.05012873052944434
Lysmd1,-0.28926852216744403,0.2627104505153073,-0.22495472696897512,0.39891965446012295,-0.05076229660374354,0.9041100524624835,Lysmd1,FALSE,FALSE,FALSE,FALSE,0.1883285152467209,FALSE,FALSE,0.05012298101442197
Wdr5b,0.3123422630489472,0.09963804987305065,0.133378567236623,0.5082386035170968,-0.11919887158498099,0.6697532047625661,Wdr5b,FALSE,FALSE,FALSE,FALSE,0.18830656729018372,FALSE,FALSE,0.05011704656136053
Oxld1,0.08384842212797805,0.753377239669934,-0.10570149210392499,0.7040388815385923,0.37532096494995626,0.23103413333260064,Oxld1,FALSE,FALSE,FALSE,FALSE,0.18829029306061976,FALSE,FALSE,0.050112646213141564
Slc26a11,9.139076964967963e-4,0.998064940467765,-0.28429022638616996,0.500244807231396,0.27951962265498964,0.5900443167775151,Slc26a11,FALSE,FALSE,FALSE,FALSE,0.18824125224588548,FALSE,FALSE,0.05009938618992974
1810037I17Rik,-0.13189901035926432,0.4131019049510907,-0.20840685623718525,0.22814856552961035,-0.22441416164357264,0.3089600623909962,1810037I17Rik,FALSE,FALSE,FALSE,FALSE,0.18824000941334074,FALSE,FALSE,0.05009905014354713
Tango6,-0.11654235097565202,0.6136178071025,-0.1788136318864959,0.4398161267611218,-0.26931059414235214,0.37073415209366395,Tango6,FALSE,FALSE,FALSE,FALSE,0.18822219233483337,FALSE,FALSE,0.05009423262826206
Gm26641,0.10275312825884986,0.8055735652227958,-0.3894105077643719,0.3569372344241677,0.07242771330752173,0.9096517207354082,Gm26641,FALSE,FALSE,FALSE,FALSE,0.18819711644358117,FALSE,FALSE,0.05008745242075811
Meltf,-0.23895712153971793,0.44421197772696736,-0.22089117763998356,0.49345639966384475,-0.10474201212488321,0.8240084815704596,Meltf,FALSE,FALSE,FALSE,FALSE,0.18819677043486158,FALSE,FALSE,0.05008735886432602
Rapgef4,0.16118535606625883,0.38970193752964644,0.24258940905850856,0.2327380718636294,0.1607719262395344,0.5516967539178483,Rapgef4,FALSE,FALSE,FALSE,FALSE,0.18818223045476726,FALSE,FALSE,0.05008342743548262
Adamts2,-0.08682565615799653,0.8476941275961836,-0.2216141722349385,0.6178163119371298,-0.256019546800375,0.6612993781516854,Adamts2,FALSE,FALSE,FALSE,FALSE,0.18815312506443668,FALSE,FALSE,0.050075557701803365
Grk5,-0.2075421392338912,0.36190685023989994,-0.17989574487806115,0.44839967595127056,-0.17697998372446833,0.5763545844674421,Grk5,FALSE,FALSE,FALSE,FALSE,0.18813928927880688,FALSE,FALSE,0.05007181667833956
Sdf2l1,0.10687191163012333,0.6544739557568271,-0.20888560839205716,0.3922145011678662,-0.2485453756103686,0.436771021259201,Sdf2l1,FALSE,FALSE,FALSE,FALSE,0.1881009652108497,FALSE,FALSE,0.050061454329478984
Rint1,0.30395526855432564,0.05680961022878276,0.14467107910524213,0.3690903157284547,0.11560657223072202,0.5973817729986767,Rint1,FALSE,FALSE,FALSE,FALSE,0.18807763996342994,FALSE,FALSE,0.050055147474181334
Parp10,-0.33449116823351766,0.1932109671198311,-0.19887277395902192,0.4602590132835128,-0.030672882592716277,0.9465656818331815,Parp10,FALSE,FALSE,FALSE,FALSE,0.18801227492841863,FALSE,FALSE,0.0500374735858867
Fras1,-0.45669003002819064,0.05109080960962859,0.09029220007562877,0.7071839211579121,0.016924964081303173,0.9672576142655462,Fras1,FALSE,FALSE,FALSE,FALSE,0.18796906472837419,FALSE,FALSE,0.05002579008799456
Cacnb4,-0.11131520906396197,0.7690180562889591,0.010303086667057926,0.9805568407985608,0.4422392465009346,0.30311624776821755,Cacnb4,FALSE,FALSE,FALSE,FALSE,0.18795251407731817,FALSE,FALSE,0.050021314998859874
Plod1,-0.11174321495036565,0.49739188941495094,-0.25752257953913293,0.15487039650158682,-0.1945464911279995,0.3800820284338975,Plod1,FALSE,FALSE,FALSE,FALSE,0.18793742853916603,FALSE,FALSE,0.05001723605793803
Tcea2,-0.27394353487855705,0.3922623454504708,-0.1466266706034518,0.6708371804854181,0.1431887212009766,0.747523310477557,Tcea2,FALSE,FALSE,FALSE,FALSE,0.1879196422276618,FALSE,FALSE,0.05001242686166597
Gkap1,0.1881120270406571,0.22512085174282628,0.10607503839044341,0.5299587819999,0.269482385961763,0.20168815862758824,Gkap1,FALSE,FALSE,FALSE,FALSE,0.1878898171309545,FALSE,FALSE,0.05000436252837998
Clcn6,-0.22021576182132963,0.3280211983249626,-0.19646172020730024,0.40537289082354655,-0.146877284074999,0.6470058768638999,Clcn6,FALSE,FALSE,FALSE,FALSE,0.18785158870120963,FALSE,FALSE,0.04999402603889637
Gabrb2,0.2716796840060738,0.42863602610227447,-0.20181060112931526,0.61000362694947,-0.09006253132616893,0.8797388443604395,Gabrb2,FALSE,FALSE,FALSE,FALSE,0.18785093882051931,FALSE,FALSE,0.04999385031928231
Hsdl1,-0.27985761494057293,0.11215194855023235,-0.2480566305670715,0.18912960776311086,-0.03562438461206874,0.9047914333737713,Hsdl1,FALSE,FALSE,FALSE,FALSE,0.1878462100399044,FALSE,FALSE,0.04999257171612171
Gm31024,0.08289733408042044,0.8689701015654848,-0.014752706725758236,0.9790462789484163,0.4658648666946365,0.4124058764772356,Gm31024,FALSE,FALSE,FALSE,FALSE,0.18783830250027173,FALSE,FALSE,0.04999043361626253
Tmem8,-0.3314513544025246,0.18489077275472757,-0.12918915958050148,0.624328586288329,-0.10286837118194159,0.7795054729393572,Tmem8,FALSE,FALSE,FALSE,FALSE,0.18783629505498922,FALSE,FALSE,0.04998989082815457
Irx3,0.1496647252478287,0.7983603360250254,-0.21032256111598108,0.735315551839943,0.20352101085562757,0.8007229925935744,Irx3,FALSE,FALSE,FALSE,FALSE,0.18783609907314577,FALSE,FALSE,0.0499898378371142
Gm14966,0.3469556800682214,0.42389166192644223,0.1429450331092389,0.7792771434287125,0.07350949198657111,0.9255119037359897,Gm14966,FALSE,FALSE,FALSE,FALSE,0.1878034017213438,FALSE,FALSE,0.04998099688195861
Sigmar1,-0.246143583592084,0.26353424912105594,-0.21137839929546853,0.3604145127180669,-0.1058532104957699,0.7468420556303198,Sigmar1,FALSE,FALSE,FALSE,FALSE,0.18779173112777414,FALSE,FALSE,0.04997784129935934
Fndc5,0.057423371118716204,0.8333594427104173,-0.47146535221899466,0.1184387877991451,0.0344777499538691,0.9356595057239877,Fndc5,FALSE,FALSE,FALSE,FALSE,0.18778882443052666,FALSE,FALSE,0.049977055364762206
Slc1a3,-0.25135571063485607,0.35435802278629647,-0.13315818166214655,0.6615941592129039,0.1787903644670843,0.6477599492831145,Slc1a3,FALSE,FALSE,FALSE,FALSE,0.18776808558802896,FALSE,FALSE,0.049971447841021095
Zfand4,0.20177848952670974,0.6628003384690642,-0.1845519185971891,0.7214773284926297,0.17694989861949306,0.7931849619849808,Zfand4,FALSE,FALSE,FALSE,FALSE,0.1877601022477973,FALSE,FALSE,0.049969289245627574
Stk32a,-0.02710767602023534,0.9431933230024525,0.31945096587438204,0.33916566617014726,0.21661809540543953,0.637047091737559,Stk32a,FALSE,FALSE,FALSE,FALSE,0.18772557910001897,FALSE,FALSE,0.04995995461806549
Snx20,0.235280030230397,0.5442771626539867,-0.20688124066863678,0.6367047213330336,0.12099993915232354,0.8426855129060751,Snx20,FALSE,FALSE,FALSE,FALSE,0.18772040335045245,FALSE,FALSE,0.04995855516008824
Pogz,0.09600429295884538,0.542368764454531,0.18170157480075222,0.265724484379953,0.2854455234481108,0.17481101901413826,Pogz,FALSE,FALSE,FALSE,FALSE,0.18771713040256946,FALSE,FALSE,0.04995767019589801
Ntpcr,-0.21605688915858812,0.27308527487539425,-0.3077813326509977,0.15968766521218056,-0.039306266941983026,0.9051000094912823,Ntpcr,FALSE,FALSE,FALSE,FALSE,0.1877148295838563,FALSE,FALSE,0.04995704808328206
Sesn3,0.24270557227916711,0.05453671284523709,0.10329544686466541,0.41955941237361744,0.21705244906328502,0.18844246856997743,Sesn3,FALSE,FALSE,FALSE,FALSE,0.1876844894023725,FALSE,FALSE,0.04994884447751193
Rnpep,-0.2500368766354102,0.27284047077404966,-0.27711741322608674,0.2549258076565437,-0.035804589196045455,0.9287909625991778,Rnpep,FALSE,FALSE,FALSE,FALSE,0.18765295968584747,FALSE,FALSE,0.04994031923633783
Mvb12b,-0.21990172089323234,0.25994331950291816,-0.25288913186381023,0.2298082320786048,-0.09014080034382665,0.7639596208252041,Mvb12b,FALSE,FALSE,FALSE,FALSE,0.18764388436695642,FALSE,FALSE,0.04993786538356637
Ufsp1,-0.12542673540917226,0.4689129715989378,-0.21187495777910348,0.24147384966338256,-0.2255491231870974,0.32762717957155085,Ufsp1,FALSE,FALSE,FALSE,FALSE,0.18761693879179106,FALSE,FALSE,0.04993057963690648
Phf21b,-0.23332503625118317,0.32422576922629287,-0.28361155710360464,0.2600476864198508,-0.04579184155042526,0.9087539655541438,Phf21b,FALSE,FALSE,FALSE,FALSE,0.18757614496840436,FALSE,FALSE,0.049919549497053836
Mrpl14,-0.254548989915671,0.33720758849763866,-0.2846654547684655,0.3033116815553314,-0.02350258767682556,0.9609730014174996,Mrpl14,FALSE,FALSE,FALSE,FALSE,0.18757234412032067,FALSE,FALSE,0.04991852179524898
Gm13446,0.1313857699438855,0.8466031408389922,-0.41552523477901965,0.5535744740181925,-0.01576099600251457,0.98816385056721745,Gm13446,FALSE,FALSE,FALSE,FALSE,0.1875573335751399,FALSE,FALSE,0.049914463131489055
4921524J17Rik,0.26941178544203614,0.23030211224033137,0.06751537519011919,0.8006748256232675,0.22563880006578874,0.4637710952718513,4921524J17Rik,FALSE,FALSE,FALSE,FALSE,0.18752198689931468,FALSE,FALSE,0.04990490583223856
Brwd1,0.24640950530681938,0.10801060379622346,0.23223466601105613,0.1696384291254824,0.08391900208821301,0.713382629184324,Brwd1,FALSE,FALSE,FALSE,FALSE,0.18752105780202952,FALSE,FALSE,0.04990465461594793
Parp8,0.16892200220953857,0.3450172349031964,0.28871635980523447,0.15202031156578022,0.1047652688918852,0.6953787959846605,Parp8,FALSE,FALSE,FALSE,FALSE,0.1874678769688861,FALSE,FALSE,0.04989027518351544
Med16,-0.2698217521032005,0.1970737853316093,-0.21767754299080444,0.3247285709845821,-0.07467987257009678,0.8199714266724727,Med16,FALSE,FALSE,FALSE,FALSE,0.1873930558880339,FALSE,FALSE,0.04987004449864184
Kcnh5,0.290590472487267,0.2444932884600111,0.23893358980209234,0.36397534287303895,-0.032175276960487054,0.9456608272272778,Kcnh5,FALSE,FALSE,FALSE,FALSE,0.18723311308328214,FALSE,FALSE,0.049826797963789915
Smg5,-0.13731451583442222,0.26418495607371817,-0.27633842015904175,0.08521930057579834,-0.1480202831278712,0.38738060474461117,Smg5,FALSE,FALSE,FALSE,FALSE,0.18722440637377838,FALSE,FALSE,0.04982444377838855
Swsap1,-0.12129324477260806,0.5082473158968721,-0.28110094898489857,0.15913965092570664,-0.15926524721669377,0.5241423730394623,Swsap1,FALSE,FALSE,FALSE,FALSE,0.1872198136580668,FALSE,FALSE,0.04982320196547678
Rap1gds1,0.393584627464608,0.02300251776828198,0.05332479526563194,0.7484059502568389,0.11472981946263161,0.5806814573102527,Rap1gds1,FALSE,FALSE,FALSE,FALSE,0.1872130807309572,FALSE,FALSE,0.049821381466159206
Slc50a1,-0.20739759752687892,0.2122627759230576,-0.25031544016157703,0.17398351717413368,-0.10388664343350662,0.6666122328750366,Slc50a1,FALSE,FALSE,FALSE,FALSE,0.18719989370732085,FALSE,FALSE,0.04981781585982782
Carm1,-0.2252492411788607,0.20563327481353935,-0.15155363004286038,0.4227196052755961,-0.18469381043373456,0.45481486573904134,Carm1,FALSE,FALSE,FALSE,FALSE,0.18716556055181854,FALSE,FALSE,0.04980853260380195
Map3k13,-0.12527267096201822,0.5839147078841203,-0.21540925253680854,0.35402225155765094,-0.22081198516935174,0.46852655918443165,Map3k13,FALSE,FALSE,FALSE,FALSE,0.18716463622272617,FALSE,FALSE,0.04980828267677104
Gpr155,0.13507035947008905,0.33220258697003113,0.185619802636249,0.21341877944338283,0.2407731792340737,0.20226800695994418,Gpr155,FALSE,FALSE,FALSE,FALSE,0.1871544471134706,FALSE,FALSE,0.04980552766900926
1810043G02Rik,-0.2863482592436899,0.14296828782390936,-0.19357345455748565,0.3388965526612621,-0.08152132518496558,0.7813173530431106,1810043G02Rik,FALSE,FALSE,FALSE,FALSE,0.18714767966204704,FALSE,FALSE,0.049803697834748806
Gm5617,-0.22266346509059698,0.4372960577850081,-0.19684812721596057,0.5079905841329913,-0.14188665995140148,0.7306013384149221,Gm5617,FALSE,FALSE,FALSE,FALSE,0.187132750752653,FALSE,FALSE,0.04979966124428503
Grb14,0.19285171062026896,0.5294879333348267,0.1584450147754799,0.6273163160144761,0.21007259508435538,0.6178394197823681,Grb14,FALSE,FALSE,FALSE,FALSE,0.1871231068267014,FALSE,FALSE,0.04979705364727295
Ddit3,-0.23008657213210615,0.3167178251797339,-0.28078313780031294,0.24936187148890213,-0.05030653647072869,0.8944089075616969,Ddit3,FALSE,FALSE,FALSE,FALSE,0.18705874880104925,FALSE,FALSE,0.049779652041719726
Rbx1,-0.17719451581817047,0.14760830774509767,-0.1930076971287562,0.15785566318513505,-0.19097008060909637,0.25529205166260277,Rbx1,FALSE,FALSE,FALSE,FALSE,0.18705743118534102,FALSE,FALSE,0.04977929577490462
Sem1,-0.16339203059450202,0.14893271298621538,-0.18532675480333793,0.14795876091439553,-0.21233482895824007,0.1748775832390268,Sem1,FALSE,FALSE,FALSE,FALSE,0.18701787145202667,FALSE,FALSE,0.04976859931757935
3425401B19Rik,-0.24146202138157857,0.6171475452320623,-0.16049216114499498,0.7531541252389009,-0.1590824053168376,0.821948704418931,3425401B19Rik,FALSE,FALSE,FALSE,FALSE,0.18701219594780372,FALSE,FALSE,0.04976706473219077
Setd6,-0.288473617479172,0.2519364672717828,-0.21022445291785363,0.4188607132097017,-0.06225154780422093,0.8772593290639484,Setd6,FALSE,FALSE,FALSE,FALSE,0.18698320606708219,FALSE,FALSE,0.04975922623086573
Tmem128,0.2905464721099298,0.10705112890053907,0.2094022675234708,0.2694695582752834,0.0609082799056857,0.833965400118035,Tmem128,FALSE,FALSE,FALSE,FALSE,0.1869523398463621,FALSE,FALSE,0.04975088039066248
Stxbp5,0.32847610079460754,0.02504287528015629,0.1382986218065385,0.2979170393593082,0.0940296158506877,0.6018000001898766,Stxbp5,FALSE,FALSE,FALSE,FALSE,0.18693477948394457,FALSE,FALSE,0.04974613228819873
Trp53i13,-0.19444699563390877,0.4534740059238146,-0.2850120209582583,0.2929970854862532,-0.08120438931447271,0.8426818235002771,Trp53i13,FALSE,FALSE,FALSE,FALSE,0.1868878019688799,FALSE,FALSE,0.049733430155422864
Srrm2,0.12757474383504963,0.43092733502541736,0.24284278572201679,0.17693841256853707,0.19014888022972265,0.40086542294436045,Srrm2,FALSE,FALSE,FALSE,FALSE,0.18685546992892968,FALSE,FALSE,0.04972468797602497
Itsn2,0.21206210880012932,0.124246487360822,0.24634630920431633,0.12392065412312836,0.10203032233860032,0.6082944726950605,Itsn2,FALSE,FALSE,FALSE,FALSE,0.186812913447682,FALSE,FALSE,0.049713181235522895
Wdr25,-0.23814074150457554,0.31416716191321153,-0.06441522841479896,0.8109287237640898,-0.25777025202748405,0.42319479030660206,Wdr25,FALSE,FALSE,FALSE,FALSE,0.1867754073156195,FALSE,FALSE,0.049703040046302674
Des,0.14362831554462696,0.8105177576031266,0.12506978190475615,0.8425351989198578,-0.29150413964634625,0.7310242306220666,Des,FALSE,FALSE,FALSE,FALSE,0.18673407903190978,FALSE,FALSE,0.04969186539506033
Pcdh18,-0.07203456736441716,0.8477320141658284,-0.40675763325184944,0.26431531412471004,-0.0813400670060287,0.8825893576388648,Pcdh18,FALSE,FALSE,FALSE,FALSE,0.18671075587409844,FALSE,FALSE,0.04968555910476668
Sptlc1,-0.25818780173271083,0.09258724047536529,-0.20608256114230805,0.19897528825113667,-0.09581707247784799,0.655342161977533,Sptlc1,FALSE,FALSE,FALSE,FALSE,0.18669581178428896,FALSE,FALSE,0.04968151840970835
Slc25a34,0.15788099795445432,0.8685274066241875,0.09098980493133857,0.9290061380692373,0.3111333660068013,0.8093324509467632,Slc25a34,FALSE,FALSE,FALSE,FALSE,0.1866680562975314,FALSE,FALSE,0.04967401367307918
Kidins220,-0.2038495181935307,0.17161357499515298,-0.18121738069777127,0.2623751462623895,-0.1749247593667409,0.4057975793956691,Kidins220,FALSE,FALSE,FALSE,FALSE,0.18666388608601428,FALSE,FALSE,0.04967288610001958
Tdp1,-0.15598787333180875,0.48158388344215686,-0.13100685487460684,0.5729093088276478,-0.27292103753401076,0.3576732489077609,Tdp1,FALSE,FALSE,FALSE,FALSE,0.18663858858014212,FALSE,FALSE,0.04966604597069295
Tmem43,-0.154964674610917,0.37172846973056217,-0.23017926533699118,0.22208983626105852,-0.17470562748585383,0.475060794932237,Tmem43,FALSE,FALSE,FALSE,FALSE,0.18661652247792068,FALSE,FALSE,0.0496600795725155
Zfp341,-0.24630385393808973,0.5162629894676763,0.2839297176287605,0.4240515556498569,0.029416636991637324,0.965741105261516,Zfp341,FALSE,FALSE,FALSE,FALSE,0.18655006951949585,FALSE,FALSE,0.049642111523330715
Coa7,-0.18963072459077823,0.2130874166567064,-0.17624663025013954,0.2714301298889309,-0.19375974195691636,0.3475782955568665,Coa7,FALSE,FALSE,FALSE,FALSE,0.1865456989326114,FALSE,FALSE,0.049640929771276814
Brap,-0.2797171961724363,0.042182165499354926,-0.14083530843303382,0.29027288130205253,-0.13902366566593827,0.42319479030660206,Brap,FALSE,FALSE,FALSE,FALSE,0.18652539009046945,FALSE,FALSE,0.049635438514256176
Hlf,-0.3283086037305232,0.06774748590340365,0.05733075917522079,0.7733974626125172,0.17383697927569663,0.4657554575727734,Hlf,FALSE,FALSE,FALSE,FALSE,0.1864921140604802,FALSE,FALSE,0.049626441091753196
Lrp1,-0.20597881184659883,0.26929806925392064,-0.29224838687125754,0.16585656989068812,0.061209905085940264,0.8451259343712733,Lrp1,FALSE,FALSE,FALSE,FALSE,0.18647903460126555,FALSE,FALSE,0.0496229045694967
Otud5,-0.26370510321188245,0.05947258509512984,-0.20057263399004377,0.17209149625239953,-0.09514480384363111,0.6201811789712147,Otud5,FALSE,FALSE,FALSE,FALSE,0.18647418034851912,FALSE,FALSE,0.04962159204024036
2810459M11Rik,-0.01660874288402478,0.9814573367882853,0.46807695566077523,0.43553114313450586,0.07470214586917673,0.9456608272272778,2810459M11Rik,FALSE,FALSE,FALSE,FALSE,0.18646261480465892,FALSE,FALSE,0.049618464861769226
D430019H16Rik,-0.2615467011147192,0.1726839994562083,-0.19403716730452647,0.34277846902007575,0.10379287953599903,0.7186756725575926,D430019H16Rik,FALSE,FALSE,FALSE,FALSE,0.18645891598508157,FALSE,FALSE,0.04961746474719696
Pcdhgb7,0.09649664010449133,0.7432562257025733,0.17680525365223776,0.53711898713442,0.2859162267348636,0.42911288062099145,Pcdhgb7,FALSE,FALSE,FALSE,FALSE,0.18640604016386422,FALSE,FALSE,0.049603167786176114
Mgat3,-0.2562141414428494,0.1241644498693022,-0.24686908981040556,0.17177354314326648,-0.05607864627780579,0.82839470538922,Mgat3,FALSE,FALSE,FALSE,FALSE,0.18638729251035357,FALSE,FALSE,0.0495980986550439
Rpp38,0.2680754077691869,0.3035482794060334,0.21996534337780282,0.427675052557551,0.07101629532033149,0.8724691799258102,Rpp38,FALSE,FALSE,FALSE,FALSE,0.18635234882244042,FALSE,FALSE,0.04958865031868682
Cpt1a,-0.4067112022260284,0.059601225454916404,-0.03855943880300394,0.8764196653597753,-0.11371396948369306,0.713141200911912,Cpt1a,FALSE,FALSE,FALSE,FALSE,0.1863282035042418,FALSE,FALSE,0.04958212172650283
Reck,0.14598671660554974,0.35287964374629976,0.19187632820358402,0.25348227844656157,0.22106150042650885,0.3026930991380431,Reck,FALSE,FALSE,FALSE,FALSE,0.1863081817452142,FALSE,FALSE,0.04957670809316729
Stox1,0.21882504276086667,0.4164125751457872,0.2551171522963349,0.3578599286490373,0.08493040359499116,0.8465534528085829,Stox1,FALSE,FALSE,FALSE,FALSE,0.18629086621739757,FALSE,FALSE,0.04957202619091877
D3Ertd751e,0.24117655433556973,0.0866431771998863,0.16060729163742948,0.2702037881505617,0.15695703562539265,0.40608108524542064,D3Ertd751e,FALSE,FALSE,FALSE,FALSE,0.1862469605327973,FALSE,FALSE,0.04956015464269745
Entpd6,-0.2827414634295695,0.1758804574590221,-0.10413115908472559,0.643862690278799,-0.17186641929231694,0.5518752037570874,Entpd6,FALSE,FALSE,FALSE,FALSE,0.18624634726887068,FALSE,FALSE,0.04955998882379852
Il11ra1,-0.15633667960879105,0.39373304333353853,-0.17294794223889554,0.37374380703353816,-0.22929231137755313,0.36452411371933907,Il11ra1,FALSE,FALSE,FALSE,FALSE,0.1861923110750799,FALSE,FALSE,0.04954537811254043
Gm42819,0.12050076060232992,0.8375979520404853,0.1219098647903688,0.8423371822296623,-0.31609586290612324,0.693855170501762,Gm42819,FALSE,FALSE,FALSE,FALSE,0.18616882943294066,FALSE,FALSE,0.04953902897006583
Gnl3,0.19200203850926023,0.5342537335326015,0.23580270335259357,0.4656779142050514,-0.13064931747608277,0.783446509362906,Gnl3,FALSE,FALSE,FALSE,FALSE,0.18615135311264552,FALSE,FALSE,0.049534303591541304
Stard9,-0.06357883546842746,0.8210150920888267,0.17591255906736514,0.49166953987012435,0.318944463107508,0.3189681306309228,Stard9,FALSE,FALSE,FALSE,FALSE,0.18614528588110021,FALSE,FALSE,0.04953266308798201
Acat2,-0.2621134108556853,0.24718030293831406,-0.209597720942436,0.369658693738125,-0.0866927210158317,0.7988200690067017,Acat2,FALSE,FALSE,FALSE,FALSE,0.186134617604651,FALSE,FALSE,0.04952977851940146
1810013L24Rik,0.2163222143367589,0.26188903417185233,0.268938478486179,0.20423494948495502,0.07299617179149998,0.815637666525601,1810013L24Rik,FALSE,FALSE,FALSE,FALSE,0.18608562153814598,FALSE,FALSE,0.0495165305955514
Tmem268,0.07377505373418636,0.8215819409339291,-0.358515087873835,0.2688625356359767,-0.12594987978569172,0.782317203752327,Tmem268,FALSE,FALSE,FALSE,FALSE,0.1860800071312377,FALSE,FALSE,0.0495150125301129
0610040J01Rik,-0.20733056376308556,0.5423642803445626,-0.1995325956153906,0.5683818667144263,-0.15135193296799354,0.7530721566283366,0610040J01Rik,FALSE,FALSE,FALSE,FALSE,0.18607169744882324,FALSE,FALSE,0.04951276569587298
Trappc6b,0.23232916048646413,0.19191335081491087,0.23697874272809205,0.22061046713397056,0.08886474355411789,0.7460856492790526,Trappc6b,FALSE,FALSE,FALSE,FALSE,0.18605754892289136,FALSE,FALSE,0.04950894011134127
Stxbp2,-0.1811634327759215,0.3748723119234667,-0.2449263659668075,0.2613324069934754,-0.13207181249383204,0.6553420686848732,Stxbp2,FALSE,FALSE,FALSE,FALSE,0.18605387041218702,FALSE,FALSE,0.04950794548803436
Pofut1,-0.16195875944471894,0.2655918696407639,-0.18718839507802887,0.23494538831592568,-0.20886647186327867,0.2986608769324672,Pofut1,FALSE,FALSE,FALSE,FALSE,0.18600454212867548,FALSE,FALSE,0.04949460773685901
Rab17,0.18887110499100257,0.6855146617679467,0.006325861213300588,0.9898519167918699,0.36245151840021017,0.5410403499279217,Rab17,FALSE,FALSE,FALSE,FALSE,0.18588282820150445,FALSE,FALSE,0.04946169781257991
Tmem183a,-0.169930012799548,0.13530067870062565,-0.1395646342196697,0.24827602106359467,-0.2481408495178581,0.12102763859186647,Tmem183a,FALSE,FALSE,FALSE,FALSE,0.18587849884569194,FALSE,FALSE,0.04946052720889241
Prr15l,-0.2688893931869467,0.5150116404533663,0.08921467803200844,0.8391296399264949,-0.19947641564716312,0.7321239058073586,Prr15l,FALSE,FALSE,FALSE,FALSE,0.18586016228870608,FALSE,FALSE,0.04945556923312111
Srd5a1,-0.4458080491889108,0.2025855182842933,-0.10472663539620397,0.7830762775888619,0.006994948603378903,0.9901796608639275,Srd5a1,FALSE,FALSE,FALSE,FALSE,0.18584321106283122,FALSE,FALSE,0.04945098583356326
Cnpy2,0.15066762993703975,0.16674739729841934,-0.14229715647874475,0.2297250023781592,-0.2645520847428129,0.1002620105675008,Cnpy2,FALSE,FALSE,FALSE,FALSE,0.1858389570528658,FALSE,FALSE,0.049449835602450865
Mgea5,0.2700150242309629,0.08175182450303584,0.1305804689478105,0.41955941237361744,0.15679979254775134,0.45812845965150645,Mgea5,FALSE,FALSE,FALSE,FALSE,0.18579842857550824,FALSE,FALSE,0.04943887720884723
Aif1l,-0.34651213429959005,0.4744603272627129,-0.11318247609496579,0.8305005525129058,0.09768202446423713,0.8945125634117448,Aif1l,FALSE,FALSE,FALSE,FALSE,0.18579221161959766,FALSE,FALSE,0.04943719622169137
Cd320,-0.06642188863725895,0.7483870045059963,-0.21216144410395144,0.2943639823243652,-0.27876666445382936,0.28533013826582715,Cd320,FALSE,FALSE,FALSE,FALSE,0.18578333239834657,FALSE,FALSE,0.049434795391270214
Gm15950,-0.20970669278146517,0.7482039655527408,0.07041837282138155,0.9186321164515572,0.2771883047711715,0.7371662056657242,Gm15950,FALSE,FALSE,FALSE,FALSE,0.1857711234580061,FALSE,FALSE,0.04943149424643435
Rnpepl1,-0.24471781759972178,0.13055441515475025,-0.18868199216742898,0.2681335727511731,-0.12389098427099121,0.587411566028861,Rnpepl1,FALSE,FALSE,FALSE,FALSE,0.185763598012714,FALSE,FALSE,0.049429459460108044
Nlgn3,-0.22287496103256244,0.31012360920057247,-0.23460512121801846,0.30934828867029823,-0.09975411796382438,0.7607075919302093,Nlgn3,FALSE,FALSE,FALSE,FALSE,0.18574473340480177,FALSE,FALSE,0.04942435870596777
2310039H08Rik,0.15253575158481691,0.4256688953449586,-0.12422293360611203,0.5556989106930963,-0.28040782164704314,0.29249308056220935,2310039H08Rik,FALSE,FALSE,FALSE,FALSE,0.1857221689459907,FALSE,FALSE,0.049418257558398786
Leng8,0.1333483610639732,0.4281791336900977,0.2325062371744533,0.19599480594757612,0.19125790808166077,0.40608108524542064,Leng8,FALSE,FALSE,FALSE,FALSE,0.1857041687733624,FALSE,FALSE,0.0494133905367524
Plekhh1,-0.08124528433769207,0.8265840401844695,0.27677319724131877,0.41904335788362607,0.1990899405210822,0.6734996583807101,Plekhh1,FALSE,FALSE,FALSE,FALSE,0.18570280736669767,FALSE,FALSE,0.04941302242941012
1700102P08Rik,-0.24778047627267763,0.5966474984526148,-0.2517657071423902,0.602751633056368,-0.0575238419669134,0.9408306343998061,1700102P08Rik,FALSE,FALSE,FALSE,FALSE,0.18569000846066042,FALSE,FALSE,0.04940956176522541
Chmp1b,0.26649730506045444,0.17172262428114732,0.2174554666599029,0.2982796011649818,0.0730379529341203,0.8160706567923424,Chmp1b,FALSE,FALSE,FALSE,FALSE,0.18566357488482588,FALSE,FALSE,0.04940241445678373
Sla,-0.17468085904721087,0.7941470721354679,0.3531891781081751,0.5562304236423156,0.02888638696336021,0.9777503992234355,Sla,FALSE,FALSE,FALSE,FALSE,0.18558547470624873,FALSE,FALSE,0.04938129714487951
Pradc1,-0.14538217442564938,0.6303902252989841,-0.1775620876434545,0.5646976102815119,-0.23373443782823422,0.565034693231984,Pradc1,FALSE,FALSE,FALSE,FALSE,0.18555956663244602,FALSE,FALSE,0.049374291925617576
B3gat3,-0.14266494411810182,0.34164019300448434,-0.2566759400959846,0.13709244228844267,-0.15731034063223248,0.4530997651320025,B3gat3,FALSE,FALSE,FALSE,FALSE,0.1855504082821063,FALSE,FALSE,0.04937181562218044
2310015A10Rik,-0.25469575337240613,0.244251424353404,-0.20092725637689268,0.3758649962245817,-0.10101749463165266,0.7520055843307022,2310015A10Rik,FALSE,FALSE,FALSE,FALSE,0.1855468347936505,FALSE,FALSE,0.04937084939557658
Dhrs11,-0.21919884009882074,0.4744603272627129,-0.23849798831451618,0.447445974898927,-0.09893065071588758,0.8302444942285242,Dhrs11,FALSE,FALSE,FALSE,FALSE,0.18554249304307482,FALSE,FALSE,0.04936967544050007
Gm46519,-0.31880408861740295,0.4702105301630788,-0.12133490171866379,0.8013437573175883,0.11642377830935025,0.8588722257292879,Gm46519,FALSE,FALSE,FALSE,FALSE,0.18552092288180566,FALSE,FALSE,0.04936384313855603
Gm18095,0.07424283100533136,0.8971289013183638,-0.2877149360286297,0.6058683970703581,0.19452901122754462,0.7909175001540688,Gm18095,FALSE,FALSE,FALSE,FALSE,0.18549559275383523,FALSE,FALSE,0.049356994188621856
Gpr75,-0.18129752065447025,0.5650748680287438,0.31021855373450347,0.2900276366190269,-0.06494906232970221,0.8959090063511614,Gpr75,FALSE,FALSE,FALSE,FALSE,0.1854883789062253,FALSE,FALSE,0.0493550436544133
Coq2,-0.15710006905020713,0.1844672087040529,-0.25551299318747933,0.08967000640739733,-0.14369341512101563,0.3762496213382318,Coq2,FALSE,FALSE,FALSE,FALSE,0.1854354924529007,FALSE,FALSE,0.04934074381860358
Cntnap1,-0.20235100205870404,0.32010850497873394,-0.3300733287194131,0.15048663712642013,-0.023744206036456106,0.9478628528790193,Cntnap1,FALSE,FALSE,FALSE,FALSE,0.18538951227152442,FALSE,FALSE,0.04932831135238872
Ankrd54,-0.23116399473697058,0.11338197611208087,-0.2618627919787997,0.11810101977090215,-0.063044474088608915,0.7700562878232969,Ankrd54,FALSE,FALSE,FALSE,FALSE,0.18535708693479305,FALSE,FALSE,0.049319543946707574
Atl2,0.22617607610110735,0.2686220678005517,0.24777492220778186,0.26417667578648735,0.08199357425989007,0.8027143987928325,Atl2,FALSE,FALSE,FALSE,FALSE,0.18531485752292642,FALSE,FALSE,0.04930812564167722
Gm10044,0.24221987605827877,0.49814035426450665,0.18858106613739967,0.6227094338532371,-0.12508099983210674,0.8282781612449489,Gm10044,FALSE,FALSE,FALSE,FALSE,0.1852939806759284,FALSE,FALSE,0.04930248080324451
Ttc32,0.18944876671888045,0.5574852063031313,0.26299395574669227,0.41538890084564856,0.10329579762773777,0.8366975580349104,Ttc32,FALSE,FALSE,FALSE,FALSE,0.18524617336443683,FALSE,FALSE,0.04928955430388866
Amotl1,-0.23969352483106654,0.13703416536357824,-0.24111284647958353,0.17737016453833107,-0.07491086136529557,0.7645198466863341,Amotl1,FALSE,FALSE,FALSE,FALSE,0.18523907755864855,FALSE,FALSE,0.04928763568671297
Scrt1,-0.097353776499987,0.7293855818708814,-0.19694374390520775,0.477271883057607,0.2613073490140483,0.441179262246431,Scrt1,FALSE,FALSE,FALSE,FALSE,0.18520162313974767,FALSE,FALSE,0.049277508480085136
Gabarapl2,-0.1521032117157528,0.23838539134139067,-0.25892397012330726,0.10190729935793195,-0.14453919346774402,0.42622384861442497,Gabarapl2,FALSE,FALSE,FALSE,FALSE,0.18518879176893469,FALSE,FALSE,0.04927403903783093
Trp53rka,-0.28359455372074294,0.22092929795372265,-0.03580374365795658,0.8918933140428124,-0.2359771314120085,0.4517069692716692,Trp53rka,FALSE,FALSE,FALSE,FALSE,0.185125142930236,FALSE,FALSE,0.0492568291875639
Slc35b1,0.06571644194729931,0.7675966054132534,-0.2100816155143077,0.3338370893622783,-0.27941044583955055,0.32158118695231247,Slc35b1,FALSE,FALSE,FALSE,FALSE,0.18506950110038586,FALSE,FALSE,0.049241784332388495
Smo,-0.3352834246813172,0.0688541781421218,-0.18531223776307204,0.31041501811984895,0.03458431347251345,0.9054114982218228,Smo,FALSE,FALSE,FALSE,FALSE,0.1850599919723009,FALSE,FALSE,0.049239213183034355
Bcl6b,0.07813956844399039,0.8852356664720756,-0.36389199702063313,0.4926711009791207,-0.1131471709851175,0.8877358118932491,Bcl6b,FALSE,FALSE,FALSE,FALSE,0.18505957881658033,FALSE,FALSE,0.049239101470892645
Thbs3,-0.44445873167677385,0.06426662629177864,-0.0596707259921514,0.8118906065363594,-0.05100645021269212,0.8866275749362488,Thbs3,FALSE,FALSE,FALSE,FALSE,0.18504530262720578,FALSE,FALSE,0.04923524136776205
Surf4,-0.10138119027121739,0.4949111626200878,-0.24034512030052912,0.14741010874715055,-0.21339838973216008,0.289054293552995,Surf4,FALSE,FALSE,FALSE,FALSE,0.18504156676796887,FALSE,FALSE,0.04923423123812889
Fam120aos,0.20384882851227637,0.16358095074663961,0.15180632949023298,0.3288341165298019,0.19938153766874223,0.3198924465078698,Fam120aos,FALSE,FALSE,FALSE,FALSE,0.18501223189041718,FALSE,FALSE,0.04922629945397401
Cfi,-0.3981379428246321,0.2824703836696163,0.07679778600837905,0.8483555855756129,-0.07999829835391536,0.8918518592021099,Cfi,FALSE,FALSE,FALSE,FALSE,0.18497800906230885,FALSE,FALSE,0.04921704602909619
Mppe1,-0.11848056015927089,0.6404746206840406,-0.2987792683952608,0.24855596281051956,-0.13766194834861833,0.6933771602053044,Mppe1,FALSE,FALSE,FALSE,FALSE,0.18497392563438333,FALSE,FALSE,0.049215941921234824
Il1rapl2,0.3320898270355288,0.4508641366471199,-0.20814252584303627,0.6908018121349189,-0.014655810797086666,0.9847544527698506,Il1rapl2,FALSE,FALSE,FALSE,FALSE,0.18496272122521726,FALSE,FALSE,0.0492129123890702
Fut11,0.2727039015819992,0.07348240509103604,0.12672448214318877,0.41955941237361744,0.15545530566105548,0.44653217569857523,Fut11,FALSE,FALSE,FALSE,FALSE,0.1849612297954145,FALSE,FALSE,0.0492125091250969
Stx1b,0.19511920798348825,0.667145618497131,-0.09004865880423418,0.8637835477629652,0.26944040572024264,0.6583556371597667,Stx1b,FALSE,FALSE,FALSE,FALSE,0.1848694241693217,FALSE,FALSE,0.049187686031525506
Atp1a2,-0.12523651008523728,0.8182151864725161,0.1650780639166669,0.772781008486405,0.2642450316469498,0.7208082484563206,Atp1a2,FALSE,FALSE,FALSE,FALSE,0.18485320188295132,FALSE,FALSE,0.0491832997280967
Abracl,0.42408106306543747,0.07344851797173083,0.07475393131952357,0.7848082265100736,-0.05569635280024743,0.8901827965684321,Abracl,FALSE,FALSE,FALSE,FALSE,0.1848437823950695,FALSE,FALSE,0.049180752816332836
Sgsm3,-0.19559773671418412,0.3169872604283144,-0.21045545539070254,0.31051071071636394,-0.14837503434704225,0.5953368558260224,Sgsm3,FALSE,FALSE,FALSE,FALSE,0.18480940881730964,FALSE,FALSE,0.049171458630633866
Lpin2,-0.0164328414364725,0.945814376067984,0.30934267176814956,0.16648780582271683,0.2285790379622643,0.4137901235459442,Lpin2,FALSE,FALSE,FALSE,FALSE,0.1847848503889621,FALSE,FALSE,0.049164818338630185
Senp8,0.17567004718167656,0.238492373011703,0.2346805505199221,0.15518880905879467,0.1439227854753593,0.48851987969807986,Senp8,FALSE,FALSE,FALSE,FALSE,0.18475779439231932,FALSE,FALSE,0.049157502735383246
Glt28d2,0.36633762866125075,0.17130816230878976,0.1482684768572673,0.6224402162290014,0.03961543655394806,0.9356595057239877,Glt28d2,FALSE,FALSE,FALSE,FALSE,0.18474051402415537,FALSE,FALSE,0.04915283033986526
Csk,-0.26781753986041856,0.11639787513215066,-0.2206218245006708,0.21677815427231506,-0.06569786383450893,0.7983917031109229,Csk,FALSE,FALSE,FALSE,FALSE,0.18471240939853276,FALSE,FALSE,0.0491452312004518
Usp30,-0.30316442547250766,0.16515300429281204,-0.21464926760546188,0.35117382606609887,-0.03627745428024198,0.9254249867141772,Usp30,FALSE,FALSE,FALSE,FALSE,0.18469704911940385,FALSE,FALSE,0.049141077973004564
Gbp3,0.2368767215615577,0.2690437611536026,0.15476391276324897,0.5052088926250021,0.16213534668259566,0.5999389162503753,Gbp3,FALSE,FALSE,FALSE,FALSE,0.18459199366913412,FALSE,FALSE,0.049112672292620715
St13,0.2849502434181037,0.16837445196823264,0.21692800060684014,0.32982361435224933,0.05189177295241443,0.8839872372253401,St13,FALSE,FALSE,FALSE,FALSE,0.18459000565911943,FALSE,FALSE,0.049112134759566196
Calml4,-0.3162378669653243,0.3414823409293673,-0.2098196595615025,0.5457218334969891,-0.02761716611533238,0.9630623165232519,Calml4,FALSE,FALSE,FALSE,FALSE,0.18455823088071974,FALSE,FALSE,0.04910354325672488
Lhfp,0.4295931297570057,0.17483610962229562,0.01875576267277701,0.9638180678245644,-0.10532442752851479,0.8478435411890705,Lhfp,FALSE,FALSE,FALSE,FALSE,0.1845577733194325,FALSE,FALSE,0.04910341953787308
Exph5,0.37093842761580476,0.13681852705445283,0.07484055777277021,0.8006693975376402,0.10788916176045404,0.7832806856132243,Exph5,FALSE,FALSE,FALSE,FALSE,0.18455604904967635,FALSE,FALSE,0.049102953316887285
Gm49338,-0.37129908596916805,0.18319473883213622,-0.1726741124462161,0.548709619153076,0.009614616691851374,0.9830524834077203,Gm49338,FALSE,FALSE,FALSE,FALSE,0.18452927170241185,FALSE,FALSE,0.04909571305694865
Ybx1,-0.17539146662219718,0.22151205746329353,-0.14390129890900383,0.35280379793946115,-0.2342380755772,0.24059549888574921,Ybx1,FALSE,FALSE,FALSE,FALSE,0.184510280369467,FALSE,FALSE,0.049090578037943845
Gpsm3,-0.20307939765247335,0.6553620501672873,0.2657587784297016,0.5376535558284866,-0.08463025095528184,0.9055474884258828,Gpsm3,FALSE,FALSE,FALSE,FALSE,0.18448947567915225,FALSE,FALSE,0.049084952709776204
Smc3,0.24883122510051514,0.1260106869888631,0.16372594406937502,0.34432151937824074,0.1408551672062064,0.5436953257203301,Smc3,FALSE,FALSE,FALSE,FALSE,0.1844707787920322,FALSE,FALSE,0.04907989730524135
Rin2,-0.3181707465164516,0.15044153772931307,-0.2263348617287928,0.32357636467879425,-0.008871660610500598,0.9814938883311297,Rin2,FALSE,FALSE,FALSE,FALSE,0.18445908961858168,FALSE,FALSE,0.04907673669887458
Cytip,0.2784531583600076,0.36374829012053134,0.0189806071367975,0.9613145997359017,0.25591808206474354,0.5512982165093959,Cytip,FALSE,FALSE,FALSE,FALSE,0.18445061585384956,FALSE,FALSE,0.049074445498827265
Fam204a,0.24403166551951205,0.26113963552562147,0.15932948506104072,0.4972293066377403,0.1498702816124302,0.6359287743437843,Fam204a,FALSE,FALSE,FALSE,FALSE,0.184410477397661,FALSE,FALSE,0.04906359256207181
Cep97,0.27776540282318685,0.12226225564278945,0.03004482827267818,0.8891309500952022,0.24540553671549503,0.31707648585682735,Cep97,FALSE,FALSE,FALSE,FALSE,0.18440525593712,FALSE,FALSE,0.04906218074441853
Ddx25,-0.12589713072292863,0.4523274059089611,-0.22398879855763987,0.20811223222506314,-0.20331479268087715,0.3688051796311325,Ddx25,FALSE,FALSE,FALSE,FALSE,0.18440024065381522,FALSE,FALSE,0.04906082467451235
Knop1,-0.2425674947977683,0.12036523446139892,-0.03330790257533778,0.8533529608023613,-0.27715626474664834,0.1899937001378245,Knop1,FALSE,FALSE,FALSE,FALSE,0.18434388737325147,FALSE,FALSE,0.04904558745195831
Iars2,-0.2542238364031135,0.08197009213387296,-0.1993070641261827,0.19515260492167197,-0.09946254144055988,0.6282296160853685,Iars2,FALSE,FALSE,FALSE,FALSE,0.18433114732328537,FALSE,FALSE,0.04904214270171944
Ttc7b,-0.20190632330643865,0.30496635849309267,-0.21963192780253227,0.29424880422967714,-0.13138570662025906,0.644088252724178,Ttc7b,FALSE,FALSE,FALSE,FALSE,0.18430798590974332,FALSE,FALSE,0.04903588014505413
Trpc1,0.24966710072421172,0.07666905102386695,0.24629509780370284,0.12032630107413,0.05692018622746975,0.789862175025876,Trpc1,FALSE,FALSE,FALSE,FALSE,0.18429412825179478,FALSE,FALSE,0.049032133207588785
Trpc4,-0.1349851994237562,0.8116811500281418,0.4114758367012409,0.40224779621005124,0.006277594814620091,0.9941541606685009,Trpc4,FALSE,FALSE,FALSE,FALSE,0.18424621031320573,FALSE,FALSE,0.0490191767960488
Bambi,-0.4862264568194239,0.1840909250164079,-0.055415917335738474,0.8915633408523346,0.010982389496031253,0.9847544527698506,Bambi,FALSE,FALSE,FALSE,FALSE,0.18420825455039788,FALSE,FALSE,0.049008914032296166
Gm5860,0.4611162880164962,0.15379684128720095,-0.013582395376066758,0.9745839540220257,0.07791226880757096,0.8910329044496753,Gm5860,FALSE,FALSE,FALSE,FALSE,0.18420365073337797,FALSE,FALSE,0.04900766921772941
Dhdds,-0.17571227546465185,0.4362757157672721,-0.23538645370404154,0.3246309803128976,-0.1414760360513494,0.6666122328750366,Dhdds,FALSE,FALSE,FALSE,FALSE,0.18419158840668093,FALSE,FALSE,0.04900440771538982
Frrs1,-0.17271872978186886,0.5542401922045476,-0.3377292845325579,0.2631338366284234,-0.042107474445450155,0.9308707838816256,Frrs1,FALSE,FALSE,FALSE,FALSE,0.18418516291995898,FALSE,FALSE,0.049002670344109545
Ubqln4,-0.2457029437494498,0.09674731075524617,-0.12916564043669077,0.3955359066803147,-0.17760108116162776,0.3669246121980078,Ubqln4,FALSE,FALSE,FALSE,FALSE,0.18415655511592277,FALSE,FALSE,0.04899493515154362
Rpn1,-0.03204949054456563,0.8618003510392558,-0.18539529646064423,0.29252810945915836,-0.3349930321944097,0.14276280291425258,Rpn1,FALSE,FALSE,FALSE,FALSE,0.1841459397332065,FALSE,FALSE,0.048992064884767206
Ppp4c,-0.2136121053390001,0.12741879100722597,-0.23065980125481644,0.14219133257756708,-0.10809425885674706,0.5853460266172439,Ppp4c,FALSE,FALSE,FALSE,FALSE,0.18412205515018787,FALSE,FALSE,0.04898560679211626
Slc46a1,-0.11026886428387339,0.803419146465864,-0.1926830763514631,0.6634278871033833,-0.2493653210483915,0.667304825320646,Slc46a1,FALSE,FALSE,FALSE,FALSE,0.18410575389457598,FALSE,FALSE,0.048981199136391804
Rabl6,-0.21794200405091946,0.08765779988833677,-0.21292685638314168,0.13538779083376862,-0.12141856231136128,0.48698187519061265,Rabl6,FALSE,FALSE,FALSE,FALSE,0.18409580758180746,FALSE,FALSE,0.048978509777764766
Pcgf1,-0.21380125178891296,0.46459879233188117,-0.24492358986005813,0.41278591726219876,-0.09351403528592428,0.8328401526503639,Pcgf1,FALSE,FALSE,FALSE,FALSE,0.18407962564496513,FALSE,FALSE,0.04897413438434392
A930012O16Rik,0.2078030889973884,0.7124739868344745,0.26474773495117987,0.6420129120431872,0.07966096572991789,0.9330306356076901,A930012O16Rik,FALSE,FALSE,FALSE,FALSE,0.18407059655949537,FALSE,FALSE,0.04897169303251159
Fadd,-0.03392467852183367,0.9196229985378553,0.17524235981225855,0.5528933736914432,0.3429367315719887,0.34219325627685565,Fadd,FALSE,FALSE,FALSE,FALSE,0.18403458996869362,FALSE,FALSE,0.048961957300501485
Taf4b,0.0596544984494769,0.8573497218204044,-0.09435291930290335,0.7858103425597206,-0.3980371830671865,0.3500493094116149,Taf4b,FALSE,FALSE,FALSE,FALSE,0.18401486693985558,FALSE,FALSE,0.04895662444007458
Rsph14,0.28259917452496125,0.7580177595862964,0.18158790990769152,0.8538550504410823,-0.0877954541321736,0.9568917316396195,Rsph14,FALSE,FALSE,FALSE,FALSE,0.1839941795216088,FALSE,FALSE,0.048951030820808025
Sgtb,0.13589302367763567,0.6201832344901208,0.3413397357367862,0.21256601556466187,0.0746824730280915,0.8630078587834915,Sgtb,FALSE,FALSE,FALSE,FALSE,0.18397174414750447,FALSE,FALSE,0.04894496457612997
Egr3,-0.08400659863519966,0.9331586152887693,0.04973076152847389,0.9611397758908948,0.41817284858869574,0.7181132845752332,Egr3,FALSE,FALSE,FALSE,FALSE,0.1839700695841231,FALSE,FALSE,0.04894451179512649
Cldn12,0.2965130056200804,0.12469951005855334,0.18591383349538582,0.36471671960430296,0.06943653494211866,0.821948704418931,Cldn12,FALSE,FALSE,FALSE,FALSE,0.18395445801919497,FALSE,FALSE,0.048940290623140634
Otud1,0.07983294559730858,0.6648949088979144,0.31298234332289265,0.11638379818963077,0.15903194048989722,0.5074783352950712,Otud1,FALSE,FALSE,FALSE,FALSE,0.1839490764700328,FALSE,FALSE,0.04893883551952557
Atp5g3,-0.16405524852179454,0.17088108669381252,-0.16180904608910307,0.2143217879561058,-0.22596788299760906,0.1748775832390268,Atp5g3,FALSE,FALSE,FALSE,FALSE,0.18394405920283555,FALSE,FALSE,0.04893747891319967
Rcan3,-0.12426205195219975,0.5954148789870507,-0.3108763928357181,0.2045738212031887,-0.11659558036821949,0.7340760635387051,Rcan3,FALSE,FALSE,FALSE,FALSE,0.18391134171871246,FALSE,FALSE,0.04892863251451614
Fmo5,0.02462341582636496,0.9325613000908827,0.16403758964817117,0.5160626214823194,0.3630670794811288,0.24200848289713714,Fmo5,FALSE,FALSE,FALSE,FALSE,0.18390936165188831,FALSE,FALSE,0.04892809712920104
Etv5,-0.035956484507303266,0.9415272497936071,0.23276977890131256,0.5974030045311116,0.28284022249518515,0.6245161197661799,Etv5,FALSE,FALSE,FALSE,FALSE,0.183855495301267,FALSE,FALSE,0.048913532341412644
Galm,-0.2830479604113423,0.1576366102998766,-0.1858952863555574,0.36471671960430296,-0.08249925665516367,0.7808157456339877,Galm,FALSE,FALSE,FALSE,FALSE,0.18381416780735446,FALSE,FALSE,0.04890235790372159
Sh3tc1,0.17655124272573242,0.6709069251741768,0.10880330626461199,0.811959235721534,0.2660852307836993,0.6248779672221111,Sh3tc1,FALSE,FALSE,FALSE,FALSE,0.18381325992468123,FALSE,FALSE,0.0489021124235968
Plagl2,0.19857689787688937,0.27917517101284045,0.21082415301440127,0.27807676006772053,0.14198833072567663,0.5900443167775151,Plagl2,FALSE,FALSE,FALSE,FALSE,0.1837964605389891,FALSE,FALSE,0.04889757007972611
Mettl22,0.145444168850271,0.6349698803304636,0.20975107951498395,0.4902191322881744,0.19618695164771682,0.6319227535735167,Mettl22,FALSE,FALSE,FALSE,FALSE,0.1837940666709906,FALSE,FALSE,0.04889692280774668
Dnaic2,-0.022795850249641064,0.9706877612895167,-0.15995507976460197,0.7869063456640643,-0.3686254106220704,0.622580252672698,Dnaic2,FALSE,FALSE,FALSE,FALSE,0.1837921135454378,FALSE,FALSE,0.04889639470701454
Zic3,-0.0452318151155644,0.9721933262056326,0.006246809288870336,0.9957059962991257,0.49986944080059703,0.7340760635387051,Zic3,FALSE,FALSE,FALSE,FALSE,0.18378268840167725,FALSE,FALSE,0.04889384626597177
Timm10b,0.29497342511455216,0.12928019049070805,0.21099171672937977,0.3014623970126643,0.04527679807543494,0.8921582714898193,Timm10b,FALSE,FALSE,FALSE,FALSE,0.18374731330645563,FALSE,FALSE,0.048884281282471784
Gm26618,0.11291993872811351,0.8883210495609691,0.1664362352564786,0.8363181970397431,-0.27172163225233187,0.8099330912936741,Gm26618,FALSE,FALSE,FALSE,FALSE,0.18369260207897467,FALSE,FALSE,0.04886948805054292
Mthfd2,0.16532014083730218,0.43973068480119726,-0.2833456361429776,0.22899082743933905,-0.10240964959320031,0.7532323228074294,Mthfd2,FALSE,FALSE,FALSE,FALSE,0.18369180885782668,FALSE,FALSE,0.048869273573461096
Tbc1d22a,-0.1070744919254869,0.6541283374980369,-0.28367407590021276,0.24728591502651884,-0.16021752016047763,0.6281697940375983,Tbc1d22a,FALSE,FALSE,FALSE,FALSE,0.1836553626620591,FALSE,FALSE,0.04885941897776403
Tapbp,-0.319898494124053,0.13313962729881826,-0.20348959834195846,0.37000070218269493,-0.027340477178862344,0.9445578108505627,Tapbp,FALSE,FALSE,FALSE,FALSE,0.1835761898816246,FALSE,FALSE,0.048838011647726914
Ptgfrn,-0.20263219140821587,0.35141145456170303,-0.2176741721075537,0.34584254705359135,-0.13041625516818556,0.6823987280779485,Ptgfrn,FALSE,FALSE,FALSE,FALSE,0.18357420622798504,FALSE,FALSE,0.04883747529258176
Zfp536,0.014258004805602909,0.9432192079030063,0.32568368116402,0.10207236804123446,0.2107112836593581,0.35432183742196827,Zfp536,FALSE,FALSE,FALSE,FALSE,0.183550989876327,FALSE,FALSE,0.04883119788133672
Tysnd1,-0.35094771489529775,0.10436690486016179,-0.18372193922565971,0.39689232923793294,0.015889885073926635,0.9672576142655462,Tysnd1,FALSE,FALSE,FALSE,FALSE,0.1835198463982947,FALSE,FALSE,0.04882277707422242
Golt1b,0.29412524956846564,0.054249890951452814,0.19411768173262178,0.21396653796848772,0.06213322444316294,0.7839033333427435,Golt1b,FALSE,FALSE,FALSE,FALSE,0.1834587185814168,FALSE,FALSE,0.048806248876738734
Zbtb39,-0.363202510955035,0.14899310825885803,-0.10827861962118046,0.692288715703725,-0.07887690729479768,0.8407014970547046,Zbtb39,FALSE,FALSE,FALSE,FALSE,0.1834526792903377,FALSE,FALSE,0.0488046159279322
Hsph1,-0.11993988815618462,0.6945930591904032,0.21213529122814112,0.49650174222820304,-0.21812917850515046,0.6006409911173497,Hsph1,FALSE,FALSE,FALSE,FALSE,0.1834014526298254,FALSE,FALSE,0.04879076487934873
Acp2,-0.2986051747366645,0.17402895718873926,-0.18579473034030158,0.428065568511634,-0.06574936388140795,0.8569630352562625,Acp2,FALSE,FALSE,FALSE,FALSE,0.18338308965279135,FALSE,FALSE,0.04878579975992669
Prex1,-0.2573094448616482,0.19762873817541027,-0.2294169286399308,0.2855503062775855,-0.06335249462171078,0.8484868724727372,Prex1,FALSE,FALSE,FALSE,FALSE,0.18335962270776326,FALSE,FALSE,0.04877945459136722
Gpt,0.32232741696012934,0.3195796468740498,-0.18739604743813953,0.6236547099088758,0.040127250311035256,0.9477993174069249,Gpt,FALSE,FALSE,FALSE,FALSE,0.18328357156976804,FALSE,FALSE,0.04875889131441992
Kdm5a,0.24010027855214666,0.12396733506254445,0.23182910258041023,0.17812959620448013,0.07788780740048473,0.7428128430247322,Kdm5a,FALSE,FALSE,FALSE,FALSE,0.18327239617768054,FALSE,FALSE,0.04875586962811058
A130014A01Rik,-0.21746492570580722,0.42419849600843973,-0.15052570256519093,0.6008641186418116,-0.18181001797309326,0.6323909429312146,A130014A01Rik,FALSE,FALSE,FALSE,FALSE,0.1832668820813638,FALSE,FALSE,0.048754378685401965
Tspan6,-0.3763800987735797,0.04910200366295511,-0.12313519618390156,0.5052088926250021,-0.05012420592558264,0.8595500930257407,Tspan6,FALSE,FALSE,FALSE,FALSE,0.1832131669610213,FALSE,FALSE,0.04873985478839033
Ddx50,0.3214888714937274,0.15366108026402497,0.1943573152491167,0.4232650996929328,0.03376212823437985,0.9347491177293159,Ddx50,FALSE,FALSE,FALSE,FALSE,0.18320277165907464,FALSE,FALSE,0.04873704402870264
Rdh11,-0.15364293647739746,0.3907696359844658,-0.17786949039168842,0.34282986302364743,-0.21808794338927395,0.37073415209366395,Rdh11,FALSE,FALSE,FALSE,FALSE,0.18320012341945327,FALSE,FALSE,0.04873632797781645
Rnaseh1,-0.17906006717072875,0.42342932716402476,-0.10575887534766482,0.6606938866920491,-0.2646717292670622,0.3772786430063196,Rnaseh1,FALSE,FALSE,FALSE,FALSE,0.18316355726181857,FALSE,FALSE,0.04872644094593025
Rufy2,0.23889764043884743,0.09921112295969037,0.16532202547922026,0.2747661417701888,0.14518081172332575,0.4629560317818401,Rufy2,FALSE,FALSE,FALSE,FALSE,0.18313349254713115,FALSE,FALSE,0.04871831182293806
Galnt2,-0.36550285824529616,0.46396739521894015,-0.10664928222609427,0.844287945280453,-0.07722357746856257,0.9245961247180302,Galnt2,FALSE,FALSE,FALSE,FALSE,0.18312523931331767,FALSE,FALSE,0.04871608025169414
Izumo4,-0.06674312893930567,0.7636181367590618,-0.33493969969925086,0.14808130180285659,-0.1476750842503698,0.6105192888508725,Izumo4,FALSE,FALSE,FALSE,FALSE,0.18311930429630877,FALSE,FALSE,0.04871447549729258
Cd2bp2,-0.26717820679395654,0.15563422825353826,-0.189140580862718,0.34644923866207156,-0.09295856452494622,0.7467595677944584,Cd2bp2,FALSE,FALSE,FALSE,FALSE,0.18309245072720692,FALSE,FALSE,0.04870721462792204
Itgb3,-0.21372626109159443,0.5717568362348998,-0.22758706372928406,0.5554821041720486,-0.10789640440012871,0.8510288636744481,Itgb3,FALSE,FALSE,FALSE,FALSE,0.18306990974033574,FALSE,FALSE,0.04870111982687216
Polrmt,-0.32846597992645554,0.09227267271813612,-0.11141449453110397,0.5801083971537572,-0.10918765630382321,0.6862924164326539,Polrmt,FALSE,FALSE,FALSE,FALSE,0.18302271025379424,FALSE,FALSE,0.04868835767578398
Oxr1,0.3045418274192482,0.054219254866829415,0.16320286418661745,0.30542756350861794,0.08127261226015214,0.7186976382609075,Oxr1,FALSE,FALSE,FALSE,FALSE,0.18300576795533927,FALSE,FALSE,0.04868377669008886
Dpp3,-0.1693892303697524,0.3166686932065417,-0.279165864316707,0.14768108866812987,-0.10040574821474912,0.6878318863330061,Dpp3,FALSE,FALSE,FALSE,FALSE,0.18298694763373616,FALSE,FALSE,0.048678687910412924
Ccrl2,-0.18220822981729845,0.7719775295073111,0.22718105340614725,0.7025799606691336,0.13953015795537727,0.8761546103293756,Ccrl2,FALSE,FALSE,FALSE,FALSE,0.18297314705960765,FALSE,FALSE,0.04867495640769887
Ppie,-0.17832938460871794,0.2824557523757489,-0.15168709280366954,0.38356853586695455,-0.21890222547695526,0.33208358919457537,Ppie,FALSE,FALSE,FALSE,FALSE,0.18297290096311425,FALSE,FALSE,0.04867488986628367
Rap2b,0.24521681342799573,0.21467886823181434,0.19383994873947552,0.3553256693653276,0.10972983399387237,0.7112300114706978,Rap2b,FALSE,FALSE,FALSE,FALSE,0.18292886538711453,FALSE,FALSE,0.048662983197051805
Mtmr12,0.11673604355660583,0.42894776966744175,0.25504078962313237,0.1263820763592626,0.17698360813201486,0.3739291174064062,Mtmr12,FALSE,FALSE,FALSE,FALSE,0.18292014710391769,FALSE,FALSE,0.04866062588226852
Card10,-0.33273350210068187,0.32127280195343105,-0.21572730894433412,0.5376013688221861,9.726387468567133e-5,0.9998165589811707,Card10,FALSE,FALSE,FALSE,FALSE,0.18285269163990056,FALSE,FALSE,0.048642386768104576
Klf12,0.2266913031683826,0.11635676810504574,0.07430939946812565,0.6434751210202461,0.24751170843781534,0.2077190284490418,Klf12,FALSE,FALSE,FALSE,FALSE,0.18283747035810785,FALSE,FALSE,0.04863827112379934
Kcnh6,-0.1480547956944296,0.7276268440671032,-0.2404663767071209,0.5683818667144263,-0.15998779181032186,0.7874544146890116,Kcnh6,FALSE,FALSE,FALSE,FALSE,0.18283632140395745,FALSE,FALSE,0.04863796046096092
Stmn1,-0.2443500972317736,0.19018769343559008,-0.16348239425408817,0.415921539823455,-0.14064505908405334,0.6040907740219245,Stmn1,FALSE,FALSE,FALSE,FALSE,0.1828258501899717,FALSE,FALSE,0.04863512917560689
Uso1,0.3759016963156796,0.07530908895905877,0.1276065077112376,0.5710915035075769,0.044958722389552896,0.9000094342140169,Uso1,FALSE,FALSE,FALSE,FALSE,0.18282230880549002,FALSE,FALSE,0.04863417162951628
Usp54,-0.2182039593020253,0.2763649558688104,0.14732671730059899,0.48667565941810964,0.1827533372947272,0.5075743340637165,Usp54,FALSE,FALSE,FALSE,FALSE,0.18276133796578384,FALSE,FALSE,0.048617685876697354
Shisal1,-0.43896992189689943,0.10646807305599486,-0.03620409050678575,0.9099703942147284,-0.07308730215112735,0.8693309728817805,Shisal1,FALSE,FALSE,FALSE,FALSE,0.18275377151827085,FALSE,FALSE,0.04861564000388311
Gimap6,-0.2164839596531989,0.5063553691481221,-0.19038622635920266,0.5752476358135962,-0.14124052783011853,0.764859614320739,Gimap6,FALSE,FALSE,FALSE,FALSE,0.18270357128084003,FALSE,FALSE,0.048602066487268863
Phldb1,-0.3429839922470981,0.10522688887139083,-0.15532404301540836,0.4771519132026432,-0.049707364766446105,0.884551105410546,Phldb1,FALSE,FALSE,FALSE,FALSE,0.18267180000965086,FALSE,FALSE,0.048593475932733415
D17H6S53E,-0.26879257407881285,0.20795262416151084,-0.2007287793539856,0.36729443364414877,-0.07846746089484924,0.8109179421859107,D17H6S53E,FALSE,FALSE,FALSE,FALSE,0.18266293810921588,FALSE,FALSE,0.0485910797856444
Syngr3,-0.2614052005926376,0.7181957457554603,-0.11968994000501243,0.8764196653597753,0.1668674086986104,0.8713754329964963,Syngr3,FALSE,FALSE,FALSE,FALSE,0.18265418309875348,FALSE,FALSE,0.04858871254026766
Zswim5,-0.27826311368475265,0.2801523842995914,-0.19126991357091283,0.4769109835446398,-0.07819331855986089,0.8468098957910687,Zswim5,FALSE,FALSE,FALSE,FALSE,0.18257544860517547,FALSE,FALSE,0.04856742371751721
C030015A19Rik,0.28545601240614804,0.2848900786378969,0.11355121117989375,0.7114440568310295,0.148714726347019,0.7099305494489714,C030015A19Rik,FALSE,FALSE,FALSE,FALSE,0.18257398331102026,FALSE,FALSE,0.04856702752029628
Iba57,-0.20182862537200608,0.4289312678224078,-0.2799531015290775,0.2924578036298034,-0.06592300403792262,0.8713754329964963,Iba57,FALSE,FALSE,FALSE,FALSE,0.1825682436463354,FALSE,FALSE,0.04856547558672091
Arhgap18,-0.024884901459650166,0.9079752144443256,-0.22294539807114333,0.2591057418763741,-0.2998581443576578,0.23732599087608175,Arhgap18,FALSE,FALSE,FALSE,FALSE,0.18256281462948376,FALSE,FALSE,0.04856400764843603
Appbp2,0.21808250752750702,0.17214801837497024,0.20081218169679005,0.24735808656971037,0.12875094565902945,0.5804595639073211,Appbp2,FALSE,FALSE,FALSE,FALSE,0.18254854496110884,FALSE,FALSE,0.04856014930850221
Rbm20,-0.21085381397292746,0.3573465983342387,-0.09755250880537503,0.7077075049576602,-0.239232321337024,0.45565692452552997,Rbm20,FALSE,FALSE,FALSE,FALSE,0.18254621470510882,FALSE,FALSE,0.048559519236411906
Lhfpl2,0.11210691653442106,0.5720894399372896,-0.3415094788995843,0.13329311116485434,-0.0939596921035597,0.7478714189348472,Lhfpl2,FALSE,FALSE,FALSE,FALSE,0.1825253625125217,FALSE,FALSE,0.04855388106422368
Slc40a1,0.28729964005226005,0.3755354928269075,-0.135642605302841,0.7237559986096994,0.12459327413988097,0.80660148337424,Slc40a1,FALSE,FALSE,FALSE,FALSE,0.18251183983166067,FALSE,FALSE,0.04855022470037502
Srrm1,0.1876004629272714,0.18808801995754407,0.16661479236860277,0.27807676006772053,0.19323331717988523,0.32856826596063826,Srrm1,FALSE,FALSE,FALSE,FALSE,0.1824828574919198,FALSE,FALSE,0.04854238823803688
Sspn,0.08076726980950921,0.5918664928114298,0.16829221058043542,0.2653707099290289,0.2983578220148062,0.12751977623026692,Sspn,FALSE,FALSE,FALSE,FALSE,0.18247243413491696,FALSE,FALSE,0.04853956989261273
Fam133b,0.15336849939380848,0.47871532427394137,0.34850301847488474,0.14076780587307383,0.045431894476125834,0.9023882759351294,Fam133b,FALSE,FALSE,FALSE,FALSE,0.18243447078160635,FALSE,FALSE,0.04852930507648305
Zfp35,0.2464737320928192,0.23048237874658684,0.29748631135391257,0.18714316511102974,0.0032526989870085288,0.9924498576834545,Zfp35,FALSE,FALSE,FALSE,FALSE,0.18240424747791342,FALSE,FALSE,0.0485211330730064
Sdhaf1,-0.12048100131581574,0.6522178962308395,-0.18980024577787313,0.47987400779883255,-0.23691506705089438,0.5001694182960992,Sdhaf1,FALSE,FALSE,FALSE,FALSE,0.18239877138152774,FALSE,FALSE,0.04851965240500409
1700007L15Rik,-0.028322083405275533,0.9549750920676298,-0.28652424069700666,0.538918878762986,-0.23228176389775357,0.713667864202501,1700007L15Rik,FALSE,FALSE,FALSE,FALSE,0.18237602933334526,FALSE,FALSE,0.04851350323948924
Macrod2,0.12434107685109952,0.6390166155588232,0.25588752971389095,0.32672412494339437,0.1668452103058926,0.6428558246388795,Macrod2,FALSE,FALSE,FALSE,FALSE,0.18235793895696104,FALSE,FALSE,0.04850861182787495
Ripply3,0.2511810489187753,0.5348718237737752,-0.10032102287119726,0.8345360084605521,0.19552887018142712,0.7380547417288067,Ripply3,FALSE,FALSE,FALSE,FALSE,0.1823436473237999,FALSE,FALSE,0.048504747548937535
Vegfb,-0.2561593273527718,0.24225105084274823,-0.2086491942914268,0.3564651748940846,0.08221518291743912,0.7973084863460969,Vegfb,FALSE,FALSE,FALSE,FALSE,0.18234123485387924,FALSE,FALSE,0.0485040952472309
Col14a1,0.35390337477517253,0.37393256859109364,0.07855523754919869,0.8718012910451449,0.11446079562317557,0.8656456863327289,Col14a1,FALSE,FALSE,FALSE,FALSE,0.18230646931584893,FALSE,FALSE,0.04849469508037496
Dusp3,-0.20410211965528546,0.20752939880346963,-0.1823998430095335,0.2935888459858074,-0.1603966518430493,0.482547593660892,Dusp3,FALSE,FALSE,FALSE,FALSE,0.18229953816928943,FALSE,FALSE,0.048492820984996216
Pno1,0.2359789429112249,0.42123943681485626,0.3067007288845973,0.3184244746203982,-0.004108539872880179,0.993522856495639,Pno1,FALSE,FALSE,FALSE,FALSE,0.1822627372229008,FALSE,FALSE,0.048482870469166196
Atp6v0a2,-0.18647611134922748,0.22820160524649502,-0.08375560453989994,0.629685731838169,-0.27655614429707587,0.19999072086906083,Atp6v0a2,FALSE,FALSE,FALSE,FALSE,0.18226262006206775,FALSE,FALSE,0.04848283879034165
6330549D23Rik,0.16072112078825374,0.6795644734483239,-0.16665834803966773,0.6966057929916216,0.21938912426968749,0.6715182611215825,6330549D23Rik,FALSE,FALSE,FALSE,FALSE,0.18225619769920298,FALSE,FALSE,0.048481102263713306
Myo1f,-0.05054907175543755,0.91536285965573,-0.36275086567097103,0.4089053408325155,0.1334638501184433,0.8264314621238815,Myo1f,FALSE,FALSE,FALSE,FALSE,0.18225459584828396,FALSE,FALSE,0.048480669143250624
Rnmt,0.3319050320237604,0.0866431771998863,0.21247115099215108,0.2933233584254192,0.002344234096185005,0.9942437822308332,Rnmt,FALSE,FALSE,FALSE,FALSE,0.1822401390373655,FALSE,FALSE,0.04847676020231262
Nmt1,-0.21989503334907656,0.14766686013438576,-0.16512764145254,0.30934828867029823,-0.16166040301510076,0.4471474922198249,Nmt1,FALSE,FALSE,FALSE,FALSE,0.18222769260557245,FALSE,FALSE,0.04847339484275703
E130307A14Rik,0.2375493205486956,0.1742015691182371,0.04917260750951247,0.8138764687675164,0.2598392345274423,0.2649621374136752,E130307A14Rik,FALSE,FALSE,FALSE,FALSE,0.18218705419521677,FALSE,FALSE,0.04846240672464505
Mturn,-0.24209825813935915,0.10983141095668125,-0.20522573688759227,0.20347091595920547,-0.09921835978148152,0.6475864570949441,Mturn,FALSE,FALSE,FALSE,FALSE,0.1821807849361443,FALSE,FALSE,0.04846071159536809
Cp,0.0028912238587794903,0.9938368010036847,0.30923710533059356,0.3792028076457108,0.23436650306145168,0.6267890777147247,Cp,FALSE,FALSE,FALSE,FALSE,0.18216494408360825,FALSE,FALSE,0.048456428426879534
Tceal7,-0.15077472752888427,0.8029523270052681,0.3911633915286117,0.4626234932340416,-0.00448165976401952,0.9957254050020347,Tceal7,FALSE,FALSE,FALSE,FALSE,0.1821399262738385,FALSE,FALSE,0.048449663923882315
Shroom4,0.3178305218701616,0.24950722466596453,0.11455937695264229,0.7182738584514538,0.11402883230449623,0.7934233043066964,Shroom4,FALSE,FALSE,FALSE,FALSE,0.18213957704243336,FALSE,FALSE,0.048449569496076345
Atf6b,-0.18834015667339532,0.21628846749836436,-0.18941866145949504,0.24712681383081267,-0.16861750202136072,0.4245546263275381,Atf6b,FALSE,FALSE,FALSE,FALSE,0.18212544005141704,FALSE,FALSE,0.0484457470304416
Psmd9,-0.2502627507261517,0.1289595532789362,-0.2249323150576905,0.19601441110663348,-0.0710800086674066,0.7691879629745485,Psmd9,FALSE,FALSE,FALSE,FALSE,0.1820916914837496,FALSE,FALSE,0.048436621839657946
Tas1r1,-0.050732160229441395,0.9182045783946179,-0.23194018615604178,0.618977581967057,-0.2635310040083624,0.6690636135212293,Tas1r1,FALSE,FALSE,FALSE,FALSE,0.1820677834646152,FALSE,FALSE,0.048430157410174285
Rgs10,-0.11989116247891518,0.7231674413265327,0.22985294005556645,0.4596626512161526,0.19644635827791568,0.6423207840863889,Rgs10,FALSE,FALSE,FALSE,FALSE,0.18206348693746577,FALSE,FALSE,0.04842899568294687
Jph1,0.22330902653308682,0.5084711825041668,0.20046293923068648,0.572664781965225,0.12241608375522439,0.8130299384760371,Jph1,FALSE,FALSE,FALSE,FALSE,0.18206268317299923,FALSE,FALSE,0.04842877835508352
Coil,0.08674710577404898,0.6158836603003052,0.17255933811987445,0.31207004954883505,0.28673845427380984,0.1869631545858462,Coil,FALSE,FALSE,FALSE,FALSE,0.18201496605591108,FALSE,FALSE,0.04841587624316677
Zfp69,-0.2823756672773,0.5861150992453555,-0.23384315947538217,0.666889179368311,0.029806308128448727,0.9719508957693257,Zfp69,FALSE,FALSE,FALSE,FALSE,0.1820083782937103,FALSE,FALSE,0.04841409499462574
Casp9,-0.23972801237119157,0.2678501503055677,-0.2160229630855719,0.33809673486333236,0.0902431747581498,0.7751107135393539,Casp9,FALSE,FALSE,FALSE,FALSE,0.18199805007163775,FALSE,FALSE,0.0484113023724974
Scyl3,0.1951994714285279,0.17540856694611864,0.24094216904140886,0.1383581407961631,0.10980454774954929,0.596242609438247,Scyl3,FALSE,FALSE,FALSE,FALSE,0.18198206273982867,FALSE,FALSE,0.04840697959784465
Kremen1,-0.33986942187055025,0.06280565293204744,-0.18955090068841773,0.29588738892291083,-0.016473144191879285,0.9592694451893655,Kremen1,FALSE,FALSE,FALSE,FALSE,0.18196448891694908,FALSE,FALSE,0.04840222785584023
Lman1,0.43885642352649423,0.042539804286912,0.06999246252043179,0.7621001360680744,0.0369854090867765,0.9162903148707165,Lman1,FALSE,FALSE,FALSE,FALSE,0.1819447650445675,FALSE,FALSE,0.04839689476732969
Atp2c1,0.25842591510684976,0.07755652999685084,0.20488392666408917,0.1888273062724651,0.0824430145256283,0.6972486408522308,Atp2c1,FALSE,FALSE,FALSE,FALSE,0.1819176187655224,FALSE,FALSE,0.04838955475284985
Psma3,-0.19277871940290758,0.09722986201506387,-0.1789687002511542,0.16027532629436814,-0.17388870258932432,0.2658945827342568,Psma3,FALSE,FALSE,FALSE,FALSE,0.18187870741446202,FALSE,FALSE,0.048379033609980186
Nufip1,-0.18110551448105205,0.36470723401317817,0.23311552669293167,0.24728591502651884,-0.13141487811052377,0.6428558246388795,Nufip1,FALSE,FALSE,FALSE,FALSE,0.1818786397615025,FALSE,FALSE,0.04837901531746571
Lmln,0.29229416241811723,0.14388282228462573,-0.013311739844486414,0.9584673127344453,0.24002470740477388,0.37725262627817446,Lmln,FALSE,FALSE,FALSE,FALSE,0.18187686988912585,FALSE,FALSE,0.04837853676610143
Ccdc183,-0.3817669063196662,0.4963690064590993,-0.09853378012525954,0.8729325978184398,-0.06531533807858711,0.9442357932697256,Ccdc183,FALSE,FALSE,FALSE,FALSE,0.18187200817450427,FALSE,FALSE,0.04837722221924733
Gm12090,0.17125982417981073,0.7458925805711831,-0.12538436562506836,0.8312393428559643,-0.24894062186699906,0.7435053747704754,Gm12090,FALSE,FALSE,FALSE,FALSE,0.18186160389062606,FALSE,FALSE,0.04837440903095764
Ankmy2,-0.18866943146978343,0.13755351493561474,-0.21438477967586422,0.13669133543891968,-0.14252889762362297,0.4124058764772356,Ankmy2,FALSE,FALSE,FALSE,FALSE,0.18186103625642355,FALSE,FALSE,0.04837425554976566
Itpr2,-0.31523290456299335,0.061267445512056144,-0.0362107287618727,0.8444514691109748,-0.1940618290035161,0.36841846650072996,Itpr2,FALSE,FALSE,FALSE,FALSE,0.18183515410946072,FALSE,FALSE,0.048367257340797096
Pde3a,0.16303606412287097,0.5584221392384937,0.28540974181865897,0.3021954266897771,0.09702751419114941,0.8171979380423273,Pde3a,FALSE,FALSE,FALSE,FALSE,0.18182444004422646,FALSE,FALSE,0.048364360391501514
Havcr2,-0.21330901439152938,0.6702367044228709,0.3162455569645484,0.49332494709580926,0.01587004348361143,0.9836445235805953,Havcr2,FALSE,FALSE,FALSE,FALSE,0.18180820494656308,FALSE,FALSE,0.04835997062405925
Adgre1,0.15258574775334965,0.5467302661313045,-0.03545465702248496,0.9044765850972526,-0.3573431711228041,0.30994114027169833,Adgre1,FALSE,FALSE,FALSE,FALSE,0.18179452529954623,FALSE,FALSE,0.0483562718185244
Ech1,-0.20319004975881771,0.2123431983071272,-0.1922575712785859,0.27044834847925936,-0.14991971385771663,0.5138033803784342,Ech1,FALSE,FALSE,FALSE,FALSE,0.18178911163170675,FALSE,FALSE,0.04835480803042051
H2-Q4,-0.10387794479701107,0.7139658500464631,-0.31325611299313794,0.26804073595379985,0.12820600766655232,0.7376116363550428,H2-Q4,FALSE,FALSE,FALSE,FALSE,0.18178002181890043,FALSE,FALSE,0.048352350258675576
Tspo,-0.1720758000239968,0.3788105182546118,-0.1726791395427476,0.402031411326727,-0.200250243126467,0.4575149322687417,Tspo,FALSE,FALSE,FALSE,FALSE,0.18166839423107048,FALSE,FALSE,0.04832216755445817
Anxa11,-0.36398546261268727,0.21957454002312826,-0.15590733960346892,0.6174287719406027,0.025058086387891088,0.9625254956400278,Anxa11,FALSE,FALSE,FALSE,FALSE,0.1816502962013491,FALSE,FALSE,0.0483172740734772
E430018J23Rik,-0.26875747455920074,0.2123431983071272,-0.15538679356116303,0.4887780676422724,-0.12071160725151309,0.6936544590961399,E430018J23Rik,FALSE,FALSE,FALSE,FALSE,0.18161862512395896,FALSE,FALSE,0.04830871061009242
Adam28,-0.28255258509616654,0.6094250048083613,0.06235966339682064,0.9163143936162838,0.1998371441867186,0.7874544146890116,Adam28,FALSE,FALSE,FALSE,FALSE,0.18158313089323527,FALSE,FALSE,0.04829911341384207
Ankrd45,0.2035545739670459,0.3315022364267417,0.042482289808772666,0.8657197818162797,0.29870419250549096,0.281942899765409,Ankrd45,FALSE,FALSE,FALSE,FALSE,0.18158035209376985,FALSE,FALSE,0.04829836206120627
Trpm6,-0.06711270803708624,0.9467726627207749,-0.07923930353535591,0.9383725037711669,-0.3983256953061607,0.764859614320739,Trpm6,FALSE,FALSE,FALSE,FALSE,0.18155923562620094,FALSE,FALSE,0.04829265243236684
Wnt5a,-0.05326936073238775,0.9058086549220246,-0.23009885135297248,0.5838201954612349,0.2613004999839825,0.6112742687111031,Wnt5a,FALSE,FALSE,FALSE,FALSE,0.18155623735644758,FALSE,FALSE,0.04829184173770893
Hibadh,0.13170677406072517,0.31131376842626834,0.24599059387943623,0.11458350834329417,0.16689139639771788,0.35855254372861506,Hibadh,FALSE,FALSE,FALSE,FALSE,0.18152958811262643,FALSE,FALSE,0.048284636115339875
Brpf1,-0.2630531884310452,0.0896905953924341,-0.2191025628059382,0.18249011305865206,-0.06242542101853843,0.786939508443944,Brpf1,FALSE,FALSE,FALSE,FALSE,0.18152705741850728,FALSE,FALSE,0.048283951847287974
Hspa12b,0.16262386961421504,0.6474877970966701,0.0596960392394319,0.8827404754301582,0.3222307065759702,0.473797922122546,Hspa12b,FALSE,FALSE,FALSE,FALSE,0.1815168718098724,FALSE,FALSE,0.048281197786050264
Mccc1,0.11628181238092772,0.3840882368833815,0.21158573329353292,0.15263511507041386,0.2165915207881719,0.23012577650616975,Mccc1,FALSE,FALSE,FALSE,FALSE,0.1814863554875442,FALSE,FALSE,0.048272946553997866
Tob2,-0.22885524644737743,0.15596422617840666,-0.15923600072665423,0.3529565296080557,-0.15630357386619753,0.4895290636965754,Tob2,FALSE,FALSE,FALSE,FALSE,0.18146494034674307,FALSE,FALSE,0.04826715616765037
Gm2830,0.08027589655623135,0.7498090688556933,0.26888976609779913,0.2667233916857949,-0.19505428345624054,0.5582252029899603,Gm2830,FALSE,FALSE,FALSE,FALSE,0.18140664870342368,FALSE,FALSE,0.04825139483603998
A930024N18Rik,-0.3666447658093899,0.5336101343275974,-0.07218372989600286,0.9121719621755388,-0.10534716994872856,0.9100554618787647,A930024N18Rik,FALSE,FALSE,FALSE,FALSE,0.18139188855137378,FALSE,FALSE,0.048247403875452316
Gpd1l,-0.1579159891512374,0.24712042255667999,-0.2274293700852077,0.14319812976133764,-0.15879772076032683,0.4033885028223221,Gpd1l,FALSE,FALSE,FALSE,FALSE,0.18138102666559064,FALSE,FALSE,0.04824446695732832
Slc39a14,0.031634118136292244,0.8936571916464815,0.295462971795728,0.18598641846202824,0.21664336675859808,0.446322972450948,Slc39a14,FALSE,FALSE,FALSE,FALSE,0.18124681889687277,FALSE,FALSE,0.04820817885448891
Usp3,0.25212829599874365,0.10218108972187473,0.22518375712003635,0.1794990384024313,0.06630201162091254,0.7808157456339877,Usp3,FALSE,FALSE,FALSE,FALSE,0.1812046882465642,FALSE,FALSE,0.048196787253349166
Gltp,-0.26009726551702306,0.27581161805675236,-0.2717748179241499,0.2799706406235019,-0.011719139654999822,0.9777503992234355,Gltp,FALSE,FALSE,FALSE,FALSE,0.18119707436539093,FALSE,FALSE,0.04819472855506618
Adam11,0.008716538728497092,0.9858667614204204,-0.4526420787494987,0.34855214802446216,0.08211230677989101,0.9096517207354082,Adam11,FALSE,FALSE,FALSE,FALSE,0.18115697475262893,FALSE,FALSE,0.04818388612108766
Cdk20,-0.16685253602553818,0.6107541257347405,-0.28990790668621447,0.3795891511592078,0.08658285628826512,0.8594400507660206,Cdk20,FALSE,FALSE,FALSE,FALSE,0.18111443300000593,FALSE,FALSE,0.04817238336302156
Pnma1,0.07722606339973154,0.873247744911699,0.21050481343258232,0.643862690278799,0.2555085895877408,0.665178814887794,Pnma1,FALSE,FALSE,FALSE,FALSE,0.18107982214001822,FALSE,FALSE,0.04816302501917461
Tmod4,5.589904912166599e-4,0.9991861096622352,0.5102320107786876,0.3391756847063306,0.03223573730992013,0.9737125519878691,Tmod4,FALSE,FALSE,FALSE,FALSE,0.18100891285994147,FALSE,FALSE,0.04814385203632663
Pifo,0.14958346573246767,0.7734854769992668,0.14218457269394152,0.7942387677079837,0.25122561623964496,0.7113735149595614,Pifo,FALSE,FALSE,FALSE,FALSE,0.1809978848886847,FALSE,FALSE,0.04814087021076691
Eln,0.021680935424040815,0.9696982212478399,-0.43799331327299473,0.40377108283506313,-0.08323145477214244,0.9196388922326018,Eln,FALSE,FALSE,FALSE,FALSE,0.18096856782305934,FALSE,FALSE,0.04813294324273423
Smoc2,0.16593844518246703,0.7786660635537412,0.11384273264981193,0.8565157334484094,0.2628707657665914,0.7374381516618391,Smoc2,FALSE,FALSE,FALSE,FALSE,0.18088398119962346,FALSE,FALSE,0.04811007207723164
Gngt2,-0.3134768455576542,0.5703103870710311,0.13762287559763375,0.811959235721534,-0.09138058752883557,0.9183063783578739,Gngt2,FALSE,FALSE,FALSE,FALSE,0.1808267695613745,FALSE,FALSE,0.048094602765490435
Zbtb11,0.2197063065850351,0.3114495504019246,0.2474644675056421,0.291521853931887,0.0752590296914688,0.8336166251036522,Zbtb11,FALSE,FALSE,FALSE,FALSE,0.18080993459404868,FALSE,FALSE,0.04809005080079082
Rassf3,-0.1517587242180518,0.5030498727977696,-0.30923989901711124,0.20014518823107352,-0.08129165575080055,0.8160706567923424,Rassf3,FALSE,FALSE,FALSE,FALSE,0.18076342632865453,FALSE,FALSE,0.048077475547259454
C330007P06Rik,0.25944311677559817,0.13103290518440663,0.22892346318198342,0.21579049571302875,0.05391385755770095,0.8501039286595538,C330007P06Rik,FALSE,FALSE,FALSE,FALSE,0.1807601458384275,FALSE,FALSE,0.048076588543713696
Ly9,0.14883197696440353,0.8449166737340383,-0.1784895968144019,0.8266420372388056,-0.214727800694686,0.8492144809060136,Ly9,FALSE,FALSE,FALSE,FALSE,0.18068312482449714,FALSE,FALSE,0.048055763024438605
Ube2e2,0.2727298202476307,0.13123083099639735,0.1395302913565466,0.47118415911698897,0.12976853732745575,0.6186580307601519,Ube2e2,FALSE,FALSE,FALSE,FALSE,0.18067621631054434,FALSE,FALSE,0.04805389504863376
Ubxn11,-0.36593765999021066,0.15606567415069428,-0.12481484595644776,0.6439470269042565,-0.051163244545421094,0.9019566585313663,Ubxn11,FALSE,FALSE,FALSE,FALSE,0.18063858349735984,FALSE,FALSE,0.04804371960642187
Slc16a11,-0.3442048627239842,0.22600372124890683,0.010979602723293347,0.9736906363038094,-0.1865911899212751,0.6369815032783174,Slc16a11,FALSE,FALSE,FALSE,FALSE,0.18059188512285088,FALSE,FALSE,0.048031092949762544
Plbd2,-0.34684249305439163,0.11975973865377135,-0.18113919676202306,0.4245840992906548,0.013780465330935243,0.9709984408155377,Plbd2,FALSE,FALSE,FALSE,FALSE,0.18058738504911664,FALSE,FALSE,0.048029876186083266
Sema3c,0.186763969766496,0.5149575652966093,-0.06774020779197754,0.8397838035309745,0.28718905569778297,0.44456374448688046,Sema3c,FALSE,FALSE,FALSE,FALSE,0.18056441108541885,FALSE,FALSE,0.04802366431351241
Itpr3,-0.3757695738655027,0.09839478748784357,-0.1385916742549247,0.5563457863933586,0.027285096433113942,0.944418393901586,Itpr3,FALSE,FALSE,FALSE,FALSE,0.18054878151784712,FALSE,FALSE,0.04801943827383679
Zfp949,0.22712554142807484,0.16760333861824991,0.24757151722359172,0.1751640242634439,0.06692282742496847,0.7979277417182925,Zfp949,FALSE,FALSE,FALSE,FALSE,0.180539962025545,FALSE,FALSE,0.04801705359337673
Abl1,-0.26047483770472635,0.11968888978797987,-0.17298335464568648,0.32606536840398864,-0.10812702508037386,0.6557869055880559,Abl1,FALSE,FALSE,FALSE,FALSE,0.18052840581026222,FALSE,FALSE,0.04801392893723631
Flt4,-0.2837628148070088,0.40875558524638167,-0.17216743229579778,0.6397343821313219,0.0856419651493967,0.8722920238991596,Flt4,FALSE,FALSE,FALSE,FALSE,0.18052407075073443,FALSE,FALSE,0.048012756791335494
Itpa,0.2549384652264015,0.3363505594343209,0.21326674752968167,0.45654691181234636,-0.07333876870065748,0.8718356229782429,Itpa,FALSE,FALSE,FALSE,FALSE,0.1805146604855802,FALSE,FALSE,0.04801021237328187
Gm12500,-0.09714052044723531,0.8458732624653789,-0.20716637760844325,0.6761607875971715,-0.23722902515729033,0.7203005987863511,Gm12500,FALSE,FALSE,FALSE,FALSE,0.18051197440432296,FALSE,FALSE,0.048009486090490425
Jdp2,-0.17442738613752984,0.5365422133482529,-0.11498585072858125,0.7026709302285988,-0.2519927734271268,0.5056637664193488,Jdp2,FALSE,FALSE,FALSE,FALSE,0.18046867009774595,FALSE,FALSE,0.047997777147368366
Hrasls,-0.1327649815898977,0.7696967758348747,-0.40669136638456593,0.36051765594373625,-0.0018155634562209144,0.9975661282236203,Hrasls,FALSE,FALSE,FALSE,FALSE,0.18042397047689485,FALSE,FALSE,0.047985690928710356
Ghr,-0.05846277068126904,0.8154916692156083,0.23192814672553386,0.312895374124169,0.2508479748332988,0.40052345295671493,Ghr,FALSE,FALSE,FALSE,FALSE,0.1804129640800339,FALSE,FALSE,0.04798271493659756
Hist1h2bg,-0.15630436819249205,0.49503170545566455,-0.2209151229109123,0.35024675675801703,-0.16387309551384366,0.6080537715844674,Hist1h2bg,FALSE,FALSE,FALSE,FALSE,0.18036419553908267,FALSE,FALSE,0.04796952853281279
Actr10,0.34210105074819364,0.07484486357098263,0.19150507848687504,0.33427373054121307,-0.0074548212163580985,0.9820279074263849,Actr10,FALSE,FALSE,FALSE,FALSE,0.18035365015047558,FALSE,FALSE,0.047966677191568455
4930458D05Rik,0.11441125999190793,0.7807176111123362,0.20876197453726214,0.5989830891521232,0.21785137163430007,0.6798613120520077,4930458D05Rik,FALSE,FALSE,FALSE,FALSE,0.18034153538782338,FALSE,FALSE,0.047963401511202125
Brat1,-0.12438944034555188,0.5743473854734306,-0.3201122204362328,0.17638364357828434,-0.09649321441625602,0.7658239997536922,Brat1,FALSE,FALSE,FALSE,FALSE,0.18033162506601355,FALSE,FALSE,0.04796072188408037
Ankrd17,0.20380082409536016,0.19901009345019632,0.20869252548087225,0.22905550791950946,0.12849598495219183,0.5803995050633894,Ankrd17,FALSE,FALSE,FALSE,FALSE,0.1803297781761414,FALSE,FALSE,0.04796022250814815
Fbxo21,-0.2602424875079601,0.1178770776108047,-0.17861718268391247,0.30958607429411517,-0.10207306573220087,0.6734996583807101,Fbxo21,FALSE,FALSE,FALSE,FALSE,0.18031091197469115,FALSE,FALSE,0.047955121323135126
Pum3,-0.19512893170080492,0.25063976834364027,-0.06469160626757642,0.7366504237853894,-0.28101757332021116,0.22883549576023568,Pum3,FALSE,FALSE,FALSE,FALSE,0.18027937042953082,FALSE,FALSE,0.04794659288364592
Fcer1g,-0.27515376245751855,0.46396739521894015,-0.09798355178783269,0.8131623769029069,0.16768576493376197,0.7407341788304225,Fcer1g,FALSE,FALSE,FALSE,FALSE,0.18027435972637107,FALSE,FALSE,0.0479452380521537
Ttyh3,0.05542653779073259,0.7525741982172984,0.17849349511655532,0.2908778103398009,0.3068433004759976,0.1564952205742026,Ttyh3,FALSE,FALSE,FALSE,FALSE,0.18025444446109518,FALSE,FALSE,0.04793985321339727
Pex11b,-0.280449113899103,0.0915837099452809,-0.07644997307050083,0.6603034420922036,-0.183863725335637,0.39648884399324824,Pex11b,FALSE,FALSE,FALSE,FALSE,0.1802542707684136,FALSE,FALSE,0.04793980624906763
Lgals3bp,-0.30677803568659634,0.19059665051557528,-0.22579836225896344,0.3653047330098055,-0.008168595779564747,0.9840998893137668,Lgals3bp,FALSE,FALSE,FALSE,FALSE,0.18024833124170817,FALSE,FALSE,0.047938200275300505
Vps53,-0.23111652927779325,0.18783355659928,-0.25772230141243746,0.1809728750750657,-0.051880683552818496,0.8563132512776508,Vps53,FALSE,FALSE,FALSE,FALSE,0.1802398380810164,FALSE,FALSE,0.047935903830828186
Rpa3,0.2908571348429776,0.2989857951404838,0.24332043220450306,0.41278591726219876,-0.006534540055705751,0.9897422061655735,Rpa3,FALSE,FALSE,FALSE,FALSE,0.18023736903439547,FALSE,FALSE,0.047935236231489105
Proser2,0.21557744585623873,0.3691633327701676,0.24753110051631033,0.3209830096007951,-0.07755530170270397,0.8465733945695251,Proser2,FALSE,FALSE,FALSE,FALSE,0.180221282691751,FALSE,FALSE,0.047930886685544266
Pgm5,-0.2183968881997509,0.37854166177950926,-0.06034987372376621,0.8312928241363993,-0.26179228803223964,0.4411571550032388,Pgm5,FALSE,FALSE,FALSE,FALSE,0.18017968331858558,FALSE,FALSE,0.04791963873510218
Nat6,-0.18901962990741472,0.6026385411193864,-0.19184601045124827,0.6083224833219969,0.15957717230022705,0.7442724803559847,Nat6,FALSE,FALSE,FALSE,FALSE,0.18014760421963003,FALSE,FALSE,0.047910964947787064
Nf2,-0.3078692404857746,0.053430474800441226,-0.2164672026186496,0.18655845112302147,-0.016036155880470027,0.9536964191332059,Nf2,FALSE,FALSE,FALSE,FALSE,0.1801241996616314,FALSE,FALSE,0.047904636647900414
Prodh,-0.2701330732700278,0.5281627505623109,0.16456574724048867,0.7048651419804823,0.10565715624022509,0.8692966030428528,Prodh,FALSE,FALSE,FALSE,FALSE,0.18011865891691384,FALSE,FALSE,0.047903138499797375
Myo7a,-0.22830245609275046,0.34112945419555246,-0.2360457789522714,0.35123318540944837,-0.07600491597849501,0.8440706160343492,Myo7a,FALSE,FALSE,FALSE,FALSE,0.18011771700783896,FALSE,FALSE,0.04790288381935897
Tcta,-0.1516331205375252,0.43709984817761116,-0.34289945978403136,0.128740417194296,-0.04579965592227797,0.8892330098025573,Tcta,FALSE,FALSE,FALSE,FALSE,0.1801107454146115,FALSE,FALSE,0.04790099878770686
Neurl1b,-0.021262166258936954,0.9490297342427592,-0.3956460170277265,0.20314331220871656,0.12340693483063614,0.7646250165807947,Neurl1b,FALSE,FALSE,FALSE,FALSE,0.1801050393724332,FALSE,FALSE,0.047899455945236924
Chl1,0.27179135699819845,0.16613156274657512,0.09732912906489144,0.6620888900316391,0.17113395899449912,0.5432299667654307,Chl1,FALSE,FALSE,FALSE,FALSE,0.18008481501919635,FALSE,FALSE,0.047893987532959974
Cntnap5b,0.1099282438644491,0.7440767834310498,0.21974372137187714,0.4956338795362294,0.210543497503775,0.6268357898885054,Cntnap5b,FALSE,FALSE,FALSE,FALSE,0.18007182091336707,FALSE,FALSE,0.04789047408919182
Uros,-0.08564121543742775,0.5943829062688682,-0.20396352186777822,0.21906620900985435,-0.25061040754462294,0.23497747040593883,Uros,FALSE,FALSE,FALSE,FALSE,0.18007171494994298,FALSE,FALSE,0.04789044543800667
Ttc3,0.16751131597850488,0.2804958779249651,0.25423227164022677,0.15248988011128647,0.11841285751374642,0.6040907740219245,Ttc3,FALSE,FALSE,FALSE,FALSE,0.1800521483774927,FALSE,FALSE,0.047885154881431045
Harbi1,0.20775731675500309,0.28538864458138896,0.1063967424420933,0.623195891869116,0.22591029414236852,0.39705957723000673,Harbi1,FALSE,FALSE,FALSE,FALSE,0.18002145111315496,FALSE,FALSE,0.04787685472492134
Gm4332,-0.18981385917580135,0.7381981692306497,0.2091041964456729,0.7038079129264514,-0.14077359985692123,0.8690068459332536,Gm4332,FALSE,FALSE,FALSE,FALSE,0.1798972184927985,FALSE,FALSE,0.04784326377749279
Cops6,-0.13681685142257738,0.4985477485841626,-0.2987866400750301,0.17319433251745492,-0.10404786561879575,0.7228636498567831,Cops6,FALSE,FALSE,FALSE,FALSE,0.17988378570546773,FALSE,FALSE,0.047839631719730893
Ttll5,-0.22126483525688778,0.1747591225439906,-0.16973737766678987,0.3180005601478314,-0.1486452165279224,0.5064706130319143,Ttll5,FALSE,FALSE,FALSE,FALSE,0.17988247648386668,FALSE,FALSE,0.047839277722577435
Atg2a,-0.19249182186869884,0.19787518380166258,-0.25823234194285316,0.13385386958283618,-0.08890801490585076,0.6860699920592607,Atg2a,FALSE,FALSE,FALSE,FALSE,0.17987739290580093,FALSE,FALSE,0.04783790318662169
Skiv2l,-0.1948456117834283,0.30629449409326015,-0.23482232250123403,0.25553102346136075,-0.10990923161150778,0.7011342508281666,Skiv2l,FALSE,FALSE,FALSE,FALSE,0.17985905529872337,FALSE,FALSE,0.047832944926918725
Peg13,-0.3263095883150404,0.07103831608818642,-0.1746780787587694,0.3485130129209103,-0.038577135511781435,0.8992847156757122,Peg13,FALSE,FALSE,FALSE,FALSE,0.17985493419519707,FALSE,FALSE,0.04783183063204591
Pold1,-0.1892494487031402,0.4865616920926739,-0.25313967215122934,0.3631532320693139,-0.09716467275596896,0.8100632978090848,Pold1,FALSE,FALSE,FALSE,FALSE,0.1798512645367795,FALSE,FALSE,0.04783083840228668
Peli3,-0.2864139994673316,0.4056353685412414,-0.09516360423538606,0.8031325888510116,0.15795442418800043,0.7392512811148891,Peli3,FALSE,FALSE,FALSE,FALSE,0.17984400929690603,FALSE,FALSE,0.047828876676127535
B230377A18Rik,0.08407832876797983,0.8441491883593044,0.4277483384428564,0.257663050567592,0.027695976848397308,0.9685911939333444,B230377A18Rik,FALSE,FALSE,FALSE,FALSE,0.17984088135307785,FALSE,FALSE,0.047828030919220936
Ptdss2,-0.3051016251230312,0.1579206050302703,-0.19321389394367472,0.38337401267529825,0.041160656349485514,0.9063959091740299,Ptdss2,FALSE,FALSE,FALSE,FALSE,0.17982539180539714,FALSE,FALSE,0.04782384273917336
Dgke,0.20485845448268236,0.19631719683403664,0.26955955644436713,0.1387412704071089,0.06500631369947207,0.7972027662037148,Dgke,FALSE,FALSE,FALSE,FALSE,0.17980810820884052,FALSE,FALSE,0.04781916947073836
Gm10036,-0.19944228278155823,0.6466935961916682,-0.07977568562458753,0.8657283681631889,-0.26020355425290165,0.6613015358593789,Gm10036,FALSE,FALSE,FALSE,FALSE,0.17980717421968248,FALSE,FALSE,0.047818916931746454
Eva1b,-0.10239657819317105,0.8415528566078031,-0.27946099784001344,0.5760601793708073,0.15750949328351593,0.8157242299831678,Eva1b,FALSE,FALSE,FALSE,FALSE,0.1797890231055668,FALSE,FALSE,0.047814009097408905
Phf7,0.2981718341070363,0.4548580273400015,-0.026176011855084447,0.9588630217586065,0.2150089232772343,0.7112300114706978,Phf7,FALSE,FALSE,FALSE,FALSE,0.17978558974645167,FALSE,FALSE,0.04781308076002691
Acot2,-0.21415325574701405,0.4827863465437518,-0.12412711789964259,0.7038079129264514,0.20101799085694738,0.6105192888508725,Acot2,FALSE,FALSE,FALSE,FALSE,0.17976612150120133,FALSE,FALSE,0.047807816789896894
Gm4651,-0.09648724996420799,0.8554627772228124,-0.18321477456635638,0.7306828562971961,-0.2595434504008167,0.7117992144066907,Gm4651,FALSE,FALSE,FALSE,FALSE,0.1797484916437937,FALSE,FALSE,0.04780304989685662
Ghitm,0.30214551925698174,0.05772527146312121,0.1651423600666826,0.30605830157555364,0.07189266495027713,0.7565188781718821,Ghitm,FALSE,FALSE,FALSE,FALSE,0.1797268480913138,FALSE,FALSE,0.04779719775084671
Tmed2,0.40081593441152474,0.03910459379528238,0.13287016264791696,0.4851464205329001,0.005432174950422031,0.9860201520376005,Tmed2,FALSE,FALSE,FALSE,FALSE,0.17970609066995458,FALSE,FALSE,0.047791585203613714
Gm16124,-0.028884899079462345,0.9571531061414144,0.2320195609262996,0.6274759686615858,-0.2782097537248538,0.6812517129524487,Gm16124,FALSE,FALSE,FALSE,FALSE,0.17970473791020525,FALSE,FALSE,0.04779121943428925
Ank3,-0.3555493541404138,0.05276249882401317,-0.14862271039449393,0.42222574038737243,-0.03488360974394311,0.90790299864966,Ank3,FALSE,FALSE,FALSE,FALSE,0.17968522475961693,FALSE,FALSE,0.04778594332231724
Erbb3,-0.29385401078957063,0.18762252040928554,-0.13195453701205473,0.5850457743423427,-0.11323867298833168,0.7331106657506195,Erbb3,FALSE,FALSE,FALSE,FALSE,0.1796824069299857,FALSE,FALSE,0.04778518141641254
Tspyl5,-0.06467507261097705,0.8419029092963743,0.18755135657267274,0.5499499797051918,-0.28668996276893655,0.4818397663255097,Tspyl5,FALSE,FALSE,FALSE,FALSE,0.17963879731752877,FALSE,FALSE,0.047773389922397394
Gm13340,0.23813221592837053,0.29920612975988997,0.15379855888704963,0.5393494646097449,-0.146877871900724,0.6723793412076077,Gm13340,FALSE,FALSE,FALSE,FALSE,0.1796028822387147,FALSE,FALSE,0.04776367893408471
Lmx1b,-0.032769119932232416,0.9634162272061048,-0.347571768362876,0.6112331567870141,0.15837864118942735,0.868449600826167,Lmx1b,FALSE,FALSE,FALSE,FALSE,0.17957317649484525,FALSE,FALSE,0.04775564687231396
Dohh,-0.0082261022108856,0.977443001888163,-0.2816357361583197,0.3050338895995425,-0.24873880933578896,0.48819248635367124,Dohh,FALSE,FALSE,FALSE,FALSE,0.1795335492349981,FALSE,FALSE,0.04774493215665841
Vps13c,0.2505779262908696,0.057537668210784515,0.19001543403446242,0.172185433861776,0.09797836713362695,0.5882683382091421,Vps13c,FALSE,FALSE,FALSE,FALSE,0.17952390915298633,FALSE,FALSE,0.0477423255989996
Tgfbr3,-0.01337600761300628,0.9385370335333622,0.23245044794597813,0.1541848750853232,0.2926635595714018,0.14687058582371634,Tgfbr3,FALSE,FALSE,FALSE,FALSE,0.17949667171012873,FALSE,FALSE,0.047734960934964564
Lrrc40,0.2705752578110623,0.057216446133271384,0.09254127386070987,0.5280238715957317,0.17534241820021546,0.3432649799986327,Lrrc40,FALSE,FALSE,FALSE,FALSE,0.17948631662399586,FALSE,FALSE,0.04773216104913016
Mtcl1,-0.3200668737903767,0.17842825511465177,0.15648638820890604,0.5509406252596274,-0.061883442948171385,0.8797388443604395,Mtcl1,FALSE,FALSE,FALSE,FALSE,0.17947890164915137,FALSE,FALSE,0.04773015613263181
Ackr3,-0.11679121969826145,0.8197171766041574,0.30178249826317627,0.5079905841329913,-0.11977403458333535,0.8722920238991596,Ackr3,FALSE,FALSE,FALSE,FALSE,0.1794492508482577,FALSE,FALSE,0.04772213892675484
Wdr27,-0.32317901996451837,0.5743473854734306,0.0812361628124465,0.8935400241415515,0.13382794018374944,0.8724691799258102,Wdr27,FALSE,FALSE,FALSE,FALSE,0.1794143743202381,FALSE,FALSE,0.04771270874959336
Cthrc1,-0.03156538727460623,0.9432224631433643,-0.2747983971076424,0.4926711009791207,0.2317863908396851,0.6430879831106097,Cthrc1,FALSE,FALSE,FALSE,FALSE,0.17938339174064458,FALSE,FALSE,0.04770433144740541
Agbl5,-0.28572869906682374,0.14737245998517934,-0.17138769080807048,0.3989512184705405,-0.08102686421002625,0.7832806856132243,Agbl5,FALSE,FALSE,FALSE,FALSE,0.1793810846949735,FALSE,FALSE,0.04770370765109788
Rad51d,-0.2472710183919795,0.38642113953511464,-0.20853058077932518,0.48844237584992284,-0.08222556883291343,0.8579877692313769,Rad51d,FALSE,FALSE,FALSE,FALSE,0.17934238933473937,FALSE,FALSE,0.04769324490944739
Ehd1,-0.16736943090394263,0.18888948087614013,-0.19117178462131346,0.1752430485221149,-0.1794360084244495,0.3050370489296286,Ehd1,FALSE,FALSE,FALSE,FALSE,0.17932574131656853,FALSE,FALSE,0.04768874349346211
Cep70,0.24279978707835959,0.2751639836620958,0.19528375101096174,0.4095303704180138,0.09989350858691992,0.772029374147827,Cep70,FALSE,FALSE,FALSE,FALSE,0.17932568222541376,FALSE,FALSE,0.04768872751595259
Gpr160,0.008590402845792156,0.9844254297086116,0.1821346198185564,0.6597904155114545,-0.3472379998153744,0.5393701782783958,Gpr160,FALSE,FALSE,FALSE,FALSE,0.17932100749324098,FALSE,FALSE,0.047687463526815056
Bco2,-0.3625925892567968,0.4294474174426409,-0.0903809782897742,0.8578719144760492,-0.08476504786139427,0.9076330935065577,Bco2,FALSE,FALSE,FALSE,FALSE,0.17924620513598843,FALSE,FALSE,0.04766723790456873
Cd180,0.06664365685657947,0.9240771598361687,0.0792688610256837,0.9099703942147284,0.39177820114505785,0.6248779672221111,Cd180,FALSE,FALSE,FALSE,FALSE,0.17923023967577367,FALSE,FALSE,0.04766292104372165
Tcea3,-0.39576766343474595,0.4105693747767638,-0.11119465988959987,0.8335050937809211,-0.030717149787824916,0.9699425324888313,Tcea3,FALSE,FALSE,FALSE,FALSE,0.17922649103739025,FALSE,FALSE,0.04766190745876703
Erap1,0.2467290061266274,0.1259107019443761,0.1793835312617773,0.29588738892291083,0.11151443505956049,0.635543385890926,Erap1,FALSE,FALSE,FALSE,FALSE,0.1792089908159884,FALSE,FALSE,0.04765717561768205
Ndrg3,-0.17770653711872164,0.1955492077558948,-0.1700928047592125,0.25295741035244745,-0.189747686832078,0.32024573688721225,Ndrg3,FALSE,FALSE,FALSE,FALSE,0.17918234290333737,FALSE,FALSE,0.04764997035524475
Gm20604,0.12496028487536659,0.6859052694429165,0.26417423233800097,0.37313199073919784,-0.1483894291344927,0.7376116363550428,Gm20604,FALSE,FALSE,FALSE,FALSE,0.1791746487826201,FALSE,FALSE,0.0476478899611922
Ptprb,0.10215457745000656,0.7792717275299604,0.2967211675083341,0.38856897548359487,0.138604495201319,0.7857116608339724,Ptprb,FALSE,FALSE,FALSE,FALSE,0.1791600800532199,FALSE,FALSE,0.0476439507588959
Timm17b,-0.17837292757814982,0.28798478376355285,-0.2447938341064786,0.18617772242478256,-0.1142784382762203,0.6400006280402369,Timm17b,FALSE,FALSE,FALSE,FALSE,0.17914839998694956,FALSE,FALSE,0.0476407926149968
Fbxl21,-0.28785492170627247,0.36116615204602553,0.06497381855110484,0.8523376933732237,0.18435509001545602,0.6631535184359354,Fbxl21,FALSE,FALSE,FALSE,FALSE,0.1790612767576111,FALSE,FALSE,0.04761723558296997
Aass,-0.22911216960948355,0.3634867419591943,-0.09810022962143439,0.7214773284926297,0.20997019112139426,0.5181452776140207,Aass,FALSE,FALSE,FALSE,FALSE,0.17906086345077074,FALSE,FALSE,0.04761712382996736
Zbtb37,0.22731125559733023,0.10018460024793793,0.15411750695218007,0.2880764911378591,0.15565584254370535,0.409082037651014,Zbtb37,FALSE,FALSE,FALSE,FALSE,0.17902820169773856,FALSE,FALSE,0.04760829250027408
Arhgef5,0.17696222386055727,0.4426666365998915,0.1881569862027499,0.44021947323344135,0.1719479777097792,0.601048309980871,Arhgef5,FALSE,FALSE,FALSE,FALSE,0.17902239592436212,FALSE,FALSE,0.047606722691734986
Ablim3,-0.3125309503558409,0.1932109671198311,-0.21123192912151856,0.39126155586081685,0.013148915781994841,0.9751963425512756,Ablim3,FALSE,FALSE,FALSE,FALSE,0.17897059841978477,FALSE,FALSE,0.04759271729405284
Cdc42bpb,-0.2410517700720094,0.12237312560564652,-0.2380264824866778,0.16843640563959084,-0.05779167706370991,0.8160706567923424,Cdc42bpb,FALSE,FALSE,FALSE,FALSE,0.1789566432074657,FALSE,FALSE,0.04758894397910529
Ptma,-0.16361020447211239,0.34914052942357365,-0.0791347396550961,0.6955975631325026,-0.2938919571872649,0.22817123235556058,Ptma,FALSE,FALSE,FALSE,FALSE,0.17887896710482445,FALSE,FALSE,0.04756794133203248
Usp32,0.311966139720373,0.029634523832762882,0.10604272644735069,0.4314112992013117,0.11860157241538616,0.5039994923487308,Usp32,FALSE,FALSE,FALSE,FALSE,0.17887014619436994,FALSE,FALSE,0.047565556268121735
Grsf1,0.32954520454960345,0.02758742571753718,0.09618064975107377,0.4923145824033823,0.11084279397529162,0.5510503626574075,Grsf1,FALSE,FALSE,FALSE,FALSE,0.17885621609198962,FALSE,FALSE,0.047561789742587714
Itga10,-0.13892941689272342,0.7813830076854368,0.1288223959443605,0.798223535089035,0.26869211520805825,0.6584553147640052,Itga10,FALSE,FALSE,FALSE,FALSE,0.17881464268171407,FALSE,FALSE,0.04755054881218646
Eftud2,-0.18483473182924737,0.22546594879076537,-0.2130029039684338,0.2011709830200725,-0.13857845936185065,0.5232416634401602,Eftud2,FALSE,FALSE,FALSE,FALSE,0.17880536505317726,FALSE,FALSE,0.047548040257416005
Naglu,-0.1650709900564422,0.49538439005261825,-0.28731117286254193,0.2580798272262403,-0.0839434567287416,0.822200494301463,Naglu,FALSE,FALSE,FALSE,FALSE,0.17877520654924192,FALSE,FALSE,0.047539885774983706
Ctnna1,-0.16864349304778603,0.223959190145228,-0.12854190905799534,0.39301128516963024,-0.23907314161077053,0.21679145410412637,Ctnna1,FALSE,FALSE,FALSE,FALSE,0.1787528479055173,FALSE,FALSE,0.04753384027724106
Zc3h12c,0.18515857662741464,0.4486281366482335,0.23961410352231205,0.3553256693653276,-0.11140085580052972,0.7677018413525306,Zc3h12c,FALSE,FALSE,FALSE,FALSE,0.1787245119834188,FALSE,FALSE,0.04752617859815211
Gimap9,-0.32544334940449304,0.33387092585123734,0.0535002996270566,0.8854753554137467,-0.15715908954271351,0.7448054383370384,Gimap9,FALSE,FALSE,FALSE,FALSE,0.17870091285808773,FALSE,FALSE,0.04751979768969119
Rtn4ip1,-0.20720348632072882,0.36547083979825457,-0.23276493350980454,0.3312949907923857,-0.09603088914166458,0.7802620519851037,Rtn4ip1,FALSE,FALSE,FALSE,FALSE,0.17866643632406598,FALSE,FALSE,0.047510475665906125
Cdc42se2,-0.1758710747438208,0.24993482491269303,-0.2622714214047157,0.13629153853223303,-0.09783574199422862,0.6621080034450036,Cdc42se2,FALSE,FALSE,FALSE,FALSE,0.17865941271425503,FALSE,FALSE,0.04750857656962013
Mipep,-0.19698912019061066,0.26774913069094697,-0.14140995185370153,0.44950247998817394,-0.1975327864757217,0.4169495874309355,Mipep,FALSE,FALSE,FALSE,FALSE,0.1786439528400113,FALSE,FALSE,0.047504396412898955
Spred3,-0.2012483949413033,0.4762051409247896,-0.19654155297951226,0.49985960362124865,0.13810389345292506,0.7192697961052301,Spred3,FALSE,FALSE,FALSE,FALSE,0.17863128045791354,FALSE,FALSE,0.04750096995920572
Cap2,0.29328569535023563,0.5018948022842705,0.10833361184400392,0.8320381306956754,0.13426751575037144,0.8485018659136949,Cap2,FALSE,FALSE,FALSE,FALSE,0.178628940981537,FALSE,FALSE,0.04750033739404088
Prrg4,-0.18805240598638862,0.703962188984818,0.3370974885380762,0.45132903775132815,-0.010687573723874522,0.9890612592287737,Prrg4,FALSE,FALSE,FALSE,FALSE,0.1786124894161131,FALSE,FALSE,0.047495889096422376
Wdr82,-0.27663990305373254,0.0297170459751871,-0.11841523965490452,0.31880725521200803,-0.14064466553668353,0.3610501378650021,Wdr82,FALSE,FALSE,FALSE,FALSE,0.1785666027484402,FALSE,FALSE,0.04748348191514383
Zfp61,-0.20641177142087397,0.18164777635394677,-0.16749924250084947,0.2990108503268033,-0.16174635255408454,0.4424718880446944,Zfp61,FALSE,FALSE,FALSE,FALSE,0.178552455491936,FALSE,FALSE,0.04747965667384949
Rmst,-0.027016750868303685,0.9450331693123215,0.2975514487443327,0.36313826454465714,0.21105930539512086,0.6388746135393064,Rmst,FALSE,FALSE,FALSE,FALSE,0.17854250166925242,FALSE,FALSE,0.04747696528463531
Fdxr,-0.07370457416326182,0.8219145930130007,-0.4244961542004162,0.19557832328593347,0.0373995253961652,0.9416933592742626,Fdxr,FALSE,FALSE,FALSE,FALSE,0.17853341791994773,FALSE,FALSE,0.0474745091523854
Clec1a,0.03529666589876945,0.9476998884576602,0.3668934175677784,0.4152198248266785,0.13337394384281864,0.8520388059329983,Clec1a,FALSE,FALSE,FALSE,FALSE,0.17852134243645548,FALSE,FALSE,0.04747124409261287
Unc13a,-0.05902906662216978,0.776008972720173,-0.26368476496988613,0.20186884071327277,-0.21284417108646547,0.4223776035002393,Unc13a,FALSE,FALSE,FALSE,FALSE,0.1785193342261738,FALSE,FALSE,0.0474707010976587
Ten1,-0.16821063165227335,0.39713521477109387,-0.18708530122561395,0.3653047330098055,-0.18024198641050893,0.5086284984190682,Ten1,FALSE,FALSE,FALSE,FALSE,0.17851263976279874,FALSE,FALSE,0.04746889099845408
Nkiras2,-0.1803427850116397,0.42813195480957106,-0.21049958802616997,0.373121097723003,-0.14464221086854234,0.6539032510393108,Nkiras2,FALSE,FALSE,FALSE,FALSE,0.17849486130211734,FALSE,FALSE,0.04746408392494637
Ano6,-0.2726707695965258,0.1541028254548815,-0.16311080967233682,0.42701163266766995,-0.0996951537360431,0.7320522012263125,Ano6,FALSE,FALSE,FALSE,FALSE,0.17849224433496858,FALSE,FALSE,0.047463376329745816
Amfr,-0.2593750698484669,0.03592567507669806,-0.1372414377290161,0.24992576654657644,-0.1388141647180534,0.36456401969128355,Amfr,FALSE,FALSE,FALSE,FALSE,0.1784768907651788,FALSE,FALSE,0.047459224916420004
Ak5,-0.1257506464907976,0.8883804977561187,-0.09074517071442134,0.9216060058573073,0.3187680222288095,0.7700562878232969,Ak5,FALSE,FALSE,FALSE,FALSE,0.17842127981134281,FALSE,FALSE,0.04744418840973282
Col4a6,0.06906341372407976,0.861657924212674,-0.06834165022508465,0.8712438052325617,0.39783825386277627,0.37725262627817446,Col4a6,FALSE,FALSE,FALSE,FALSE,0.1784144392706469,FALSE,FALSE,0.04744233881304686
AC061963.1,-0.12181037856592425,0.8016641058768992,0.15249949465609375,0.7463657367904034,-0.26082537489929225,0.6823987280779485,AC061963.1,FALSE,FALSE,FALSE,FALSE,0.17837841604043675,FALSE,FALSE,0.04743259858194875
Gm12216,-0.149184316068785,0.7173372366668138,-0.3164164205987104,0.43629415829109663,0.06951957696720218,0.910470174554671,Gm12216,FALSE,FALSE,FALSE,FALSE,0.1783734378782325,FALSE,FALSE,0.04743125254912409
Slc39a10,0.37194446135655124,0.03368458179105624,0.07975740463588821,0.6481939179091334,0.08339898564355863,0.7241951966264828,Slc39a10,FALSE,FALSE,FALSE,FALSE,0.1783669505453327,FALSE,FALSE,0.04742949845541051
Slc25a26,-0.2420065943405576,0.37155073870825206,-0.21279861057630178,0.4501727812479166,-0.08026102202061969,0.8502223354939573,Slc25a26,FALSE,FALSE,FALSE,FALSE,0.1783554089791597,FALSE,FALSE,0.04742637776020624
Rabep1,0.29053523769208933,0.13346033667075255,0.21412051621150052,0.3002520393752789,-0.030406817666812636,0.9309840779519214,Rabep1,FALSE,FALSE,FALSE,FALSE,0.1783541905234675,FALSE,FALSE,0.0474260483050198
Gm10037,-0.27562052977470874,0.46946773877640796,0.15627881326697746,0.6860860829608493,0.10308665178235943,0.8555800951296006,Gm10037,FALSE,FALSE,FALSE,FALSE,0.17832866494134855,FALSE,FALSE,0.04741914650672737
Commd1,-0.10024883787204164,0.5971367829719137,-0.2345836250778679,0.229328218361351,-0.2001404124958137,0.42319479030660206,Commd1,FALSE,FALSE,FALSE,FALSE,0.1783242918152411,FALSE,FALSE,0.04741796406809932
Accs,-0.2353878045776434,0.5696499438728142,-0.22916308730623935,0.5921242092238735,0.07026855333053295,0.9137998771714123,Accs,FALSE,FALSE,FALSE,FALSE,0.17827314840480524,FALSE,FALSE,0.04740413552929575
Sfxn2,-0.09397142719991747,0.72224859825763,-0.16305587661265264,0.5334950400603833,-0.2777816293944433,0.4118234644521751,Sfxn2,FALSE,FALSE,FALSE,FALSE,0.1782696444023378,FALSE,FALSE,0.04740318809083446
Crlf1,-0.14332130330192738,0.7588196335218432,-0.37831970605029364,0.4092548890655328,0.013063377450066804,0.9850830907354353,Crlf1,FALSE,FALSE,FALSE,FALSE,0.1782347956007626,FALSE,FALSE,0.04739376541055691
Ppp1r13b,0.03554763075307843,0.8216281368332924,0.2817465425249521,0.09952388076120047,0.217365678305649,0.25716025112894175,Ppp1r13b,FALSE,FALSE,FALSE,FALSE,0.1782199505278932,FALSE,FALSE,0.0473897514884413
Psmb8,-0.15628783634775667,0.6527684294923203,-0.3252978256156678,0.3520224686960751,0.052969230224900965,0.9248627502252181,Psmb8,FALSE,FALSE,FALSE,FALSE,0.17818496406277515,FALSE,FALSE,0.047380291585662794
Kifap3,0.309492291233437,0.03709196898568159,0.1410064608935615,0.32129155730650605,0.08392303384640698,0.6683127100858348,Kifap3,FALSE,FALSE,FALSE,FALSE,0.1781405953244685,FALSE,FALSE,0.04736829483350822
Flii,-0.22501166080327462,0.1978999139116757,-0.19437391930499537,0.3013987291439173,-0.11502179243115584,0.6567154068593041,Flii,FALSE,FALSE,FALSE,FALSE,0.17813579084647527,FALSE,FALSE,0.04736699576272287
Atg7,-0.25088221151137624,0.1258771459242615,-0.17871769520753134,0.2913687912323456,-0.10476023623600828,0.6487905668716706,Atg7,FALSE,FALSE,FALSE,FALSE,0.1781200476516386,FALSE,FALSE,0.047362738999655346
Zswim9,-0.197069500954846,0.3335749502045591,-0.25579228447153834,0.23905904144684528,-0.08145150144413815,0.7934462791602516,Zswim9,FALSE,FALSE,FALSE,FALSE,0.17810442895684084,FALSE,FALSE,0.04735851589984188
Sec61a1,-0.19293215810592734,0.29955769132412885,-0.1584508900921433,0.43316647499901273,-0.18285196386869362,0.49125522185044984,Sec61a1,FALSE,FALSE,FALSE,FALSE,0.1780783373555881,FALSE,FALSE,0.047351461057051854
Kcnip2,-0.23629735224576853,0.467771443526185,-0.2922104057160593,0.3824334770899623,0.005626345015740775,0.9910220551009487,Kcnip2,FALSE,FALSE,FALSE,FALSE,0.17804470099252287,FALSE,FALSE,0.04734236620498989
Tox,-0.0014252288124096957,0.9955994460445872,0.17248677534348866,0.45940869486550867,0.3601583516857576,0.2160746753329498,Tox,FALSE,FALSE,FALSE,FALSE,0.17802345194721866,FALSE,FALSE,0.04733662072878829
Pyroxd2,0.08690990930184972,0.8365716493228382,-0.1993386467739986,0.6401733974497341,0.24778284070844636,0.6333888823215602,Pyroxd2,FALSE,FALSE,FALSE,FALSE,0.17801046559476488,FALSE,FALSE,0.04733310938143595
Abcg1,-0.14900129995588696,0.6095735070726824,-0.26033466604971256,0.3848726363096684,-0.12467480475712645,0.7751107135393539,Abcg1,FALSE,FALSE,FALSE,FALSE,0.17800359025424198,FALSE,FALSE,0.04733125037531183
Pdss2,-0.054655277839184,0.811531053904466,-0.35574065693192747,0.13820967438382178,-0.12329203456291316,0.6798775658232017,Pdss2,FALSE,FALSE,FALSE,FALSE,0.17789598977800822,FALSE,FALSE,0.04730215655172439
C1qb,-0.11699332024375142,0.6818806150339913,-0.2476234234654484,0.38470749139162813,-0.16906977674375412,0.6630093655894229,C1qb,FALSE,FALSE,FALSE,FALSE,0.17789550681765132,FALSE,FALSE,0.047302025965281706
Tdrp,-0.20079195826992047,0.2478575201856139,-0.19626684719403098,0.28390472831152125,-0.13650587802266623,0.5765246950619544,Tdrp,FALSE,FALSE,FALSE,FALSE,0.17785489449553923,FALSE,FALSE,0.04729104490110465
Pigo,-0.1276684365599543,0.6036221451423034,-0.2855443029112781,0.25710768774392706,-0.12033639907678273,0.7303752574601557,Pigo,FALSE,FALSE,FALSE,FALSE,0.17784971284933837,FALSE,FALSE,0.04728964384875119
Slc4a8,-0.2743139983035139,0.1985364511600245,-0.18909335558589024,0.4093691587804107,-0.07006133586067609,0.8421825457007708,Slc4a8,FALSE,FALSE,FALSE,FALSE,0.17782289658336006,FALSE,FALSE,0.0472823930656789
Crb1,-0.23021411561676608,0.4898140225012737,-0.24645104371769788,0.4730459801292339,0.05672150994366554,0.9162903148707165,Crb1,FALSE,FALSE,FALSE,FALSE,0.17779555642604317,FALSE,FALSE,0.04727500062893817
Nup153,0.15767214143560082,0.3346337820819009,0.2633141526235754,0.15518880905879467,0.1123834867409288,0.6423207840863889,Nup153,FALSE,FALSE,FALSE,FALSE,0.17778992693336834,FALSE,FALSE,0.047273478484496985
Bdp1,0.21848640904011152,0.25115626991299433,0.3007097363787725,0.16110675861815826,0.014133854901881904,0.9688448947437457,Bdp1,FALSE,FALSE,FALSE,FALSE,0.17777666677358864,FALSE,FALSE,0.04726989310306676
Dnttip2,0.2600728149372138,0.19509326060645307,0.2588268344811908,0.23440180054604517,-0.014408118211273191,0.9693175565461654,Dnttip2,FALSE,FALSE,FALSE,FALSE,0.17776925587655926,FALSE,FALSE,0.04726788928915864
Arv1,0.22860056948042184,0.45117939508834537,0.15021945703457162,0.6509834737257089,0.1544756647018748,0.7298550093159253,Arv1,FALSE,FALSE,FALSE,FALSE,0.17776523040562275,FALSE,FALSE,0.047266800852142535
Ctbp1,-0.17785254679958395,0.1368845711453523,-0.22894338414108262,0.11036521115468788,-0.1264610503069319,0.45047607147183677,Ctbp1,FALSE,FALSE,FALSE,FALSE,0.17775232708253283,FALSE,FALSE,0.047263311954892175
Col5a3,0.11029118098419144,0.8417935078720976,-0.33327242484410596,0.5509406252596274,0.08964793063084664,0.9145791492839683,Col5a3,FALSE,FALSE,FALSE,FALSE,0.17773717881971468,FALSE,FALSE,0.0472592160540048
Tcim,-0.15106095217968507,0.6484887996392755,0.10074343614504055,0.7713140749979019,-0.28136085679697986,0.5233306270477729,Tcim,FALSE,FALSE,FALSE,FALSE,0.17772174837390184,FALSE,FALSE,0.04725504385436343
Cd44,-0.3639879105775212,0.24770328848022305,-0.08560166533630476,0.811959235721534,-0.08353919594947179,0.8692966030428528,Cd44,FALSE,FALSE,FALSE,FALSE,0.17770959062109926,FALSE,FALSE,0.047251756549997886
5330413P13Rik,-0.18444847172183532,0.5930326355515282,-0.0934516236896894,0.802573972569973,-0.2550320525054539,0.58403360973885,5330413P13Rik,FALSE,FALSE,FALSE,FALSE,0.17764404930565955,FALSE,FALSE,0.04723403499767921
Slc22a23,-0.36940978533426305,0.12505613258698503,-0.13873780734871133,0.580525622448666,-0.024747909923016564,0.9527816940550564,Slc22a23,FALSE,FALSE,FALSE,FALSE,0.177631834201997,FALSE,FALSE,0.04723073218635811
Armcx1,0.34418519847188467,0.09074270137548276,0.1656185628374951,0.4388953294559892,0.023033090574331005,0.9505701388230056,Armcx1,FALSE,FALSE,FALSE,FALSE,0.17761228396123693,FALSE,FALSE,0.04722544604566734
Crtap,-0.2327205707180542,0.26249275875557454,-0.23960523465665018,0.27124903043901755,-0.06019552059715316,0.8551464357373094,Crtap,FALSE,FALSE,FALSE,FALSE,0.17750710865728583,FALSE,FALSE,0.04719700795834643
Tbc1d19,0.12686599583397218,0.45207289592721733,0.18100814707441604,0.30179935480570635,0.22464527477104657,0.3193621764218823,Tbc1d19,FALSE,FALSE,FALSE,FALSE,0.17750647255981158,FALSE,FALSE,0.047196835965541674
Mmd,0.10303865257343059,0.7538524443183404,0.35168808100494875,0.2632213811198176,0.07771224238971541,0.8780961547788988,Mmd,FALSE,FALSE,FALSE,FALSE,0.17747965865603157,FALSE,FALSE,0.04718958582117827
Clk3,-0.1883072202811924,0.2113673006229481,-0.15801073798836285,0.3202334220604398,-0.1860190512390112,0.3669246121980078,Clk3,FALSE,FALSE,FALSE,FALSE,0.1774456698361888,FALSE,FALSE,0.047180395669209965
Plcd4,-0.2714087695558347,0.2974948461382096,-0.03462281099921638,0.9070595515780293,-0.22627956709973907,0.52681363362745115,Plcd4,FALSE,FALSE,FALSE,FALSE,0.1774370492182634,FALSE,FALSE,0.047178064761895094
Psmb3,-0.12253069470687983,0.36737055438497185,-0.20453851110683186,0.17629721663807477,-0.20507609594689935,0.27296760022419897,Psmb3,FALSE,FALSE,FALSE,FALSE,0.17738176725353702,FALSE,FALSE,0.047163117209750235
Hist1h2be,0.401520852618078,0.21682892851169872,-0.06570963295743493,0.8693428991496887,0.06480191229215837,0.9100554618787647,Hist1h2be,FALSE,FALSE,FALSE,FALSE,0.1773441326225571,FALSE,FALSE,0.04715294127602919
Gabbr2,-0.056723633009639673,0.9190777746412794,-0.09134012584985385,0.870549651609201,0.38385224912062244,0.5374640967791049,Gabbr2,FALSE,FALSE,FALSE,FALSE,0.17730533599337198,FALSE,FALSE,0.04714245115252038
Micall1,-0.2437244132072487,0.26736410174998104,-0.2439277668629023,0.2913687912323456,0.04424340050233777,0.9038261855921822,Micall1,FALSE,FALSE,FALSE,FALSE,0.17729852685749625,FALSE,FALSE,0.04714061004730519
Gucy1a2,0.2864464483377751,0.2327203359354236,-0.08996485600840654,0.7540610681807652,0.15540442227055484,0.6584553147640052,Gucy1a2,FALSE,FALSE,FALSE,FALSE,0.1772719088722455,FALSE,FALSE,0.04713341287686278
Zkscan17,-0.16716793610077207,0.3565037628455391,-0.22940053185274234,0.23672766689248725,-0.13507360490545572,0.5996901524113558,Zkscan17,FALSE,FALSE,FALSE,FALSE,0.17721402428632338,FALSE,FALSE,0.04711776160848372
Glrx3,0.20815268411713905,0.42137740828730325,0.17302165511783762,0.5401413819134245,-0.15044401901550408,0.6978021416030433,Glrx3,FALSE,FALSE,FALSE,FALSE,0.17720611941682693,FALSE,FALSE,0.04711562423059599
Il15ra,-0.17379965250073348,0.6018819027756449,0.13079435003660178,0.6989128057096087,-0.22702416890210397,0.6147300814706247,Il15ra,FALSE,FALSE,FALSE,FALSE,0.17720605714647975,FALSE,FALSE,0.0471156073934726
Tmem17,0.012380658296924363,0.974553971430298,-0.2563969377448274,0.4691931968655877,-0.2627755315717555,0.5779489612742574,Tmem17,FALSE,FALSE,FALSE,FALSE,0.1771843758711691,FALSE,FALSE,0.04710974504768085
Klf11,-0.2630108281025825,0.50076852907239,-0.25481017826267527,0.5246072596749145,0.013689654839742715,0.982594135685605,Klf11,FALSE,FALSE,FALSE,FALSE,0.17717022040166683,FALSE,FALSE,0.04710591758569452
Ankrd52,-0.394807057870195,0.061930772069609265,-0.0320067027148454,0.8942870835493888,-0.10464617957067102,0.7306013384149221,Ankrd52,FALSE,FALSE,FALSE,FALSE,0.17715331338523713,FALSE,FALSE,0.04710134613981795
Mark4,-0.2749692808074067,0.14892358671018505,-0.15400062739801346,0.43448031933013453,0.10244643246313334,0.7026799969099456,Mark4,FALSE,FALSE,FALSE,FALSE,0.17713878022285115,FALSE,FALSE,0.047097416554397656
Gna14,-0.2615619520670882,0.19672069719442825,0.05805439987152283,0.7978474474207259,-0.2116906251034565,0.4411571550032388,Gna14,FALSE,FALSE,FALSE,FALSE,0.17710232568068918,FALSE,FALSE,0.047087559701939896
Tubb6,-0.13201453705102573,0.6552039088617622,0.19248909461291674,0.514781433204728,-0.20666939609764334,0.6082944726950605,Tubb6,FALSE,FALSE,FALSE,FALSE,0.1770576759205286,FALSE,FALSE,0.04707548696498926
Snx17,-0.23847281151295174,0.132101899286036,-0.20347234890989974,0.23126083272321896,-0.08922179021109322,0.7044857380128031,Snx17,FALSE,FALSE,FALSE,FALSE,0.1770556502113149,FALSE,FALSE,0.04707493923854263
Banp,-0.14998655206487843,0.5509206183673672,0.1711274737720192,0.5001017818999361,0.20993041989652816,0.5277953757589412,Banp,FALSE,FALSE,FALSE,FALSE,0.17701481524447527,FALSE,FALSE,0.04706389797401468
Mtmr6,0.2663812610620715,0.08674880992540784,0.22671058859628523,0.17797327676743543,0.037925356381265374,0.883524165166713,Mtmr6,FALSE,FALSE,FALSE,FALSE,0.1770057353465407,FALSE,FALSE,0.04706144288312711
Gnao1,-0.3027521836496492,0.10137638052709808,-0.162192825865195,0.40654362628100893,-0.06601617872003107,0.8212790902847291,Gnao1,FALSE,FALSE,FALSE,FALSE,0.17698706274495843,FALSE,FALSE,0.04705639404509806
Plpp5,0.4453646995225329,0.02734049331395135,0.03563525483083296,0.8657283681631889,0.049605411745763384,0.8671772759197436,Plpp5,FALSE,FALSE,FALSE,FALSE,0.1768684553663764,FALSE,FALSE,0.04702432409272037
Rgs7bp,0.07794124975488703,0.8241064782662735,-0.3117474871049266,0.3630872434283378,0.1409077646257506,0.7670071603261326,Rgs7bp,FALSE,FALSE,FALSE,FALSE,0.1768655004951881,FALSE,FALSE,0.04702352513249189
Piezo1,-0.1601012093558989,0.6409575978584735,-0.053853738868381296,0.885535979310359,0.3165141239131848,0.4411571550032388,Piezo1,FALSE,FALSE,FALSE,FALSE,0.17682302404582165,FALSE,FALSE,0.04701204003160996
Gprc5b,-0.4324083913520589,0.09722986201506387,-0.02193706334494916,0.9420885699507863,0.07605081054263252,0.8482340272567118,Gprc5b,FALSE,FALSE,FALSE,FALSE,0.1767987550798802,FALSE,FALSE,0.047005478006622116
Timm22,-0.16846130859265873,0.24770328848022305,-0.1383152550650637,0.3648668253434639,-0.22353690861954645,0.2576590212120603,Timm22,FALSE,FALSE,FALSE,FALSE,0.1767711574257563,FALSE,FALSE,0.04699801594596392
D630023F18Rik,0.22984734423407793,0.6886221663330936,-0.29194882243789344,0.6439470269042565,-0.008487975389306623,0.9924441679334658,D630023F18Rik,FALSE,FALSE,FALSE,FALSE,0.17676138068709266,FALSE,FALSE,0.04699537243805488
Sbk1,-0.37919149378612005,0.06296467206284513,-0.06233460911917099,0.7683414236847929,0.08867243310298756,0.7442724803559847,Sbk1,FALSE,FALSE,FALSE,FALSE,0.17673284533609288,FALSE,FALSE,0.046987656835884226
Ctsb,-0.15160540027595815,0.23029524401930412,-0.21348216727991698,0.14296970811855425,-0.1650584728220963,0.3518759267843116,Ctsb,FALSE,FALSE,FALSE,FALSE,0.17671534679265713,FALSE,FALSE,0.0469829254485003
Erbb2,-0.27439030202799364,0.25895828254069814,-0.11618284941288515,0.6569843797791101,-0.13933401208946572,0.6849317259436086,Erbb2,FALSE,FALSE,FALSE,FALSE,0.1766357211767815,FALSE,FALSE,0.046961395677421094
Fam168b,-0.2180772731031464,0.10095429633620265,-0.18187420268985655,0.2011709830200725,-0.12995097330762562,0.4802323611650335,Fam168b,FALSE,FALSE,FALSE,FALSE,0.17663414970020952,FALSE,FALSE,0.04696097076980212
Smcr8,-0.2418804413134028,0.1709280060692098,-0.11755284977580338,0.5428623267045604,-0.17043493158387601,0.4929476213722995,Smcr8,FALSE,FALSE,FALSE,FALSE,0.1766227408910274,FALSE,FALSE,0.0469578859704285
Cckbr,0.14852608424418978,0.8019053813263755,-0.3485590009366848,0.572027307876489,-0.03274894948028084,0.9735962397793568,Cckbr,FALSE,FALSE,FALSE,FALSE,0.1766113448870518,FALSE,FALSE,0.04695480463342264
Vti1a,-0.21094903039957913,0.1626282235804013,-0.12314258161920932,0.4372517746434348,-0.19573608958790079,0.3370223222965166,Vti1a,FALSE,FALSE,FALSE,FALSE,0.1766092338688964,FALSE,FALSE,0.04695423384050468
Ssc5d,-0.09343325611886377,0.8736608472009498,0.07872345481377119,0.8940625581402567,0.35764899290436736,0.5977544144290509,Ssc5d,FALSE,FALSE,FALSE,FALSE,0.17660190127900077,FALSE,FALSE,0.046952251199866554
Pfdn4,0.2077920215716187,0.4995012856302744,0.29970589622895805,0.3345484626793155,0.022300078034517057,0.9688448947437457,Pfdn4,FALSE,FALSE,FALSE,FALSE,0.17659933194503127,FALSE,FALSE,0.04695155648408218
Rft1,-0.15999003639742604,0.2691058741299017,-0.2393623190748988,0.14430154306521137,-0.13035971095245635,0.5191789913529884,Rft1,FALSE,FALSE,FALSE,FALSE,0.1765706888082604,FALSE,FALSE,0.04694381173798653
Eps8,0.09604859717272163,0.6881604509058297,0.25691892253750526,0.2653707099290289,0.17672113871165607,0.5700228149435639,Eps8,FALSE,FALSE,FALSE,FALSE,0.17656288614062765,FALSE,FALSE,0.04694170199420504
Cast,0.155782596196973,0.2493596888750052,0.2137312257145414,0.15770178933733603,0.16014253695227865,0.39648884399324824,Cast,FALSE,FALSE,FALSE,FALSE,0.17655211962126435,FALSE,FALSE,0.046938790861968734
Aste1,0.13553582840524525,0.5917281386377372,0.32583226462392645,0.1951477478131298,-0.06819441878585764,0.8668290961147813,Aste1,FALSE,FALSE,FALSE,FALSE,0.17652083727167645,FALSE,FALSE,0.04693033250572193
Gm19391,-0.010899184957795516,0.9793652585145325,0.2402401204865694,0.518223916320149,0.27834339686913023,0.5673222178875408,Gm19391,FALSE,FALSE,FALSE,FALSE,0.17649423410449838,FALSE,FALSE,0.04692313934190113
6530402F18Rik,0.0486239821456933,0.874326247349234,0.17277048382012783,0.5391495427120944,0.30807807652796804,0.376084780912994,6530402F18Rik,FALSE,FALSE,FALSE,FALSE,0.17649084749792973,FALSE,FALSE,0.04692222364582322
Mterf1a,-0.36040753242881274,0.3939112834692433,-0.03163405929203589,0.948313157449703,-0.1373987469870228,0.8287307788101925,Mterf1a,FALSE,FALSE,FALSE,FALSE,0.1764801129026238,FALSE,FALSE,0.04691932114545292
Kansl1,0.17840558473294088,0.13015854138031435,0.18999604425613548,0.15197534624995201,0.16100217495752744,0.32176643962524704,Kansl1,FALSE,FALSE,FALSE,FALSE,0.17646793464886792,FALSE,FALSE,0.0469160282978859
Galnt16,-0.11503566854793146,0.7409742741451975,0.08346688822855874,0.8223547519734681,0.3308997658510586,0.4411571550032388,Galnt16,FALSE,FALSE,FALSE,FALSE,0.17646744087584962,FALSE,FALSE,0.04691589478783474
Dgcr6,-0.15307726904780328,0.37314383005102336,-0.2945343038167936,0.13541828893115057,-0.08177480343984556,0.7503435379632916,Dgcr6,FALSE,FALSE,FALSE,FALSE,0.17646212543481413,FALSE,FALSE,0.046914457559030655
Ppl,-0.2534076981521922,0.26214896851031483,0.16473853711563535,0.4890971973518187,0.11123676912002178,0.7407341788304225,Ppl,FALSE,FALSE,FALSE,FALSE,0.17646100146261645,FALSE,FALSE,0.04691415365099994
Ap2m1,-0.12992382862144236,0.31887915303485187,-0.19449756966208565,0.18190853263306692,-0.20491335994707338,0.2581474283215736,Ap2m1,FALSE,FALSE,FALSE,FALSE,0.17644491941020046,FALSE,FALSE,0.04690980526507925
Cebpd,-0.32197056563775206,0.3587190686361054,-0.07470399839929698,0.8538550504410823,-0.13262886475705837,0.80660148337424,Cebpd,FALSE,FALSE,FALSE,FALSE,0.17643447626470246,FALSE,FALSE,0.0469069815690934
Hsdl2,0.2735272375012441,0.07506027985433712,0.16288581092130006,0.30238123655152926,0.09286159598602595,0.6702782274602161,Hsdl2,FALSE,FALSE,FALSE,FALSE,0.17642488146952337,FALSE,FALSE,0.04690438725642798
Klc1,-0.23337995377022658,0.08916609143030806,-0.1578942555692704,0.2717122170370587,-0.13792459717657213,0.46199893899746625,Klc1,FALSE,FALSE,FALSE,FALSE,0.17639960217202302,FALSE,FALSE,0.04689755205041745
Syt4,0.1558307476896026,0.6938665713727993,0.37259594626191195,0.3510663363122926,-6.172863495823577e-4,0.9991669576530677,Syt4,FALSE,FALSE,FALSE,FALSE,0.17634799343369897,FALSE,FALSE,0.0468835976927703
Rusc1,-0.28924357956902513,0.10705112890053907,-0.13422922755707578,0.4605024530527561,-0.10524468610495097,0.6692229348201579,Rusc1,FALSE,FALSE,FALSE,FALSE,0.17623916441035062,FALSE,FALSE,0.04685417168540198
Zfas1,-0.07199083393718553,0.8175214074583759,-0.10266141709711718,0.7498999684757057,-0.35403175633026596,0.3637191455735258,Zfas1,FALSE,FALSE,FALSE,FALSE,0.17622800245485623,FALSE,FALSE,0.04685115363217944
Slc25a22,-0.2567599188738656,0.15745997214019222,-0.15554698949879775,0.41506556361473773,-0.1163743814435323,0.6554617570426299,Slc25a22,FALSE,FALSE,FALSE,FALSE,0.17622709660539856,FALSE,FALSE,0.04685090870181072
Acd,-0.33409795373229567,0.0975840409816778,-0.10434931847792672,0.6209325806475402,-0.09012044450625467,0.7543883120192089,Acd,FALSE,FALSE,FALSE,FALSE,0.17618923890549235,FALSE,FALSE,0.04684067245304074
Mib1,0.23034669031761368,0.13523966454614922,0.21127201225542436,0.20771293151680123,0.08679508526429558,0.7086393025968165,Mib1,FALSE,FALSE,FALSE,FALSE,0.1761379292791112,FALSE,FALSE,0.046826798971523545
Ptpn6,-0.18373419682357373,0.4920223998842577,-0.2804950669826516,0.31149628109475386,-0.06412893470269054,0.88237920237271406,Ptpn6,FALSE,FALSE,FALSE,FALSE,0.17611939950297195,FALSE,FALSE,0.04682178875170873
Narfl,-0.16254656239895615,0.2588204150631919,-0.17009369315343603,0.26293596981898,-0.19568892554843087,0.3170139096849968,Narfl,FALSE,FALSE,FALSE,FALSE,0.1761097270336077,FALSE,FALSE,0.046819173436914704
Fgd5,-0.20483003056083593,0.5962654686281282,-0.15324610114059656,0.7075472690387992,0.17023617617668996,0.7428128430247322,Fgd5,FALSE,FALSE,FALSE,FALSE,0.17610410262604081,FALSE,FALSE,0.04681765266742313
Lrmp,-0.16715011341921138,0.8271683280281844,-0.18730710101727588,0.8144836584380769,0.1738408567852079,0.8715076727082774,Lrmp,FALSE,FALSE,FALSE,FALSE,0.17609935707389837,FALSE,FALSE,0.04681636952945117
Ppp6r1,-0.15728963432227605,0.33811759098568905,-0.2305960751187408,0.20014518823107352,-0.14040843467254316,0.5534654287261079,Ppp6r1,FALSE,FALSE,FALSE,FALSE,0.17609804803785334,FALSE,FALSE,0.046816015582469735
Icam1,-0.18757006324654402,0.6973792971964393,-0.19374314938014892,0.6991629900711449,0.14697603525975622,0.8243865507264321,Icam1,FALSE,FALSE,FALSE,FALSE,0.17609641596214973,FALSE,FALSE,0.04681557428960316
Aplp2,-0.30384613489047396,0.051798044467034995,-0.13851105597838398,0.37708436455554445,-0.08576835187900311,0.695305471100535,Aplp2,FALSE,FALSE,FALSE,FALSE,0.17604184758262034,FALSE,FALSE,0.046800819681974554
Fn3krp,-0.22824427784850343,0.1832320798735419,-0.18939245840695929,0.2950610007860362,-0.11040463776052167,0.6553420686848732,Fn3krp,FALSE,FALSE,FALSE,FALSE,0.17601379133866146,FALSE,FALSE,0.04679323362435812
Cnih1,0.38524590413136206,0.055452896221847216,0.11253362783322807,0.5931946311266578,0.030246264735739103,0.93046233954816,Cnih1,FALSE,FALSE,FALSE,FALSE,0.17600859890010975,FALSE,FALSE,0.046791829653887916
B2m,0.3207496219880346,0.11453478013692535,0.06594814588392506,0.7819822745913465,0.1413278585127875,0.6324109599885949,B2m,FALSE,FALSE,FALSE,FALSE,0.17600854212824904,FALSE,FALSE,0.04679181430348652
Ccser2,0.20884534250533715,0.1140214123544564,0.1551518982433464,0.2693743686825765,0.1639683917080692,0.3647465557348809,Ccser2,FALSE,FALSE,FALSE,FALSE,0.17598854415225093,FALSE,FALSE,0.04678640710078483
Fbrs,0.015507453575571262,0.9384900438077355,0.12010253859251296,0.4982689666061357,0.3922861011346592,0.10016562231638436,Fbrs,FALSE,FALSE,FALSE,FALSE,0.17596536443424782,FALSE,FALSE,0.046780139594822086
Prr14l,0.1917493141560751,0.17076603580565067,0.24385702513368823,0.13371534873841176,0.09221912777594898,0.656222858170358,Prr14l,FALSE,FALSE,FALSE,FALSE,0.17594182235523745,FALSE,FALSE,0.0467737741109731
Tmem199,-0.1532458918120101,0.40429716524349946,-0.11859431432733647,0.548709619153076,-0.25590654750908914,0.3069935193989426,Tmem199,FALSE,FALSE,FALSE,FALSE,0.17591558454947856,FALSE,FALSE,0.04676667973631242
Dmac2,-0.2015854685259586,0.30293166456696385,-0.19629168280728582,0.3391312993926978,-0.1298436579760116,0.6421880953585402,Dmac2,FALSE,FALSE,FALSE,FALSE,0.17590693643641866,FALSE,FALSE,0.04676434139465692
Smpd1,-0.03943461478724242,0.8143484774470463,-0.23564317492780606,0.16393813157825973,-0.2526262072609109,0.22817123235556058,Smpd1,FALSE,FALSE,FALSE,FALSE,0.1759013323253198,FALSE,FALSE,0.04676282611307656
Cdc7,0.21654736186357182,0.4446347357885349,-0.16008663689722225,0.6174446114520438,-0.15104054381788812,0.7279037458134423,Cdc7,FALSE,FALSE,FALSE,FALSE,0.17589151419289406,FALSE,FALSE,0.04676017141281174
Bdh1,-0.13696128942472718,0.4930033037424825,-0.14802282550191004,0.4745201681771662,-0.242598921847772,0.36452411371933907,Bdh1,FALSE,FALSE,FALSE,FALSE,0.1758610122581364,FALSE,FALSE,0.04675192407097855
Trim35,-0.2185628029019906,0.07284564693419057,-0.14107560885724713,0.2648061304468559,-0.16792930897768343,0.30053928198618685,Trim35,FALSE,FALSE,FALSE,FALSE,0.17585590691230704,FALSE,FALSE,0.04675054364929166
Ntn4,-0.24960113285679464,0.4360515226263336,-0.2721005985035623,0.41156710545024133,-0.005770819132471239,0.9907500529601377,Ntn4,FALSE,FALSE,FALSE,FALSE,0.1758241834976094,FALSE,FALSE,0.04674196603455324
Pex26,-0.2971657127333618,0.12637295957700892,-0.05649656494841171,0.7968085012943833,-0.17379908632314045,0.510180800312798,Pex26,FALSE,FALSE,FALSE,FALSE,0.17582045466830465,FALSE,FALSE,0.04674095780572585
Nagk,-0.1794543149372112,0.21986086486241146,-0.20388142849986313,0.1995812088419037,-0.1438702334782418,0.4818884011970966,Nagk,FALSE,FALSE,FALSE,FALSE,0.17573532563843872,FALSE,FALSE,0.04671793998030556
Slk,0.1682800160895841,0.22280886943468403,0.23475051574499428,0.1405697931585668,0.1240792241716111,0.5340572342099397,Slk,FALSE,FALSE,FALSE,FALSE,0.17570325200206316,FALSE,FALSE,0.04670926767000378
Kri1,-0.17834162041215373,0.48258629204595094,-0.23649375705180153,0.36304067902846404,-0.11227175526991973,0.7601106553166588,Kri1,FALSE,FALSE,FALSE,FALSE,0.17570237757795834,FALSE,FALSE,0.04670903123665761
Ogt,0.2726526506118869,0.12808874608982304,0.16308424430003843,0.3949640578386419,0.09133064800143398,0.7376116363550428,Ogt,FALSE,FALSE,FALSE,FALSE,0.17568918097111977,FALSE,FALSE,0.046705463039148146
Tpmt,8.004838113806478e-5,0.9998420032489299,-0.4983649058733639,0.19025808232305622,-0.028274804024634337,0.9641829154012381,Tpmt,FALSE,FALSE,FALSE,FALSE,0.1755732527597121,FALSE,FALSE,0.04667411750008033
Tom1l1,0.20709023553433425,0.3137230335457087,0.2251528915504606,0.3003618630769628,0.09445976499575437,0.7667951551982571,Tom1l1,FALSE,FALSE,FALSE,FALSE,0.1755676306935164,FALSE,FALSE,0.04667259736366626
Islr,-0.150624051817128,0.7150369263540726,-0.21208611513852738,0.6165522628313845,0.16397754382016672,0.7786998228737898,Islr,FALSE,FALSE,FALSE,FALSE,0.17556257025860736,FALSE,FALSE,0.046671229085330765
Fgfr1op,0.11755658542372815,0.6512082442857864,0.2630730757530082,0.30285749606279894,0.14601042054850533,0.6825695692280814,Fgfr1op,FALSE,FALSE,FALSE,FALSE,0.1755466939084139,FALSE,FALSE,0.04666693631871942
Gm26660,-0.05861131204947112,0.8712735147276329,0.3407681018858031,0.2746149348402845,0.12723550900316205,0.7850435928194189,Gm26660,FALSE,FALSE,FALSE,FALSE,0.17553830764614542,FALSE,FALSE,0.04666466877824435
Map7d2,0.09991863232914788,0.5137026883337021,0.2966637843383344,0.10069442807404672,0.12996846738784473,0.541217482229437,Map7d2,FALSE,FALSE,FALSE,FALSE,0.17551696135177566,FALSE,FALSE,0.0466588970071112
Folh1,-0.15133802850353,0.8771848029584649,0.17879358478927854,0.8515462942269872,0.19617415693906104,0.8839872372253401,Folh1,FALSE,FALSE,FALSE,FALSE,0.17543525674395652,FALSE,FALSE,0.046636805102601354
Rhog,-0.18408770345306635,0.450221896870945,-0.2806685865494605,0.27029274387937907,0.0614086351358436,0.8722920238991596,Rhog,FALSE,FALSE,FALSE,FALSE,0.17538830837945682,FALSE,FALSE,0.04662411085177383
Nek6,0.2134615440716674,0.3727214242048716,0.25868926582583995,0.31037341173974603,0.05393176320371218,0.8975717799593478,Nek6,FALSE,FALSE,FALSE,FALSE,0.17536085770040652,FALSE,FALSE,0.04661668853133809
Rhot2,-0.2122529232385002,0.35692465623582365,-0.24184750980605685,0.3191457645610325,-0.07197804053092849,0.8456575319761501,Rhot2,FALSE,FALSE,FALSE,FALSE,0.1753594911918285,FALSE,FALSE,0.04661631904450224
Diablo,0.168675255710379,0.5316491038639799,0.26781160100487744,0.32140812496899246,0.08952176020783309,0.8302427508569435,Diablo,FALSE,FALSE,FALSE,FALSE,0.17533620564102984,FALSE,FALSE,0.04661002292267467
Gm38391,0.18123833091471075,0.3622699178918077,0.22548041300948762,0.27770029846172556,0.11927405622393472,0.6798613120520077,Gm38391,FALSE,FALSE,FALSE,FALSE,0.17533093338271102,FALSE,FALSE,0.046608597369937325
Tex26,-0.12480349061092477,0.7931674040675669,-0.1686503580334151,0.7262554921720675,-0.23245659402429397,0.7177020084432525,Tex26,FALSE,FALSE,FALSE,FALSE,0.17530348088954462,FALSE,FALSE,0.04660117455898727
Pgs1,-0.23708225962494467,0.21666414892070693,-0.2638228348995115,0.2011709830200725,0.02494646401208378,0.9411158004473127,Pgs1,FALSE,FALSE,FALSE,FALSE,0.17528385284551332,FALSE,FALSE,0.04659586738126464
Gm19569,0.0010686196225664357,0.9976911456229749,-0.40695552624611175,0.31574042571570377,0.117755326666791,0.8369669943461152,Gm19569,FALSE,FALSE,FALSE,FALSE,0.17525982417848973,FALSE,FALSE,0.04658937033010004
Mmgt2,-0.08296102296879049,0.5917917951144773,-0.15817267713987793,0.3165188523730102,-0.284629663888178,0.16578604948451955,Mmgt2,FALSE,FALSE,FALSE,FALSE,0.17525445466561548,FALSE,FALSE,0.04658791848094675
Wrn,0.30743881038953447,0.04571502526579462,0.11727242419603012,0.4424526168429689,0.10096920897560846,0.6272419293667476,Wrn,FALSE,FALSE,FALSE,FALSE,0.17522681452039102,FALSE,FALSE,0.046580444931226164
Npr3,0.18570835096598648,0.7613702802010747,0.3251961397662342,0.5880432490339391,0.01476719407918825,0.988120843995933,Npr3,FALSE,FALSE,FALSE,FALSE,0.1752238949371363,FALSE,FALSE,0.04657965551241377
Arl15,0.28100650878281863,0.09643678713230466,0.05594887904540302,0.7732181810951857,0.18868822952295217,0.4078331790995906,Arl15,FALSE,FALSE,FALSE,FALSE,0.17521453911705795,FALSE,FALSE,0.04657712581562801
Grn,-0.19264490655307398,0.48586228339182796,-0.31143173359717125,0.2839455677067419,-0.021560740046242977,0.9672576142655462,Grn,FALSE,FALSE,FALSE,FALSE,0.17521246006549607,FALSE,FALSE,0.0465765636660773
Tmem14c,-0.11596332338169901,0.34172647717953386,-0.23028987082544106,0.11340944553885948,-0.17933700230975624,0.2837854452296569,Tmem14c,FALSE,FALSE,FALSE,FALSE,0.17519673217229878,FALSE,FALSE,0.046572311040381766
Mks1,-0.1460872492654688,0.4975100536611622,-0.26206227136527316,0.2430703201961083,-0.11739651579042976,0.6995586078855729,Mks1,FALSE,FALSE,FALSE,FALSE,0.17518201214039056,FALSE,FALSE,0.04656833092777883
Snx12,-0.2672988851377296,0.10320284151139895,-0.20917560183078088,0.22223084641713234,-0.04900059074178298,0.8508910949883433,Snx12,FALSE,FALSE,FALSE,FALSE,0.17515835923676448,FALSE,FALSE,0.046561935478339256
Gm26833,-0.17805812619750316,0.504037892152886,-0.21937109042667458,0.4201869814119176,-0.12793502925778766,0.73647889380471665,Gm26833,FALSE,FALSE,FALSE,FALSE,0.17512141529398847,FALSE,FALSE,0.046551946298073785
Rhbdd2,-0.3394684006047042,0.04535458321584738,-0.09936989831851317,0.551259727405565,-0.0864018073469559,0.7037178753758783,Rhbdd2,FALSE,FALSE,FALSE,FALSE,0.1750800354233911,FALSE,FALSE,0.046540757698381945
Cadm1,-0.2321944649460148,0.13755079258614933,-0.16435193390504832,0.32606536840398864,-0.12863673622934524,0.5698088183943775,Cadm1,FALSE,FALSE,FALSE,FALSE,0.17506104502680278,FALSE,FALSE,0.04653562293255623
2010015M23Rik,-0.03539531912042437,0.942746261607731,0.3525051660895939,0.3801235299204972,0.13715263203268224,0.8249812877615713,2010015M23Rik,FALSE,FALSE,FALSE,FALSE,0.17501770574756684,FALSE,FALSE,0.04652390453326442
2310030G06Rik,0.2795384768494644,0.09127372583915803,0.2308740055046874,0.1886090407477817,-0.014637966742126807,0.9630623165232519,2310030G06Rik,FALSE,FALSE,FALSE,FALSE,0.1750168163654262,FALSE,FALSE,0.04652366405545236
Hscb,-0.23464349887940128,0.48158388344215686,-0.2766821492925253,0.4175768888803147,-0.013721305420977048,0.980751680065544,Hscb,FALSE,FALSE,FALSE,FALSE,0.17501565119763454,FALSE,FALSE,0.04652334900864804
Dnaic1,-0.34919241407739415,0.44343207871041596,-0.07897336351063855,0.8747739759933776,-0.09687200589295764,0.8921582714898193,Dnaic1,FALSE,FALSE,FALSE,FALSE,0.17501259449366344,FALSE,FALSE,0.04652252251410817
Cryzl2,-0.25228742886215816,0.2239077097906682,-0.1867808458315201,0.39301128516963024,-0.085962283593541855,0.786454588531769,Cryzl2,FALSE,FALSE,FALSE,FALSE,0.17501018609574004,FALSE,FALSE,0.04652187131341869
H2-T10,-0.2410740169049033,0.6265420620188378,-0.1280767200581117,0.8117901798707338,0.15586913862079013,0.8222487171317908,H2-T10,FALSE,FALSE,FALSE,FALSE,0.1750066251946017,FALSE,FALSE,0.04652090849026811
Slc2a4,-0.12345194893943165,0.8574549081485825,0.13045224682629347,0.8486672791552266,-0.2711057737486716,0.7709138763021548,Slc2a4,FALSE,FALSE,FALSE,FALSE,0.17500332317146558,FALSE,FALSE,0.046520015664492924
Lbh,-0.5004895717469076,0.12296638780433741,0.023141699134224147,0.9516860807117151,-0.0013671894196711776,0.9975661282236203,Lbh,FALSE,FALSE,FALSE,FALSE,0.1749994867669343,FALSE,FALSE,0.04651897834866915
Wipf3,0.14625180672801585,0.5915062043148325,0.04590980129826461,0.8834417142577972,0.33277275606784773,0.3332157601112203,Wipf3,FALSE,FALSE,FALSE,FALSE,0.1749781213647094,FALSE,FALSE,0.04651320141101085
Pidd1,-0.22648578804586492,0.66531122153441,-0.020140796104531927,0.9730894256939064,0.2782441700014175,0.6731341676663086,Pidd1,FALSE,FALSE,FALSE,FALSE,0.1749569180506048,FALSE,FALSE,0.046507468299953905
Tpt1,0.2275441762947903,0.15753552857137867,0.14035930340072156,0.41955941237361744,-0.156947135269494,0.4912205178804098,Tpt1,FALSE,FALSE,FALSE,FALSE,0.17495020498833527,FALSE,FALSE,0.04650565317184075
Blm,0.05487227859724397,0.8476941275961836,-0.17278887810284216,0.5347934119434953,-0.2971545914018139,0.409082037651014,Blm,FALSE,FALSE,FALSE,FALSE,0.17493858270063334,FALSE,FALSE,0.04650251065054421
Mtus2,-0.36945490747440957,0.08329038105966449,-0.14768262733133497,0.5008050592858255,-0.007671902528735508,0.982839003890021,Mtus2,FALSE,FALSE,FALSE,FALSE,0.17493647911149335,FALSE,FALSE,0.046501941866339144
Dusp6,-0.24603875092208316,0.26929806925392064,0.19273041942508407,0.3965666529384725,0.08603542310255641,0.7988200690067017,Dusp6,FALSE,FALSE,FALSE,FALSE,0.17493486448324122,FALSE,FALSE,0.046501505291045325
Morf4l2,0.23414416215685208,0.2841712215219141,0.20249429165980892,0.39432050370042865,-0.0880562809827623,0.8019536351272458,Morf4l2,FALSE,FALSE,FALSE,FALSE,0.1748982449331411,FALSE,FALSE,0.04649160382250397
Fam117b,0.1914313290531835,0.21698811455557343,0.11828546735323009,0.4839930292499063,0.21481817253298718,0.31935325897778566,Fam117b,FALSE,FALSE,FALSE,FALSE,0.17484498964646691,FALSE,FALSE,0.04647720425876755
Gm20033,0.3228170853596122,0.6419773081446285,-0.012422680356158289,0.9874783629495936,-0.18925453211263066,0.8697821617957789,Gm20033,FALSE,FALSE,FALSE,FALSE,0.17483143260946704,FALSE,FALSE,0.04647353860544846
Arhgef17,-0.22602194201101966,0.19490713897859338,-0.25038513132626417,0.19408075036569183,0.04789877137189169,0.8724691799258102,Arhgef17,FALSE,FALSE,FALSE,FALSE,0.1747686149030585,FALSE,FALSE,0.04645655348296213
Prps2,0.315144992984262,0.11914195790133446,0.17454172343020335,0.41663368667781486,0.0345543317189998,0.9245961247180302,Prps2,FALSE,FALSE,FALSE,FALSE,0.1747470160444884,FALSE,FALSE,0.04645071342162668
Arl14ep,0.20289404995767502,0.19672069719442825,0.20498199288503738,0.2286449172495044,0.11629185888758542,0.6120521966758661,Arl14ep,FALSE,FALSE,FALSE,FALSE,0.17472263391009926,FALSE,FALSE,0.04644412079730538
Rufy4,0.2933245129988409,0.486383238730789,-0.02012193971761489,0.9699133989087664,0.21069940029822387,0.7337536614018672,Rufy4,FALSE,FALSE,FALSE,FALSE,0.17471528433822656,FALSE,FALSE,0.04644213356495296
Fam189a1,0.15133644984124262,0.5890762055189797,0.22316748257985397,0.4230665736848034,0.149598622361788,0.7024748625539515,Fam189a1,FALSE,FALSE,FALSE,FALSE,0.17470085159429485,FALSE,FALSE,0.0464382311314273
Gss,-0.09583645393091667,0.5890762055189797,-0.17488683424480467,0.33073118430665005,-0.2533154805532414,0.2753563476378365,Gss,FALSE,FALSE,FALSE,FALSE,0.1746795895763209,FALSE,FALSE,0.04643248214757798
Abhd4,-0.2714471560448599,0.11159031869133879,-0.13754776370748178,0.4388953294559892,-0.11499092350780149,0.6341059812141951,Abhd4,FALSE,FALSE,FALSE,FALSE,0.17466194775338106,FALSE,FALSE,0.04642771201920739
Sh3rf3,0.07604035011790211,0.8045991754029892,0.2534949325511566,0.36688149863218456,0.19438637196750586,0.613576434981426,Sh3rf3,FALSE,FALSE,FALSE,FALSE,0.17464055154552152,FALSE,FALSE,0.0464219267520906
Slc16a10,0.19584284169988497,0.611885015584259,-0.1666666810013745,0.699775373375869,-0.16136379959141456,0.7845141080800963,Slc16a10,FALSE,FALSE,FALSE,FALSE,0.17462444076422468,FALSE,FALSE,0.046417570598239685
Foxred2,-0.3421022712764845,0.13830814166299507,-0.17037600081904358,0.47772510830787523,-0.011330967416556703,0.9777439792921963,Foxred2,FALSE,FALSE,FALSE,FALSE,0.1746030798373616,FALSE,FALSE,0.04641179487066327
Ccdc120,-0.08232971449300575,0.7205347343738169,0.2114870689608086,0.3184189296125935,0.2299896617206021,0.40419118461229764,Ccdc120,FALSE,FALSE,FALSE,FALSE,0.17460214839147215,FALSE,FALSE,0.0464115430193394
Get4,-0.16938836840831595,0.2614998351485056,-0.28361706370458784,0.1136876774354766,-0.07071681696810472,0.7542311804984544,Get4,FALSE,FALSE,FALSE,FALSE,0.17457408302700284,FALSE,FALSE,0.04640395449565096
Sap30l,-0.223290726791463,0.3596770764673184,-0.27319224851865664,0.2864390792402938,0.027159182691968375,0.9490386880259917,Sap30l,FALSE,FALSE,FALSE,FALSE,0.174547386000696,FALSE,FALSE,0.04639673595349514
4732487G21Rik,0.23829569606359025,0.5659475437646017,0.08054356358461856,0.8655172189277051,0.20470179246946707,0.7282259871830647,4732487G21Rik,FALSE,FALSE,FALSE,FALSE,0.1745136840392253,FALSE,FALSE,0.04638762336444443
Oraov1,-0.11948154972880864,0.4831848480263123,-0.29477630289787093,0.12874311328073743,-0.10927981597781855,0.6482494476695445,Oraov1,FALSE,FALSE,FALSE,FALSE,0.17451255620149939,FALSE,FALSE,0.046387318411223205
Hecw1,-0.13727074731383215,0.6700313575526734,-0.13621033924974757,0.686915146320828,0.2498592921791878,0.5307701601236419,Hecw1,FALSE,FALSE,FALSE,FALSE,0.17444679291425583,FALSE,FALSE,0.04636953684050379
Smad6,0.1179643421860832,0.75699685456821,0.05267805385354629,0.8982786233582888,0.3526802308488919,0.4411571550032388,Smad6,FALSE,FALSE,FALSE,FALSE,0.17444087562950714,FALSE,FALSE,0.04636793688068371
Dda1,-0.288143229527142,0.04208623677195763,-0.14166764141260835,0.29588738892291083,-0.0934143438854882,0.610563642235448,Dda1,FALSE,FALSE,FALSE,FALSE,0.17440840494174617,FALSE,FALSE,0.04635915721265113
Parg,0.20521904149823467,0.13254425521005692,0.20634979838033374,0.17277913724223126,0.1115668593034993,0.5700228149435639,Parg,FALSE,FALSE,FALSE,FALSE,0.17437856639402258,FALSE,FALSE,0.04635108924237849
Jtb,0.2806061895064804,0.06722323009362983,0.14083996466268278,0.3678254631535234,-0.1016751257110311,0.639752710530261,Jtb,FALSE,FALSE,FALSE,FALSE,0.17437375996006477,FALSE,FALSE,0.04634978964272478
Dtnbp1,0.1793940784064172,0.35950023546855425,0.2175513481953093,0.2900276366190269,0.12610786229927085,0.6568313961180888,Dtnbp1,FALSE,FALSE,FALSE,FALSE,0.17435109630033244,FALSE,FALSE,0.04634366167246686
Rnf25,-0.25449024171504053,0.1348692214781984,-0.1341816022878799,0.44970579099565255,-0.13437899748499493,0.5716918149773088,Rnf25,FALSE,FALSE,FALSE,FALSE,0.1743502804959718,FALSE,FALSE,0.046343441089166666
Arpc1b,-0.2563738778067952,0.21864932117356495,-0.1531323161119751,0.4863243283091053,-0.11338533480613133,0.7088382059094462,Arpc1b,FALSE,FALSE,FALSE,FALSE,0.17429717624163388,FALSE,FALSE,0.04632908236268582
Luc7l3,0.16521573265955336,0.41457316504735503,0.27237981940022227,0.2136427845489922,0.08517579580555168,0.787969696283249,Luc7l3,FALSE,FALSE,FALSE,FALSE,0.1742571159551091,FALSE,FALSE,0.0463182505620302
Rbm15b,-0.25255654266962324,0.09250819637498128,-0.16431241406585695,0.2940906381589807,-0.10586767137005992,0.6191264846276101,Rbm15b,FALSE,FALSE,FALSE,FALSE,0.1742455427018467,FALSE,FALSE,0.0463151212990331
Cct5,-0.131345079663296,0.36224987140351866,-0.09460771840316529,0.5540398345052084,-0.2967487089524905,0.14276280291425258,Cct5,FALSE,FALSE,FALSE,FALSE,0.17423383567298392,FALSE,FALSE,0.04631195586478607
Chid1,-0.061789574430851424,0.7035256581551068,-0.21930285459941778,0.18912960776311086,-0.24146434294537844,0.24869916896679856,Chid1,FALSE,FALSE,FALSE,FALSE,0.17418559065854922,FALSE,FALSE,0.046298911016026414
Repin1,-0.257115761112229,0.05680961022878276,-0.12791273508695422,0.343459185323718,-0.13737577675576151,0.43795994411519684,Repin1,FALSE,FALSE,FALSE,FALSE,0.17413475765164824,FALSE,FALSE,0.04628516640645812
Bgn,0.23445372236636874,0.5482802561842882,0.05961613064143556,0.8960844905744875,0.22831883105133155,0.6798613120520077,Bgn,FALSE,FALSE,FALSE,FALSE,0.17412956135304528,FALSE,FALSE,0.046283761392278314
A2m,-0.32757760131735036,0.30642648715077764,-0.12919123630793816,0.7144916469297542,0.0654878677081765,0.9023575418873587,A2m,FALSE,FALSE,FALSE,FALSE,0.17408556844448833,FALSE,FALSE,0.04627186625978956
Ankrd13b,-0.36502148000420753,0.2139532176717297,-0.14456657103524106,0.6409008310470077,-0.012559116160849815,0.9799428752071496,Ankrd13b,FALSE,FALSE,FALSE,FALSE,0.1740490557334328,FALSE,FALSE,0.04626199367919019
Pirb,-0.17607940685354606,0.7671353800423183,0.2939299974483659,0.5917554420006292,-0.05213763114954312,0.9575364094318232,Pirb,FALSE,FALSE,FALSE,FALSE,0.17404901181715168,FALSE,FALSE,0.0462619818047768
Scnn1b,-0.15697672576328303,0.6159529876749804,-0.2889649171206923,0.3620679935066433,-0.07617429946473653,0.8766490443993098,Scnn1b,FALSE,FALSE,FALSE,FALSE,0.17403864744957062,FALSE,FALSE,0.04625917940935484
Epn2,-0.305730411299745,0.03864412666210684,-0.19937954986344408,0.1711451365806752,-0.016943534518164327,0.943091298966036,Epn2,FALSE,FALSE,FALSE,FALSE,0.17401783189378447,FALSE,FALSE,0.04625355114329958
Srpx2,0.11491912430544832,0.8206092916645426,-0.3587129950187889,0.48247069605406645,0.04841025899946366,0.9531333652183723,Srpx2,FALSE,FALSE,FALSE,FALSE,0.1740141261079003,FALSE,FALSE,0.04625254914512503
Hps1,-0.13666212940566425,0.503799605638951,-0.22890016503362354,0.2796799110159658,-0.15629075387440494,0.5805166955400937,Hps1,FALSE,FALSE,FALSE,FALSE,0.17395101610456423,FALSE,FALSE,0.0462354849892037
Tmem132b,0.26293959432031855,0.09323530900549971,0.08447487678988086,0.6220312083730494,0.17441949925411393,0.41504127410235697,Tmem132b,FALSE,FALSE,FALSE,FALSE,0.17394465678810445,FALSE,FALSE,0.046233765509535084
Rraga,0.27872353674990524,0.16474236033228903,0.18006504510294707,0.40438065323359035,0.06290254225929726,0.8515673023102216,Rraga,FALSE,FALSE,FALSE,FALSE,0.17389704137071652,FALSE,FALSE,0.04622089089594586
Ube2s,-0.22667214529117174,0.20165267299323006,-0.2619294432665189,0.1796174039862061,-0.03283889843417587,0.9141851175332956,Ube2s,FALSE,FALSE,FALSE,FALSE,0.17381349566395551,FALSE,FALSE,0.04619830118129895
Slc12a4,-0.12949379501215397,0.5656557184502836,-0.32298612294198126,0.17960477993583024,0.06891625878339269,0.8422929972547748,Slc12a4,FALSE,FALSE,FALSE,FALSE,0.17379872557917597,FALSE,FALSE,0.04619430753502536
Hcn3,-0.4032977353030076,0.33968187686488355,-0.0714987037644288,0.8781640176836818,0.04654436147726737,0.9473905421678069,Hcn3,FALSE,FALSE,FALSE,FALSE,0.17378026684823458,FALSE,FALSE,0.04618931652494387
Gm15884,0.06998085868502213,0.9191945323467258,0.24003722202603978,0.7069655395999994,0.21131213654690684,0.8112464271108386,Gm15884,FALSE,FALSE,FALSE,FALSE,0.1737767390859896,FALSE,FALSE,0.04618836266213576
Bbs5,0.11905177741986162,0.49538439005261825,0.32962745507376834,0.09929258124758207,0.07251831100929618,0.781625710296795,Bbs5,FALSE,FALSE,FALSE,FALSE,0.17373251450097538,FALSE,FALSE,0.0461764048872293
St14,-0.3702490565095333,0.06908607395486904,-0.053984394813967995,0.8109287237640898,-0.09691889828202971,0.7371732175218635,St14,FALSE,FALSE,FALSE,FALSE,0.17371744986851034,FALSE,FALSE,0.04617233159894389
Ywhag,-0.24640947427007642,0.07788469626842366,-0.1347207837390343,0.35224985266492087,-0.14000467679704265,0.46186011699147894,Ywhag,FALSE,FALSE,FALSE,FALSE,0.17371164493538446,FALSE,FALSE,0.046170762017598045
Gad2,-0.2027699319618046,0.6669943174551419,0.1179399676187396,0.8225259967051606,-0.20027562626358808,0.7712035767092684,Gad2,FALSE,FALSE,FALSE,FALSE,0.1736618419480441,FALSE,FALSE,0.04615729591244197
Ick,0.17711106646071428,0.3070601113126981,0.12589594874172239,0.5011427461935131,0.2178903685275202,0.3576453725287247,Ick,FALSE,FALSE,FALSE,FALSE,0.17363246124331896,FALSE,FALSE,0.04614935173719231
6430548M08Rik,-0.3108890154586872,0.12763627973334263,-0.06028528666982513,0.8027048352950934,-0.14957665280899857,0.613576434981426,6430548M08Rik,FALSE,FALSE,FALSE,FALSE,0.17358365164583697,FALSE,FALSE,0.046136154232234904
Slc35e3,-0.248096582514167,0.23589117674275248,-0.13062672070463632,0.5554821041720486,-0.142023602630442,0.629283199765418,Slc35e3,FALSE,FALSE,FALSE,FALSE,0.17358230194974844,FALSE,FALSE,0.046135789291286027
Susd1,-0.2985302492281523,0.17162944950697878,-0.1601976743123208,0.4823706333506368,0.06200444436908992,0.8575134134296389,Susd1,FALSE,FALSE,FALSE,FALSE,0.17357745596985433,FALSE,FALSE,0.04613447899890552
Fer,0.2158006338654621,0.14429845181019418,0.22928006063049455,0.1614697989523934,0.07558557722207127,0.73647889380471665,Fer,FALSE,FALSE,FALSE,FALSE,0.1735554239060093,FALSE,FALSE,0.04612852180427953
Otulinl,-0.08460018796736857,0.7576650592677394,-0.09973434641684609,0.7209097391875158,0.33626873490757614,0.28462516900839446,Otulinl,FALSE,FALSE,FALSE,FALSE,0.1735344230972636,FALSE,FALSE,0.04612284344813998
Atp5f1,0.357211821195043,0.0748041127492097,0.1407629285039187,0.5034347206004036,-0.022598498124979827,0.9499608093582547,Atp5f1,FALSE,FALSE,FALSE,FALSE,0.17352441594131385,FALSE,FALSE,0.046120137638277374
Afg3l1,-0.12311945308268246,0.44162226816821165,-0.26769945279162233,0.13849670483220658,-0.1295365818544436,0.5662206437254897,Afg3l1,FALSE,FALSE,FALSE,FALSE,0.17345182924291613,FALSE,FALSE,0.04610051110248594
Npnt,0.12235214704658048,0.7436259240095232,-0.08983958988962604,0.8272276676729692,-0.3080669082719809,0.541217482229437,Npnt,FALSE,FALSE,FALSE,FALSE,0.17341954840272913,FALSE,FALSE,0.046091782766863945
Nasp,-0.25309682711753734,0.10124254052886789,-0.07379516049978374,0.6542423597567837,-0.19336514377693614,0.3406066709859653,Nasp,FALSE,FALSE,FALSE,FALSE,0.17341904379808573,FALSE,FALSE,0.046091646328076774
Mydgf,0.02541734012587593,0.8508503724960246,-0.2135100165856354,0.12885169162764676,-0.28127674397679403,0.10587311825679453,Mydgf,FALSE,FALSE,FALSE,FALSE,0.17340136689610178,FALSE,FALSE,0.0460868667147712
Asb8,-0.277843602664559,0.10850433557332709,-0.14216034431997748,0.4216245473087002,-0.10016574573850612,0.6798613120520077,Asb8,FALSE,FALSE,FALSE,FALSE,0.17338989757434753,FALSE,FALSE,0.046083765553554576
Aif1,-0.11490237892398292,0.8075516381061104,-0.278080815683718,0.5473071033304687,0.12709956343716877,0.8456575319761501,Aif1,FALSE,FALSE,FALSE,FALSE,0.1733609193482899,FALSE,FALSE,0.04607593020350496
Etfa,0.2701119663240892,0.1095713764201605,0.17151401949844836,0.3329740528993576,0.0784380484499776,0.760494657762592,Etfa,FALSE,FALSE,FALSE,FALSE,0.17335467809083838,FALSE,FALSE,0.04607424264551624
Zfp91,0.1876837409883816,0.14988098816451542,0.1847244599122453,0.1958063180562044,0.1475636894231256,0.419459389695493,Zfp91,FALSE,FALSE,FALSE,FALSE,0.1733239634412508,FALSE,FALSE,0.046065937788252326
Lgi3,-0.04191691174431522,0.9131371310943561,-0.4484007670686738,0.2178226764266484,0.02955337185499518,0.9609730014174996,Lgi3,FALSE,FALSE,FALSE,FALSE,0.1732903502226614,FALSE,FALSE,0.04605684919416728
Limd2,-0.17226527068454311,0.4886084935939737,-0.2903029385916347,0.26318701548325507,-0.05726023341213882,0.8867698704710916,Limd2,FALSE,FALSE,FALSE,FALSE,0.1732761475627722,FALSE,FALSE,0.04605300897249028
Gm26549,0.02526225080167814,0.9633944140414997,0.0801699946444153,0.8824788452123257,-0.4143099908878183,0.5455728975988413,Gm26549,FALSE,FALSE,FALSE,FALSE,0.1732474121113039,FALSE,FALSE,0.04604523926565453
Gab1,-0.36894425019364885,0.06710886742837954,-0.1467095355125343,0.4675241221304672,0.004052206078034359,0.9901796608639275,Gab1,FALSE,FALSE,FALSE,FALSE,0.17323533059473917,FALSE,FALSE,0.04604197257461461
Rgs19,0.30945146435781545,0.22513308437114007,0.14394768478054143,0.6139424138566584,0.06615172995125551,0.8799267906886293,Rgs19,FALSE,FALSE,FALSE,FALSE,0.17318362636320414,FALSE,FALSE,0.04602799239679704
Gm26384,0.29460102891743967,0.5239875594420885,0.10381045736507426,0.8475592612115189,-0.12106745333467053,0.87788908615666,Gm26384,FALSE,FALSE,FALSE,FALSE,0.1731596465390615,FALSE,FALSE,0.04602150855213683
Uckl1,-0.08484658604315864,0.6605113968486368,-0.23746270566662897,0.22888257458725203,-0.1970797668876596,0.4382769425768566,Uckl1,FALSE,FALSE,FALSE,FALSE,0.17312968619914906,FALSE,FALSE,0.046013407650778944
Spag16,0.3129536331978169,0.5637291843756155,-0.015984920982863457,0.9812408620621814,0.19035911715286413,0.817085622406409,Spag16,FALSE,FALSE,FALSE,FALSE,0.17309922377784814,FALSE,FALSE,0.04600517099289047
Nubp2,-0.12389919297298047,0.5013377423296963,-0.2726604530301362,0.17133023363396024,-0.12269512606121147,0.6320124235538501,Nubp2,FALSE,FALSE,FALSE,FALSE,0.1730849240214427,FALSE,FALSE,0.046001304517529346
Gclm,0.2512021995927034,0.14534963718417998,0.11592448318351689,0.5377306469440382,0.15212773994111028,0.5349415125182857,Gclm,FALSE,FALSE,FALSE,FALSE,0.17308480757244352,FALSE,FALSE,0.04600127303117577
Cwf19l1,-0.1410534622280184,0.5135034918213709,-0.11213665570793596,0.6220312083730494,-0.26604424739050536,0.3539685131132557,Cwf19l1,FALSE,FALSE,FALSE,FALSE,0.17307812177548657,FALSE,FALSE,0.04599946527526227
Ablim2,-0.24522941434036571,0.3615287488469032,-0.22498274363302517,0.42279209745396906,0.04898781234223293,0.9110473792537256,Ablim2,FALSE,FALSE,FALSE,FALSE,0.1730666567718746,FALSE,FALSE,0.045996365281617345
Mx2,0.18554412567484113,0.7118419401726043,-0.11599101315698893,0.836914532256226,0.2175428455792382,0.7521285657952722,Mx2,FALSE,FALSE,FALSE,FALSE,0.1730259948036894,FALSE,FALSE,0.045985370793762775
Gm44148,-0.23498839211142303,0.6724596760751059,0.18643705437991737,0.7357075440648443,-0.09756756203893065,0.9097708286991968,Gm44148,FALSE,FALSE,FALSE,FALSE,0.17299766951009035,FALSE,FALSE,0.045977711988487206
Ctss,-0.14603985683504916,0.5542983013093468,-0.08965606545006821,0.7402939903293799,-0.2832773948304004,0.3919606964275855,Ctss,FALSE,FALSE,FALSE,FALSE,0.1729911057051726,FALSE,FALSE,0.045975937217696
Gpc1,-0.2639105259914327,0.11878371677993302,-0.15069508446993707,0.38323071210232573,-0.10434920808592896,0.6582059292028876,Gpc1,FALSE,FALSE,FALSE,FALSE,0.17298493951576624,FALSE,FALSE,0.04597426995716822
Rnf168,0.17050991276806027,0.2220468742636725,0.2537269640340831,0.12238575199801029,0.09468117439466095,0.6450794897336568,Rnf168,FALSE,FALSE,FALSE,FALSE,0.17297268373226812,FALSE,FALSE,0.045970956146528144
Rngtt,0.19942266495756744,0.2681381681305782,0.2612272973885661,0.18734420235759502,0.05822016133948971,0.8460426672301978,Rngtt,FALSE,FALSE,FALSE,FALSE,0.17295670789520776,FALSE,FALSE,0.04596663647991175
Phf6,0.21059658948752613,0.28587385365243406,0.1953186104445459,0.359477374962766,0.11288958103331126,0.7065586214069475,Phf6,FALSE,FALSE,FALSE,FALSE,0.1729349269884611,FALSE,FALSE,0.04596074719502527
Nfkbiz,-0.09972811981077578,0.7511953652851115,0.27544605450117965,0.3343208573142701,-0.14355831102308425,0.73647889380471665,Nfkbiz,FALSE,FALSE,FALSE,FALSE,0.17291082844501324,FALSE,FALSE,0.04595423125014912
Smarcal1,-0.16158699890764794,0.2702159909007111,-0.2400963202781936,0.15036703046960742,-0.11702932715301628,0.582654613205264,Smarcal1,FALSE,FALSE,FALSE,FALSE,0.17290421544628595,FALSE,FALSE,0.045952443177966824
Rhot1,0.1832106057671714,0.21870156432208357,0.21049690472765636,0.19731318871643802,0.12491491424567336,0.5606122350614989,Rhot1,FALSE,FALSE,FALSE,FALSE,0.17287414158016703,FALSE,FALSE,0.04594431158054197
Slc15a2,-0.19583361733422322,0.5087840805981376,0.14322681126062164,0.6441978470382899,0.1795286829899041,0.6568162827994869,Slc15a2,FALSE,FALSE,FALSE,FALSE,0.17286303719491633,FALSE,FALSE,0.04594130909359359
Paqr7,-0.21585638241070715,0.3801298221509617,-0.287986412320957,0.2698096102445253,-0.01469222738963527,0.9733478957736887,Paqr7,FALSE,FALSE,FALSE,FALSE,0.17284500737376648,FALSE,FALSE,0.04593643405535764
Cndp2,-0.1857967544719168,0.2586627211219247,-0.11872046376718348,0.5001203844487973,-0.21398489356300132,0.34206053715457885,Cndp2,FALSE,FALSE,FALSE,FALSE,0.1728340372673672,FALSE,FALSE,0.04593346787573198
Cpz,-0.11677525129343236,0.8439249922798225,-0.2356029090927323,0.6912318240755303,-0.16612069307884036,0.8450608388222353,Cpz,FALSE,FALSE,FALSE,FALSE,0.17283295115500166,FALSE,FALSE,0.045933174204526556
Lrrc61,0.1099681553267513,0.6611767686287496,-0.11362242289516722,0.6747301372369972,0.29486167335664115,0.3462400621824429,Lrrc61,FALSE,FALSE,FALSE,FALSE,0.17281741719285323,FALSE,FALSE,0.04592897401536217
Catip,0.007086927103352125,0.9893815458974934,-0.2869381832433978,0.5979234642233446,-0.22416757576605817,0.7656749554956809,Catip,FALSE,FALSE,FALSE,FALSE,0.17273089537093603,FALSE,FALSE,0.04590557959638345
Ramp2,0.07941771434282519,0.872651115682085,0.14079938116482094,0.7733026504052077,0.2978642050982163,0.6140787433215946,Ramp2,FALSE,FALSE,FALSE,FALSE,0.1726937668686208,FALSE,FALSE,0.04589554051352588
Cklf,-0.1336945735569699,0.7035256581551068,0.3671083616798574,0.24898515650683883,0.017158739755599894,0.9761707433445408,Cklf,FALSE,FALSE,FALSE,FALSE,0.17265389166414238,FALSE,FALSE,0.04588475875674176
Gm6277,-0.11321328442453815,0.688747382246159,0.15416423163969828,0.5708139692886482,0.2505641317455314,0.46186011699147894,Gm6277,FALSE,FALSE,FALSE,FALSE,0.17264721593658927,FALSE,FALSE,0.04588295372346918
4732414G09Rik,-0.34302046105214123,0.36224987140351866,0.025429066109034615,0.9532535306953184,-0.149351812467017,0.7866121764372253,4732414G09Rik,FALSE,FALSE,FALSE,FALSE,0.17260044654273096,FALSE,FALSE,0.045870307864065644
Bub1b,0.07668528787654627,0.8825153956726235,0.18512103931228618,0.7068558117874413,0.25598320616303716,0.6866900828017634,Bub1b,FALSE,FALSE,FALSE,FALSE,0.17259651111728988,FALSE,FALSE,0.04586924377422579
Dopey2,-0.20294151596583543,0.33968187686488355,-0.1637410722654007,0.4791842439869004,-0.15105596195469317,0.629283199765418,Dopey2,FALSE,FALSE,FALSE,FALSE,0.1725795167286431,FALSE,FALSE,0.045864648703994024
Morc1,0.250610000377394,0.7296629663442217,0.009616864344636378,0.9899337335692144,0.2573701209653604,0.8004555289780123,Morc1,FALSE,FALSE,FALSE,FALSE,0.1725323285624636,FALSE,FALSE,0.0458518896137902
Ppp2r1b,-0.30046703587950496,0.0491949323243061,-0.13223658415037143,0.375334969264717,-0.08479671609001382,0.6813412246544414,Ppp2r1b,FALSE,FALSE,FALSE,FALSE,0.1725001120399634,FALSE,FALSE,0.04584317866886664
Mnd1,0.15457964900137816,0.7506778810445424,-0.1569849975880353,0.7657765098525056,-0.2058699523052982,0.7700562878232969,Mnd1,FALSE,FALSE,FALSE,FALSE,0.17247819963157054,FALSE,FALSE,0.04583725382757902
A930033H14Rik,-0.20674899375580427,0.6358311008596417,-0.2649200333826267,0.5539188769424804,-0.0457604613446719,0.9498958392426964,A930033H14Rik,FALSE,FALSE,FALSE,FALSE,0.1724764961610343,FALSE,FALSE,0.045836793230442256
Ash1l,0.18697463153456617,0.13850453621688583,0.1655583469737163,0.22657869801253608,0.16485503719903072,0.34662257591845974,Ash1l,FALSE,FALSE,FALSE,FALSE,0.17246267190243772,FALSE,FALSE,0.045833055323744126
Exoc3,-0.12899402046231945,0.2483852384843857,-0.21030989059289684,0.1156090072283418,-0.17806567027685283,0.2511398158114848,Exoc3,FALSE,FALSE,FALSE,FALSE,0.1724565271106897,FALSE,FALSE,0.04583139384887565
Dph2,-0.1162586231848115,0.5773584187228904,-0.14194425734832317,0.5030360398158514,-0.2591526668172377,0.3432649799986327,Dph2,FALSE,FALSE,FALSE,FALSE,0.1724518491167908,FALSE,FALSE,0.045830128977808145
Gadd45a,-0.14975416227576943,0.4873510925299991,-0.08884672449697284,0.7056812886675062,-0.27871255361766156,0.3333476334290978,Gadd45a,FALSE,FALSE,FALSE,FALSE,0.17243781346346795,FALSE,FALSE,0.045826333912618825
Map6,-0.27841980199503347,0.12690701194085083,-0.18755831330219852,0.31880725521200803,0.051251462833104,0.8594400507660206,Map6,FALSE,FALSE,FALSE,FALSE,0.17240985937677866,FALSE,FALSE,0.045818775477050946
Map1s,-0.444974370611944,0.0297170459751871,-0.07089224735955124,0.7177084008518264,0.0013083867742649247,0.9958136259774507,Map1s,FALSE,FALSE,FALSE,FALSE,0.17239166824858673,FALSE,FALSE,0.04581385682340742
Mycn,-0.035963738198734774,0.9388389002837089,-0.3551138352191616,0.40438065323359035,-0.12604367580730447,0.8418355745169922,Mycn,FALSE,FALSE,FALSE,FALSE,0.1723737497417336,FALSE,FALSE,0.04580901188316568
Car8,0.3728818142953356,0.12698918626437802,0.04981732076635481,0.8661254707814015,0.09440504761829072,0.8078027986058567,Car8,FALSE,FALSE,FALSE,FALSE,0.17236806089332704,FALSE,FALSE,0.04580747368967668
Gm2420,0.026063968489576705,0.9817669632929185,0.4191801023040469,0.6934321841329113,-0.07180400207694082,0.9688448947437457,Gm2420,FALSE,FALSE,FALSE,FALSE,0.17234935762352147,FALSE,FALSE,0.04580241655934345
Pik3r4,-0.18621787204771678,0.29492097827987857,-0.18588565427745252,0.32918917960825034,-0.14494315867774965,0.5731228592835709,Pik3r4,FALSE,FALSE,FALSE,FALSE,0.17234889500097297,FALSE,FALSE,0.045802291471989894
Eif4a3,-0.1991704111145367,0.11339873037737117,-0.13129153414099903,0.32322488662811827,-0.18647318478208064,0.27598180914647175,Eif4a3,FALSE,FALSE,FALSE,FALSE,0.17231171001253878,FALSE,FALSE,0.04579223711599193
Sdk2,0.08234747309288526,0.7807176111123362,-0.028527405639708903,0.9309406360441068,0.40604067030595203,0.2549280372195607,Sdk2,FALSE,FALSE,FALSE,FALSE,0.17230518301284872,FALSE,FALSE,0.04579047229687416
Gpn2,-0.24968879222536478,0.31244244807873656,-0.2557386040955518,0.3197811727273806,0.011147488223717694,0.9790346417318468,Gpn2,FALSE,FALSE,FALSE,FALSE,0.17219162818154476,FALSE,FALSE,0.04575976849011516
Tpbg,-0.2072508962472499,0.31294563143130455,-0.11057353267509251,0.6161807430671209,-0.1987042106963841,0.47962962210197746,Tpbg,FALSE,FALSE,FALSE,FALSE,0.17217621320624218,FALSE,FALSE,0.04575560047350636
Snx14,0.2641983232854601,0.08896150107880828,0.1858074921083821,0.25559786306538573,0.06649479441518658,0.7798514780834049,Snx14,FALSE,FALSE,FALSE,FALSE,0.17216686993634292,FALSE,FALSE,0.04575307417013212
Gm5602,-0.2622964971068108,0.7328176765564574,-0.0015741715050917593,0.9983416226958303,0.25230639066724264,0.8034181599254954,Gm5602,FALSE,FALSE,FALSE,FALSE,0.17205901975971508,FALSE,FALSE,0.0457239128306798
Taf13,0.32626993611334765,0.09938091618229451,0.18649927457899107,0.3648924883306366,0.0033940898878253023,0.9918215601205835,Taf13,FALSE,FALSE,FALSE,FALSE,0.17205443352672134,FALSE,FALSE,0.04572267277061389
Apod,0.053338068173756525,0.9160763849140325,-0.13134148766038667,0.7971996628438263,0.33140083235289897,0.5948197670713311,Apod,FALSE,FALSE,FALSE,FALSE,0.1720267960623474,FALSE,FALSE,0.04571519994576177
L3mbtl2,-0.26546000987119456,0.19627329670579088,-0.20302858113181355,0.3436395519281621,-0.04758774699636348,0.8883104013726818,L3mbtl2,FALSE,FALSE,FALSE,FALSE,0.17202544599979053,FALSE,FALSE,0.045714834905724436
Cgrrf1,0.2647217776927322,0.14988098816451542,0.224764332713419,0.2523705404310421,0.02631966558287946,0.9369141997487906,Cgrrf1,FALSE,FALSE,FALSE,FALSE,0.1719352586630102,FALSE,FALSE,0.04569044937735181
Adck5,-0.2868340706653836,0.1074971446676294,-0.13532175727108342,0.4517942270575938,-0.09347546307323285,0.7068203574972085,Adck5,FALSE,FALSE,FALSE,FALSE,0.17187709700323328,FALSE,FALSE,0.045674723191666294
Trim11,-0.3615013952256385,0.03709196898568159,-0.08814678610970805,0.5872668347363037,-0.06590088341577172,0.7712035767092684,Trim11,FALSE,FALSE,FALSE,FALSE,0.17184968825037275,FALSE,FALSE,0.045667312207548126
Ephb3,-0.3303569088286151,0.33477776941930737,0.07391093580969965,0.8432828816892893,-0.11126525860328451,0.8308422656853652,Ephb3,FALSE,FALSE,FALSE,FALSE,0.17184436774719977,FALSE,FALSE,0.045665873610005354
Msrb1,-0.2677803073647924,0.2659285060393898,-0.15787346179708228,0.5302591105944995,-0.08965821321098577,0.803504983285697,Msrb1,FALSE,FALSE,FALSE,FALSE,0.1717706607909535,FALSE,FALSE,0.04564594417049677
Lama4,0.26731623178071473,0.35731424879759777,-0.035159457127422744,0.9225859839418918,0.2127319349267185,0.6080566140115197,Lama4,FALSE,FALSE,FALSE,FALSE,0.17173587461161866,FALSE,FALSE,0.04563653842249014
Actn1,-0.2645506539165545,0.19762873817541027,-0.09846237353619536,0.6674159703891981,0.15217794183180455,0.6001989332648494,Actn1,FALSE,FALSE,FALSE,FALSE,0.17173032309485148,FALSE,FALSE,0.04563503736175955
Plekhg3,-0.24715530544137554,0.390499724247095,-0.1767721366075259,0.5688641447726014,-0.09125440013413222,0.8438817055185068,Plekhg3,FALSE,FALSE,FALSE,FALSE,0.17172728072767787,FALSE,FALSE,0.04563421474371049
Aldh1a2,-0.18441255572316706,0.36711116796706467,-0.10376141160687702,0.6503938807508584,-0.22700692127571642,0.4259461864510958,Aldh1a2,FALSE,FALSE,FALSE,FALSE,0.17172696286858682,FALSE,FALSE,0.04563412879858604
Snrpa1,-0.2642048089256215,0.2428294292131633,-0.1375754276960124,0.5642705247253021,-0.11339355491178171,0.7298672384813677,Snrpa1,FALSE,FALSE,FALSE,FALSE,0.1717245971778052,FALSE,FALSE,0.04563348914537379
Gm20257,-0.013879273896990618,0.9564954370186837,-0.11210760258135322,0.6362974791531366,-0.3891363457410253,0.19973327550083986,Gm20257,FALSE,FALSE,FALSE,FALSE,0.1717077407397897,FALSE,FALSE,0.045628931375268106
4930524O07Rik,-0.1456863803571704,0.657700757456528,-0.06970044784256357,0.8453583419013098,-0.2996246504464092,0.4882340053460702,4930524O07Rik,FALSE,FALSE,FALSE,FALSE,0.17167049288204772,FALSE,FALSE,0.04561886002019529
B230206L02Rik,0.12909088351015297,0.7730470177324619,-0.3228617739714903,0.4785243845111755,0.06299304184454456,0.9307249095541381,B230206L02Rik,FALSE,FALSE,FALSE,FALSE,0.1716485664420626,FALSE,FALSE,0.04561293138494054
Atp13a1,-0.19515712681042618,0.17931029424245096,-0.18986282192604342,0.22677488093531006,-0.12990554377528074,0.5295898931958759,Atp13a1,FALSE,FALSE,FALSE,FALSE,0.17164183083725013,FALSE,FALSE,0.04561111016160558
Fam160b1,0.23403094096490484,0.12204816815082599,0.1859832443892815,0.2503526679546386,0.09472031884548748,0.66822570591719,Fam160b1,FALSE,FALSE,FALSE,FALSE,0.17157816806655793,FALSE,FALSE,0.04559389654430168
Rimklb,0.15355122579549274,0.45986635892239,0.2597872583609724,0.22238736465439132,0.10138855019431903,0.7388469460895963,Rimklb,FALSE,FALSE,FALSE,FALSE,0.17157567811692806,FALSE,FALSE,0.0455932232930503
Rwdd2a,0.17703230695491023,0.526466203656499,0.14883806932381782,0.6160626445580645,0.18873312903758044,0.6229905258072275,Rwdd2a,FALSE,FALSE,FALSE,FALSE,0.17153450177210283,FALSE,FALSE,0.04558208972418284
Zfp526,-0.32701884442713425,0.14296828782390936,-0.17674210880161656,0.44442351035118655,0.010824382388967102,0.9777503992234355,Zfp526,FALSE,FALSE,FALSE,FALSE,0.17152844520590596,FALSE,FALSE,0.045580452104400426
Snhg18,0.4176212275265838,0.023478178854300733,0.030698027067871614,0.868540875224583,-0.06610365088658021,0.7853473577292891,Snhg18,FALSE,FALSE,FALSE,FALSE,0.17147430182701187,FALSE,FALSE,0.04556581241163039
Apc,0.23430306762620035,0.09431191754459184,0.17742768270756493,0.23216899582041275,0.1025836585832165,0.607299144723091,Apc,FALSE,FALSE,FALSE,FALSE,0.1714381363056606,FALSE,FALSE,0.0455560337067866
Klf13,-0.376404480091316,0.06436363411386656,-0.1150313937792431,0.5896391964675005,-0.022868635124178027,0.9489372173629814,Klf13,FALSE,FALSE,FALSE,FALSE,0.17143483633157905,FALSE,FALSE,0.04555514143505015
Hexim1,-0.24979255693297375,0.12753705213631594,-0.16051552465687724,0.3560584337408121,-0.10398404103248549,0.6638082036321433,Hexim1,FALSE,FALSE,FALSE,FALSE,0.17143070754077883,FALSE,FALSE,0.04555402506163457
Col18a1,-0.15060323039355605,0.4406728016497279,-0.2244798160299748,0.27475301050267664,0.139190339477409,0.6070911601695577,Col18a1,FALSE,FALSE,FALSE,FALSE,0.17142446196697994,FALSE,FALSE,0.04555233633655949
Msrb2,0.02250325814344034,0.9275133418882343,-0.2203900302284616,0.32715150719172226,-0.271345461114179,0.3528985693680156,Msrb2,FALSE,FALSE,FALSE,FALSE,0.1714129164953603,FALSE,FALSE,0.04554921458537127
St8sia2,-0.20336082684961798,0.6209048110710602,0.18893933980665567,0.6368311678273908,-0.12190698035294778,0.8431475850104174,St8sia2,FALSE,FALSE,FALSE,FALSE,0.17140238233640714,FALSE,FALSE,0.045546366280484966
Bbs2,-0.16527572448001138,0.21807634578460255,-0.1986970464658695,0.1815226629014451,-0.150173688980626,0.42319479030660206,Bbs2,FALSE,FALSE,FALSE,FALSE,0.17138215330883563,FALSE,FALSE,0.04554089660432636
Zfp629,-0.31828847647960234,0.08008122977073334,-0.07660818918687617,0.6994065930080751,-0.11923100114959606,0.639116528749536,Zfp629,FALSE,FALSE,FALSE,FALSE,0.17137588893869152,FALSE,FALSE,0.04553920279695451
Fam84a,0.2763789038981286,0.48649807714555976,0.1422755626962724,0.7500809128801755,0.09509330637821689,0.8855699533497929,Fam84a,FALSE,FALSE,FALSE,FALSE,0.1712492576575393,FALSE,FALSE,0.04550496328163406
Gfpt1,0.2614604763294057,0.14974126184683947,0.16643374870626104,0.3945406849230599,0.08582940703952957,0.7607966093884097,Gfpt1,FALSE,FALSE,FALSE,FALSE,0.17124121069173212,FALSE,FALSE,0.04550278748268035
Lca5,0.17515967825894752,0.3147250308850447,0.15913729836220902,0.3883433153297412,0.1794068190406053,0.45565692452552997,Lca5,FALSE,FALSE,FALSE,FALSE,0.17123459855392062,FALSE,FALSE,0.045500999643278923
Cep57l1,0.10104245874310669,0.7224290747386827,-0.2084923867312578,0.46966203163378933,0.20402966674200718,0.5723849127003311,Cep57l1,FALSE,FALSE,FALSE,FALSE,0.17118817073879056,FALSE,FALSE,0.04548844614249321
Lamb2,-0.2627237211717466,0.19405568715764485,-0.18703798361736368,0.3890739693734823,-0.06368260352570587,0.850414967492888,Lamb2,FALSE,FALSE,FALSE,FALSE,0.1711481027716054,FALSE,FALSE,0.04547761226508304
Igfbp2,-0.02474428261329642,0.9647529566687915,0.19490202981472526,0.705860334460487,0.2937883046319745,0.6547536462708212,Igfbp2,FALSE,FALSE,FALSE,FALSE,0.17114487235333206,FALSE,FALSE,0.04547673880036757
Evc,-0.148801917038762,0.5659475437646017,-0.2849547448897076,0.28149738042974615,-0.07964409638172398,0.8400009053122465,Evc,FALSE,FALSE,FALSE,FALSE,0.17113358610339788,FALSE,FALSE,0.0454736871394824
Nup85,-0.1899210250535015,0.2542198300741111,-0.19703872972136516,0.26720482690889136,-0.12640527359134435,0.5953368558260224,Nup85,FALSE,FALSE,FALSE,FALSE,0.17112167612207033,FALSE,FALSE,0.04547046682942614
Map2k6,-0.07543267487729999,0.8334695206249759,-0.4096075626050144,0.24556291810838246,-0.028323909328132224,0.9623924294686991,Map2k6,FALSE,FALSE,FALSE,FALSE,0.17112138227014886,FALSE,FALSE,0.04547038737554022
Dnah11,0.02276616888613181,0.9537038089884606,0.3294443520784114,0.3158703676436332,-0.16112218404178869,0.7473680811939173,Dnah11,FALSE,FALSE,FALSE,FALSE,0.1711109016687773,FALSE,FALSE,0.045467553551954414
Gstm5,-0.10578100523283762,0.4010323158663108,-0.21341017548534857,0.13793073677514825,-0.19408437181059757,0.2596272457328866,Gstm5,FALSE,FALSE,FALSE,FALSE,0.1710918508429279,FALSE,FALSE,0.045462402446811975
Gm10010,0.2701320715753471,0.5290467927902026,-0.1660602960311685,0.7384753908227154,-0.07701991177117423,0.9196388922326018,Gm10010,FALSE,FALSE,FALSE,FALSE,0.17107075979256328,FALSE,FALSE,0.04545669969046683
Ip6k1,-0.23393569194017783,0.09732252652266982,-0.20330223465127073,0.1846518904164374,-0.07586372671975727,0.7176936038621728,Ip6k1,FALSE,FALSE,FALSE,FALSE,0.1710338844370686,FALSE,FALSE,0.04544672905534478
Cog5,0.28544236606040574,0.04849389014100938,0.1443591844275316,0.31590924470386994,-0.08327928394822504,0.6759787402213574,Cog5,FALSE,FALSE,FALSE,FALSE,0.17102694481205413,FALSE,FALSE,0.04544485266749781
Brk1,-0.17327006730344952,0.20038164261641253,-0.19039660570370742,0.1995812088419037,-0.14941372685259946,0.43245528704756403,Brk1,FALSE,FALSE,FALSE,FALSE,0.17102679995325212,FALSE,FALSE,0.04544481349948872
Larp1b,0.24933675522228738,0.24444131676262906,0.14945759705939432,0.519628987004081,0.11427869230663346,0.7244553840900645,Larp1b,FALSE,FALSE,FALSE,FALSE,0.17102434819610504,FALSE,FALSE,0.04544415057500722
Smarcd1,-0.3157276720226183,0.2304170374339512,-0.150241350018661,0.5913716916036298,0.04709200049602824,0.9137155754780841,Smarcd1,FALSE,FALSE,FALSE,FALSE,0.1710203408457692,FALSE,FALSE,0.045443067037575
Slc9a1,-0.2422710564776427,0.38922931991691695,-0.22645387259114447,0.4458360791754051,0.044321354430694626,0.927918118166699,Slc9a1,FALSE,FALSE,FALSE,FALSE,0.1710154278331606,FALSE,FALSE,0.04544173862038652
Nosip,-0.11491445129230726,0.5479072247290024,-0.25728391957414143,0.19969991961303632,-0.14083523491792604,0.5934923522681136,Nosip,FALSE,FALSE,FALSE,FALSE,0.1710112019281249,FALSE,FALSE,0.045440595988495765
Ssr4,0.1655218070294433,0.4088100431927633,-0.12405114994250876,0.5754289916502329,-0.2233279054282109,0.42622384861442497,Ssr4,FALSE,FALSE,FALSE,FALSE,0.17096695413338767,FALSE,FALSE,0.04542863193797036
Hist1h2bc,0.06410283588718269,0.7182102579922073,-0.2922821509110003,0.1288986675776628,-0.15640826004777786,0.5033783582763196,Hist1h2bc,FALSE,FALSE,FALSE,FALSE,0.17093108228198695,FALSE,FALSE,0.04541893263780983
Bcl9l,0.22954792027966597,0.36362824395948107,0.06494720031284551,0.8299547516681633,0.21829186666117995,0.5407460802475643,Bcl9l,FALSE,FALSE,FALSE,FALSE,0.17092899575123047,FALSE,FALSE,0.04541836846597841
Atp8b2,-0.18492394170613036,0.2091924238181258,-0.20927236398255733,0.19758000373080206,-0.11858692741214227,0.5814768853913868,Atp8b2,FALSE,FALSE,FALSE,FALSE,0.17092774436694333,FALSE,FALSE,0.04541803010731157
1810059H22Rik,-0.02454856736466371,0.9481465770088281,0.12909170410200166,0.7067522136523825,0.35911329053778496,0.3715242216080237,1810059H22Rik,FALSE,FALSE,FALSE,FALSE,0.17091785400148343,FALSE,FALSE,0.04541535587613734
Nsmce3,-0.24606033242222214,0.16750694524006596,-0.10348210896575427,0.5931946311266578,-0.16314880117184316,0.5105996566770632,Nsmce3,FALSE,FALSE,FALSE,FALSE,0.17089708085327318,FALSE,FALSE,0.045409739076560436
1600014C10Rik,-0.1902333132271652,0.2567536061618929,-0.20785473841358915,0.24716794337327955,-0.11448726201719861,0.6359287743437843,1600014C10Rik,FALSE,FALSE,FALSE,FALSE,0.17085843788598432,FALSE,FALSE,0.045399290501307345
2310010J17Rik,-0.2300646238516717,0.34592891319379604,-0.05202575153396749,0.8507827865075759,-0.230418094221712,0.48801082873370144,2310010J17Rik,FALSE,FALSE,FALSE,FALSE,0.17083615653578374,FALSE,FALSE,0.04539326590276731
Cyp2d22,-0.4958118943524581,0.10891322263191529,-9.314781180309595e-4,0.9977078173968271,-0.015700457973490956,0.9755716489156836,Cyp2d22,FALSE,FALSE,FALSE,FALSE,0.17081461014799335,FALSE,FALSE,0.04538744002887472
Rab43,-0.03300229664403864,0.9420758434944437,0.040653874569106296,0.9269384130936885,0.4384657446680822,0.3503591556395033,Rab43,FALSE,FALSE,FALSE,FALSE,0.17070730529374237,FALSE,FALSE,0.045358426137775666
Fnip2,-0.16862652447189364,0.4684529028159757,-0.26139048018304534,0.27986782268072213,-0.08205917918789885,0.816326635188023,Fnip2,FALSE,FALSE,FALSE,FALSE,0.17069206128094594,FALSE,FALSE,0.0453543043472912
Atp8a2,-0.5040276596528157,0.05610535921633608,0.005319634979748411,0.9848019905188304,0.0025519221445726714,0.9946486438888356,Atp8a2,FALSE,FALSE,FALSE,FALSE,0.1706330722590456,FALSE,FALSE,0.04533835445323092
Itga5,0.05401761863119425,0.8925808532608571,0.050772584859946734,0.8994105395556462,0.40698051836888194,0.35455182768764504,Itga5,FALSE,FALSE,FALSE,FALSE,0.17059024062000763,FALSE,FALSE,0.045326773313502294
Dus2,-0.27662288995642603,0.15814908365892838,-0.17894422275205457,0.3696860509837999,-0.056099282888798285,0.8535952850759757,Dus2,FALSE,FALSE,FALSE,FALSE,0.17055546519909295,FALSE,FALSE,0.04531737047443797
Aaed1,0.2828486275609068,0.05362535365498121,0.14761056461677935,0.31658909679056807,0.08112534280910388,0.6930940634580646,Aaed1,FALSE,FALSE,FALSE,FALSE,0.17052817832893,FALSE,FALSE,0.04530999244587749
Jhy,0.07327258865495123,0.8713437110899971,-0.17442420354697807,0.7013831237415592,-0.2638694935782784,0.6557869055880559,Jhy,FALSE,FALSE,FALSE,FALSE,0.17052209526006923,FALSE,FALSE,0.04530834766010609
Gdi2,0.34317962333233876,0.04635453586239561,0.15562249797012218,0.3624502007993454,-0.012708101198332322,0.9674806741726476,Gdi2,FALSE,FALSE,FALSE,FALSE,0.1705034075002644,FALSE,FALSE,0.04530329472348316
Rbbp5,-0.24309163808216816,0.15278531544888094,-0.143832823688415,0.42419607380945207,-0.12456978999182944,0.6085302159101214,Rbbp5,FALSE,FALSE,FALSE,FALSE,0.1704980839208042,FALSE,FALSE,0.04530185529415078
Gm17546,0.10300037605415424,0.7827385375373999,-0.07899041577574684,0.8453583419013098,-0.32950233476709156,0.5063999953312208,Gm17546,FALSE,FALSE,FALSE,FALSE,0.1704977088656642,FALSE,FALSE,0.04530175388392974
Faf2,-0.19134801790001532,0.18589262299233797,-0.1514441769464865,0.32853638858876605,-0.16861943854242334,0.40608108524542064,Faf2,FALSE,FALSE,FALSE,FALSE,0.17047054446297505,FALSE,FALSE,0.04529440896904313
Rsrc1,0.18451345234722005,0.2128337089379756,0.21244134286745542,0.19025808232305622,0.11445069102622174,0.5941949330120894,Rsrc1,FALSE,FALSE,FALSE,FALSE,0.1704684954136324,FALSE,FALSE,0.04529385493171743
Ptpn14,0.13641986412465812,0.5302058067298105,0.1523745666806655,0.4962718388374775,0.2225146676261054,0.43792058326689137,Ptpn14,FALSE,FALSE,FALSE,FALSE,0.17043636614380966,FALSE,FALSE,0.04528516757882704
Vapb,-0.24198133892220852,0.13177448695534932,-0.1439900740243285,0.40085996555744474,-0.12488141571093703,0.5901529404074672,Vapb,FALSE,FALSE,FALSE,FALSE,0.170284276219158,FALSE,FALSE,0.04524404436458004
Sema4b,-0.23902108518909948,0.17088108669381252,-0.18985846516105287,0.3068562439885547,0.08191172337322516,0.7583069784754459,Sema4b,FALSE,FALSE,FALSE,FALSE,0.1702637579077925,FALSE,FALSE,0.04523849646970007
Tax1bp1,0.18853381584151396,0.1949021135727994,0.20300725500620764,0.2042216186042663,0.11923968659790951,0.574277715997339,Tax1bp1,FALSE,FALSE,FALSE,FALSE,0.17026025248187704,FALSE,FALSE,0.04523754864635622
Arhgef38,0.37215927480280087,0.13017059217272123,0.07947364876933616,0.7848082265100736,-0.05896614889161045,0.8910329044496753,Arhgef38,FALSE,FALSE,FALSE,FALSE,0.17019969082124917,FALSE,FALSE,0.045221173530444636
Aen,-0.3703955106839798,0.10045156892207788,-0.02176537028420711,0.932409525528361,-0.11825587732569032,0.7057522572795495,Aen,FALSE,FALSE,FALSE,FALSE,0.17013891943129242,FALSE,FALSE,0.045204741706344496
Angptl1,0.35004632664007534,0.43460547992539456,0.1005665216250955,0.851400853586302,0.0598035050939138,0.9421114768290293,Angptl1,FALSE,FALSE,FALSE,FALSE,0.1701387844530282,FALSE,FALSE,0.04520470520990931
Prcc,-0.2514811686022753,0.04860264917722118,-0.12481753794095152,0.31450416800537767,-0.1340783944426045,0.4069113700088323,Prcc,FALSE,FALSE,FALSE,FALSE,0.17012570032861044,FALSE,FALSE,0.04520116742624022
Vmp1,0.3155422085566961,0.1272748550368734,0.17646150776324543,0.42450907729549336,-0.01834735264693954,0.9639712004053149,Vmp1,FALSE,FALSE,FALSE,FALSE,0.17011702298896036,FALSE,FALSE,0.045198821182080115
Egfl7,0.1499114306544489,0.7012477807409916,0.12604985737967667,0.7613938597388709,0.23427510896149206,0.6470058768638999,Egfl7,FALSE,FALSE,FALSE,FALSE,0.1700787989985392,FALSE,FALSE,0.04518848589293414
Isoc2b,0.04475233461995076,0.8727802739864469,-0.3024736326715125,0.25972577277625103,-0.16292855761891634,0.6490186571658155,Isoc2b,FALSE,FALSE,FALSE,FALSE,0.17005150830345986,FALSE,FALSE,0.04518110683016408
Dapk3,-0.1895737806699067,0.26211214657681203,-0.2132573626391734,0.2370386758266454,-0.10718872724178485,0.6584773596342473,Dapk3,FALSE,FALSE,FALSE,FALSE,0.17000662351695497,FALSE,FALSE,0.04516897054502817
St6galnac4,-0.2200417219783195,0.5057699610877594,-0.2548443358686985,0.4518305609076963,0.035011905417736244,0.9506614471040018,St6galnac4,FALSE,FALSE,FALSE,FALSE,0.16996598775491809,FALSE,FALSE,0.04515798314298849
Zbtb18,0.2544655270871017,0.23318747172792187,0.024297892828202272,0.9269384130936885,0.2310835144895762,0.43898237782849636,Zbtb18,FALSE,FALSE,FALSE,FALSE,0.16994897813496004,FALSE,FALSE,0.04515338395440057
Gm16136,-0.2713524829225483,0.5436939937712716,0.1606624900138141,0.7239467996144686,-0.07777808304660214,0.9141851175332956,Gm16136,FALSE,FALSE,FALSE,FALSE,0.1699310186609882,FALSE,FALSE,0.04514852793716209
Parp2,-0.16668960557711454,0.38329814297292625,-0.12786481277681983,0.5282335378098939,-0.21516413712191484,0.4102036941683744,Parp2,FALSE,FALSE,FALSE,FALSE,0.1699061851586164,FALSE,FALSE,0.04514181326858113
Nbdy,0.2097883145564996,0.2256392962851694,0.2934853247696312,0.13466087662941184,-0.006361199720386956,0.9835144308273872,Nbdy,FALSE,FALSE,FALSE,FALSE,0.1698782796821726,FALSE,FALSE,0.04513426797661592
Pdgfra,0.1259298224833909,0.7463189010361165,0.06383154087274434,0.8815522004446139,0.319854802760136,0.5142216748241247,Pdgfra,FALSE,FALSE,FALSE,FALSE,0.1698720553720904,FALSE,FALSE,0.045132585000984
Gdf10,0.1488115348419654,0.8927046628855888,0.013009605050329887,0.9903440033530366,0.34767759722288916,0.8083932338655838,Gdf10,FALSE,FALSE,FALSE,FALSE,0.16983291237172815,FALSE,FALSE,0.04512200122303911
Smyd5,-0.1871444286582018,0.3667912842913532,-0.19667937845521433,0.36304067902846404,-0.1253103258814341,0.6692229348201579,Smyd5,FALSE,FALSE,FALSE,FALSE,0.16971137766495006,FALSE,FALSE,0.04508913975771372
Commd4,-0.17125075127450762,0.40094966470380683,-0.292521312710448,0.18714316511102974,-0.045316321134248216,0.8932268037816014,Commd4,FALSE,FALSE,FALSE,FALSE,0.16969612837306794,FALSE,FALSE,0.04508501653983048
Nefl,0.30410559425898454,0.3837379599487026,-0.061360546276986394,0.8871386013174526,0.14361646484888357,0.7922951523626467,Nefl,FALSE,FALSE,FALSE,FALSE,0.1696942017949515,FALSE,FALSE,0.04508449561719325
Znrd1,-0.2162453072794479,0.29100372569428373,-0.10025322563270445,0.6531643517280566,-0.1925805654606294,0.4930686418319883,Znrd1,FALSE,FALSE,FALSE,FALSE,0.16969303279092726,FALSE,FALSE,0.0450841795331196
Hdac3,-0.212615559177034,0.11338696097083104,-0.12381568863666814,0.3796684685187552,-0.1724193159041878,0.3446581186171951,Hdac3,FALSE,FALSE,FALSE,FALSE,0.16961685457262998,FALSE,FALSE,0.04506358189524734
Rc3h1,0.22275781453977928,0.1014838870146799,0.20425039130524425,0.17152726699838064,0.08181861331619622,0.6809914093512972,Rc3h1,FALSE,FALSE,FALSE,FALSE,0.16960893972040658,FALSE,FALSE,0.045061441818155044
5031434O11Rik,0.06445425616049061,0.8753789558946559,-0.09316007980018215,0.8277868395420931,0.3511382503418454,0.45481486573904134,5031434O11Rik,FALSE,FALSE,FALSE,FALSE,0.16958419543417272,FALSE,FALSE,0.04505475127250243
Gm15351,0.15869725518853103,0.7952427128272449,-0.12151436808382743,0.8545823487189816,-0.2285240308085843,0.7983917031109229,Gm15351,FALSE,FALSE,FALSE,FALSE,0.16957855136031424,FALSE,FALSE,0.04505322518549148
D830050J10Rik,-0.2480576311110807,0.5329130384289726,-0.1541843218765092,0.715375582135772,0.10628339599145731,0.8571873184964369,D830050J10Rik,FALSE,FALSE,FALSE,FALSE,0.1695084496596824,FALSE,FALSE,0.0450342705620293
Skida1,0.30222781129990706,0.2733519189539298,0.0476894587114467,0.8877075092205803,0.15842782326897265,0.7010848870401137,Skida1,FALSE,FALSE,FALSE,FALSE,0.16944836442677547,FALSE,FALSE,0.045018024266217316
Dexi,-0.20414255865888808,0.3456229640550588,-0.17342219088676947,0.44547656776545697,-0.13073678291176138,0.6734996583807101,Dexi,FALSE,FALSE,FALSE,FALSE,0.16943384415247298,FALSE,FALSE,0.045014098165573675
Dlg2,0.14402445877480208,0.35050631195540427,0.26102184197493905,0.1392040304410967,0.1031733055127253,0.649894386994797,Dlg2,FALSE,FALSE,FALSE,FALSE,0.16940653542082215,FALSE,FALSE,0.04500671422594018
Gm42031,-0.3078570074584306,0.676076269132458,-0.0059236767762220754,0.9936408291678288,-0.19433996750961724,0.8613483185279203,Gm42031,FALSE,FALSE,FALSE,FALSE,0.1693735505814233,FALSE,FALSE,0.04499779553773247
Plec,-0.3326015407258165,0.0934625796866441,-0.14167985930846694,0.5015662953069727,0.033838102687097305,0.9235091117472538,Plec,FALSE,FALSE,FALSE,FALSE,0.1693731675737936,FALSE,FALSE,0.04499769197725763
Gramd3,0.19387893802169565,0.2738415638703032,0.11389411304935715,0.5562304236423156,0.2002486405117736,0.409082037651014,Gramd3,FALSE,FALSE,FALSE,FALSE,0.16934056386094212,FALSE,FALSE,0.044988876340903615
Zmym4,0.2124722401839545,0.09386312535352348,0.12879857311722986,0.3322420293085211,0.16666180530111152,0.33208358919457537,Zmym4,FALSE,FALSE,FALSE,FALSE,0.16931087286743196,FALSE,FALSE,0.04498084826744562
Rpp21,-0.23663302362582606,0.37609727268330084,-0.13823149481845887,0.6285209222609222,-0.13305628029681582,0.7308444640053898,Rpp21,FALSE,FALSE,FALSE,FALSE,0.16930693291370025,FALSE,FALSE,0.04497978295321258
Polm,0.02480251356531804,0.9507807918442884,-0.2942303782864233,0.4241224108307229,-0.18883511878876558,0.7096475604939961,Polm,FALSE,FALSE,FALSE,FALSE,0.16928933688016898,FALSE,FALSE,0.04497502520572562
Foxk1,0.0765466164486126,0.7703774548958108,0.18411051266728862,0.4683193697997959,0.24713565489215128,0.4517468054469823,Foxk1,FALSE,FALSE,FALSE,FALSE,0.1692642613360175,FALSE,FALSE,0.04496824509207336
Cnnm3,-0.19773011596017742,0.3881007698387434,-0.2749450926854724,0.25972577277625103,0.03504626922501064,0.9307249095541381,Cnnm3,FALSE,FALSE,FALSE,FALSE,0.16924049262355348,FALSE,FALSE,0.04496181832937181
Ap2b1,-0.1967278795760281,0.15379684128720095,-0.10487687955513092,0.4841647492537692,-0.20603331824679927,0.28080468499394057,Ap2b1,FALSE,FALSE,FALSE,FALSE,0.16921269245931944,FALSE,FALSE,0.04495430151251154
Adamtsl1,0.04944584669288332,0.9255463729324149,-0.39284690773980335,0.42802941612333045,-0.06521459238635474,0.9354236320279655,Adamtsl1,FALSE,FALSE,FALSE,FALSE,0.16916911560634715,FALSE,FALSE,0.04494251887625148
Serpinb11,0.027670408566941487,0.9624456710308115,0.3709101477935549,0.44775255468443753,-0.10880280698237887,0.8975930914450666,Serpinb11,FALSE,FALSE,FALSE,FALSE,0.16912778778095844,FALSE,FALSE,0.044931344348933415
Col20a1,0.11255881778216265,0.8699028037974151,0.2100381385353693,0.7534250567953827,0.18473641047526507,0.8474818520234748,Col20a1,FALSE,FALSE,FALSE,FALSE,0.16911112226426567,FALSE,FALSE,0.044926838201566566
Slc8a3,0.03724954015829862,0.9131540021704835,-0.25410011724245196,0.41904335788362607,-0.21577112723820546,0.6089331033600185,Slc8a3,FALSE,FALSE,FALSE,FALSE,0.16904026154631868,FALSE,FALSE,0.04490767834931136
Smim18,-0.17772649494670661,0.7560113847740695,-0.2963218807439357,0.6074948160252606,-0.03285711473960645,0.9711325736837664,Smim18,FALSE,FALSE,FALSE,FALSE,0.1689684968100829,FALSE,FALSE,0.044888274061812616
Atp6v1d,-0.26574857131298213,0.0879720401295162,-0.12267064360124014,0.4499277653597782,-0.11847979123219332,0.5872846284148451,Atp6v1d,FALSE,FALSE,FALSE,FALSE,0.16896633538213854,FALSE,FALSE,0.04488768963871793
Kif3a,-0.24572183313610818,0.17215500845819998,-0.14589659240875807,0.43931875063671105,-0.11524069980564544,0.6547585164169194,Kif3a,FALSE,FALSE,FALSE,FALSE,0.1689530417835039,FALSE,FALSE,0.044884095215839366
Sdf2,-0.055628183418784616,0.7027495375200938,-0.24595492758685022,0.12344328495802823,-0.20527359695508363,0.27258473917378,Sdf2,FALSE,FALSE,FALSE,FALSE,0.16895223598690615,FALSE,FALSE,0.044883877338513144
Nrip1,0.09369775472213959,0.7304509889861338,0.32517100130413645,0.2315979882466294,0.08791728947739497,0.8295191101700674,Nrip1,FALSE,FALSE,FALSE,FALSE,0.168928681834557,FALSE,FALSE,0.044877508590184294
Tuba1c,-0.23561527758899592,0.30560970721304276,0.1114287015471489,0.6439470269042565,-0.1595047599609094,0.6211200957336809,Tuba1c,FALSE,FALSE,FALSE,FALSE,0.16884957969901807,FALSE,FALSE,0.04485612036164375
Timp3,-0.2354620268761316,0.23496792786224135,0.026295974346338902,0.9141541238960574,0.24477286936616593,0.3758240347301949,Timp3,FALSE,FALSE,FALSE,FALSE,0.1688436235295455,FALSE,FALSE,0.04485450988788046
Pcbp2,0.2365301910433848,0.07817118843625848,0.1113314107211254,0.42493209495016016,0.1586448855285001,0.3784241570270433,Pcbp2,FALSE,FALSE,FALSE,FALSE,0.16883549576433676,FALSE,FALSE,0.0448523122417787
Glg1,-0.22626473965667238,0.18750359579770864,-0.16653846930144312,0.3678254631535234,-0.11369598711082407,0.6559364401879924,Glg1,FALSE,FALSE,FALSE,FALSE,0.16883306535631318,FALSE,FALSE,0.04485165508983329
Zswim7,0.03206782627365379,0.9215119513509249,0.22169135762837144,0.4269708101951634,0.25264331595863476,0.4866211846644283,Zswim7,FALSE,FALSE,FALSE,FALSE,0.16880083328688666,FALSE,FALSE,0.044842939941215215
Lrrc14,-0.23448294755054722,0.090841266631725745,-0.20836048847132815,0.15987713177717186,-0.06352636893631125,0.7508991640443328,Lrrc14,FALSE,FALSE,FALSE,FALSE,0.1687899349860622,FALSE,FALSE,0.0448399931769193
B9d1,-0.10314803315006893,0.5598710931576952,-0.2018399277678924,0.265724484379953,-0.2013137848132618,0.3896594828547996,B9d1,FALSE,FALSE,FALSE,FALSE,0.16876724857707437,FALSE,FALSE,0.0448338590555471
Wdr81,-0.17213679906286483,0.4216164863711673,-0.25722996741284376,0.2591057418763741,0.07669033377242673,0.8171979380423273,Wdr81,FALSE,FALSE,FALSE,FALSE,0.16868570008271178,FALSE,FALSE,0.04481180936216422
Emcn,0.27660941944956186,0.3326708494606196,0.20405520858540127,0.5066444581287473,0.025355507256850984,0.9644325383278765,Emcn,FALSE,FALSE,FALSE,FALSE,0.1686733784306047,FALSE,FALSE,0.04480847774147576
1810008I18Rik,0.08090310049889315,0.8375979520404853,-0.21487724179407552,0.5863433506485369,-0.21023533901051827,0.6905828127722031,1810008I18Rik,FALSE,FALSE,FALSE,FALSE,0.16867189376782898,FALSE,FALSE,0.04480807630722197
Igsf10,0.46547426316409,0.023670425705780866,0.0045769241618174306,0.9838091468179858,0.03595356802508576,0.9057514884053787,Igsf10,FALSE,FALSE,FALSE,FALSE,0.1686682517836644,FALSE,FALSE,0.044807091560234776
AU020206,0.12432888774184181,0.7070593691566387,-0.09057683171650188,0.8040251253638423,0.29105766361815655,0.4773873686673134,AU020206,FALSE,FALSE,FALSE,FALSE,0.16865446102550008,FALSE,FALSE,0.044803362711634716
Ccdc141,-0.005436386828018058,0.9885205236558865,-0.10509480791070125,0.7893739083446134,-0.39538642191856876,0.3997441416553486,Ccdc141,FALSE,FALSE,FALSE,FALSE,0.16863920555242937,FALSE,FALSE,0.04479923782243536
Tmem176a,-0.20493002200298172,0.3073055923830134,-0.2076075800857149,0.33837911559107026,-0.09332684241557399,0.7669696688057195,Tmem176a,FALSE,FALSE,FALSE,FALSE,0.16862148150142353,FALSE,FALSE,0.04479444546062371
Grid1,-0.35720423107045374,0.2199821916232632,-0.12810036088462873,0.6830782282704534,0.020535617669807493,0.9681997036345765,Grid1,FALSE,FALSE,FALSE,FALSE,0.16861340320829665,FALSE,FALSE,0.0447922611911544
Trmt1l,0.18778414054839399,0.10807135922446268,0.20033873754950537,0.1315294306256746,0.11760090602117135,0.4653466312395885,Trmt1l,FALSE,FALSE,FALSE,FALSE,0.1685745947063569,FALSE,FALSE,0.044781767857401164
Wtap,0.22118265326561115,0.19662636783724557,0.18515708239909134,0.31613366222995454,0.09930991987735194,0.7011342508281666,Wtap,FALSE,FALSE,FALSE,FALSE,0.1685498851806848,FALSE,FALSE,0.044775086710569886
Cish,0.16858468840501306,0.45420067787826934,0.23721821453834524,0.30419958122636553,0.09981798455692248,0.7681228036900202,Cish,FALSE,FALSE,FALSE,FALSE,0.16854029583342692,FALSE,FALSE,0.04477249387095426
Gnaz,-0.24626152356844955,0.1368845711453523,-0.22077607796890852,0.2144247903892629,-0.03853672122923335,0.8910329044496753,Gnaz,FALSE,FALSE,FALSE,FALSE,0.16852477425553047,FALSE,FALSE,0.04476829703033678
Olfm3,0.263592685531437,0.5381388907510624,0.08198283900794223,0.8712438052325617,-0.15999250123119158,0.8101875832467429,Olfm3,FALSE,FALSE,FALSE,FALSE,0.16852267525685694,FALSE,FALSE,0.044767729487336455
Creb3l1,0.21305112334674536,0.7072462671737544,0.03842752515302017,0.9540947856259377,-0.25386636188657175,0.7571862156551712,Creb3l1,FALSE,FALSE,FALSE,FALSE,0.16844833679544577,FALSE,FALSE,0.044747629296726155
Upf2,0.30491671585474833,0.02734049331395135,0.11747903847069541,0.35727230132172627,0.08273946968701029,0.6365115999153398,Upf2,FALSE,FALSE,FALSE,FALSE,0.16837840800415135,FALSE,FALSE,0.04472872142578716
Sept11,-0.17124953084988803,0.17464517509343913,-0.22651076601375486,0.12486603803841076,-0.10734106473490801,0.5537380423258339,Sept11,FALSE,FALSE,FALSE,FALSE,0.1683671205328503,FALSE,FALSE,0.04472566943465966
Emc8,-0.21557030767688357,0.06926239065159302,-0.14423085529175061,0.23457258258218408,-0.1452940606779789,0.34984006942986096,Emc8,FALSE,FALSE,FALSE,FALSE,0.16836507454887104,FALSE,FALSE,0.04472511622616989
Shkbp1,-0.3052595223902328,0.29955769132412885,-0.07564484092772394,0.8188099670763597,0.12413380953145392,0.764859614320739,Shkbp1,FALSE,FALSE,FALSE,FALSE,0.16834605761647023,FALSE,FALSE,0.04471997428539222
Ak6,0.3081770843852918,0.13682189784979978,0.016409375750678468,0.9507066501097354,0.180401114986946,0.5348195167443632,Ak6,FALSE,FALSE,FALSE,FALSE,0.16832919170763874,FALSE,FALSE,0.0447154139544963
2900005J15Rik,-0.24024041278343808,0.6495796488141474,0.1820423623779625,0.7280073576055721,0.08265431184703936,0.9211006069645289,2900005J15Rik,FALSE,FALSE,FALSE,FALSE,0.16831236233614666,FALSE,FALSE,0.04471086350284017
Rasal1,-0.20263925288003237,0.8369441211190045,-0.10433699045338274,0.9186606174539488,0.19794177171255578,0.8846713831069363,Rasal1,FALSE,FALSE,FALSE,FALSE,0.16830600501532364,FALSE,FALSE,0.044709144562766784
Rin3,-0.09094785831444696,0.7613442158543643,0.37697500617905355,0.17182396980292172,0.03691959003592471,0.9369141997487906,Rin3,FALSE,FALSE,FALSE,FALSE,0.16828081817647508,FALSE,FALSE,0.04470233435641981
Ankhd1,0.1882878538288777,0.18319473883213622,0.14876667254942255,0.3287340347239063,0.16764816861839282,0.39980006965063725,Ankhd1,FALSE,FALSE,FALSE,FALSE,0.16823423166556437,FALSE,FALSE,0.044689737946278965
Zfp189,0.2542158468165123,0.19739632450048517,0.19813222243802997,0.34644923866207156,0.052319448160016435,0.876713687437313,Zfp189,FALSE,FALSE,FALSE,FALSE,0.1682225058048529,FALSE,FALSE,0.044686567420135485
Rusc2,-0.20888256853787546,0.22328602344880624,-0.16449221325106844,0.36304067902846404,0.13124138716513478,0.582725202961002,Rusc2,FALSE,FALSE,FALSE,FALSE,0.16820538965135956,FALSE,FALSE,0.04468193942621147
Nt5m,-0.27999625708220544,0.17571118048617257,-0.13486806220426129,0.5332932730480604,-0.08955256208595008,0.7691335184593034,Nt5m,FALSE,FALSE,FALSE,FALSE,0.16813896045747226,FALSE,FALSE,0.044663977802660536
Tm2d1,0.30131623380437045,0.12497618050467646,0.15040545034154107,0.47366301306790326,0.05266210748417066,0.8737433964724091,Tm2d1,FALSE,FALSE,FALSE,FALSE,0.16812793054336073,FALSE,FALSE,0.04466099545177718
Zmynd12,0.006974421159776284,0.9889253895091137,-0.1646386044738597,0.7509990108761608,-0.33273947527229725,0.6162317647096978,Zmynd12,FALSE,FALSE,FALSE,FALSE,0.16811750030197775,FALSE,FALSE,0.04465817524490271
Mfsd4a,0.17633772480469556,0.30204119926460643,0.19588916916806642,0.2850281444337467,0.13204342290620463,0.5944368572799373,Mfsd4a,FALSE,FALSE,FALSE,FALSE,0.1680901056263222,FALSE,FALSE,0.044650768067084776
Zbtb49,-0.2641746631157411,0.13671355385396725,-0.10377410657725683,0.5740201325926502,-0.13627898009307282,0.5722922989233111,Zbtb49,FALSE,FALSE,FALSE,FALSE,0.16807591659535692,FALSE,FALSE,0.04464693153049842
Ubl7,-0.11376079088308799,0.6020262706124344,-0.2106332845906107,0.33919601398182586,-0.17980741394019129,0.5403758976649078,Ubl7,FALSE,FALSE,FALSE,FALSE,0.16806716313796333,FALSE,FALSE,0.04464456470505207
Usp18,0.018645009375343413,0.9587974388340018,0.16650135658400966,0.6019007121631815,0.3189629267663192,0.4152245535169822,Usp18,FALSE,FALSE,FALSE,FALSE,0.16803643090855744,FALSE,FALSE,0.04463625509442506
Clasrp,0.039876212471279704,0.8730744030607788,0.29954855976684147,0.18598641846202824,0.16465867382397326,0.5834334459747711,Clasrp,FALSE,FALSE,FALSE,FALSE,0.16802781535403147,FALSE,FALSE,0.0446339255561901
Ttc39a,-0.15317542718293353,0.48158388344215686,-0.29621295131518677,0.20007118957973036,-0.05462596843798284,0.8766490443993098,Ttc39a,FALSE,FALSE,FALSE,FALSE,0.1680047823120344,FALSE,FALSE,0.0446276977095857
Wnt9a,0.2988933272123089,0.35526282298416345,-0.18283201827003825,0.6264848897779336,-0.02223597437525493,0.9703846237918002,Wnt9a,FALSE,FALSE,FALSE,FALSE,0.1679871066192007,FALSE,FALSE,0.04462291842321923
Myrf,0.31950324481602044,0.6847704519441173,-0.143770452763722,0.8769657769140891,0.04065608500692537,0.976576459177527,Myrf,FALSE,FALSE,FALSE,FALSE,0.16797659419555594,FALSE,FALSE,0.04462007599528859
Tnfaip1,-0.20784778298113782,0.13619032667129635,-0.16681582810767992,0.26261733208408933,-0.1291729051856061,0.5090675914951867,Tnfaip1,FALSE,FALSE,FALSE,FALSE,0.16794550542480793,FALSE,FALSE,0.04461166998034004
Gm24525,0.21600177621983274,0.7751883192467172,0.15191765281218583,0.8510875420381889,-0.13563349971484362,0.9112803903619635,Gm24525,FALSE,FALSE,FALSE,FALSE,0.16785097624895406,FALSE,FALSE,0.04458611047296218
Trim12a,-0.006838372230377754,0.9845245559595894,0.2410299068355235,0.44112656204282386,0.2556025062598366,0.5366259856518361,Trim12a,FALSE,FALSE,FALSE,FALSE,0.16782359510857928,FALSE,FALSE,0.044578706954914955
Dpyd,0.17124679840325907,0.37733076421194894,0.19181143466518602,0.3499904873503405,0.14034483550262067,0.6160250391532879,Dpyd,FALSE,FALSE,FALSE,FALSE,0.16780102285702192,FALSE,FALSE,0.0445726037002848
Gpsm2,-0.3202334128204969,0.24594429881466814,-0.16839954361294618,0.5650669403750299,0.014651326296058365,0.9761657850122093,Gpsm2,FALSE,FALSE,FALSE,FALSE,0.16776142757650048,FALSE,FALSE,0.044561897631439126
Gm3693,0.10588934752917223,0.8326677062641759,-0.12196445852713089,0.8204187756862574,-0.2753557918998649,0.6824119561917095,Gm3693,FALSE,FALSE,FALSE,FALSE,0.16773653265205601,FALSE,FALSE,0.0445551663550976
Lpxn,-0.13883552138157662,0.7904239238979065,-0.3343682027209557,0.5142966525357262,0.029956450307439764,0.9709193217778739,Lpxn,FALSE,FALSE,FALSE,FALSE,0.16772005813665736,FALSE,FALSE,0.044550711852092834
Arpp19,0.24903748490779254,0.17487326780435794,0.19769252969440831,0.3169198791906148,0.05634252309648602,0.8551670303049581,Arpp19,FALSE,FALSE,FALSE,FALSE,0.1676908458995623,FALSE,FALSE,0.04454281322838422
Exog,-0.21382966021925887,0.2129418734813976,-0.13531182218427773,0.45179399488440375,-0.1539076928461025,0.5149949348048877,Exog,FALSE,FALSE,FALSE,FALSE,0.16768305841654638,FALSE,FALSE,0.0445407075903333
Gpd2,-0.2566070590346792,0.12530586671070834,-0.10232590731919977,0.5680417837799858,-0.144111342661577,0.5366259856518361,Gpd2,FALSE,FALSE,FALSE,FALSE,0.1676814363384853,FALSE,FALSE,0.044540269000704284
Hist1h4i,0.4241627934890464,0.15379684128720095,-0.04375389346692726,0.9057829470478866,0.03505408014954492,0.9502345154108162,Hist1h4i,FALSE,FALSE,FALSE,FALSE,0.16765692236850618,FALSE,FALSE,0.04453364072968761
Mynn,0.2345603309939177,0.12471900240330301,0.20223068622331208,0.21614949566884728,0.06614135068786098,0.7808157456339877,Mynn,FALSE,FALSE,FALSE,FALSE,0.16764412263503026,FALSE,FALSE,0.04453017984177383
Sec13,-0.10584607396641221,0.46947460217568054,-0.18246919478661017,0.24185946255488433,-0.2145819194570402,0.2812910891250446,Sec13,FALSE,FALSE,FALSE,FALSE,0.16763239607002087,FALSE,FALSE,0.04452700912519699
Stip1,-0.20146295783741763,0.3178763894374679,-0.09953819590898583,0.6661438922612074,-0.20186835630021172,0.4824603623791685,Stip1,FALSE,FALSE,FALSE,FALSE,0.1676231700155384,FALSE,FALSE,0.044524514515406066
Stk16,-0.1746758617295594,0.17402895718873926,-0.1662067419850093,0.2277418424002558,-0.16193551182049237,0.357719004277161,Stk16,FALSE,FALSE,FALSE,FALSE,0.167606038511687,FALSE,FALSE,0.044519882370937146
Soat1,0.2965824318495516,0.03950624802960967,0.1309747056794004,0.34832843274367625,0.0752302926340862,0.7010848870401137,Soat1,FALSE,FALSE,FALSE,FALSE,0.16759581005434607,FALSE,FALSE,0.044517116723945004
Hspd1,-0.14265085427470936,0.3919486104888079,-0.12535536817831794,0.48946639605282133,-0.23469676917863858,0.30995639629376925,Hspd1,FALSE,FALSE,FALSE,FALSE,0.16756766387722197,FALSE,FALSE,0.044509506349525003
Camsap2,0.2060420104253744,0.08644443979024696,0.24624151239485492,0.09180503249903499,0.05037279373305115,0.7846564495789521,Camsap2,FALSE,FALSE,FALSE,FALSE,0.16755210551776015,FALSE,FALSE,0.04450529956363208
Dysf,-0.05721892227424075,0.854259144084631,-0.42998212528292745,0.1751640242634439,-0.0153334041173534,0.9755716489156836,Dysf,FALSE,FALSE,FALSE,FALSE,0.1675114838915072,FALSE,FALSE,0.044494315983731644
Fzd2,-0.18634667688398032,0.6020590292188388,-0.29475971230528986,0.41371480155850754,0.021255390524117068,0.9709984408155377,Fzd2,FALSE,FALSE,FALSE,FALSE,0.1674539265711291,FALSE,FALSE,0.04447875320386432
Gm4430.1,0.04955922623997372,0.9354798234910268,-0.22491104581361934,0.7057082174103742,-0.22777169321910487,0.7779566538191943,Gm4430.1,FALSE,FALSE,FALSE,FALSE,0.16741398842423263,FALSE,FALSE,0.04446795442823725
Gpr37,0.046110813496455516,0.9351757238072139,0.010949426691778008,0.9848019905188304,-0.4451142267514027,0.5275222757030323,Gpr37,FALSE,FALSE,FALSE,FALSE,0.16739148897987874,FALSE,FALSE,0.0444618708597647
Stard5,0.15659447837998774,0.3392820824635016,0.15984393553496234,0.35327712691352575,0.18569362441018145,0.40678514931519116,Stard5,FALSE,FALSE,FALSE,FALSE,0.16737734610837718,FALSE,FALSE,0.04445804680412026
Tpd52,0.26161950644501353,0.08754557010769749,0.1385909757276691,0.38630021104558643,0.10191424737527743,0.6423207840863889,Tpd52,FALSE,FALSE,FALSE,FALSE,0.16737490984932002,FALSE,FALSE,0.04445738807012852
Nr6a1,0.04325853362844123,0.8542109463903297,0.22571530995622346,0.2949021993373063,0.23314162828427554,0.40608108524542064,Nr6a1,FALSE,FALSE,FALSE,FALSE,0.16737182395631342,FALSE,FALSE,0.044456553683238365
Ar,0.3408449271831886,0.057866366417955666,0.09106112069084027,0.6339856567426926,-0.0701856977630877,0.7943123528581805,Ar,FALSE,FALSE,FALSE,FALSE,0.16736391521237218,FALSE,FALSE,0.0444544152577492
Vps29,0.30253542095276575,0.13595400877538305,0.1508886991482825,0.4909885333434505,0.048648274495795896,0.8892330098025573,Vps29,FALSE,FALSE,FALSE,FALSE,0.16735746486561473,FALSE,FALSE,0.044452671164626124
Zfp532,-0.2204341545899391,0.3277677313559741,-0.13355758006010188,0.5940459877566193,-0.14806578959197836,0.6563095842399381,Zfp532,FALSE,FALSE,FALSE,FALSE,0.16735250808067312,FALSE,FALSE,0.04445133091194602
AC174678.1,0.1978196321572816,0.6942456755566088,-0.025871344926793438,0.965968932971312,0.2783599530715787,0.6748152223571511,AC174678.1,FALSE,FALSE,FALSE,FALSE,0.16735031005188458,FALSE,FALSE,0.04445073659244065
Col5a1,0.2664549984858824,0.5136165707449115,-0.1308203503578067,0.7859045493647401,0.10474458787860819,0.8766074132048698,Col5a1,FALSE,FALSE,FALSE,FALSE,0.16733997890743244,FALSE,FALSE,0.044447943180137395
Iqgap2,0.2067339645733881,0.136886849317168,0.18550786813900366,0.216620400559505,0.10956115404857325,0.5847656558612931,Iqgap2,FALSE,FALSE,FALSE,FALSE,0.167267662253655,FALSE,FALSE,0.044428389661035274
Slc35a4,-0.25774877712662914,0.1854994626516531,-0.12659696615175076,0.545218514995016,-0.11738831285480611,0.6765392028715754,Slc35a4,FALSE,FALSE,FALSE,FALSE,0.16724468537772866,FALSE,FALSE,0.04442217700103423
Snapc1,0.17228300875193092,0.3087814888993521,0.24496532104748514,0.18912960776311086,0.08441358996267301,0.7464469040878334,Snapc1,FALSE,FALSE,FALSE,FALSE,0.16722063992069636,FALSE,FALSE,0.04441567541006118
Lsm7,-0.13795383118482896,0.5011769759571744,-0.184736370530743,0.37824375296199075,-0.17888089888648384,0.5179191309160698,Lsm7,FALSE,FALSE,FALSE,FALSE,0.16719036686735192,FALSE,FALSE,0.04440748995490072
Amigo3,-0.07285349935615093,0.8334695206249759,-0.05002626327869031,0.8892252499454968,-0.37862675924500167,0.3788222015811283,Amigo3,FALSE,FALSE,FALSE,FALSE,0.1671688406266143,FALSE,FALSE,0.04440166952851933
E230001N04Rik,-0.22451251363444458,0.559313144459087,0.046116833252212164,0.9128293247294564,-0.23068353472810266,0.6593689455770281,E230001N04Rik,FALSE,FALSE,FALSE,FALSE,0.16710429387158646,FALSE,FALSE,0.04438421689290235
Myzap,-0.08256266990285804,0.8942179676809057,0.30994241632900643,0.5663407097417025,0.10879869043449619,0.9020969085596396,Myzap,FALSE,FALSE,FALSE,FALSE,0.16710125888878688,FALSE,FALSE,0.04438339627149571
Klf15,-0.20725298199048847,0.6547577710064106,0.14958693631936448,0.7621001360680744,0.14428632638939565,0.8353294475721487,Klf15,FALSE,FALSE,FALSE,FALSE,0.1670420815664162,FALSE,FALSE,0.044367395463342334
Pcsk5,0.13907329279067548,0.5883730973091799,0.26477296956923846,0.29444603166190164,-0.0972237606980868,0.8034181599254954,Pcsk5,FALSE,FALSE,FALSE,FALSE,0.16702334101933358,FALSE,FALSE,0.04436232825369942
Plxnd1,0.11284767135984453,0.585769154308919,-0.18576608984820364,0.38728849116241226,0.20224009663861775,0.4570186161614942,Plxnd1,FALSE,FALSE,FALSE,FALSE,0.16695128594888864,FALSE,FALSE,0.04434284546346018
Rad17,0.23828284260135035,0.25042209477987676,0.23435495422655261,0.2927177273289199,0.028070036519307173,0.9416157796796292,Rad17,FALSE,FALSE,FALSE,FALSE,0.1669026111157367,FALSE,FALSE,0.04432968439709284
Adamts15,0.32513107409165865,0.4443503595800162,0.028881044531740452,0.9571889931022003,0.1466808862490323,0.8270181272744213,Adamts15,FALSE,FALSE,FALSE,FALSE,0.16689766829081046,FALSE,FALSE,0.04432834791902637
Tsen54,-0.30924031857019774,0.17922133350942143,-0.176320814013891,0.4536964246583487,0.015012711738276785,0.9695215245494374,Tsen54,FALSE,FALSE,FALSE,FALSE,0.16685794810745516,FALSE,FALSE,0.04431760807801592
Trmt44,-0.3144623433400078,0.17088108669381252,-0.16284047261484735,0.4890971973518187,-0.02320404615514482,0.9529790522272761,Trmt44,FALSE,FALSE,FALSE,FALSE,0.16683562070333333,FALSE,FALSE,0.044311571027071325
Atp5g1,-0.033788695397735324,0.8264103179306538,-0.19594808143825038,0.19538745582996808,-0.2706864854504767,0.15862573414032574,Atp5g1,FALSE,FALSE,FALSE,FALSE,0.16680775409548745,FALSE,FALSE,0.04430403624468907
C8g,-0.20880717879190058,0.4873510925299991,0.27082363229127937,0.340674772741724,0.02069175011084612,0.9685911939333444,C8g,FALSE,FALSE,FALSE,FALSE,0.16677418706467537,FALSE,FALSE,0.044294960139201596
Rcor1,0.17284757703761233,0.27332563995650816,0.10961272344868167,0.5264343827565239,0.2178408177041904,0.3193621764218823,Rcor1,FALSE,FALSE,FALSE,FALSE,0.16676703939682813,FALSE,FALSE,0.04429302749917352
Zfp277,0.2994696690690404,0.09489315784435318,0.10188612046230006,0.6009195270495971,0.09894377516578068,0.7071222817241728,Zfp277,FALSE,FALSE,FALSE,FALSE,0.16676652156570704,FALSE,FALSE,0.044292887484112135
Plgrkt,0.09301670525351025,0.6456561125482785,0.1989337087617873,0.31484081976067146,0.20834732664390865,0.4173718251426266,Plgrkt,FALSE,FALSE,FALSE,FALSE,0.16676591355306872,FALSE,FALSE,0.04429272308509591
Panct2,0.4690561421204589,0.24650301753856885,0.015041491938473595,0.9778531334087185,-0.01619160600314129,0.9827650500887918,Panct2,FALSE,FALSE,FALSE,FALSE,0.16676308002069126,FALSE,FALSE,0.04429195693336495
Rsph3b,-0.20799290726513853,0.44493280768748117,-0.24622422537240274,0.3820673899682802,-0.04602134441535011,0.9211006069645289,Rsph3b,FALSE,FALSE,FALSE,FALSE,0.16674615901763046,FALSE,FALSE,0.04428738170567818
Arhgap12,0.3158897800712719,0.04459643639216172,0.18315166805099015,0.2416612250274761,0.0011787418838649089,0.9958136259774507,Arhgap12,FALSE,FALSE,FALSE,FALSE,0.16674006333537564,FALSE,FALSE,0.04428573350940272
Pogk,-0.17975595356581042,0.16483517045948234,-0.17994998032662313,0.20175210863693624,-0.14048471383835448,0.43819648160534447,Pogk,FALSE,FALSE,FALSE,FALSE,0.16673021591026269,FALSE,FALSE,0.04428307088876148
Cdc14b,0.09296103046621251,0.5962651443429955,0.2665400502384667,0.15027891097725224,0.14046249447566606,0.5528493575251785,Cdc14b,FALSE,FALSE,FALSE,FALSE,0.1666545250601151,FALSE,FALSE,0.04426260502914398
Zfpm1,-0.0975192386105328,0.7525741982172984,-0.3567850138095543,0.24862902418477822,0.04561197014671636,0.9254249867141772,Zfpm1,FALSE,FALSE,FALSE,FALSE,0.16663874085560115,FALSE,FALSE,0.0442583371775724
Tex261,-0.22833961211506804,0.21391026134421962,-0.15322547099594352,0.4387769768151994,-0.11815615826455783,0.6621080034450036,Tex261,FALSE,FALSE,FALSE,FALSE,0.1665737471251898,FALSE,FALSE,0.04424076368539967
Padi2,7.771676346843837e-4,0.9987090097496838,-0.3867912542856464,0.4487518387440585,-0.1121476083979207,0.8849709313828289,Padi2,FALSE,FALSE,FALSE,FALSE,0.16657201010608383,FALSE,FALSE,0.04424029401714906
Pbld2,-0.23694115831080265,0.6091535629974907,0.07532564930431773,0.8786322581826048,0.18740862639929878,0.7611811657218196,Pbld2,FALSE,FALSE,FALSE,FALSE,0.1665584780048064,FALSE,FALSE,0.044236635106137574
Ube2l6,0.1465442501345362,0.7080885821127597,-0.1521053968917907,0.7182402934997928,0.20097257470129515,0.7024748625539515,Ube2l6,FALSE,FALSE,FALSE,FALSE,0.166540740575874,FALSE,FALSE,0.04423183912710183
Tjap1,-0.27162655439546723,0.17137243114802744,-0.08679967942239042,0.6867980598501161,0.14111413020108454,0.5944368572799373,Tjap1,FALSE,FALSE,FALSE,FALSE,0.16651345467298073,FALSE,FALSE,0.04422446136007897
Pdgfd,0.12645349571360942,0.494185136720909,0.15295855870806463,0.42483043271606025,0.2201074355811068,0.3715242216080237,Pdgfd,FALSE,FALSE,FALSE,FALSE,0.16650649666759362,FALSE,FALSE,0.04422258000240902
Ilf2,-0.20482678377016938,0.08494746283512687,-0.154117346492181,0.2143217879561058,-0.14045951694797587,0.37551935445985263,Ilf2,FALSE,FALSE,FALSE,FALSE,0.1664678824034421,FALSE,FALSE,0.04421213918812543
Elmo2,-0.24700108428863565,0.12530586671070834,-0.13034310183372266,0.4388953294559892,-0.12184958994880812,0.5909001965507535,Elmo2,FALSE,FALSE,FALSE,FALSE,0.16639792535705547,FALSE,FALSE,0.04419322367736274
Gm48893,-0.19049562479131277,0.4920591374344443,-0.04919271784833201,0.8746229028146527,-0.25947788475768085,0.4876608243615787,Gm48893,FALSE,FALSE,FALSE,FALSE,0.1663887424657752,FALSE,FALSE,0.04419074073836208
Ldlrad3,-0.20392623307298852,0.45107506248267754,0.09530548923727178,0.7376692795340808,-0.19993381887716843,0.5911764765603967,Ldlrad3,FALSE,FALSE,FALSE,FALSE,0.1663885137291429,FALSE,FALSE,0.04419067889083629
Phactr3,-0.27171843543418106,0.2643752521931874,0.02249497178779114,0.9369764083091595,0.2049398845769148,0.5169980005589633,Phactr3,FALSE,FALSE,FALSE,FALSE,0.166384430599629,FALSE,FALSE,0.04418957486366169
Ubr7,-0.21592576407379038,0.1718723731373125,-0.09275206927169855,0.5908528396494197,-0.19042415976167604,0.3786079706948714,Ubr7,FALSE,FALSE,FALSE,FALSE,0.16636733103572166,FALSE,FALSE,0.044184951355354336
Arhgef16,-0.29091431682514424,0.25622429671117825,-0.1473228794462229,0.5846981566253137,0.060856006937334506,0.8800454041326448,Arhgef16,FALSE,FALSE,FALSE,FALSE,0.1663644010695672,FALSE,FALSE,0.04418415912913566
Ppic,0.21133303085155442,0.4520058976333076,0.24973293811496533,0.3851988891875016,-0.03785586903944971,0.9408306343998061,Ppic,FALSE,FALSE,FALSE,FALSE,0.16630727933532316,FALSE,FALSE,0.04416871412631342
Fam173a,-0.2083342725692745,0.19012871029833042,-0.2684747651610948,0.13820967438382178,-0.022093056136442968,0.9371286767460086,Fam173a,FALSE,FALSE,FALSE,FALSE,0.1663006979556041,FALSE,FALSE,0.04416693460351566
Wdr36,0.14121630228197812,0.5117601893564944,0.235532852940449,0.2917449702221051,0.12207320895335538,0.6956305658402265,Wdr36,FALSE,FALSE,FALSE,FALSE,0.16627412139192752,FALSE,FALSE,0.044159748632949074
Bcl10,-0.0693982618124469,0.5925526425906013,-0.190720177096237,0.1671201187332667,-0.23851808020928544,0.16365257450141046,Bcl10,FALSE,FALSE,FALSE,FALSE,0.16621217303932312,FALSE,FALSE,0.04414299857286301
Gm16897,-0.07371120929019548,0.8949061918379063,-0.3498832566624064,0.5075366502926463,-0.07494812325990147,0.9286823212400908,Gm16897,FALSE,FALSE,FALSE,FALSE,0.16618086307083443,FALSE,FALSE,0.04413453274881072
Dlgap3,-0.08761956282543526,0.7899815143044262,-0.21924735076270085,0.49570262340364135,0.19147665599028407,0.6507770209797082,Dlgap3,FALSE,FALSE,FALSE,FALSE,0.16611452319280673,FALSE,FALSE,0.04411659527515162
Ccdc88c,-0.2877467359346433,0.2138547825118193,-0.15106137268946274,0.5501827305736446,-0.05940607657745023,0.8796884147096544,Ccdc88c,FALSE,FALSE,FALSE,FALSE,0.1660713950671854,FALSE,FALSE,0.04410493396915742
Pitpna,-0.24528529626497875,0.07510645425035968,-0.0821666825431917,0.5737141265329333,-0.17074894862950618,0.35248228935837356,Pitpna,FALSE,FALSE,FALSE,FALSE,0.1660669758125589,FALSE,FALSE,0.04410373905795449
Ltbp3,-0.27818307469063797,0.0884638880272204,-0.1834025593371429,0.2831047720150802,-0.03641646488111938,0.8945125634117448,Ltbp3,FALSE,FALSE,FALSE,FALSE,0.16600069963630007,FALSE,FALSE,0.04408581880845732
Prkn,0.15766844797218305,0.3755605108503648,0.20911183431704528,0.26283936124650703,0.13117723550307137,0.6039733906475363,Prkn,FALSE,FALSE,FALSE,FALSE,0.1659858392640999,FALSE,FALSE,0.04408180074959394
Zdhhc12,-0.10863078076192823,0.681914703105807,-0.24936573791002692,0.34338542220220325,-0.1399395338792595,0.698115092698876,Zdhhc12,FALSE,FALSE,FALSE,FALSE,0.1659786841837382,FALSE,FALSE,0.04407986610531463
Kcnip3,-0.4333953735513578,0.06416887339932756,-0.050172523380253686,0.8489132177123103,0.014283062727518114,0.9718049375752876,Kcnip3,FALSE,FALSE,FALSE,FALSE,0.16595031988637654,FALSE,FALSE,0.044072196753909255
9430085M18Rik,-0.0382157233060858,0.9519109941435451,-0.06197489070597986,0.9220661357248053,0.3976023636312517,0.5693581937067275,9430085M18Rik,FALSE,FALSE,FALSE,FALSE,0.16593099254777244,FALSE,FALSE,0.044066970883174815
Aagab,-0.1773183673721519,0.1930657563064112,-0.15116640247205115,0.29913348655956795,-0.16929988097849868,0.3699266927175993,Aagab,FALSE,FALSE,FALSE,FALSE,0.16592821694090057,FALSE,FALSE,0.0440662203937764
Zfp316,-0.2815668713553645,0.1379990968021279,-0.146685491064094,0.4605600345467176,-0.06949341214513094,0.8120289650916448,Zfp316,FALSE,FALSE,FALSE,FALSE,0.1659152581881965,FALSE,FALSE,0.04406271650905133
Mettl3,-0.2782218385320685,0.08575066174897954,-0.15923008368554248,0.32389143361640205,-0.0601893199748913,0.7987395193378638,Mettl3,FALSE,FALSE,FALSE,FALSE,0.16588041406416743,FALSE,FALSE,0.04405329509352378
Ccdc187,-0.314456587808273,0.1515889845743445,-0.14042594307668388,0.5560890380472325,-0.04272751526465424,0.9098223736276299,Ccdc187,FALSE,FALSE,FALSE,FALSE,0.1658700153832037,FALSE,FALSE,0.04405048342019212
Dclk1,-0.08972987175224922,0.8229158249712846,0.23419482615594944,0.5562850687866718,-0.17360833015796295,0.7534539840078718,Dclk1,FALSE,FALSE,FALSE,FALSE,0.16584434268872053,FALSE,FALSE,0.04404354184455555
Mlc1,-0.21799455126201828,0.30204119926460643,-0.26017379477262903,0.25142571864827284,-0.019169001388068097,0.961891113770045,Mlc1,FALSE,FALSE,FALSE,FALSE,0.1657791158075718,FALSE,FALSE,0.044025905311338195
Pex16,-0.22315156611752807,0.3247576668881525,-0.1942344915303882,0.41143014034786174,-0.07988245274280636,0.8173728883132579,Pex16,FALSE,FALSE,FALSE,FALSE,0.16575617013024088,FALSE,FALSE,0.04401970108704732
Tbc1d1,-0.04169331950478927,0.8927758816569763,0.45132716093328984,0.13460721094597888,-0.0041687566107784235,0.9924441679334658,Tbc1d1,FALSE,FALSE,FALSE,FALSE,0.1657297456829525,FALSE,FALSE,0.044012556246850396
Sel1l3,-0.23829182924587755,0.1458338265597772,-0.06203792376973993,0.741439998050894,-0.1968326731844039,0.38738060474461117,Sel1l3,FALSE,FALSE,FALSE,FALSE,0.16572080873334047,FALSE,FALSE,0.044010139807402135
Lppos,0.3401762422958806,0.3755605108503648,-0.0670322902952788,0.8883552451019743,0.08982764290101264,0.8922786451636772,Lppos,FALSE,FALSE,FALSE,FALSE,0.16567872516405735,FALSE,FALSE,0.04399876093638309
Dnajc3,0.3279587588332955,0.15650239573582764,0.11676886940135667,0.6564284831952678,0.05219919788168603,0.8975930914450666,Dnajc3,FALSE,FALSE,FALSE,FALSE,0.16564227537211273,FALSE,FALSE,0.04398890536832471
Kyat1,-0.1588912782522489,0.4299761520732134,-0.24350934166379812,0.25072760760925006,-0.09451071482062146,0.747523310477557,Kyat1,FALSE,FALSE,FALSE,FALSE,0.1656371115788895,FALSE,FALSE,0.043987509143193215
Abcg2,0.1919996561488473,0.3082527273574442,0.13096143673871907,0.521488177366344,0.1738140766368863,0.510180800312798,Abcg2,FALSE,FALSE,FALSE,FALSE,0.16559172317481755,FALSE,FALSE,0.04397523668616323
Rbp1,-0.2532503008107203,0.2904124427046205,0.1276482314682328,0.6123043784440436,-0.11577481641089715,0.7426820569193272,Rbp1,FALSE,FALSE,FALSE,FALSE,0.16555778289661674,FALSE,FALSE,0.04396605965924806
Hist1h2bb,0.042366845391657915,0.9297172992238455,-0.3368153990966265,0.4528616408620166,0.11744522257953438,0.8594400507660206,Hist1h2bb,FALSE,FALSE,FALSE,FALSE,0.16554248902260627,FALSE,FALSE,0.04396192438691467
Rmdn2,0.16281749904287013,0.5383454061925409,0.183222226705118,0.5012147967491686,0.15058422753246292,0.6860699920592607,Rmdn2,FALSE,FALSE,FALSE,FALSE,0.16554131776015035,FALSE,FALSE,0.04396160769218933
Serping1,-0.24155687989049657,0.4312442126009757,0.051843375275908876,0.8841631230666537,0.20319739741010956,0.6334695970919009,Serping1,FALSE,FALSE,FALSE,FALSE,0.16553255085883833,FALSE,FALSE,0.04395923723167552
Fbxl8,0.0947040565781494,0.8225991885244441,-0.08452915361887414,0.8509893068024312,0.31729380662892104,0.5302193409892363,Fbxl8,FALSE,FALSE,FALSE,FALSE,0.1655090056086482,FALSE,FALSE,0.043952870890379164
Dglucy,-0.12430359799440449,0.494045185738169,-0.23014556909010242,0.2297319818461651,-0.14205901607097093,0.5765246950619544,Dglucy,FALSE,FALSE,FALSE,FALSE,0.16550272771849261,FALSE,FALSE,0.04395117342736524
Engase,0.06639181153681095,0.8298050738289235,-0.24993720994869495,0.4047543842602669,0.18015705348369915,0.6388746135393064,Engase,FALSE,FALSE,FALSE,FALSE,0.16549535832306836,FALSE,FALSE,0.043949180834972304
Lrrc6,0.3601293211726455,0.1613346053555143,0.12198314842300118,0.6797270852446694,-0.014262514460425368,0.9767925257879803,Lrrc6,FALSE,FALSE,FALSE,FALSE,0.16545832801869068,FALSE,FALSE,0.04393916830360941
Nfyb,0.12233591818808343,0.3939524961493917,0.22381038432396672,0.1564280205671835,0.15014713445676353,0.4471474922198249,Nfyb,FALSE,FALSE,FALSE,FALSE,0.16543114565627123,FALSE,FALSE,0.04393181853263625
AI606181,0.2150134374228383,0.3503457014424515,0.03228068477802415,0.9082088532591461,0.24899224680614784,0.4245546263275381,AI606181,FALSE,FALSE,FALSE,FALSE,0.16542878966900343,FALSE,FALSE,0.04393118150313283
Wdr89,-0.15376571074778456,0.5918764204889623,-0.20515363723160585,0.4802761185377658,-0.13736667009176928,0.7334469369905802,Wdr89,FALSE,FALSE,FALSE,FALSE,0.16542867269038655,FALSE,FALSE,0.04393114987357725
Slc25a38,0.013243556394119338,0.9408353254753232,-0.2585679614289855,0.13371534873841176,-0.22445345147132212,0.27094845677333723,Slc25a38,FALSE,FALSE,FALSE,FALSE,0.16542165643147566,FALSE,FALSE,0.043929252764882736
Id2,-0.3147201814180427,0.13248847669960742,-0.025058954164454583,0.9190618800437417,-0.1564221180064589,0.5942340857899489,Id2,FALSE,FALSE,FALSE,FALSE,0.1654004178629854,FALSE,FALSE,0.043923510121480644
Ulk3,0.14232228914980016,0.49538439005261825,0.16789919056488944,0.42865141973942245,0.18596199800979374,0.5036355683262428,Ulk3,FALSE,FALSE,FALSE,FALSE,0.16539449257482777,FALSE,FALSE,0.04392190799763885
Cacng5,0.0323073484708114,0.9436341804982407,-0.2250449769231938,0.5972813314803838,0.23880955691545858,0.6486504447792121,Cacng5,FALSE,FALSE,FALSE,FALSE,0.1653872941031546,FALSE,FALSE,0.043919961620891373
Gse1,-0.24694184887013115,0.3489904710308784,-0.137751921280711,0.6386270933562754,0.11136996620860184,0.7846564495789521,Gse1,FALSE,FALSE,FALSE,FALSE,0.16535457878648133,FALSE,FALSE,0.043911115808259175
Crybg1,-0.3290224173018781,0.2673885653494359,0.054240591640255964,0.8727258611190082,-0.11276832522012104,0.8025729546116046,Crybg1,FALSE,FALSE,FALSE,FALSE,0.16534377805408504,FALSE,FALSE,0.04390819542524647
Enkur,-0.2871616003844304,0.4740218594979745,0.04998905502525197,0.9099703942147284,-0.15884954704374343,0.7857274676140475,Enkur,FALSE,FALSE,FALSE,FALSE,0.1653334008178086,FALSE,FALSE,0.04390538955029015
Mirg,0.16181241852306183,0.6937843352306806,0.30354847435645294,0.45889762918049254,-0.030406674497545083,0.9676362926815323,Mirg,FALSE,FALSE,FALSE,FALSE,0.16525585579235327,FALSE,FALSE,0.04388442234484974
Slc6a14,-0.18315929202710934,0.6646689071836404,0.18125199273998938,0.6610333317521223,0.13135447757086993,0.823618339460721,Slc6a14,FALSE,FALSE,FALSE,FALSE,0.1652552541126562,FALSE,FALSE,0.04388425965818166
Fnta,-0.23575519859139416,0.0532897190304373,-0.08708530639698431,0.477271883057607,-0.172921417672927,0.26669296121677394,Fnta,FALSE,FALSE,FALSE,FALSE,0.16525397422043517,FALSE,FALSE,0.04388391359132588
Pttg1ip,-0.16223796692719095,0.19667487640970585,-0.14761081768001816,0.2777140716344651,-0.1858169841440649,0.28710195326786103,Pttg1ip,FALSE,FALSE,FALSE,FALSE,0.16522192291709134,FALSE,FALSE,0.04387524731959669
Zscan26,0.19596566333565058,0.19191335081491087,0.17103134303445433,0.29038554026959446,0.12861056350152378,0.5528493575251785,Zscan26,FALSE,FALSE,FALSE,FALSE,0.16520252329054289,FALSE,FALSE,0.04387000190310581
D10Jhu81e,-0.1187189906473165,0.4353136627967534,-0.24410587166207254,0.15168902067944873,-0.13272846969844743,0.5360624835920165,D10Jhu81e,FALSE,FALSE,FALSE,FALSE,0.16518444400261215,FALSE,FALSE,0.04386511348967072
Adgrg1,-0.28147833890318275,0.333984713954729,-0.2019445866223588,0.5193426327411393,0.012094926545236362,0.9814922835586298,Adgrg1,FALSE,FALSE,FALSE,FALSE,0.16517261735692598,FALSE,FALSE,0.04386191571253006
Pnpla6,-0.21088322046139485,0.3496988254928249,-0.22479193203969494,0.34809292838042294,-0.059835057370696276,0.8741731036079976,Pnpla6,FALSE,FALSE,FALSE,FALSE,0.16517006995726202,FALSE,FALSE,0.043861226927507685
Ankrd49,0.17360165072867684,0.43674945657774716,0.19722564556619293,0.3961163558712755,0.12457827038016545,0.7018838911735175,Ankrd49,FALSE,FALSE,FALSE,FALSE,0.16513518889167841,FALSE,FALSE,0.043851795523445626
Marcksl1,-0.30622585257859125,0.12517138165318847,-0.0750856916244036,0.732112861774429,-0.11401136533991973,0.6878318863330061,Marcksl1,FALSE,FALSE,FALSE,FALSE,0.16510763651430485,FALSE,FALSE,0.04384434570505468
Serinc2,-0.32185242660549873,0.3336431964745228,0.04069483040262778,0.9148228579409472,-0.13273762848059656,0.790781522904457,Serinc2,FALSE,FALSE,FALSE,FALSE,0.16509496182957437,FALSE,FALSE,0.043840918628758344
Ghdc,-0.14199257693591694,0.5381388907510624,-0.17879812457066624,0.44775255468443753,-0.17447597901683176,0.5806814573102527,Ghdc,FALSE,FALSE,FALSE,FALSE,0.16508889350780498,FALSE,FALSE,0.043839277830416086
Gng4,-0.2171483381646242,0.3192969621245593,0.1422848559395895,0.5563457863933586,-0.13579028916772273,0.6765392028715754,Gng4,FALSE,FALSE,FALSE,FALSE,0.1650744944239788,FALSE,FALSE,0.043835384498162155
BC043934,0.14242134654494,0.7994608572652767,-0.24627587201487533,0.6768817903087988,-0.10648740863534745,0.9046866159210569,BC043934,FALSE,FALSE,FALSE,FALSE,0.16506154239838758,FALSE,FALSE,0.0438318824323643
Wdr77,0.25715841529795647,0.26418495607371817,0.1789011120720012,0.4739298403122708,0.05910637692528731,0.8812107931563374,Wdr77,FALSE,FALSE,FALSE,FALSE,0.16505530143174832,FALSE,FALSE,0.043830194953007585
Atat1,0.2606930641636054,0.25717204485862505,0.13542268834995852,0.5927440460911324,0.09904710780193682,0.7832806856132243,Atat1,FALSE,FALSE,FALSE,FALSE,0.16505428677183356,FALSE,FALSE,0.043829920601651584
Ermard,0.21897103467290746,0.36109028168554425,-0.20093733148355497,0.4531625813144979,0.0751865499883917,0.8493478964840401,Ermard,FALSE,FALSE,FALSE,FALSE,0.16503163871495138,FALSE,FALSE,0.04382379685020928
Piwil4,0.17888553113408318,0.7232373674196798,-0.07303865079253008,0.8974999541186216,0.24311349483290617,0.7198749173872208,Piwil4,FALSE,FALSE,FALSE,FALSE,0.16501255891983982,FALSE,FALSE,0.043818637912140516
Actn4,-0.21426332472064402,0.2651254589145657,-0.17576355864945814,0.39879171809520986,-0.10494049056732013,0.7213545889815092,Actn4,FALSE,FALSE,FALSE,FALSE,0.16498912464580742,FALSE,FALSE,0.04381230157740983
Fzd8,-0.3256850533841522,0.2555319908671592,-0.14268900130246243,0.6409008310470077,0.026590769629767586,0.9582994456086821,Fzd8,FALSE,FALSE,FALSE,FALSE,0.1649882747721274,FALSE,FALSE,0.0438120717821916
Kdm5c,-0.2234575763519926,0.10251620325534831,-0.17056332240824723,0.24185946255488433,-0.10092735673070674,0.6066960077671197,Kdm5c,FALSE,FALSE,FALSE,FALSE,0.16498275183031552,FALSE,FALSE,0.04381057844777169
H3f3a-ps1,-0.021086332459016255,0.9647587170141184,-0.02339944200563915,0.9623007156814386,-0.4503371849880788,0.4390821366842542,H3f3a-ps1,FALSE,FALSE,FALSE,FALSE,0.16494098648424474,FALSE,FALSE,0.04379928562033093
Snx7,0.1566940530960439,0.4199013110424202,-0.09692440301243543,0.6597404297772514,-0.24109836510585891,0.3784396276043878,Snx7,FALSE,FALSE,FALSE,FALSE,0.16490560707144608,FALSE,FALSE,0.04378971946941209
Vps39,-0.18403582888070336,0.26353424912105594,-0.24891783641245446,0.17619113081826418,-0.0617398987879243,0.8160706567923424,Vps39,FALSE,FALSE,FALSE,FALSE,0.16489785469369403,FALSE,FALSE,0.04378762332338564
AA543186,-0.18844952996213515,0.6960322763111365,-0.1149756736240084,0.8223547519734681,-0.19123543521333297,0.7761454715989462,AA543186,FALSE,FALSE,FALSE,FALSE,0.1648868795998255,FALSE,FALSE,0.04378465579521065
G3bp1,-0.19111323012104098,0.1457863634135197,-0.1433716046203255,0.3087437001478208,-0.16013221966228564,0.3797471031546293,G3bp1,FALSE,FALSE,FALSE,FALSE,0.16487235146788404,FALSE,FALSE,0.04378072756995966
Papss2,0.034734656212870973,0.934047087794614,0.2963422362676589,0.40297397334712165,0.16351741125064434,0.7499518999892152,Papss2,FALSE,FALSE,FALSE,FALSE,0.1648647679103914,FALSE,FALSE,0.04377867707082082
Eif3f,-0.1660319425257919,0.325903251785626,-0.17117143926733824,0.34785560955803657,-0.15723731432719212,0.5157799831459725,Eif3f,FALSE,FALSE,FALSE,FALSE,0.16481356537344075,FALSE,FALSE,0.04376483254494684
Usp31,0.18751463468950824,0.13530067870062565,0.17620314845358553,0.19798223216659347,0.13065848025102866,0.45725460777532545,Usp31,FALSE,FALSE,FALSE,FALSE,0.1647920877980408,FALSE,FALSE,0.043759025277064365
Tmem260,0.1831840257094397,0.13161120950629943,0.11327219477127937,0.38174354127155274,0.19780283442993074,0.23532464430179284,Tmem260,FALSE,FALSE,FALSE,FALSE,0.16475301830354994,FALSE,FALSE,0.043748461374188155
Spin1,0.19133859037370193,0.13530067870062565,0.16669350908938974,0.22886671199389508,0.1360226787486516,0.44797183837786314,Spin1,FALSE,FALSE,FALSE,FALSE,0.16468492607058108,FALSE,FALSE,0.04373005008566034
Dgat2,-0.22519467897498302,0.13071526387139806,-0.12124753223078688,0.4311955765650924,0.14760076823374924,0.4517468054469823,Dgat2,FALSE,FALSE,FALSE,FALSE,0.1646809931465064,FALSE,FALSE,0.04372898667215868
Efnb3,-0.3592141133923281,0.491797569627816,-0.059032816228069995,0.9183786191240703,-0.07577153922032975,0.9293088593967773,Efnb3,FALSE,FALSE,FALSE,FALSE,0.1646728229469093,FALSE,FALSE,0.0437267775523288
Psmc2,-0.18869799690290456,0.12697838175455864,-0.15384184729838601,0.2441393035402262,-0.15137023974342867,0.3724583305941307,Psmc2,FALSE,FALSE,FALSE,FALSE,0.16463669464823974,FALSE,FALSE,0.043717008912032805
Stk25,-0.16126159583648736,0.238492373011703,-0.19496676976719574,0.1958063180562044,-0.1376727233649051,0.4793803885113061,Stk25,FALSE,FALSE,FALSE,FALSE,0.16463369632286273,FALSE,FALSE,0.04371619820233495
Arsi,0.30913982365094306,0.5453999314104407,0.16064948793634648,0.7825630630905003,-0.024043214921794287,0.9793278079387262,Arsi,FALSE,FALSE,FALSE,FALSE,0.1646108421696946,FALSE,FALSE,0.04371001872503348
Pcdhgc3,-0.2461849169517425,0.2569276064026328,-0.19009445481552856,0.4081374016535764,-0.057503423391372266,0.872975613790728,Pcdhgc3,FALSE,FALSE,FALSE,FALSE,0.1645942650528811,FALSE,FALSE,0.04370553647988884
Mfsd5,-0.3038878476445208,0.14350847190458643,-0.08565489875979759,0.7038783023888366,-0.10423026171230321,0.7281231251795859,Mfsd5,FALSE,FALSE,FALSE,FALSE,0.16459100270554053,FALSE,FALSE,0.04370465438195275
Tshz2,-0.25150416204726733,0.2855317737371506,-0.14568386528242128,0.5578972200634826,-0.09654469825477596,0.7846285800956893,Tshz2,FALSE,FALSE,FALSE,FALSE,0.16457757519482152,FALSE,FALSE,0.043701023750920706
Tanc1,-0.3690277263498354,0.057517289178451184,-0.04391847001281768,0.8369812659940099,-0.08074632840744833,0.7715507907867037,Tanc1,FALSE,FALSE,FALSE,FALSE,0.16456417492336714,FALSE,FALSE,0.04369740048504528
Zfp619,0.19336001771130018,0.2656138681423492,0.21013824158874428,0.2526116737561763,-0.0901525691317544,0.73647889380471665,Zfp619,FALSE,FALSE,FALSE,FALSE,0.16455027614393294,FALSE,FALSE,0.0436936424288443
Zbtb7a,-0.2135403193281178,0.23663207335565392,-0.16113529373565516,0.4065785222687313,0.11886717232788424,0.6548121792681512,Zbtb7a,FALSE,FALSE,FALSE,FALSE,0.16451426179721906,FALSE,FALSE,0.043683904599732516
Insig2,0.26605399969132915,0.10471718063893388,0.18026309127807583,0.29668187781581806,0.047200868477172975,0.862224744822196,Insig2,FALSE,FALSE,FALSE,FALSE,0.16450598648219264,FALSE,FALSE,0.04368166705800467
Rnf38,0.11881219399311682,0.47261554834912156,0.143776821216556,0.40624157225800717,0.23080115668754964,0.29707755412989917,Rnf38,FALSE,FALSE,FALSE,FALSE,0.16446339063240747,FALSE,FALSE,0.043670149672742235
Psma7,-0.08050637688586004,0.6332154481114567,-0.16346827925905583,0.3427452682154828,-0.2493636149205134,0.26061586668829656,Psma7,FALSE,FALSE,FALSE,FALSE,0.1644460903551431,FALSE,FALSE,0.043665471894052385
Plag1,0.05373707690574392,0.7542120667714424,0.23980162660977733,0.16044553576584047,0.1997943687456285,0.3446581186171951,Plag1,FALSE,FALSE,FALSE,FALSE,0.16444435742038324,FALSE,FALSE,0.04366500333015791
Pam16,-0.08291587064310324,0.6346207615024722,-0.21977088671332146,0.21817658289036848,-0.19064151800677953,0.4033885028223221,Pam16,FALSE,FALSE,FALSE,FALSE,0.1644427584544014,FALSE,FALSE,0.043664570989746174
Gm15411,-0.15728539250077156,0.8211691292928571,0.19658357713826263,0.772781008486405,0.13944655448702126,0.8897943050158532,Gm15411,FALSE,FALSE,FALSE,FALSE,0.16443850804201848,FALSE,FALSE,0.04366342173137511
Stam2,0.2659269488919582,0.05610535921633608,0.09069169141346389,0.5263560963574964,0.13648785662270768,0.45733891190486914,Stam2,FALSE,FALSE,FALSE,FALSE,0.1643688323093766,FALSE,FALSE,0.0436445822843321
Il20ra,-0.25940681106397373,0.7479229176047179,-0.04484558162173939,0.9593131050005839,0.18876377941942574,0.8684654798069841,Il20ra,FALSE,FALSE,FALSE,FALSE,0.1643387240350463,FALSE,FALSE,0.043636441383357046
Enpp1,0.008844841879019238,0.9803602382106905,0.27721064904425186,0.375334969264717,0.20694864558492432,0.6309539820456576,Enpp1,FALSE,FALSE,FALSE,FALSE,0.16433471216939846,FALSE,FALSE,0.043635356625040915
Fip1l1,0.18416715594312905,0.183775965371442,0.19646509466900053,0.19737130604079642,0.1123539256971533,0.5781385885842549,Fip1l1,FALSE,FALSE,FALSE,FALSE,0.16432872543642763,FALSE,FALSE,0.04363373788728979
Taf5,0.14226492192022988,0.44655692214791753,0.30396181670448197,0.13507411796646052,0.046649823699832726,0.8800863548037948,Taf5,FALSE,FALSE,FALSE,FALSE,0.16429218744151486,FALSE,FALSE,0.04362385847025151
Tmem117,0.19497646769021415,0.29427328385721974,0.18517147005190582,0.34501786301198983,0.11272735881594453,0.6798613120520077,Tmem117,FALSE,FALSE,FALSE,FALSE,0.16429176551935484,FALSE,FALSE,0.04362374438777418
Mmp11,-0.3582806710410711,0.3691633327701676,-0.11337793909045346,0.7962366847144552,0.021169809274325102,0.9751963425512756,Mmp11,FALSE,FALSE,FALSE,FALSE,0.16427613980194988,FALSE,FALSE,0.04361951938913552
Samd5,0.2155692545707959,0.2824557523757489,0.17826367762814677,0.4073052615133764,0.09891917095680824,0.7480324067598075,Samd5,FALSE,FALSE,FALSE,FALSE,0.16425070105191697,FALSE,FALSE,0.0436126410691536
Lgals1,-0.1044761598251931,0.7512844064978805,-0.24984115575466426,0.43910748013220713,-0.1384096756146107,0.76396457272146,Lgals1,FALSE,FALSE,FALSE,FALSE,0.16424233039815603,FALSE,FALSE,0.043610377749023835
Gm7160,0.022216753838004588,0.9585883516430124,0.273650450503402,0.4479005461318,0.19681673010540968,0.6961739452098432,Gm7160,FALSE,FALSE,FALSE,FALSE,0.16422797814893875,FALSE,FALSE,0.04360649708026264
Dym,-0.15055333240633528,0.32422576922629287,-0.17668518511750708,0.2745172182878087,-0.1654320994205114,0.43208725836388395,Dym,FALSE,FALSE,FALSE,FALSE,0.16422353898145126,FALSE,FALSE,0.043605296784871045
Ctif,-0.2993842596135248,0.1825938644839418,-0.1915999292164945,0.41143014034786174,-0.0014246171696008503,0.9962326378381484,Ctif,FALSE,FALSE,FALSE,FALSE,0.16413626866654005,FALSE,FALSE,0.043581699982744165
Nt5c2,-0.1449799019541702,0.2649383576481941,-0.18575462780569119,0.19447640933313137,-0.16156366157701907,0.3729885663587031,Nt5c2,FALSE,FALSE,FALSE,FALSE,0.1640993971122935,FALSE,FALSE,0.043571730375432084
Mtmr3,-0.20278243361792114,0.17161357499515298,-0.18230092577603862,0.25673955689530975,-0.10716964173645493,0.6226981362006934,Mtmr3,FALSE,FALSE,FALSE,FALSE,0.16408433371013822,FALSE,FALSE,0.04356765741980706
Mrpl50,0.22871603868509816,0.21184003302601256,0.2340828495067795,0.23672766689248725,0.029385633092782193,0.9301326179938325,Mrpl50,FALSE,FALSE,FALSE,FALSE,0.16406150709488662,FALSE,FALSE,0.04356148538841395
Ccdc190,-0.18256078864867586,0.7344811911740122,0.08306079924795873,0.8815522004446139,-0.22656178457573284,0.7614822701776649,Ccdc190,FALSE,FALSE,FALSE,FALSE,0.1640611241574558,FALSE,FALSE,0.043561381846920016
Nectin2,-0.21652268803697794,0.3230993671321727,-0.2708662900657304,0.24758116511653444,-0.004688584512163807,0.9901796608639275,Nectin2,FALSE,FALSE,FALSE,FALSE,0.16402585420495738,FALSE,FALSE,0.04355184529269792
2010300C02Rik,-0.38998387683181424,0.11290725092094345,-0.029973736606444312,0.9176424755942652,0.0720725263679407,0.8550531484048394,2010300C02Rik,FALSE,FALSE,FALSE,FALSE,0.16401004660206642,FALSE,FALSE,0.04354757111449772
Retsat,-0.19706657142297335,0.34131512109995515,-0.1699271095606263,0.4302876072095241,-0.12496622898080689,0.6692229348201579,Retsat,FALSE,FALSE,FALSE,FALSE,0.16398663665480218,FALSE,FALSE,0.04354124135742102
R3hdm4,-0.2895773211957984,0.08026239364464098,-0.15645078330648676,0.34762709313167045,-0.04592465271821666,0.8594400507660206,R3hdm4,FALSE,FALSE,FALSE,FALSE,0.16398425240683392,FALSE,FALSE,0.0435405966865775
Lpar1,-0.07965227093249405,0.8422525126409794,0.08578429155918466,0.8323800909807948,0.3264136046674202,0.48372970650342834,Lpar1,FALSE,FALSE,FALSE,FALSE,0.16395005571969964,FALSE,FALSE,0.043531350329892256
Kdm4b,-0.2603753533446609,0.14542426278075973,-0.2053083427646456,0.2791830075377941,-0.026111322562201167,0.9352793253721059,Kdm4b,FALSE,FALSE,FALSE,FALSE,0.16393167289050256,FALSE,FALSE,0.043526379842693516
Cplane1,0.22033148643423495,0.06637086220382349,0.12669290072991046,0.30238123655152926,0.14474963570227217,0.36412059479701575,Cplane1,FALSE,FALSE,FALSE,FALSE,0.16392467428880586,FALSE,FALSE,0.043524487508288974
Ppp1r16b,0.39095816939108996,0.16934021004675914,0.09315883381950307,0.7849265742127978,-0.00746572491775277,0.9885825239862405,Ppp1r16b,FALSE,FALSE,FALSE,FALSE,0.16386090937611528,FALSE,FALSE,0.04350724627306565
Mrap,0.007239823912533527,0.9947238842277285,0.03307598586635696,0.9784891590825113,0.45122472891627907,0.7442724803559847,Mrap,FALSE,FALSE,FALSE,FALSE,0.1638468462317232,FALSE,FALSE,0.043503443774634894
2410006H16Rik,-0.10239200209882338,0.771298427346504,-0.09706397564229086,0.7971996628438263,-0.2920826456411536,0.5222393999499488,2410006H16Rik,FALSE,FALSE,FALSE,FALSE,0.1638462077940893,FALSE,FALSE,0.043503271149080223
Hmgn3,0.2676741751995415,0.17774534851480517,0.19120468804081092,0.36994972925464853,0.03259412336254641,0.9284221705262189,Hmgn3,FALSE,FALSE,FALSE,FALSE,0.16382432886763296,FALSE,FALSE,0.04349735536088966
Tm9sf2,0.3061217614787939,0.04643159711748616,0.14395051682046756,0.34475961252827575,0.041386606348597255,0.8630078587834915,Tm9sf2,FALSE,FALSE,FALSE,FALSE,0.1638196282159529,FALSE,FALSE,0.04349608436344139
Tbck,0.18078656442555996,0.2129209509308702,0.20837968179770527,0.19224123792369874,0.10223121702609195,0.6323909429312146,Tbck,FALSE,FALSE,FALSE,FALSE,0.1637991544164524,FALSE,FALSE,0.043490548504013245
Ttyh1,0.30669958673985764,0.31641660006221595,0.12489697608160188,0.7239467996144686,0.059758421466431955,0.9119484319204831,Ttyh1,FALSE,FALSE,FALSE,FALSE,0.1637849947626305,FALSE,FALSE,0.04348671991063919
Ssb,0.23330979624856063,0.238549636537351,0.23911577984736532,0.2656916563150812,0.018901802195113504,0.9609730014174996,Ssb,FALSE,FALSE,FALSE,FALSE,0.16377579276367982,FALSE,FALSE,0.04348423180516332
Col6a2,0.2250661267307441,0.6845521472369391,-0.055426399083224,0.9317178228283753,0.21071747567405197,0.7959782417716054,Col6a2,FALSE,FALSE,FALSE,FALSE,0.16373666716267335,FALSE,FALSE,0.04347365273178672
Mul1,-0.30434601001573824,0.04635453586239561,-0.15491531153115723,0.2913687912323456,-0.03190385977801036,0.8915071457053368,Mul1,FALSE,FALSE,FALSE,FALSE,0.16372172710830193,FALSE,FALSE,0.04346961312786039
Tmem140,-0.13599245694337592,0.7760746346377853,0.25085654628559606,0.5682672765286932,0.10429578512267623,0.8799267906886293,Tmem140,FALSE,FALSE,FALSE,FALSE,0.1637149294505494,FALSE,FALSE,0.04346777512618622
Tti2,-0.23340549808023603,0.22151205746329353,-0.196506965437226,0.32376833035182434,-0.061214328926525674,0.8390419340037778,Tti2,FALSE,FALSE,FALSE,FALSE,0.16370893081466256,FALSE,FALSE,0.04346615317003542
Dnah8,0.4378722759754412,0.10450051137263593,-0.04187312765432338,0.8988135904205636,0.011308120645067365,0.9816918226492667,Dnah8,FALSE,FALSE,FALSE,FALSE,0.16368450809161064,FALSE,FALSE,0.04345954957104712
Osbp2,0.28671394759350166,0.36424463474145363,0.0010213072922873323,0.9977877400688872,0.20328667628814667,0.6584553147640052,Osbp2,FALSE,FALSE,FALSE,FALSE,0.16367397705797856,FALSE,FALSE,0.04345670211120856
Klk8,-0.23327501422404517,0.405916460869116,0.03122913334822952,0.9219323653063418,-0.226460904994793,0.5572624935729553,Klk8,FALSE,FALSE,FALSE,FALSE,0.1636550175223559,FALSE,FALSE,0.043451575689802145
Fmo2,-2.552504401505118e-4,0.9993103943469742,0.4086020463610147,0.1751640242634439,0.08194787531372949,0.8621637413413279,Fmo2,FALSE,FALSE,FALSE,FALSE,0.16360172403829823,FALSE,FALSE,0.043437165797970766
Tmem63a,-0.2521938645390458,0.30645037843761724,-0.05525930322093986,0.843056982089795,-0.18331663228432848,0.5936632522255639,Tmem63a,FALSE,FALSE,FALSE,FALSE,0.1635899333481047,FALSE,FALSE,0.043433977742745815
Rnf215,-0.17067606235521726,0.40574441087648444,-0.29571377492484574,0.18598641846202824,-0.02435193391481727,0.9467569751207735,Rnf215,FALSE,FALSE,FALSE,FALSE,0.16358059039829342,FALSE,FALSE,0.043431451525919366
Ndst1,-0.3590491113501999,0.06038840906767004,-0.08872872955568578,0.6654905211378586,-0.042792757436923345,0.8910037462041454,Ndst1,FALSE,FALSE,FALSE,FALSE,0.16352353278093634,FALSE,FALSE,0.0434160238595018
9530080O11Rik,0.35387425146282847,0.3976549041630524,0.021767421049761648,0.9680285695554004,0.11491709365569205,0.8713754329964963,9530080O11Rik,FALSE,FALSE,FALSE,FALSE,0.16351958872276073,FALSE,FALSE,0.04341495743547845
9330160F10Rik,0.28412334422131624,0.27315175277607473,0.1545453091981719,0.5895761891312384,-0.05182650601394734,0.9102391423284211,9330160F10Rik,FALSE,FALSE,FALSE,FALSE,0.1634983864778118,FALSE,FALSE,0.04340922461350783
Kcnab3,-0.06063857424456787,0.9131145893395127,-0.3240632467026294,0.5286028989477645,-0.10577367896697465,0.8933521959354477,Kcnab3,FALSE,FALSE,FALSE,FALSE,0.16349183330472397,FALSE,FALSE,0.043407452717430524
Tpp1,0.16645824730834757,0.2724505449374571,0.07998299510024953,0.6404134882962282,0.24390789070864383,0.24188661336393086,Tpp1,FALSE,FALSE,FALSE,FALSE,0.16344971103908032,FALSE,FALSE,0.04339606338339935
Pvt1,0.08480248771050469,0.8017145530085114,0.17761540489676708,0.5837738827682316,-0.2278075446410952,0.6097256876417683,Pvt1,FALSE,FALSE,FALSE,FALSE,0.163408479082789,FALSE,FALSE,0.04338491477788669
4632404H12Rik,-0.2497356277558036,0.14220839085065445,-0.06778529820893109,0.714016611582768,-0.17269152260901333,0.45047607147183677,4632404H12Rik,FALSE,FALSE,FALSE,FALSE,0.16340414952458268,FALSE,FALSE,0.04338374411947443
Acbd6,-0.2079395403309663,0.26565763173639567,-0.19209802483582816,0.32919224626484284,-0.0900853079266204,0.7473680811939173,Acbd6,FALSE,FALSE,FALSE,FALSE,0.1633742910311383,FALSE,FALSE,0.04337567075612825
Asnsd1,-0.18373883199352492,0.5696568381304513,-0.066154767433102,0.8515548019739525,-0.24019641685929938,0.5831623694850278,Asnsd1,FALSE,FALSE,FALSE,FALSE,0.16336333876197542,FALSE,FALSE,0.04337270939946832
E2f1,0.1269245959841141,0.827181776851052,0.24627882770953202,0.6595308953323609,0.11687496604245085,0.8940412241757607,E2f1,FALSE,FALSE,FALSE,FALSE,0.16335946324536565,FALSE,FALSE,0.04337166150822749
Slc30a9,0.22662940834582024,0.09159088661971596,0.14280553564600407,0.31041501811984895,0.12058031363696387,0.5188494791766933,Slc30a9,FALSE,FALSE,FALSE,FALSE,0.16333841920959605,FALSE,FALSE,0.04336597146404108
Gm3435,0.14506100557975274,0.7674546525760478,-0.20582910935605547,0.6936945732933254,-0.13911091278168314,0.8527851721980949,Gm3435,FALSE,FALSE,FALSE,FALSE,0.16333367590583045,FALSE,FALSE,0.0433646889340021
S100a1,-0.18669840411628957,0.33811759098568905,-0.08675168888815321,0.6930035331446657,-0.21643127773700144,0.422832318958479,S100a1,FALSE,FALSE,FALSE,FALSE,0.16329379024714807,FALSE,FALSE,0.04335390435053193
Krt222,0.2415088527549063,0.2879702241900465,0.013402570861456464,0.9632062155822276,0.23485248566299255,0.45138504808056373,Krt222,FALSE,FALSE,FALSE,FALSE,0.16325463642645177,FALSE,FALSE,0.04334331764690399
Stox2,0.1341154946227654,0.28664847827741186,0.15117738849529427,0.26867309693402075,0.20445204167020048,0.24211557456315907,Stox2,FALSE,FALSE,FALSE,FALSE,0.16324830826275338,FALSE,FALSE,0.04334160659055259
Olfml1,-0.03879239948924518,0.9351757238072139,-0.24063795903929286,0.5880432490339391,0.21025450064064444,0.7071222817241728,Olfml1,FALSE,FALSE,FALSE,FALSE,0.1632282863897275,FALSE,FALSE,0.04333619292639334
Ccdc71,-0.2622287325538135,0.1752445614685407,-0.1998045171112004,0.3247285709845821,-0.0275282212383825,0.9355352885294924,Ccdc71,FALSE,FALSE,FALSE,FALSE,0.1631871569677988,FALSE,FALSE,0.043325072044890486
Spred2,0.04365978792759684,0.8628550450045804,0.17255149511391643,0.46311975435763264,0.27334009254557756,0.3607980045465125,Spred2,FALSE,FALSE,FALSE,FALSE,0.16318379186236362,FALSE,FALSE,0.04332416216245027
Mrc1,0.10816070596222582,0.8315505725916214,0.3318315576219302,0.47464461119194573,0.0494958810839905,0.9525391049149642,Mrc1,FALSE,FALSE,FALSE,FALSE,0.16316271488938217,FALSE,FALSE,0.04331846321245354
Eya3,-0.3091427209043003,0.11251198612118345,-0.08676612212937851,0.688396137123683,-0.09347436856679892,0.7474990934071348,Eya3,FALSE,FALSE,FALSE,FALSE,0.16312773720015925,FALSE,FALSE,0.04330900568256737
Crim1,-0.11602887445831467,0.6356369082729761,0.23353984903155744,0.335807739253984,0.13975244532668984,0.678296370864743,Crim1,FALSE,FALSE,FALSE,FALSE,0.16310705627218733,FALSE,FALSE,0.04330341381819
Malsu1,0.20957366811298872,0.3715470603916596,0.2296055668971042,0.3485911360957191,-0.050102091649823155,0.9038261855921822,Malsu1,FALSE,FALSE,FALSE,FALSE,0.16309377555330537,FALSE,FALSE,0.04329982287783555
Rnf19a,0.20805857371676417,0.24707399092265328,0.19974841978191815,0.2988565275712495,0.08133740667699119,0.7715123606389467,Rnf19a,FALSE,FALSE,FALSE,FALSE,0.16304813339189117,FALSE,FALSE,0.04328748180799262
Prkag1,-0.11569269845933938,0.4446347357885349,-0.19982247973618472,0.21377588401128192,-0.17356386446963157,0.39883232081345626,Prkag1,FALSE,FALSE,FALSE,FALSE,0.16302634755505188,FALSE,FALSE,0.043281591190070724
Tmem175,-0.11687613842937283,0.5267753222213947,-0.27687652925238915,0.1659969366591283,-0.09527139210485203,0.7191655808747585,Tmem175,FALSE,FALSE,FALSE,FALSE,0.16300801992887134,FALSE,FALSE,0.043276635629077534
Anapc4,0.28816070694833407,0.0408077391264366,0.11608825335743234,0.39981194816379556,0.08477073332209883,0.6547923105256523,Anapc4,FALSE,FALSE,FALSE,FALSE,0.16300656454262175,FALSE,FALSE,0.04327624211083041
Cebpzos,0.20260757199891088,0.5114488284979323,-0.050980994944779034,0.8892252499454968,-0.23542684295655514,0.5984895437631904,Cebpzos,FALSE,FALSE,FALSE,FALSE,0.163005136633415,FALSE,FALSE,0.04327585602203216
Slc25a30,0.2871950205044165,0.1368845711453523,0.12087169790959518,0.5662251648092511,0.08085410935755544,0.787969696283249,Slc25a30,FALSE,FALSE,FALSE,FALSE,0.16297360925718904,FALSE,FALSE,0.04326733141364567
Fndc10,-0.2964857137258825,0.08494746283512687,-0.12107638276932153,0.48818402287209994,-0.07132881045800143,0.7754116527402235,Fndc10,FALSE,FALSE,FALSE,FALSE,0.1629636356510685,FALSE,FALSE,0.04326463467523746
Uqcc1,-0.14970938559672398,0.2388119592420587,-0.16690113922574046,0.22542973947686828,-0.17227404717351913,0.32722722173139984,Uqcc1,FALSE,FALSE,FALSE,FALSE,0.16296152399866118,FALSE,FALSE,0.04326406371082571
Tmco1,0.2971229437731795,0.06160937577667422,0.06394315416300245,0.7125631015134561,-0.1277153935436388,0.5581781721306307,Tmco1,FALSE,FALSE,FALSE,FALSE,0.1629271638266069,FALSE,FALSE,0.04325477314986194
Neto1,-0.061495613045760456,0.8712230288540134,-0.3792323011492562,0.2950610007860362,0.04797359459449191,0.9337510406985972,Neto1,FALSE,FALSE,FALSE,FALSE,0.16290050292983618,FALSE,FALSE,0.043247564376681
Irak4,0.05466794756939386,0.8562387334763809,-0.2917127000485835,0.32174230279550314,-0.14230812125411818,0.7277650765318794,Irak4,FALSE,FALSE,FALSE,FALSE,0.1628962562906985,FALSE,FALSE,0.04324641613854827
Casd1,0.23170451268288694,0.126333132734928,0.16072756320474912,0.3183938602773265,0.09619085560052021,0.664393224960688,Casd1,FALSE,FALSE,FALSE,FALSE,0.16287431049605208,FALSE,FALSE,0.043240482270035074
Plpp7,-0.23594983209732456,0.2833920426486717,-0.16852671598080882,0.4627971155601092,-0.08409423089217949,0.8007407999651911,Plpp7,FALSE,FALSE,FALSE,FALSE,0.16285692632343762,FALSE,FALSE,0.043235781807091395
Pax6,0.24693494771390068,0.3763032233864119,0.0964521696273879,0.7657765098525056,0.14517357524727226,0.7287233337446296,Pax6,FALSE,FALSE,FALSE,FALSE,0.16285356419618693,FALSE,FALSE,0.04323487272991503
Ndufaf6,0.09145273383423058,0.7718311823203609,0.2357450027266963,0.420673982378903,0.16131354695053712,0.6917516922312725,Ndufaf6,FALSE,FALSE,FALSE,FALSE,0.16283709450382133,FALSE,FALSE,0.04323041953099811
Stx3,0.1650804014437819,0.27680791529025245,0.20556301397712495,0.21356670178730303,0.11785488655219734,0.5941949330120894,Stx3,FALSE,FALSE,FALSE,FALSE,0.16283276732436805,FALSE,FALSE,0.04322924951577094
Gm17709,-0.020001048701580704,0.977443001888163,0.20057029943221116,0.7683968157561343,-0.26788647229069706,0.784067976218818,Gm17709,FALSE,FALSE,FALSE,FALSE,0.16281927347482963,FALSE,FALSE,0.04322560094755147
Nmnat2,-0.31769759378832774,0.07048725837992359,-0.07729915782514585,0.6819748734410187,-0.09345088315831074,0.7071222817241728,Nmnat2,FALSE,FALSE,FALSE,FALSE,0.16281587825726143,FALSE,FALSE,0.04322468292316693
Slc38a3,-0.2615716578366398,0.5716089531437257,-0.17181344128865694,0.7239467996144686,-0.05495011334269373,0.9425682730632704,Slc38a3,FALSE,FALSE,FALSE,FALSE,0.16277840415599684,FALSE,FALSE,0.04321455039467403
Bcl2l13,-0.22500729717678514,0.12265380358430816,-0.09052077042402651,0.5628919570273352,-0.17272926335682648,0.3828501513131791,Bcl2l13,FALSE,FALSE,FALSE,FALSE,0.16275244365254604,FALSE,FALSE,0.0432075309990907
Grtp1,-0.2720842151720744,0.3376322007419156,-0.19333159387520782,0.5142870529781167,-0.02277102910925155,0.9653773707378508,Grtp1,FALSE,FALSE,FALSE,FALSE,0.16272894605217791,FALSE,FALSE,0.043201177541710524
Dtd2,-0.1320296207592091,0.4464136708243993,-0.32582956808979135,0.11237771590399237,-0.030299741267721725,0.91791123849792855,Dtd2,FALSE,FALSE,FALSE,FALSE,0.16271964337224074,FALSE,FALSE,0.04319866221335459
Serpinb9,0.27192552814024484,0.1238201528977353,0.17157830957396225,0.3586864559833859,0.04458194137302485,0.8817102844923025,Serpinb9,FALSE,FALSE,FALSE,FALSE,0.16269525969574397,FALSE,FALSE,0.043192069172066666
Rai1,-0.18806010937857387,0.2578104329913156,-0.236319432210367,0.19552366357614318,-0.06362003990573495,0.8104470948265868,Rai1,FALSE,FALSE,FALSE,FALSE,0.16266652716489194,FALSE,FALSE,0.04318430025492904
Gm20712,-0.19876042240158304,0.756432930555118,0.15352396860283607,0.812713197574895,0.1356260616130069,0.8825893576388648,Gm20712,FALSE,FALSE,FALSE,FALSE,0.162636817539142,FALSE,FALSE,0.04317626714354633
Nmb,-0.31899285780939923,0.4886084935939737,-0.007372022261052713,0.9877693201135488,0.16153243926655048,0.8007407999651911,Nmb,FALSE,FALSE,FALSE,FALSE,0.1626324397790008,FALSE,FALSE,0.04317508345193349
Ccdc71l,0.18630079955779877,0.432071431992573,0.2323943116258267,0.34644923866207156,0.06917959303673626,0.8595500930257407,Ccdc71l,FALSE,FALSE,FALSE,FALSE,0.16262490140678723,FALSE,FALSE,0.04317304517032922
AC154766.4,-0.20175777887692337,0.6357926198478648,-0.18542327872788755,0.677544098543098,-0.10068512301281896,0.8784264294350125,AC154766.4,FALSE,FALSE,FALSE,FALSE,0.16262206020587663,FALSE,FALSE,0.04317227694512277
Aox3,-0.347077129709231,0.2337415996853021,-0.08815951807706668,0.7846302515942066,-0.052591631051550625,0.9114466250413109,Aox3,FALSE,FALSE,FALSE,FALSE,0.16260942627928276,FALSE,FALSE,0.043168860889317026
Mon1a,-0.22359863625378296,0.23080465743293768,-0.24034437712763213,0.22417888855535012,-0.02368632376862223,0.9420890535233536,Mon1a,FALSE,FALSE,FALSE,FALSE,0.16254311238334576,FALSE,FALSE,0.04315093044089043
Colgalt1,-0.05621382458574509,0.7628250082797599,-0.20398145804876844,0.2648061304468559,-0.22739289020797493,0.3331116922382617,Colgalt1,FALSE,FALSE,FALSE,FALSE,0.16252939094749616,FALSE,FALSE,0.04314722033617763
Mamdc2,-0.12440457483173706,0.5732797764895097,-0.2337972491056277,0.3007576082118324,0.12936456092402082,0.6696479533644326,Mamdc2,FALSE,FALSE,FALSE,FALSE,0.16252212828712853,FALSE,FALSE,0.04314525660360964
4632411P08Rik,-0.013401060328320558,0.9752033158012211,0.1405974000462108,0.7200549700784775,-0.3335094953667258,0.5222393999499488,4632411P08Rik,FALSE,FALSE,FALSE,FALSE,0.16250265191375238,FALSE,FALSE,0.04313999043573602
Smim26,-0.17217021296706214,0.44302567479447247,-0.16545141726284696,0.4774016098794247,-0.14984446189482847,0.6323909429312146,Smim26,FALSE,FALSE,FALSE,FALSE,0.16248869737491253,FALSE,FALSE,0.04313621730288884
Gstt2,-0.1351145020790785,0.688747382246159,-0.29783856718325197,0.37495632567891246,0.054502545672071356,0.9184497014074813,Gstt2,FALSE,FALSE,FALSE,FALSE,0.16248520497813393,FALSE,FALSE,0.04313527300246071
2700049A03Rik,0.24571559699380074,0.08570535434876847,0.14508601325872217,0.32577503817543346,0.09655523825980339,0.6335474811596363,2700049A03Rik,FALSE,FALSE,FALSE,FALSE,0.1624522828374421,FALSE,FALSE,0.04312637126719954
Mbd6,0.04113204542123716,0.8730744030607788,-0.18345659538983483,0.4508577631792517,0.2627121305818152,0.3758240347301949,Mbd6,FALSE,FALSE,FALSE,FALSE,0.16243359046429573,FALSE,FALSE,0.043121317083186735
Slc9a3r1,-0.2351456879121221,0.28602096205357075,-0.1769048174574137,0.44491256757296294,-0.07518913906608438,0.8264314621238815,Slc9a3r1,FALSE,FALSE,FALSE,FALSE,0.1624132148118734,FALSE,FALSE,0.04311580776150152
Dnaja1,0.13444899909209074,0.6534194611960399,0.2785238111332342,0.3627103846344016,-0.07425319576565403,0.8795013884906151,Dnaja1,FALSE,FALSE,FALSE,FALSE,0.16240866866365966,FALSE,FALSE,0.04311457853985899
BC031181,-0.1476643852586328,0.2344022091834865,-0.12524530967311165,0.3468923847512097,-0.21430231427836688,0.2144958965798415,BC031181,FALSE,FALSE,FALSE,FALSE,0.1624040030700371,FALSE,FALSE,0.04311331702167119
Fam169a,0.14728130267071737,0.47811793993981394,0.1845037737672639,0.39166310194609416,0.15537119229216056,0.593949059480528,Fam169a,FALSE,FALSE,FALSE,FALSE,0.1623854229100473,FALSE,FALSE,0.043108293178693066
Rdh13,-0.18835829262810533,0.2695366986410146,-0.1369833057510106,0.4447889358696674,-0.16175597547538922,0.4912674668357731,Rdh13,FALSE,FALSE,FALSE,FALSE,0.1623658579515017,FALSE,FALSE,0.04310300305849709
AC173344.1,-0.36150503706262,0.3041738483542399,0.0033260691055576608,0.9927888009110446,-0.1222663231942337,0.816326635188023,AC173344.1,FALSE,FALSE,FALSE,FALSE,0.16236580978747045,FALSE,FALSE,0.04310299003554517
Slc25a32,0.07222490423056271,0.8181660285245004,0.3502464854026739,0.2423800227374527,0.06458078548328317,0.8941468918135259,Slc25a32,FALSE,FALSE,FALSE,FALSE,0.16235072503883993,FALSE,FALSE,0.043098911308100105
Mycbpap,-0.311142471374912,0.3246679124792669,-0.14483605573774017,0.6672684330168261,0.030779964279010752,0.9547512001038266,Mycbpap,FALSE,FALSE,FALSE,FALSE,0.16225283046388764,FALSE,FALSE,0.04307244183887916
Def8,-0.21163056424075322,0.11365564966779428,-0.19411541505886376,0.1809728750750657,-0.08078277857160465,0.6752219007423966,Def8,FALSE,FALSE,FALSE,FALSE,0.16217625262374055,FALSE,FALSE,0.04305173614825465
Pcdha11,0.04968336839769494,0.8418455450750705,-0.3277719927051441,0.1895800566997812,-0.10892703563214612,0.7465613777818593,Pcdha11,FALSE,FALSE,FALSE,FALSE,0.16212746557832838,FALSE,FALSE,0.04303854474109498
Tst,-0.196120659988392,0.4441697945544126,-0.19075079704053977,0.47235799164241615,-0.09946082937602574,0.7939163265010846,Tst,FALSE,FALSE,FALSE,FALSE,0.16211076213498585,FALSE,FALSE,0.04303402833883618
Slc39a12,-0.23790636384853947,0.27200126781927303,-0.16382993495705156,0.47366301306790326,-0.08453201289227552,0.7983917031109229,Slc39a12,FALSE,FALSE,FALSE,FALSE,0.16208943723262217,FALSE,FALSE,0.04302826235183404
Ppp1r26,-0.25544060679249725,0.1881434253994014,-0.1643883500515324,0.42393424092094406,-0.06635076099278336,0.8301499634118278,Ppp1r26,FALSE,FALSE,FALSE,FALSE,0.16205990594560435,FALSE,FALSE,0.04302027746101497
Nod1,-0.29104207823682016,0.43713368573003947,-0.12278407842803052,0.7622017209520391,0.07229109556873103,0.9031244502444933,Nod1,FALSE,FALSE,FALSE,FALSE,0.16203908407786058,FALSE,FALSE,0.04301464748828528
Gm13648,0.11128584951789222,0.8503250365861832,-0.05605586038356436,0.9299602754519214,-0.3187184034250738,0.6891969747868163,Gm13648,FALSE,FALSE,FALSE,FALSE,0.16202003777551013,FALSE,FALSE,0.0430094976062404
Mdga1,-0.1936485332574157,0.6802019839175963,-0.11218809463148838,0.824123412011552,0.1801270160855748,0.7748565220796638,Mdga1,FALSE,FALSE,FALSE,FALSE,0.1619878813248263,FALSE,FALSE,0.04300080290398499
Rps6kc1,-0.19128835590047277,0.10529203254032972,-0.11794206918238359,0.33761749694074733,-0.1767152447148339,0.263937480222375,Rps6kc1,FALSE,FALSE,FALSE,FALSE,0.16198188993256343,FALSE,FALSE,0.04299918290641955
Hnrnpdl,0.28273701055346745,0.15809264366315884,0.11250915437387121,0.6162226702872411,0.09058678677832166,0.772029374147827,Hnrnpdl,FALSE,FALSE,FALSE,FALSE,0.1619443172352201,FALSE,FALSE,0.04298902371877956
Smagp,0.2989613786209427,0.6332154481114567,0.12298648801408346,0.8632465428293353,-0.06385408579489266,0.9553698541544777,Smagp,FALSE,FALSE,FALSE,FALSE,0.16193398414330626,FALSE,FALSE,0.042986229779907015
Rasgrp1,0.21188839270815496,0.4491908239529893,0.2678630406365681,0.35556956657936173,-0.006035528495788256,0.9901796608639275,Rasgrp1,FALSE,FALSE,FALSE,FALSE,0.16192898728017044,FALSE,FALSE,0.04298487869058425
Tarsl2,0.2939426575081736,0.10807135922446268,0.028874706757680002,0.8949158674823591,0.16294760895428118,0.5201814991582281,Tarsl2,FALSE,FALSE,FALSE,FALSE,0.16192165774004494,FALSE,FALSE,0.042982896874565836
Fzr1,-0.1883760200678415,0.3668259585956747,-0.2066215210034521,0.3485911360957191,-0.09067662518027575,0.7760673947746256,Fzr1,FALSE,FALSE,FALSE,FALSE,0.1618913887505231,FALSE,FALSE,0.0429747125182122
Zmiz1os1,-0.195337115884468,0.622965655361149,-0.26666132597615216,0.5083655118264903,-0.023671059390236948,0.9709984408155377,Zmiz1os1,FALSE,FALSE,FALSE,FALSE,0.1618898337502857,FALSE,FALSE,0.042974292065588116
Kctd1,-0.20003800249846027,0.3842023423801883,-0.1741777451272939,0.46806886616059445,-0.11142147107984535,0.7391006237630657,Kctd1,FALSE,FALSE,FALSE,FALSE,0.1618790729018665,FALSE,FALSE,0.0429713824667042
Mkrn1,-0.14628924117947406,0.2327203359354236,-0.1728368342673079,0.1995812088419037,-0.16649549458953228,0.32856826596063826,Mkrn1,FALSE,FALSE,FALSE,FALSE,0.1618738566787714,FALSE,FALSE,0.042969972065190806
Slc44a2,-0.3501342027606311,0.06503014460302411,-0.12170035898291953,0.5302975575048059,-0.0137674315629841,0.9679138684030071,Slc44a2,FALSE,FALSE,FALSE,FALSE,0.16186733110217824,FALSE,FALSE,0.04296820763086065
Epha2,-0.09666889049195504,0.8251773061431814,-0.20927644854877003,0.6273163160144761,-0.17960839727484368,0.759950057974078,Epha2,FALSE,FALSE,FALSE,FALSE,0.16185124543852292,FALSE,FALSE,0.04296385826850599
Fcgrt,-0.27273714197044985,0.137619754450777,0.012219331071324113,0.9565793492402118,-0.20047800118204595,0.4245546263275381,Fcgrt,FALSE,FALSE,FALSE,FALSE,0.16181149140793996,FALSE,FALSE,0.04295310927562833
Plekha6,-0.19138961734590954,0.3145214601676718,-0.19804504830026204,0.3338447393657002,-0.09599085188443279,0.7431433197760359,Plekha6,FALSE,FALSE,FALSE,FALSE,0.1618085058435348,FALSE,FALSE,0.04295230201633772
Ptpn1,-0.3012477270341689,0.05140098439196283,-0.025237975055015127,0.8846871985831486,-0.15889869336339046,0.43145920793882475,Ptpn1,FALSE,FALSE,FALSE,FALSE,0.1617947984841915,FALSE,FALSE,0.04294859571773625
Tns3,-0.2935196365258488,0.06321162408604472,-0.1599960681104875,0.31857103434674744,-0.031770022348035276,0.9039075532415295,Tns3,FALSE,FALSE,FALSE,FALSE,0.1617619089947905,FALSE,FALSE,0.04293970281097593
Plekhs1,-0.026836996676502217,0.9665709118684602,0.41606189050446174,0.4339309429462975,0.042202873980667875,0.9670708066057202,Plekhs1,FALSE,FALSE,FALSE,FALSE,0.16170058705387727,FALSE,FALSE,0.04292312212477996
Lyz2,0.31544058775305395,0.49893525399565336,0.12203027485482032,0.8232334604584078,-0.04754721181471844,0.9567974548559834,Lyz2,FALSE,FALSE,FALSE,FALSE,0.16167269147419758,FALSE,FALSE,0.04291557950877604
H2-DMb1,-0.2801831993626456,0.3886708920994812,-0.08043480718429219,0.8255754537043598,-0.12435081044134844,0.7972027662037148,H2-DMb1,FALSE,FALSE,FALSE,FALSE,0.16165627232942872,FALSE,FALSE,0.042911139977297355
Mbd5,0.15900181684577142,0.20556164297136906,0.15330327465868443,0.25972577277625103,0.17264788678742882,0.3228816905189946,Mbd5,FALSE,FALSE,FALSE,FALSE,0.16165099276396155,FALSE,FALSE,0.042909712448798445
Adcy1,0.05088991904572193,0.9314380497631496,-0.07420337008473377,0.9009262398078857,0.3598412949395682,0.60351082939343,Adcy1,FALSE,FALSE,FALSE,FALSE,0.16164486135667464,FALSE,FALSE,0.04290805459292092
1190007I07Rik,-0.14479958426937278,0.5469348184585057,-0.2451854821632633,0.3169198791906148,-0.09491676418536188,0.7857274676140475,1190007I07Rik,FALSE,FALSE,FALSE,FALSE,0.16163394353933266,FALSE,FALSE,0.04290510255160265
Tfb2m,0.13009135012832873,0.5077577412588281,0.20820413189480647,0.29534772374868423,0.1465859968003369,0.5869831066754727,Tfb2m,FALSE,FALSE,FALSE,FALSE,0.16162715960782403,FALSE,FALSE,0.04290326826133323
Lsm11,-0.0788509725418356,0.7786660635537412,-0.1633734946723444,0.5525979887533944,0.24262892389859303,0.46199893899746625,Lsm11,FALSE,FALSE,FALSE,FALSE,0.16161779703759102,FALSE,FALSE,0.04290073673939003
Cachd1,-0.42249402822460347,0.04326133976766126,0.018585396475363503,0.9329177574445945,-0.043734342274144744,0.8864613564684504,Cachd1,FALSE,FALSE,FALSE,FALSE,0.16160458899137056,FALSE,FALSE,0.04289716544881472
Slc25a23,-0.13387519185385344,0.5870692178536252,-0.18082645545278275,0.47439617975976156,0.17011207525378236,0.6069793954717599,Slc25a23,FALSE,FALSE,FALSE,FALSE,0.16160457418680618,FALSE,FALSE,0.04289716144584559
Pld1,-0.33279862982085584,0.23670928855615536,0.049974639293812295,0.8737697771255699,0.10198866966295483,0.8028263885382418,Pld1,FALSE,FALSE,FALSE,FALSE,0.16158731292587433,FALSE,FALSE,0.04289249421668429
Peli2,0.013680896761654626,0.9477870987582863,0.23707910296513202,0.19531179014465683,0.23393143426383167,0.30994114027169833,Peli2,FALSE,FALSE,FALSE,FALSE,0.16156381133020611,FALSE,FALSE,0.042886139679024916
Mtss1l,-0.22996808774107702,0.4420281798718439,-0.25120542006827407,0.4216245473087002,0.003507560712286306,0.9942437822308332,Mtss1l,FALSE,FALSE,FALSE,FALSE,0.16156035617387912,FALSE,FALSE,0.04288520544794934
Smox,-0.23238350229077165,0.3146112133638735,-0.042315418366683843,0.873820780080455,-0.2099690191795629,0.5075640806938738,Smox,FALSE,FALSE,FALSE,FALSE,0.1615559799456728,FALSE,FALSE,0.04288402217055254
Rab11fip3,-0.32240071857196195,0.06375076446845605,-0.130917020574147,0.4536964246583487,0.031267065972884645,0.9114466250413109,Rab11fip3,FALSE,FALSE,FALSE,FALSE,0.16152826837299786,FALSE,FALSE,0.0428765293077423
Snhg10,-0.22646212943401922,0.5355433840546933,-0.238863895640695,0.522829519524485,0.01909908473226718,0.9753058324761829,Snhg10,FALSE,FALSE,FALSE,FALSE,0.16147503660232712,FALSE,FALSE,0.04286213610243923
Tsen34,-0.14879161333009705,0.3454517183152725,-0.2091375815519676,0.22173859791646258,-0.12648571998997493,0.579053990186208,Tsen34,FALSE,FALSE,FALSE,FALSE,0.16147163829067987,FALSE,FALSE,0.0428612172414544
Kctd12b,0.12486995177075677,0.5824652450499517,0.16783402382294277,0.46311975435763264,0.1914006427087096,0.5234816947473643,Kctd12b,FALSE,FALSE,FALSE,FALSE,0.16136820610080305,FALSE,FALSE,0.04283325047038732
Krcc1,0.2667023735230263,0.14350847190458643,0.1717959156099118,0.3774020623010916,-0.04558427102414786,0.8839872372253401,Krcc1,FALSE,FALSE,FALSE,FALSE,0.1613608533856953,FALSE,FALSE,0.04283126238814345
Klhl31,0.1792610851567389,0.5303823976274591,0.22260959305903372,0.445696426275844,-0.08211480245852565,0.8608733854455557,Klhl31,FALSE,FALSE,FALSE,FALSE,0.16132849355809942,FALSE,FALSE,0.042822512695313564
Osgin1,0.14200365482467464,0.8210150920888267,0.1541666139774368,0.811959235721534,0.187564034860367,0.8297913037749647,Osgin1,FALSE,FALSE,FALSE,FALSE,0.1612447678874928,FALSE,FALSE,0.042799874320692655
Gm10461,-0.297592437469298,0.32329595261579996,-0.17411754958348524,0.5844753277513445,0.011974427125402975,0.9812767460372922,Gm10461,FALSE,FALSE,FALSE,FALSE,0.1612281380593954,FALSE,FALSE,0.042795377823075825
Mgat5b,-0.05807149348259211,0.9315075847974623,-0.16801551110847268,0.8013437573175883,0.25754793467873904,0.7503192744090388,Mgat5b,FALSE,FALSE,FALSE,FALSE,0.16121164642326793,FALSE,FALSE,0.04279091869084003
Tmem237,-0.0845127740863667,0.5867646361457908,-0.18901424859639793,0.23726210684157803,-0.21005299938113708,0.30355895948253264,Tmem237,FALSE,FALSE,FALSE,FALSE,0.16119334068796723,FALSE,FALSE,0.04278596904886707
B230118H07Rik,0.23863393430354574,0.1007349903518848,0.15985145986979,0.2935888459858074,-0.08504716224703923,0.6906484118257846,B230118H07Rik,FALSE,FALSE,FALSE,FALSE,0.16117751880679165,FALSE,FALSE,0.04278169100999721
Cysltr1,0.19841188967511858,0.5916255511529701,-0.028518301377376876,0.9493625881481014,0.2565587934714566,0.60351082939343,Cysltr1,FALSE,FALSE,FALSE,FALSE,0.16116299484131735,FALSE,FALSE,0.04277776391130685
Ddx58,0.14774724874455902,0.5728666235523963,-0.2221736295742427,0.4200351821983598,0.11350411230169488,0.7682559787096986,Ddx58,FALSE,FALSE,FALSE,FALSE,0.16114166354016554,FALSE,FALSE,0.0427719961941524
Ndfip1,0.20853905098327097,0.16935361896584866,0.12404632767081569,0.45054413865236315,0.1507482168129357,0.4847345251000007,Ndfip1,FALSE,FALSE,FALSE,FALSE,0.16111119848900746,FALSE,FALSE,0.04276375882518342
Ctnnd2,0.22109231995872314,0.2778553592892094,0.09464926931977491,0.6877270972503048,0.16754839768104102,0.5732538720885044,Ctnnd2,FALSE,FALSE,FALSE,FALSE,0.16109666231984635,FALSE,FALSE,0.04275982842676872
Slx4,-0.3080149551394067,0.08772073863254531,-0.06073580036720827,0.7599152457660783,-0.11447696817211295,0.6487905668716706,Slx4,FALSE,FALSE,FALSE,FALSE,0.1610759078929093,FALSE,FALSE,0.042754216689190036
Psmd8,-0.10669417825128136,0.34914052942357365,-0.15560066264418104,0.21063274089341866,-0.220895561884352,0.16365257450141046,Psmd8,FALSE,FALSE,FALSE,FALSE,0.16106346759327148,FALSE,FALSE,0.04275085298769255
1500011B03Rik,-0.20500001985507765,0.17161357499515298,-0.15674695481953993,0.32064964441489785,-0.1212980913912487,0.5675410873754473,1500011B03Rik,FALSE,FALSE,FALSE,FALSE,0.16101502202195542,FALSE,FALSE,0.04273775391085948
Racgap1,0.29239678131303837,0.2737030551503385,0.03201456222041088,0.9227823379648736,0.1584972239401612,0.6920840957463251,Racgap1,FALSE,FALSE,FALSE,FALSE,0.16096952249120347,FALSE,FALSE,0.042725451406564495
Tacc2,-0.0898904622384773,0.652153448012213,0.12344113308343818,0.5439530242373838,0.2695288113906278,0.2875721650212734,Tacc2,FALSE,FALSE,FALSE,FALSE,0.16095346890418108,FALSE,FALSE,0.04272111071733037
Rasl11b,-0.2950648784112577,0.5155728608200638,-0.08361040054976754,0.867026927673757,-0.10408024537944138,0.8825184669752741,Rasl11b,FALSE,FALSE,FALSE,FALSE,0.16091850811348887,FALSE,FALSE,0.042711657756595633
Dgki,0.3007521362578891,0.6322648334215164,0.020785292508181508,0.9788770664600084,0.16120941643896636,0.8722920238991596,Dgki,FALSE,FALSE,FALSE,FALSE,0.16091561506834565,FALSE,FALSE,0.04271087551335682
Tmem125,0.07377813738302119,0.8641978182602205,0.2151022647582943,0.5940103144551425,-0.1937113963859376,0.7418555811886296,Tmem125,FALSE,FALSE,FALSE,FALSE,0.1608639328424177,FALSE,FALSE,0.04269690128558029
Hdac6,-0.2196608695438247,0.27969706614277606,-0.24412331198232629,0.26107344430991425,-0.018736161842041632,0.9609730014174996,Hdac6,FALSE,FALSE,FALSE,FALSE,0.1608401144560642,FALSE,FALSE,0.042690461091680024
Mier3,0.21894801222507798,0.12266001720114508,0.13329548964689497,0.3737276008922709,0.13016757208980945,0.5123467424997246,Mier3,FALSE,FALSE,FALSE,FALSE,0.16080369132059413,FALSE,FALSE,0.04268061273119912
Dio2,0.25661559122419053,0.11758725066940003,0.1384151299197649,0.42811077774388634,0.0873329529257143,0.7244553840900645,Dio2,FALSE,FALSE,FALSE,FALSE,0.16078789135655658,FALSE,FALSE,0.04267634061844938
Ndufc2,0.22303874282391511,0.2147578464106987,0.19196977327763065,0.3207763426866523,-0.06712425166828506,0.8171979380423273,Ndufc2,FALSE,FALSE,FALSE,FALSE,0.1607109225899436,FALSE,FALSE,0.04265552922619573
Ddx11,0.06982292896227527,0.8798010848093848,0.0486097804081842,0.9195131546577934,0.3636553019439249,0.49084978817571595,Ddx11,FALSE,FALSE,FALSE,FALSE,0.16069600377146145,FALSE,FALSE,0.04265149536418838
2810025M15Rik,-0.13698113301084458,0.5060980922348035,-0.09917835963435406,0.6522435280084011,-0.24590843503654902,0.37098170919899925,2810025M15Rik,FALSE,FALSE,FALSE,FALSE,0.16068930922724922,FALSE,FALSE,0.04264968524312641
Hhat,-0.1528516599231866,0.6499305329750378,-0.2001820341386913,0.5578132222965339,0.1289781146184643,0.7809900904448357,Hhat,FALSE,FALSE,FALSE,FALSE,0.1606706028934474,FALSE,FALSE,0.0426446272843269
9530018F02Rik,-0.0665021274000819,0.8968027462012128,0.16884505592815147,0.7204215936841916,0.24647171664009732,0.68236676006956265,9530018F02Rik,FALSE,FALSE,FALSE,FALSE,0.16060629998944356,FALSE,FALSE,0.04262724058297827
Map2k4,0.16701250278119062,0.38655439370816574,0.26535064314646384,0.20548047699218985,0.04944138607425774,0.8808222274522951,Map2k4,FALSE,FALSE,FALSE,FALSE,0.16060151066730408,FALSE,FALSE,0.0426259456101463
Stk11ip,-0.1819437771249337,0.3752694987656149,-0.22617764248627736,0.29594200829890244,-0.0736607659584001,0.817085622406409,Stk11ip,FALSE,FALSE,FALSE,FALSE,0.16059406185653705,FALSE,FALSE,0.042623931544837505
Mob3b,0.1410981727399112,0.5729684312850295,0.2913685019316481,0.24319433696767914,0.04921357854400954,0.9052165136027727,Mob3b,FALSE,FALSE,FALSE,FALSE,0.16056008440518962,FALSE,FALSE,0.04261474446676822
Elobl,-0.175682529840822,0.7823813563255155,0.21436348547442208,0.7222939700289851,-0.0914779555198928,0.9260668732862938,Elobl,FALSE,FALSE,FALSE,FALSE,0.16050799027837895,FALSE,FALSE,0.04260065886614245
1700123O20Rik,0.2029915850797348,0.3301223273545802,0.21816657011788898,0.3229022879354498,-0.060115542530055244,0.8657724145256687,1700123O20Rik,FALSE,FALSE,FALSE,FALSE,0.16042456590922635,FALSE,FALSE,0.042578101959667936
Sytl5,-0.14503863380501625,0.8267389228205557,-0.2902185526435498,0.662003008727939,-0.04597827671101562,0.9671302197151238,Sytl5,FALSE,FALSE,FALSE,FALSE,0.16041182105319388,FALSE,FALSE,0.0425746559099288
Gm34006,0.2130591042806087,0.7036325741659523,0.09056230234287381,0.8853038123474083,0.17745313581235753,0.8296325835068094,Gm34006,FALSE,FALSE,FALSE,FALSE,0.1603581808119467,FALSE,FALSE,0.04256015225928842
Gm45051,0.18726172675260622,0.7649463125139526,0.2835267607490619,0.6442547187773635,0.010119310658735725,0.9913286600395865,Gm45051,FALSE,FALSE,FALSE,FALSE,0.16030259938680128,FALSE,FALSE,0.04254512373679001
Pml,-0.13877507428340685,0.5969418564977588,-0.2589726229221405,0.33190468916253424,-0.08306065429521503,0.8369176274335286,Pml,FALSE,FALSE,FALSE,FALSE,0.16026945050025412,FALSE,FALSE,0.04253616069228427
Icosl,-0.1907378346728521,0.45349960864105976,-0.09434484704120383,0.7322957931850622,0.19571423564965107,0.5530816193465384,Icosl,FALSE,FALSE,FALSE,FALSE,0.16026563912123568,FALSE,FALSE,0.0425351301430463
Madd,-0.23810304281301686,0.13612176654375133,-0.12089782358872903,0.48423059063073576,-0.12154852203355837,0.599750184975486,Madd,FALSE,FALSE,FALSE,FALSE,0.16018312947843474,FALSE,FALSE,0.04251282056714166
Slc25a45,0.2565554736434459,0.7388971917913488,0.02985826238571543,0.9736835584731226,0.1940996926296823,0.8681458594612189,Slc25a45,FALSE,FALSE,FALSE,FALSE,0.1601711428862812,FALSE,FALSE,0.04250957954247583
Elac2,-0.35078117866649894,0.08845067811922003,-0.11710066096015748,0.5772514508238422,-0.012567879558980977,0.9709984408155377,Elac2,FALSE,FALSE,FALSE,FALSE,0.16014990639521245,FALSE,FALSE,0.04250383746078254
Rab14,0.2193284098650503,0.09571375311400794,0.17780682547839177,0.2057064968485248,0.0832621198717165,0.6613015358593789,Rab14,FALSE,FALSE,FALSE,FALSE,0.1601324517383862,FALSE,FALSE,0.042499117939789166
Gtf2ird2,-0.23708446362095703,0.26137539305267854,-0.14912258945657886,0.501577232271906,-0.09416538010473241,0.7645400512320827,Gtf2ird2,FALSE,FALSE,FALSE,FALSE,0.16012414439408942,FALSE,FALSE,0.042496871737747036
Vstm5,0.15522092998419004,0.7995496717764576,0.006037483367511032,0.9924550275832792,0.31910075681136096,0.6808576716060339,Vstm5,FALSE,FALSE,FALSE,FALSE,0.16011972338768735,FALSE,FALSE,0.042495676352885904
Igbp1,-0.1428565704356659,0.3578174148023578,-0.12542158809073456,0.45006171261803984,-0.21204716832895798,0.32196903202390176,Igbp1,FALSE,FALSE,FALSE,FALSE,0.16010844228511947,FALSE,FALSE,0.04249262608378423
Wdr60,0.03800169691898825,0.8787199133460958,0.28329124239865777,0.21049337092852857,0.15889306682672544,0.6018000001898766,Wdr60,FALSE,FALSE,FALSE,FALSE,0.16006200204812382,FALSE,FALSE,0.04248006922428135
Steap4,0.015104143408931403,0.9828044145435438,0.1749320857462835,0.7981597689196641,0.29009066372394043,0.7351420034823858,Steap4,FALSE,FALSE,FALSE,FALSE,0.1600422976263851,FALSE,FALSE,0.04247474139498148
Tmem252,0.09558114019891462,0.83694564081921,-0.049140457100022905,0.9219323653063418,-0.3353062396439832,0.5873785725508125,Tmem252,FALSE,FALSE,FALSE,FALSE,0.16000927898097358,FALSE,FALSE,0.04246581356605057
Gm4876,0.23972668509639827,0.6438719755037133,0.15590604013107123,0.7847799854718642,-0.0843817040470714,0.925863253766011,Gm4876,FALSE,FALSE,FALSE,FALSE,0.1600048097581803,FALSE,FALSE,0.04246460514408004
Arrdc4,-0.05529597472271419,0.8614428646414738,-0.09669301678592923,0.7657390705765127,-0.32797939177161695,0.40608108524542064,Arrdc4,FALSE,FALSE,FALSE,FALSE,0.15998946109342013,FALSE,FALSE,0.04246045505701291
Trbc2,-0.17062217260901968,0.7734854769992668,0.2608466443331908,0.6304577643538157,0.04836973117947907,0.9598029908470451,Trbc2,FALSE,FALSE,FALSE,FALSE,0.15994618270722985,FALSE,FALSE,0.04244875312243937
Lins1,-0.1788806715888156,0.2892837140572685,-0.05533081195689915,0.7716892526434049,-0.2456246980368193,0.28315990045604944,Lins1,FALSE,FALSE,FALSE,FALSE,0.1599453938608447,FALSE,FALSE,0.04244853982823873
Rmnd1,0.25357559021031584,0.16769607728069078,0.193305447871289,0.32030657729700546,0.03291231461044575,0.9214197386018574,Rmnd1,FALSE,FALSE,FALSE,FALSE,0.15993111756401687,FALSE,FALSE,0.04244467969605411
Cant1,-0.22317238161368724,0.19044519294878573,-0.1858209574977705,0.3045431309964631,-0.07054100925502826,0.789809524205533,Cant1,FALSE,FALSE,FALSE,FALSE,0.15984478278882866,FALSE,FALSE,0.04242133585217251
Ing3,0.12994998133856317,0.39719190047584363,0.18022500601062852,0.2682189670902204,0.16930695661267947,0.4237414920571677,Ing3,FALSE,FALSE,FALSE,FALSE,0.15982731465395705,FALSE,FALSE,0.042416612686884174
Sh3d21,-0.26047643422933686,0.504037892152886,-0.15142838909073109,0.7155583299350986,0.06755532617965365,0.9115685218130815,Sh3d21,FALSE,FALSE,FALSE,FALSE,0.15982004983324052,FALSE,FALSE,0.042414648370184854
Ralyl,-0.14340965395013594,0.7082065859397414,-0.11970407354283097,0.7655880140985618,-0.21625694582329325,0.6744914477940083,Ralyl,FALSE,FALSE,FALSE,FALSE,0.15979022443875338,FALSE,FALSE,0.042406583956382915
Rhoj,0.29323574592860524,0.3840882368833815,0.1334696316619981,0.7284557607347769,-0.05263704350816445,0.9330306356076901,Rhoj,FALSE,FALSE,FALSE,FALSE,0.1597808070329226,FALSE,FALSE,0.04240403760757962
Dnaja3,-0.24131642602542325,0.10376073353892554,-0.09587345723698348,0.54622944959771,-0.14207871347414525,0.4870096011519635,Dnaja3,FALSE,FALSE,FALSE,FALSE,0.15975619891218398,FALSE,FALSE,0.042397383879374625
Champ1,-0.21248150815323452,0.20020337030432506,-0.15622994609180463,0.373121097723003,-0.11054108488321734,0.6444543178953018,Champ1,FALSE,FALSE,FALSE,FALSE,0.1597508463760855,FALSE,FALSE,0.04239593662052926
Cacna1a,-0.04213184400250025,0.8528970300225344,-0.293888504474233,0.18859720229045795,-0.14321167905496868,0.6266708418912065,Cacna1a,FALSE,FALSE,FALSE,FALSE,0.15974400917723397,FALSE,FALSE,0.04239408792743624
Col1a2,0.3426182682395087,0.1764404686614931,-0.12247756394018872,0.6721461571315542,-0.014134408958250688,0.9765259158911566,Col1a2,FALSE,FALSE,FALSE,FALSE,0.15974341371264936,FALSE,FALSE,0.04239392692125687
Scaf1,-0.2646334684004801,0.22177437621610882,-0.20864888132248893,0.36729443364414877,0.0059353904764405385,0.987639810015307,Scaf1,FALSE,FALSE,FALSE,FALSE,0.15973924673313653,FALSE,FALSE,0.04239280022209082
Gm6563,0.14704475319309548,0.7333032352761527,0.30034200592567406,0.4612028757846156,0.031734497136305495,0.9671302197151238,Gm6563,FALSE,FALSE,FALSE,FALSE,0.15970708541835835,FALSE,FALSE,0.042384104204645105
Smarca2,-0.24237024775745564,0.1268240770385644,-0.15413669276536712,0.3628061062450673,-0.08257920757748849,0.7319772271745298,Smarca2,FALSE,FALSE,FALSE,FALSE,0.15969538270010375,FALSE,FALSE,0.04238093993593264
Crb2,-0.16585589059525407,0.5322352240678339,-0.3059122721347012,0.26748851633738563,0.007317642744809838,0.9867529545679352,Crb2,FALSE,FALSE,FALSE,FALSE,0.15969526849158835,FALSE,FALSE,0.04238090905537788
Wdr49,0.16890451360540615,0.5918764204889623,0.14483106722258698,0.6666777855459667,0.1652422773417248,0.7096401488558869,Wdr49,FALSE,FALSE,FALSE,FALSE,0.15965928605657265,FALSE,FALSE,0.04237117985479034
Akap9,0.2671367151884958,0.04953665242712705,0.1479401747620379,0.27847953960537025,0.06386899339306673,0.7424185563560125,Akap9,FALSE,FALSE,FALSE,FALSE,0.15964862778120015,FALSE,FALSE,0.042368297990375905
S100a11,-0.26934579345053145,0.17977865669825258,-0.10907528037154313,0.6097525177109803,-0.1004534267838082,0.7298672384813677,S100a11,FALSE,FALSE,FALSE,FALSE,0.15962483353529425,FALSE,FALSE,0.04236186432375088
Rflnb,0.0425701216737151,0.8666985207309877,-0.23387083948353649,0.3318688946113139,-0.2023927323522301,0.5283218456723442,Rflnb,FALSE,FALSE,FALSE,FALSE,0.15961123116982723,FALSE,FALSE,0.04235818641418095
Tbc1d14,0.2485251279391827,0.08207892051945176,0.1221702049007014,0.41122669190323874,0.1081299663770876,0.5902952201553159,Tbc1d14,FALSE,FALSE,FALSE,FALSE,0.1596084330723239,FALSE,FALSE,0.04235742984359695
Slc35a2,-0.10579810864232364,0.5047646070518574,-0.17275587694038919,0.29383781359800676,-0.20019558134668447,0.34662257591845974,Slc35a2,FALSE,FALSE,FALSE,FALSE,0.15958318897646576,FALSE,FALSE,0.04235060415567039
Ralgapa2,0.21753713511059392,0.12197941185662174,0.12880676124814272,0.38701619396675313,0.1322633424714903,0.5017490050989861,Ralgapa2,FALSE,FALSE,FALSE,FALSE,0.1595357462767423,FALSE,FALSE,0.04233777624277838
Pttg1,-0.2525380453889059,0.2970914589846878,-0.14323221264097796,0.5772514508238422,-0.08274319798824781,0.823618339460721,Pttg1,FALSE,FALSE,FALSE,FALSE,0.15950448533937722,FALSE,FALSE,0.04232932367612894
Polr3a,-0.21434873384329833,0.1617152732538799,-0.14415722438659717,0.367450159671788,-0.11999479089672604,0.5789883390646107,Polr3a,FALSE,FALSE,FALSE,FALSE,0.15950024970887386,FALSE,FALSE,0.04232817841459331
Slc25a47,-0.17377341354624032,0.4787944599271626,-0.14469024425168953,0.5706821944626579,-0.160033368298242,0.6359063770718255,Slc25a47,FALSE,FALSE,FALSE,FALSE,0.15949900869872394,FALSE,FALSE,0.04232784286096348
Sun2,-0.2785405434009718,0.16411440862546436,-0.19259142276864516,0.3639392076898473,-0.007313770200678249,0.9833468957725239,Sun2,FALSE,FALSE,FALSE,FALSE,0.15948191212343174,FALSE,FALSE,0.04232322016074029
Zfp235,-0.17259920232134007,0.2501272829345686,-0.08476843646579368,0.6033752816527193,-0.2210367981766792,0.27933891819081974,Zfp235,FALSE,FALSE,FALSE,FALSE,0.15946814565460432,FALSE,FALSE,0.042319497879673276
Mettl13,-0.1804157038063403,0.2285009918456643,-0.14334212088440967,0.3642049459639102,-0.15449724143392896,0.45520489533214187,Mettl13,FALSE,FALSE,FALSE,FALSE,0.159418355374893,FALSE,FALSE,0.042306035210501226
Tapt1,0.2670308361336877,0.0896905953924341,0.20482647159685996,0.217257554489724,0.006247478324704403,0.981872477972119,Tapt1,FALSE,FALSE,FALSE,FALSE,0.15936826201841736,FALSE,FALSE,0.04229249059316108
Mcoln1,-0.23280725676827618,0.2707205594779954,-0.2243892599520061,0.31470286484043203,0.02088010190591305,0.9568917316396195,Mcoln1,FALSE,FALSE,FALSE,FALSE,0.15935887287539843,FALSE,FALSE,0.04228995188626877
Tprkb,0.21200650542867816,0.21040222784151918,0.14137465157614582,0.4367033286374905,0.12469293024633465,0.6117144222316908,Tprkb,FALSE,FALSE,FALSE,FALSE,0.15935802908371954,FALSE,FALSE,0.04228972373554761
Slc35f1,0.042382922164315495,0.8955927917954115,-0.03528111085895169,0.9166546909740583,-0.4003761533802539,0.3039996417076477,Slc35f1,FALSE,FALSE,FALSE,FALSE,0.1593467288011737,FALSE,FALSE,0.04228666828041967
Selenoh,-0.15115997605912357,0.5493451604892045,-0.24992932745646979,0.33282075566672065,-0.07693715960281855,0.8435736679880776,Selenoh,FALSE,FALSE,FALSE,FALSE,0.15934215437280397,FALSE,FALSE,0.042285431412176513
Llph,-0.06778613839224601,0.7639685760046192,-0.17744499344490272,0.4160621851239742,-0.23263548975069392,0.4129097120597232,Llph,FALSE,FALSE,FALSE,FALSE,0.15928887386261423,FALSE,FALSE,0.042271025028316825
Gap43,-0.18644979560026775,0.5947413419377787,-0.22955881940850142,0.5193390376009525,0.06185584352203266,0.9097323162867696,Gap43,FALSE,FALSE,FALSE,FALSE,0.15928815284360062,FALSE,FALSE,0.04227083007378949
AA465934,-0.1342695151521266,0.7388512744422795,0.10722287783563622,0.7942387677079837,-0.2363266111072826,0.6577656820609833,AA465934,FALSE,FALSE,FALSE,FALSE,0.15927300136501513,FALSE,FALSE,0.042266733303398835
Numbl,-0.1286359981755476,0.5296169982056287,-0.2558027734062174,0.23348192325897665,-0.09327016449317149,0.7583069784754459,Numbl,FALSE,FALSE,FALSE,FALSE,0.15923631202497882,FALSE,FALSE,0.042256812964531223
Nup50,-0.15376570715168114,0.26418495607371817,-0.12675138167865718,0.39323524530167103,-0.1971670293750094,0.30259054287710496,Nup50,FALSE,FALSE,FALSE,FALSE,0.15922803940178257,FALSE,FALSE,0.0422545761506406
H2afv,-0.21069697140591082,0.301921871997801,-0.2630242096796076,0.23104682372041138,-0.0039621744695255146,0.9907500529601377,H2afv,FALSE,FALSE,FALSE,FALSE,0.15922778518501465,FALSE,FALSE,0.042254507413604696
Pik3r3,0.10488617484433238,0.7784865207472623,-0.12709054316116752,0.746285211046062,-0.2456762584693699,0.6213703097745902,Pik3r3,FALSE,FALSE,FALSE,FALSE,0.15921765882495661,FALSE,FALSE,0.04225176937244146
Tmod2,0.2713655184112085,0.14600273252127152,0.15196624045195684,0.45054413865236315,0.054184914432195974,0.8635084228831491,Tmod2,FALSE,FALSE,FALSE,FALSE,0.1591722244317871,FALSE,FALSE,0.04223948448053444
Scara3,-0.28157412127368264,0.3326252423251705,-0.1594502746605837,0.6160626445580645,0.036450998043904725,0.9435981582098427,Scara3,FALSE,FALSE,FALSE,FALSE,0.15915846465939035,FALSE,FALSE,0.04223576401009856
Chchd2,0.21576072041770455,0.31608022332207797,0.13141296064245545,0.5851710633904696,-0.13027825805832283,0.6867045081950023,Chchd2,FALSE,FALSE,FALSE,FALSE,0.1591506463728276,FALSE,FALSE,0.04223365004315367
Msx1,-0.20133477766474694,0.159798778928287,-0.10161018525546517,0.5097180556217675,-0.17439680636341226,0.3757876326004789,Msx1,FALSE,FALSE,FALSE,FALSE,0.15911392309454145,FALSE,FALSE,0.04222372052780758
Scube3,0.09296667411746817,0.7910969246034881,0.383441194947427,0.23374424935178886,-9.06162465422522e-4,0.998329427190557,Scube3,FALSE,FALSE,FALSE,FALSE,0.15910467717677257,FALSE,FALSE,0.04222122054723234
Adgrv1,-0.06576675314899072,0.8130903205975774,0.024405285707549407,0.9343253487614057,0.3871371765068927,0.21992316737618295,Adgrv1,FALSE,FALSE,FALSE,FALSE,0.15910307178781094,FALSE,FALSE,0.04222078647012716
Hey1,-0.07218540449626776,0.7723506031867249,-0.13986586138633417,0.569424344923188,-0.2652567800307124,0.40048469660473834,Hey1,FALSE,FALSE,FALSE,FALSE,0.15910268197110478,FALSE,FALSE,0.04222068106856318
Mecom,-0.25153176123964016,0.1633978901586359,-0.14778407905347324,0.4282273238255555,-0.07795103901795253,0.7703632713678294,Mecom,FALSE,FALSE,FALSE,FALSE,0.1590889597703553,FALSE,FALSE,0.042216970757031014
Ypel4,-0.12754783574814965,0.625276141169352,0.29502517059880695,0.24174366811303877,0.054630164558883365,0.8944089075616969,Ypel4,FALSE,FALSE,FALSE,FALSE,0.15906772363528,FALSE,FALSE,0.04221122877159391
Met,0.11936103448582092,0.4011125027913848,0.24403187656838377,0.13154255115293761,0.11378191913964741,0.574730424264244,Met,FALSE,FALSE,FALSE,FALSE,0.15905827673128403,FALSE,FALSE,0.042208674446855526
Ankrd13d,-0.33401181681780123,0.13671355385396725,-0.13536414311598488,0.5577564352065747,-0.007685918845562689,0.9831719364656961,Ankrd13d,FALSE,FALSE,FALSE,FALSE,0.15902062625978294,FALSE,FALSE,0.04219849423005558
Med25,-0.2281406861334947,0.16411440862546436,-0.22150151540942087,0.2113448901049668,-0.027332374376362267,0.9260668732862938,Med25,FALSE,FALSE,FALSE,FALSE,0.15899152530642593,FALSE,FALSE,0.04219062569607851
Pcyt1b,-0.09749190703279886,0.7349098526384494,-0.2825498633310346,0.31834584716956266,-0.09690501465394874,0.8160706567923424,Pcyt1b,FALSE,FALSE,FALSE,FALSE,0.15898226167259408,FALSE,FALSE,0.04218812092530132
Mum1,-0.16589555046173565,0.28602096205357075,-0.23336628353967726,0.1751640242634439,-0.07765471711927585,0.7389467888881259,Mum1,FALSE,FALSE,FALSE,FALSE,0.15897218370689625,FALSE,FALSE,0.04218539596936807
Slc26a1,-0.014101732760878782,0.9836700194708712,0.3982499790705589,0.5110613514500392,0.06456335409383906,0.9526275414227284,Slc26a1,FALSE,FALSE,FALSE,FALSE,0.15897168864175892,FALSE,FALSE,0.04218526210994408
Scfd2,0.25392151642885086,0.07506027985433712,0.18544845499180873,0.21069000111570735,-0.03752628022129301,0.8726206570105425,Scfd2,FALSE,FALSE,FALSE,FALSE,0.1589654172139842,FALSE,FALSE,0.042183566394277144
Rcn1,0.30131010202588815,0.09420300515925298,-0.08400868404300077,0.6757044656095759,-0.09155660318215464,0.7340336749379023,Rcn1,FALSE,FALSE,FALSE,FALSE,0.1589584630836812,FALSE,FALSE,0.04218168608438149
Scn4a,-0.01876967825206921,0.9744807484623376,0.3141849530822527,0.5248920094589428,-0.1439128339070994,0.8595739947649212,Scn4a,FALSE,FALSE,FALSE,FALSE,0.15895582174714043,FALSE,FALSE,0.042180971900002
Zfp418,0.185904061223074,0.32516735113045125,0.2644718100838199,0.19025808232305622,-0.02641612216276279,0.938907882023053,Zfp418,FALSE,FALSE,FALSE,FALSE,0.15893066448988558,FALSE,FALSE,0.04217416969214814
Fgf12,0.30100962131092057,0.16539644875036447,0.10196227898700716,0.6812691578121881,0.07379108190274408,0.8366975580349104,Fgf12,FALSE,FALSE,FALSE,FALSE,0.15892099406689061,FALSE,FALSE,0.04217155493066679
Zfp628,-0.0984600517612706,0.7598036118608674,-0.04106698931326003,0.9038577055302819,0.33722917943810415,0.36290515907080506,Zfp628,FALSE,FALSE,FALSE,FALSE,0.15891874017087826,FALSE,FALSE,0.042170945505362524
Rbm33,0.14804555659143048,0.25115626991299433,0.13209384228356935,0.3403525341034594,0.19648977215177243,0.26903507391280307,Rbm33,FALSE,FALSE,FALSE,FALSE,0.15887639034225742,FALSE,FALSE,0.042159494641147245
Ifit2,0.22563430776819127,0.5203146319997655,0.08322734214653149,0.836914532256226,0.16764703098824274,0.7410801759184272,Ifit2,FALSE,FALSE,FALSE,FALSE,0.15883622696765518,FALSE,FALSE,0.04214863496676425
1110020A21Rik,-0.18776376784086643,0.7490645226477929,-0.09530269842256178,0.8783531435110251,-0.19333310645201657,0.8171979380423273,1110020A21Rik,FALSE,FALSE,FALSE,FALSE,0.15879985757181492,FALSE,FALSE,0.04213880113680741
Setd7,0.19931546050903215,0.1742015691182371,0.13364360988506885,0.39917888354889874,0.1433396894425023,0.4918152224753389,Setd7,FALSE,FALSE,FALSE,FALSE,0.15876625327886776,FALSE,FALSE,0.042129714956104444
Zfp398,0.06229548446726696,0.667145618497131,0.24134009212332685,0.12627368767592168,0.17246128771871128,0.358584299457362,Zfp398,FALSE,FALSE,FALSE,FALSE,0.15869895476976836,FALSE,FALSE,0.04211151828058805
Mlxipl,-0.22400852645221336,0.4882178125765555,0.24321058458348954,0.427675052557551,0.00864594821289466,0.9867010881791168,Mlxipl,FALSE,FALSE,FALSE,FALSE,0.1586216864161992,FALSE,FALSE,0.04209062588376679
Scamp2,-0.1596438838130938,0.31235942272853856,-0.18798829082333057,0.26838391544656215,-0.12822547076263646,0.5732255821922312,Scamp2,FALSE,FALSE,FALSE,FALSE,0.15861921513302027,FALSE,FALSE,0.042089957679690385
Reps1,0.1985283503003279,0.1861325638798336,0.15743725414780396,0.3282730166845042,0.11970364056919891,0.582857512744995,Reps1,FALSE,FALSE,FALSE,FALSE,0.1585564150057769,FALSE,FALSE,0.04207297731039056
Dtna,0.2319993384192145,0.24225105084274823,0.012972241993649547,0.9591204381187455,0.2305040721436642,0.40633492597030013,Dtna,FALSE,FALSE,FALSE,FALSE,0.1584918841855094,FALSE,FALSE,0.04205552898333357
Ttll3,0.180068537990143,0.645110350977528,0.23123151966133815,0.5554821041720486,0.06409611843534702,0.9221049149128229,Ttll3,FALSE,FALSE,FALSE,FALSE,0.15846539202894272,FALSE,FALSE,0.042048365835394265
Tnfrsf1a,-0.21813941324239217,0.12073876959000478,-0.1338979170859229,0.364337246814455,-0.1233266596791669,0.5313080892136965,Tnfrsf1a,FALSE,FALSE,FALSE,FALSE,0.15845466333582733,FALSE,FALSE,0.0420454649309025
Vwa5a,0.20612560625060272,0.2229304623703294,0.10784260560143544,0.5663407097417025,0.16137440128627212,0.5040171157110761,Vwa5a,FALSE,FALSE,FALSE,FALSE,0.1584475377127701,FALSE,FALSE,0.04204353825151004
Mak,0.358823283182252,0.20581408685927485,-0.10763760260641986,0.7542639842223426,-0.00871376785071809,0.9866236999945994,Mak,FALSE,FALSE,FALSE,FALSE,0.15839155121312998,FALSE,FALSE,0.042028400201932374
Ppfibp2,-0.07635931816663355,0.8489717954540641,0.24790988465898733,0.4931716982737402,0.1508226243456341,0.7733181677124853,Ppfibp2,FALSE,FALSE,FALSE,FALSE,0.15836394239041832,FALSE,FALSE,0.04202093512142767
Cdkl2,0.2844856631628634,0.06008683628709802,0.11068186642862088,0.47755864039888113,0.07984165501239193,0.7130781784286742,Cdkl2,FALSE,FALSE,FALSE,FALSE,0.15833639486795872,FALSE,FALSE,0.04201348661574477
Sulf1,-0.38222821735923684,0.024629542147386174,-0.039402347556127815,0.8176377296611491,0.053326572497662816,0.8160706567923424,Sulf1,FALSE,FALSE,FALSE,FALSE,0.1583190458043425,FALSE,FALSE,0.042008795645835297
Vps13b,0.2412870106682714,0.05810739254784236,0.1749374093832472,0.1890675517538953,0.0587263412543102,0.7518364729918922,Vps13b,FALSE,FALSE,FALSE,FALSE,0.15831692043527626,FALSE,FALSE,0.042008220972610456
Iqub,-0.01232330632439671,0.9811824385607932,0.45206428617436123,0.29913348655956795,-0.010550393223855425,0.9890612592287737,Iqub,FALSE,FALSE,FALSE,FALSE,0.1583126619075378,FALSE,FALSE,0.0420070695199487
Cldnd1,0.10102761410526995,0.6020244508224815,0.20696222013341092,0.2924578036298034,0.16686137356449837,0.5232416634401602,Cldnd1,FALSE,FALSE,FALSE,FALSE,0.15828373593439307,FALSE,FALSE,0.04199924829843349
Tesk2,0.15330216846434608,0.712249084551932,-0.17608215058962573,0.6944708391455173,0.14532672036578798,0.80660148337424,Tesk2,FALSE,FALSE,FALSE,FALSE,0.15823701313991992,FALSE,FALSE,0.041986615038921135
Alg14,0.02565030800346335,0.8956324552650292,-0.24603783759937548,0.18734420235759502,-0.20300231518539524,0.3828501513131791,Alg14,FALSE,FALSE,FALSE,FALSE,0.15823015359607803,FALSE,FALSE,0.041984760304022074
Ipcef1,0.149400575835811,0.657763374481447,-0.32148512491963555,0.36051765594373625,-0.0037422922377716716,0.9944579342792622,Ipcef1,FALSE,FALSE,FALSE,FALSE,0.1582093309977394,FALSE,FALSE,0.04197913013374867
Mdga2,-0.34943756348849364,0.2081904450566278,0.03550979806796839,0.9099703942147284,0.08948427817065818,0.8293289451412067,Mdga2,FALSE,FALSE,FALSE,FALSE,0.15814387990904008,FALSE,FALSE,0.04196143297761261
Creld2,-0.05805361796650743,0.8312357612494871,-0.15758705279900376,0.5541190408559434,-0.2585283193853263,0.4477408596315399,Creld2,FALSE,FALSE,FALSE,FALSE,0.15805633005027916,FALSE,FALSE,0.04193776059032353
Nalcn,0.20074204214635216,0.1277511918733802,0.18895705336314617,0.19034224433215338,0.08445939421655524,0.6623967494516975,Nalcn,FALSE,FALSE,FALSE,FALSE,0.15805282990868452,FALSE,FALSE,0.041936814195793974
Gtf3c2,0.1716027934841753,0.35435802278629647,0.044794127217307356,0.8386524658038499,0.25767003433836244,0.2971931772477146,Gtf3c2,FALSE,FALSE,FALSE,FALSE,0.15802231834661504,FALSE,FALSE,0.04192856425085602
Zwint,-0.25193506573326285,0.0820205568013586,-0.1011278897586072,0.5085555600556668,-0.12068606961690964,0.5510282534209763,Zwint,FALSE,FALSE,FALSE,FALSE,0.15791634170292657,FALSE,FALSE,0.041899909491288204
Ighmbp2,-0.2289680299467438,0.3461286146609153,-0.1951190798289728,0.43921103831094427,-0.04959863378200957,0.9019566585313663,Ighmbp2,FALSE,FALSE,FALSE,FALSE,0.1578952478525754,FALSE,FALSE,0.041894205977861705
4833445I07Rik,-0.08981100008747456,0.8503825997403027,0.2676314861256388,0.527302260940261,0.1162430171645159,0.86090105145428,4833445I07Rik,FALSE,FALSE,FALSE,FALSE,0.1578951677925431,FALSE,FALSE,0.04189418433062986
Ilvbl,-0.07088491458109214,0.6818806150339913,-0.21828663519959512,0.21356670178730303,-0.18438439969827058,0.4118234644521751,Ilvbl,FALSE,FALSE,FALSE,FALSE,0.15785198315965263,FALSE,FALSE,0.04188250774577652
Plekhm1,-0.26657097885507763,0.2659285060393898,-0.07680189104983448,0.7791570352295698,0.13011155229399218,0.7043557782897968,Plekhm1,FALSE,FALSE,FALSE,FALSE,0.1578281407329681,FALSE,FALSE,0.0418760610516713
Mapk4,-0.022281349433476816,0.9634069100352346,0.14062067322064253,0.7561622850471802,0.3105412524395632,0.5707236746347453,Mapk4,FALSE,FALSE,FALSE,FALSE,0.15781442503122753,FALSE,FALSE,0.04187235249738989
Adck1,-0.16657366598367718,0.3073055923830134,-0.21989510831970716,0.2086980333808792,-0.08695143454073628,0.716232446307076,Adck1,FALSE,FALSE,FALSE,FALSE,0.15780673628137354,FALSE,FALSE,0.04187027355555162
Atp6v1b2,-0.14129464430603011,0.3782497441309306,-0.22094180311746747,0.20771293151680123,-0.11112801295254826,0.6388746135393064,Atp6v1b2,FALSE,FALSE,FALSE,FALSE,0.15778815345868194,FALSE,FALSE,0.04186524899261222
Fmnl3,-0.15951827224140036,0.568930681869462,-0.24434611591468602,0.39028881032423013,0.06929153742812266,0.872975613790728,Fmnl3,FALSE,FALSE,FALSE,FALSE,0.15771864186140302,FALSE,FALSE,0.041846453925719396
Surf2,-0.39041112738296446,0.07081365290638068,-0.0820298632566665,0.7084062086131109,-6.728010852379285e-4,0.9980188469276462,Surf2,FALSE,FALSE,FALSE,FALSE,0.15770459724162297,FALSE,FALSE,0.04184265643611214
Dgcr8,0.20618482654744597,0.12411766814617979,0.21328645550608005,0.15160112387851207,0.053615223704865045,0.7983917031109229,Dgcr8,FALSE,FALSE,FALSE,FALSE,0.1576955019194637,FALSE,FALSE,0.04184019717470703
Alg12,-0.06642443576078261,0.7232373674196798,-0.2457487836269805,0.1941233734056168,-0.16085382195453812,0.5039994923487308,Alg12,FALSE,FALSE,FALSE,FALSE,0.15767568044743374,FALSE,FALSE,0.041834837696471734
Gm11454,0.11184639338617508,0.850667311494602,-0.14425356125907485,0.8213040242939418,-0.2169247209764109,0.8005641909622794,Gm11454,FALSE,FALSE,FALSE,FALSE,0.15767489187388695,FALSE,FALSE,0.04183462447604317
D630039A03Rik,-0.2984006396263239,0.3106378301622153,-0.08326506367206932,0.8001930091671315,-0.09126624997040444,0.8414764610206322,D630039A03Rik,FALSE,FALSE,FALSE,FALSE,0.15764398442293256,FALSE,FALSE,0.04182626748770001
Mapk12,-0.3410229210725455,0.19672069719442825,0.0838176755493123,0.7656731180805703,0.048042986392986986,0.9095075444166019,Mapk12,FALSE,FALSE,FALSE,FALSE,0.15762786100494827,FALSE,FALSE,0.04182190791704679
Gm20632,0.1755887836951664,0.6816448255137901,-0.2777605454620198,0.5439530242373838,0.01946815516882383,0.9784781346671818,Gm20632,FALSE,FALSE,FALSE,FALSE,0.15760582810867,FALSE,FALSE,0.04181595049734125
Gm13375,0.005272732822122261,0.9906471360695293,-0.4239503113045524,0.33777360147690605,-0.043492625244347494,0.9524456446845357,Gm13375,FALSE,FALSE,FALSE,FALSE,0.15757188979034073,FALSE,FALSE,0.04180677400035084
Tmem251,1.743117027963592e-5,0.9999276117878403,0.30615314033230945,0.27324680928082024,-0.1664265072932638,0.6798613120520077,Tmem251,FALSE,FALSE,FALSE,FALSE,0.15753235959861764,FALSE,FALSE,0.04179608553070253
Garnl3,0.006803995420706421,0.9853752420878079,-0.2738865691321317,0.43910748013220713,0.19185335491746391,0.6722563399731482,Garnl3,FALSE,FALSE,FALSE,FALSE,0.15751463982343403,FALSE,FALSE,0.04179129432501975
Gnrhr,0.20889609003069243,0.439427667166188,0.16143574815346184,0.5877217354151627,0.10217251512800196,0.8114875410869471,Gnrhr,FALSE,FALSE,FALSE,FALSE,0.1575014511040521,FALSE,FALSE,0.04178772826017995
Aven,-0.126888043443246,0.6153018449804682,-0.0695199535043618,0.8006693975376402,0.27605918939970886,0.36496809217652687,Aven,FALSE,FALSE,FALSE,FALSE,0.1574890621157722,FALSE,FALSE,0.04178437843263218
Chmp7,-0.16119979270068363,0.21862968829757862,-0.17998122412222362,0.20811223222506314,-0.13112294962190862,0.4802323611650335,Chmp7,FALSE,FALSE,FALSE,FALSE,0.1574346554816053,FALSE,FALSE,0.0417696675589275
Dennd3,0.21810444174373833,0.33220258697003113,-0.04812318538040872,0.8596043572919091,0.2060350751630322,0.508774379334789,Dennd3,FALSE,FALSE,FALSE,FALSE,0.1574209007623931,FALSE,FALSE,0.04176594845480955
Galnt17,-0.19871513341360747,0.4822599564196045,-0.24797229684510547,0.3933087148211671,-0.025518494895974353,0.9595714495350257,Galnt17,FALSE,FALSE,FALSE,FALSE,0.15740197505156242,FALSE,FALSE,0.041760831179204025
Pik3ca,0.19865575083255393,0.09713748568580229,0.19448268978950978,0.1460658738538426,0.07902392091321175,0.6475588759678969,Pik3ca,FALSE,FALSE,FALSE,FALSE,0.1573874538450918,FALSE,FALSE,0.04175690482651377
Hnrnpu,0.1420004506373722,0.3862124436254617,0.2325086337524791,0.19737130604079642,0.09764192718742493,0.6905828127722031,Hnrnpu,FALSE,FALSE,FALSE,FALSE,0.15738367052575875,FALSE,FALSE,0.04175588186426394
Disc1,0.09154592578615506,0.7964020881162667,-0.17226021906498468,0.6358226993314816,0.20830995579840605,0.642443793532579,Disc1,FALSE,FALSE,FALSE,FALSE,0.1573720335498486,FALSE,FALSE,0.04175273537145953
Fgd1,-0.3606581361216885,0.1463880198462747,-0.09201908209304843,0.7280073576055721,-0.019338938627067037,0.9660868653825796,Fgd1,FALSE,FALSE,FALSE,FALSE,0.157338718947268,FALSE,FALSE,0.041743727519410065
Zfp114,0.15260536549598963,0.7493057958712783,-0.2256303848256263,0.6583600874126551,-0.09377234115033134,0.9036049132599934,Zfp114,FALSE,FALSE,FALSE,FALSE,0.1573360304906491,FALSE,FALSE,0.04174300059435052
Ank,-0.33142493808659435,0.06840901683451929,-0.12572174566758854,0.49915753974768307,-0.01476543471757541,0.965290575669086,Ank,FALSE,FALSE,FALSE,FALSE,0.1573040394905861,FALSE,FALSE,0.041734350627874575
Usp19,-0.32445407396041936,0.05415623264780434,-0.12156206989297136,0.4780352648076385,-0.025857955444775982,0.928240251782883,Usp19,FALSE,FALSE,FALSE,FALSE,0.15729136643272223,FALSE,FALSE,0.04173092399146264
Nlk,0.20193590956026597,0.1730583842497178,0.18581330587728395,0.2439177256189467,0.08392418867807461,0.7057522572795495,Nlk,FALSE,FALSE,FALSE,FALSE,0.1572244680385415,FALSE,FALSE,0.041712835502018146
Glyr1,-0.17764416787630743,0.13798761300448392,-0.1250311398291073,0.3287281973229867,-0.1689871758957393,0.3069935193989426,Glyr1,FALSE,FALSE,FALSE,FALSE,0.15722082786705135,FALSE,FALSE,0.041711851245155446
0610030E20Rik,0.2101145560586284,0.2130135919624229,0.15851117070281262,0.37495632567891246,0.10300582559782301,0.6779313885590653,0610030E20Rik,FALSE,FALSE,FALSE,FALSE,0.157210517453088,FALSE,FALSE,0.0417090634381172
Jarid2,-0.20207141514636096,0.3087814888993521,-0.16998095061452112,0.4232650996929328,-0.09954930021250874,0.7407341788304225,Jarid2,FALSE,FALSE,FALSE,FALSE,0.15720055532446361,FALSE,FALSE,0.04170636980308046
St3gal3,-0.19065470685589458,0.4090044779518606,-0.15460781417946334,0.5270507754257763,-0.12628240088888276,0.7064485821366093,St3gal3,FALSE,FALSE,FALSE,FALSE,0.15718164064141357,FALSE,FALSE,0.04170125550924895
Ctnnb1,-0.14648139591142417,0.17496410155665262,-0.18438755560429776,0.13849670483220658,-0.1406690573226541,0.35166179021365035,Ctnnb1,FALSE,FALSE,FALSE,FALSE,0.15717933627945868,FALSE,FALSE,0.04170063243858473
Hmgn1,-0.20872338999701512,0.12084486297927813,-0.07629768520547753,0.6084423729848832,-0.18650501732874591,0.3131111888947287,Hmgn1,FALSE,FALSE,FALSE,FALSE,0.15717536417707953,FALSE,FALSE,0.04169955843175934
Sltm,0.16233862589692372,0.33194683436439953,0.20289007478349053,0.2613387705651277,0.10619365923901913,0.6678083853727145,Sltm,FALSE,FALSE,FALSE,FALSE,0.15714078663981113,FALSE,FALSE,0.0416902090979591
Gm7694,-0.27719579944183126,0.3082040195970543,-0.12760628947742125,0.6654384958661529,-0.06650428641828787,0.8799267906886293,Gm7694,FALSE,FALSE,FALSE,FALSE,0.15710212511251345,FALSE,FALSE,0.041679755504311654
Ccdc6,-0.14609548078889123,0.46396739521894015,0.1635922107144978,0.4377556445224226,-0.16147598804482222,0.5693581937067275,Ccdc6,FALSE,FALSE,FALSE,FALSE,0.15705455984940375,FALSE,FALSE,0.04166689445181225
Rac2,-0.1261069908104795,0.79895750943093,-0.2731568134475162,0.5756589022212344,-0.07188482027529475,0.9260668732862938,Rac2,FALSE,FALSE,FALSE,FALSE,0.15704954151109682,FALSE,FALSE,0.041665537555871685
Ccnt1,0.1640707637332044,0.34801363033752275,0.19311589177555888,0.3046008675782199,-0.11395332218881382,0.6593906105517952,Ccnt1,FALSE,FALSE,FALSE,FALSE,0.1570466592325257,FALSE,FALSE,0.041664758223779366
Fam71e1,-0.17596600183724442,0.556326781823984,-0.21977532104116593,0.4705903496669289,-0.07537123136639456,0.8718356229782429,Fam71e1,FALSE,FALSE,FALSE,FALSE,0.15703751808160163,FALSE,FALSE,0.041662286570849194
Aspscr1,-0.25999028698243887,0.0981408611035919,-0.08806405378303284,0.5893325025286795,-0.12305263773706399,0.5603327662620621,Aspscr1,FALSE,FALSE,FALSE,FALSE,0.15703565950084522,FALSE,FALSE,0.041661784033848036
Fhl2,0.21393952554571172,0.6066137949633287,0.22570338625952768,0.5985841411335123,0.03145622929822567,0.9674806741726476,Fhl2,FALSE,FALSE,FALSE,FALSE,0.15703304703448837,FALSE,FALSE,0.041661077655605346
Pdxp,0.019185226501383212,0.9535361983977882,-0.216737018892744,0.4686537412745198,0.23515571391235168,0.5246862319255815,Pdxp,FALSE,FALSE,FALSE,FALSE,0.15702598643549295,FALSE,FALSE,0.0416591685579063
Kmt5c,0.07174600279979115,0.7967062836785656,-0.2046661768195066,0.4536964246583487,0.1942500650008907,0.5756576459642903,Kmt5c,FALSE,FALSE,FALSE,FALSE,0.15688741487339616,FALSE,FALSE,0.041621700539891955
Vdac3,-0.08467242284926257,0.4865616920926739,-0.1173989107791078,0.35727467398101903,-0.26858969861194115,0.11795749549407653,Vdac3,FALSE,FALSE,FALSE,FALSE,0.1568870107467705,FALSE,FALSE,0.041621591269104634
Pcdhb3,0.19041698399682971,0.38922171039254694,0.19179987625992023,0.41027369468192093,-0.08843201005598234,0.8019536351272458,Pcdhb3,FALSE,FALSE,FALSE,FALSE,0.15688295677091077,FALSE,FALSE,0.041620495124713656
Pcbp4,-0.0371985176330929,0.9087871297721845,-0.33866675954742487,0.2591057418763741,-0.09477961846171645,0.8311268932070162,Pcbp4,FALSE,FALSE,FALSE,FALSE,0.15688163188074475,FALSE,FALSE,0.04162013689097611
Pan3,0.17337125585278823,0.1493067273657864,0.1501323635959011,0.24813783838150166,0.14711591051652828,0.3772786430063196,Pan3,FALSE,FALSE,FALSE,FALSE,0.15687317665507253,FALSE,FALSE,0.041617850703658824
Pts,0.24657337579224592,0.25637641511189124,0.18616632416153944,0.4232650996929328,0.037776792656833535,0.9239919862943707,Pts,FALSE,FALSE,FALSE,FALSE,0.1568388308702063,FALSE,FALSE,0.04160856403281084
Evc2,-0.22606862862026533,0.26266247401354476,-0.15103070701894294,0.4769109835446398,-0.0933905521666416,0.7532809297681411,Evc2,FALSE,FALSE,FALSE,FALSE,0.15682996260194995,FALSE,FALSE,0.041606166163942526
Mok,0.08119876718144603,0.807107273295431,0.08311191537981344,0.8107620698009115,0.30614411189826374,0.43549417381740235,Mok,FALSE,FALSE,FALSE,FALSE,0.15681826481984107,FALSE,FALSE,0.04160300322990215
Tnrc6c,-0.21522998937336713,0.246016496682225,-0.19276159265833126,0.3342330144840826,-0.06241211480441233,0.8392716934107318,Tnrc6c,FALSE,FALSE,FALSE,FALSE,0.15680123227870357,FALSE,FALSE,0.041598397843713865
Dock5,-0.25313502739655824,0.14465509612926103,-0.21371917105481053,0.244269108612054,-0.003540714793551558,0.9901796608639275,Dock5,FALSE,FALSE,FALSE,FALSE,0.15679830441497344,FALSE,FALSE,0.04159760618596444
Soga3,0.08616940428772857,0.5682230924510722,0.20558115294304713,0.1944548156152726,0.17863187388324597,0.3733741239427239,Soga3,FALSE,FALSE,FALSE,FALSE,0.1567941437046739,FALSE,FALSE,0.04159648118191529
Chst12,-0.11351537634275921,0.7453695230068842,-0.32143432636034586,0.3487193710571191,-0.03536107272001843,0.9516881841369234,Chst12,FALSE,FALSE,FALSE,FALSE,0.1567702584743745,FALSE,FALSE,0.041590022914247717
Mpv17l,0.33491727827258533,0.10726505401364542,0.08423519935338142,0.7207783336524892,0.051149321254547964,0.8845247987529608,Mpv17l,FALSE,FALSE,FALSE,FALSE,0.1567672662935049,FALSE,FALSE,0.04158921386594785
Dnajc6,0.24899764236429967,0.08681196331802918,0.11373308927556636,0.45694473272334135,0.10750627777557842,0.6014370906089652,Dnajc6,FALSE,FALSE,FALSE,FALSE,0.15674566980514815,FALSE,FALSE,0.041583374445488465
Zfp609,-0.24099665283695515,0.3250084722591748,-0.179841936161119,0.4950648214573151,0.049389641537171514,0.9063411176352346,Zfp609,FALSE,FALSE,FALSE,FALSE,0.15674274351174855,FALSE,FALSE,0.04158258321233678
Xkr8,-0.178946299768606,0.5586427207327482,-0.11435880100903795,0.7235774052986544,-0.17689462931253574,0.6734996583807101,Xkr8,FALSE,FALSE,FALSE,FALSE,0.15673324336339323,FALSE,FALSE,0.04158001449098927
9930014A18Rik,-0.2916773937435323,0.5097301839220846,-0.145462529283525,0.7599152457660783,0.03296863843071862,0.966793721228344,9930014A18Rik,FALSE,FALSE,FALSE,FALSE,0.15670285381925864,FALSE,FALSE,0.04157179753817548
Igfbp6,-0.022307461470771006,0.9791925284181144,0.19517766403642467,0.8158855370002489,0.25242902490352437,0.8200595129283055,Igfbp6,FALSE,FALSE,FALSE,FALSE,0.15663805013690668,FALSE,FALSE,0.04155427543262208
Smtnl2,0.08062423030916438,0.8882172232755314,-0.02321818625054861,0.9702120984189493,0.3659241619820084,0.5847656558612931,Smtnl2,FALSE,FALSE,FALSE,FALSE,0.15658885951390714,FALSE,FALSE,0.041540974903128185
Usp29,0.005843926159943003,0.9759523669695812,0.31419516896134514,0.10822907372343339,0.14970346805172596,0.516426073040473,Usp29,FALSE,FALSE,FALSE,FALSE,0.1565808543910047,FALSE,FALSE,0.041538810417972805
BC067074,-0.3310847006569695,0.07041310714213872,-0.06952880994244737,0.7241301214489986,-0.06894242165249231,0.8005718964673141,BC067074,FALSE,FALSE,FALSE,FALSE,0.15651864408396973,FALSE,FALSE,0.04152198952868359
Pdpn,-0.3127967372740339,0.15435367196601696,-0.13434584434602748,0.5573354518971301,-0.022294949627606364,0.9533515091209159,Pdpn,FALSE,FALSE,FALSE,FALSE,0.1564791770825559,FALSE,FALSE,0.04151131814490491
Ppm1l,-0.14702125690273693,0.38722719929672056,-0.17130932071516636,0.3484525532478216,-0.1511064360087433,0.5367620517449103,Ppm1l,FALSE,FALSE,FALSE,FALSE,0.15647900454221553,FALSE,FALSE,0.04151127149215392
Scarb2,-0.15061846753764208,0.2860317431243988,-0.20423206668228744,0.19319649001917574,-0.11450187787943378,0.5807198893921539,Scarb2,FALSE,FALSE,FALSE,FALSE,0.1564508040331211,FALSE,FALSE,0.04150364642704838
Ermp1,0.22328585629660935,0.14827730377363307,0.1255477738958124,0.4501727812479166,0.12047090235795821,0.5905209049127902,Ermp1,FALSE,FALSE,FALSE,FALSE,0.15643484418346,FALSE,FALSE,0.04149933108322487
Elmod3,-0.19421653111521708,0.5376179507276012,-0.25224069475419153,0.4314246849788073,-0.022719305892084485,0.9677541211626071,Elmod3,FALSE,FALSE,FALSE,FALSE,0.15639217725383103,FALSE,FALSE,0.041487794478861285
Cfap126,-0.15988392815072738,0.7662492380015848,0.07791819470404704,0.8872416621722781,0.23136760811919888,0.7317220577766043,Cfap126,FALSE,FALSE,FALSE,FALSE,0.15638991032465777,FALSE,FALSE,0.041487181529553246
Plekho2,-0.24408473181493306,0.37248321368364545,-0.21827383825545077,0.44112656204282386,0.006793675060233539,0.988120843995933,Plekho2,FALSE,FALSE,FALSE,FALSE,0.1563840817102058,FALSE,FALSE,0.04148560554507288
Tro,-0.1900829570785687,0.16952362067834909,-0.06819325291624967,0.6657472601353247,-0.21055788121770913,0.27094845677333723,Tro,FALSE,FALSE,FALSE,FALSE,0.15627803040417584,FALSE,FALSE,0.04145693059774134
Ninj1,-0.1445202369802452,0.38058380606895403,-0.08895953455946781,0.621271188646712,-0.235068182112796,0.2944579359006843,Ninj1,FALSE,FALSE,FALSE,FALSE,0.156182651217503,FALSE,FALSE,0.04143114125806459
Camkk1,0.02751283046471764,0.9280098964440857,-0.22137127887703123,0.4282444013013913,0.21957724729304262,0.5326523293572504,Camkk1,FALSE,FALSE,FALSE,FALSE,0.1561537855449305,FALSE,FALSE,0.04142333634107024
AU040320,-0.19150555399828928,0.30996627092885304,-0.24124783187441778,0.24135922810216587,-0.03570593630704888,0.9160256764583111,AU040320,FALSE,FALSE,FALSE,FALSE,0.15615310739325197,FALSE,FALSE,0.0414231529773344
Enox2,-0.201590147779382,0.18198948710969368,-0.153521814040106,0.3322453244578709,-0.11330502169053425,0.595754360786666,Enox2,FALSE,FALSE,FALSE,FALSE,0.15613899450334076,FALSE,FALSE,0.041419337028337166
Gramd1c,0.2519587480335881,0.14617947975046652,0.15326214323590293,0.4059794835033883,0.06313030613982029,0.8192972505097768,Gramd1c,FALSE,FALSE,FALSE,FALSE,0.15611706580310378,FALSE,FALSE,0.04141340778193857
Fam83b,0.15044259328523812,0.7370897469204162,0.12729277567570374,0.7869858960350626,0.19053150115755957,0.7518364729918922,Fam83b,FALSE,FALSE,FALSE,FALSE,0.15608895670616715,FALSE,FALSE,0.0414058074335377
Llgl1,-0.24703894953552474,0.24003282896175795,-0.18923582504829994,0.3965666529384725,-0.031934252653001316,0.9329040340017658,Llgl1,FALSE,FALSE,FALSE,FALSE,0.15606967574560868,FALSE,FALSE,0.041400594102846994
Gm49353,0.23165369912010603,0.7428623472299164,-0.030489958694647767,0.9704608973683532,0.206050080021297,0.8426818235002771,Gm49353,FALSE,FALSE,FALSE,FALSE,0.15606457927868359,FALSE,FALSE,0.04139921608190482
Actr5,-0.2977025413732286,0.2655918696407639,-0.15789411859853741,0.5743607173002687,0.012580916085617844,0.9779166711917642,Actr5,FALSE,FALSE,FALSE,FALSE,0.15605919201912796,FALSE,FALSE,0.041397759434270744
Cnnm2,-0.1826493479382192,0.5638816687905693,-0.2720004430568759,0.39943240630475974,-0.013299064528252025,0.9806906502941829,Cnnm2,FALSE,FALSE,FALSE,FALSE,0.15598295184111569,FALSE,FALSE,0.04137714504326615
Dcaf4,0.06940108921719101,0.7962782837299389,-0.3098955459499293,0.249459968685412,-0.08857328896968086,0.81737415556582,Dcaf4,FALSE,FALSE,FALSE,FALSE,0.15595664137893372,FALSE,FALSE,0.04137003102321699
Fxr1,0.137010218720774,0.3542415770473972,0.2577715881090539,0.13385386958283618,0.07305272125802453,0.7491510596075803,Fxr1,FALSE,FALSE,FALSE,FALSE,0.1559448426959508,FALSE,FALSE,0.04136684080684171
Cbx6,-0.20927354637747442,0.18189819316873368,-0.20398374407676556,0.23278147441555527,-0.05452201884887398,0.832824978269367,Cbx6,FALSE,FALSE,FALSE,FALSE,0.15592643643437132,FALSE,FALSE,0.04136186398381972
Baz1b,0.09311452048972946,0.4820990323244016,0.191194317355996,0.18533306724967827,0.1833689091991566,0.30994114027169833,Baz1b,FALSE,FALSE,FALSE,FALSE,0.15589258234829403,FALSE,FALSE,0.0413527102621772
Kpna2,-0.14961421585404544,0.4170197233592223,-0.15893421583566258,0.4130738289385437,-0.1590612959599662,0.5374640967791049,Kpna2,FALSE,FALSE,FALSE,FALSE,0.15586990921655808,FALSE,FALSE,0.04134657973080792
Slc1a5,0.21315867616816364,0.2740816682497817,-0.08207320360744408,0.7182094398797543,-0.1721262200827378,0.5482874861111501,Slc1a5,FALSE,FALSE,FALSE,FALSE,0.15578603328611518,FALSE,FALSE,0.04132390072780578
Slc4a2,-0.18626502224782815,0.37192115534839515,-0.2085779030591004,0.3447129251494099,-0.0724919260163519,0.8261512923495982,Slc4a2,FALSE,FALSE,FALSE,FALSE,0.15577828377442682,FALSE,FALSE,0.04132180535672712
Srp54c,0.2133671338331098,0.2930469431223555,0.12666673581399746,0.5708845430388272,-0.12729076568124675,0.6766338150667234,Srp54c,FALSE,FALSE,FALSE,FALSE,0.15577487844278468,FALSE,FALSE,0.04132088459762344
Poldip2,-0.1634945835168793,0.17614027060568863,-0.182145742695921,0.1751640242634439,-0.12156539008699596,0.4739405573515179,Poldip2,FALSE,FALSE,FALSE,FALSE,0.15573523876659875,FALSE,FALSE,0.04131016652474511
AC125351.1,-0.15160234967726416,0.688747382246159,-0.2475422142659779,0.5130165047383854,-0.06804212763502482,0.9081277803181891,AC125351.1,FALSE,FALSE,FALSE,FALSE,0.15572889719275562,FALSE,FALSE,0.041308451842458224
Hexb,-0.19866697460966698,0.26975523642234894,-0.13631792028687872,0.4851464205329001,-0.13207826741228867,0.6147300814706247,Hexb,FALSE,FALSE,FALSE,FALSE,0.15568772076961146,FALSE,FALSE,0.0412973182524143
Cmtm4,-0.23108047247709074,0.17622911276556272,-0.16832360545974812,0.35975655864821515,-0.06762535934324632,0.8046383185846361,Cmtm4,FALSE,FALSE,FALSE,FALSE,0.1556764790933617,FALSE,FALSE,0.04129427864369615
Svep1,0.1743672210406424,0.673173695753079,0.08327848997769971,0.8553027887481248,0.20927373789920445,0.7107119589216623,Svep1,FALSE,FALSE,FALSE,FALSE,0.15563981630584886,FALSE,FALSE,0.041284365484298924
Ctc1,-0.3512244006072218,0.12532007869218345,-0.11496884618217873,0.6365657379562748,3.507305044863074e-4,0.9991669576530677,Ctc1,FALSE,FALSE,FALSE,FALSE,0.15551465909796228,FALSE,FALSE,0.04125052453996113
Copg2,-0.18625478059539802,0.19530235732024334,-0.11454005519974153,0.4638551350006695,-0.16573613337623438,0.4129097120597232,Copg2,FALSE,FALSE,FALSE,FALSE,0.15551032305712464,FALSE,FALSE,0.0412493521287264
Kank2,-0.17145715024281438,0.3336301271902257,-0.2141433818343743,0.2557568472142557,-0.0808790997652391,0.7611811657218196,Kank2,FALSE,FALSE,FALSE,FALSE,0.1554932106141426,FALSE,FALSE,0.04124472513807825
Rtraf,0.2874396945815425,0.046824631344677056,0.14936917149014217,0.2973412393816,-0.02962873042037817,0.8995004980731192,Rtraf,FALSE,FALSE,FALSE,FALSE,0.15547919883068761,FALSE,FALSE,0.041240936527002794
Rhobtb3,0.20702165100285796,0.28256834278147286,0.23820696573623756,0.25214588267447957,0.02115705444029814,0.9531333652183723,Rhobtb3,FALSE,FALSE,FALSE,FALSE,0.1554618903931312,FALSE,FALSE,0.041236256541872005
Ccdc158,-0.31409844056728775,0.5782445770545811,0.03627796939226208,0.9539267901805041,-0.11594959710310093,0.8942686713611929,Ccdc158,FALSE,FALSE,FALSE,FALSE,0.15544200235421693,FALSE,FALSE,0.04123087906478338
Galnt15,-0.23551648344412457,0.589644510607395,0.19610925507721078,0.6492307565891687,0.03462939160496736,0.9639196569286287,Galnt15,FALSE,FALSE,FALSE,FALSE,0.15541837670876757,FALSE,FALSE,0.04122449098561401
Maf1,-0.2299770279504063,0.13570443289316128,-0.19047657876856938,0.24576382989394566,-0.04579816912739876,0.8562065291092719,Maf1,FALSE,FALSE,FALSE,FALSE,0.15541725861545816,FALSE,FALSE,0.04122418866716118
Bola1,-0.12057297909521036,0.5810350219735706,-0.19061081158204107,0.38821411432038894,-0.15502472323155203,0.6018000001898766,Bola1,FALSE,FALSE,FALSE,FALSE,0.15540283796960117,FALSE,FALSE,0.04122028950480368
Dctn6,-0.07723122473293031,0.7145639703851772,-0.15809069138737009,0.44911858645232844,-0.23083937721710424,0.39585659733983325,Dctn6,FALSE,FALSE,FALSE,FALSE,0.15538709777913487,FALSE,FALSE,0.041216033554080336
Pla2g15,-0.25497798702562235,0.08794090470776313,-0.20676115513460314,0.18859720229045795,0.004408182363947688,0.9857664252260658,Pla2g15,FALSE,FALSE,FALSE,FALSE,0.15538244150805772,FALSE,FALSE,0.04121477455659227
Lima1,-0.3254948209936446,0.12347119792186818,-0.13241515750022526,0.5569267164592674,-0.008130099190642781,0.9820279074263849,Lima1,FALSE,FALSE,FALSE,FALSE,0.1553466925615042,FALSE,FALSE,0.04120510848836591
Sept6,-0.16993068524267185,0.34362799455759513,-0.18118026728311332,0.3355337154844925,-0.11483869719273088,0.6547923105256523,Sept6,FALSE,FALSE,FALSE,FALSE,0.15531654990617202,FALSE,FALSE,0.04119695829119776
Hist1h3d,0.3358227565865419,0.4731733375003385,0.050648183519714784,0.929348685155057,0.07935582237847649,0.9245961247180302,Hist1h3d,FALSE,FALSE,FALSE,FALSE,0.15527558749491108,FALSE,FALSE,0.041185882567291554
Boc,-0.12933444945480588,0.5244361743319035,-0.13662893849868762,0.5198880429570593,-0.19983592500223946,0.466461292566526,Boc,FALSE,FALSE,FALSE,FALSE,0.15526643765191098,FALSE,FALSE,0.04118340856413269
Strada,-0.23185867832100948,0.40866181731745793,-0.17593197718283982,0.5510321773183092,-0.05798661634262503,0.899722477455269,Strada,FALSE,FALSE,FALSE,FALSE,0.15525909061549145,FALSE,FALSE,0.04118142201733511
Fbxw4,-0.07487886937237809,0.7620320671815575,-0.17510960872430203,0.4652555852609193,-0.21564318449103181,0.4918152224753389,Fbxw4,FALSE,FALSE,FALSE,FALSE,0.155210554195904,FALSE,FALSE,0.0411682983762652
Blmh,-0.15905578165504775,0.2174365566210888,-0.1302369689630316,0.3446973987570024,-0.1762336268885143,0.3228816905189946,Blmh,FALSE,FALSE,FALSE,FALSE,0.15517545916886455,FALSE,FALSE,0.04115880911970036
Nwd2,-0.37893130899517,0.5322352240678339,0.027361037768226737,0.9680285695554004,-0.05908221389711876,0.9528063179104878,Nwd2,FALSE,FALSE,FALSE,FALSE,0.15512485355350517,FALSE,FALSE,0.04114512599396213
D430020J02Rik,-0.30697289321223487,0.29278391516519586,-0.12039131211347032,0.703614862512797,0.03789819105579717,0.9382890029180332,D430020J02Rik,FALSE,FALSE,FALSE,FALSE,0.15508746546050078,FALSE,FALSE,0.04113501672102753
1500026H17Rik,0.35809535155931016,0.21088171352607735,-0.014691313094937097,0.9688953789065581,-0.09244330538353607,0.8513275863241275,1500026H17Rik,FALSE,FALSE,FALSE,FALSE,0.1550766566792611,FALSE,FALSE,0.041132094161708196
Timm8b,0.19501834911277527,0.3895638025925056,0.10439664417756855,0.6846174850043838,-0.16577978847517727,0.6196597815502262,Timm8b,FALSE,FALSE,FALSE,FALSE,0.1550649272551737,FALSE,FALSE,0.04112892267207241
Cdk7,0.2305599612902398,0.17097673714706052,0.20393159864620003,0.25898510796802765,0.030579224989288,0.9199110480395545,Cdk7,FALSE,FALSE,FALSE,FALSE,0.15502359497524262,FALSE,FALSE,0.04111774694030178
Hcfc1,-0.18109719030815885,0.3821160311277603,-0.2051079875132693,0.35686208114974594,-0.07877965515098584,0.8128017320608671,Hcfc1,FALSE,FALSE,FALSE,FALSE,0.154994944324138,FALSE,FALSE,0.04111000016242421
Stau1,-0.20186076295191047,0.18607038308507837,-0.15732721340347489,0.3328876153876953,-0.10579541061094844,0.6341059812141951,Stau1,FALSE,FALSE,FALSE,FALSE,0.15499446232211125,FALSE,FALSE,0.04110986983510201
Cdadc1,0.22827674562534295,0.12407398019861132,0.16164151185197628,0.30238123655152926,0.07487924771056242,0.738301494482699,Cdadc1,FALSE,FALSE,FALSE,FALSE,0.15493250172929388,FALSE,FALSE,0.041093116465415386
Dnajc14,-0.17688407783958926,0.25876973245936147,-0.2020048615206802,0.23526982677254285,-0.085833778888313,0.7186101441521231,Dnajc14,FALSE,FALSE,FALSE,FALSE,0.1549075727495275,FALSE,FALSE,0.04108637598094055
Zfp846,0.2447446225593488,0.1219354791251158,0.11674002973775899,0.4881121715679598,0.1030763832206123,0.6502576057385635,Zfp846,FALSE,FALSE,FALSE,FALSE,0.1548536785059067,FALSE,FALSE,0.04107180365123381
Col4a1,0.27104379636392206,0.26016691426254523,0.04921110034789322,0.8657283681631889,0.14426745760024495,0.6893773649417326,Col4a1,FALSE,FALSE,FALSE,FALSE,0.15484078477068675,FALSE,FALSE,0.04106831734642362
Kdr,-0.0696046404546733,0.8357655454725217,0.11514528124256351,0.7304567079158235,0.27967743807723533,0.4912674668357731,Kdr,FALSE,FALSE,FALSE,FALSE,0.15480911992482405,FALSE,FALSE,0.041059755567965955
Ssr1,0.2800011915391316,0.1553574815552201,0.15402612437993213,0.4712968003335817,-0.030329656601235655,0.9333062118677539,Ssr1,FALSE,FALSE,FALSE,FALSE,0.15478565750676646,FALSE,FALSE,0.041053411623442705
Atxn10,-0.10333970761139444,0.3553491549038297,-0.1580679606750408,0.19886951943599887,-0.20293540802348708,0.19324825225423312,Atxn10,FALSE,FALSE,FALSE,FALSE,0.15478102543664077,FALSE,FALSE,0.041052159169589354
Dagla,-0.1060348984432462,0.7598036118608674,-0.12616108693796946,0.7224581151382411,0.23199233260323826,0.5936632522255639,Dagla,FALSE,FALSE,FALSE,FALSE,0.1547294393281513,FALSE,FALSE,0.04103821093076657
1700055D18Rik,-0.0072636421121692885,0.9915407559705451,-0.2895511323089139,0.6747639714375684,0.16733668358514944,0.8600911726915198,1700055D18Rik,FALSE,FALSE,FALSE,FALSE,0.1547171526687442,FALSE,FALSE,0.04103488877166671
Snx3,-0.2617213145405737,0.08540540733367685,-0.051242651753063306,0.7628253309929809,-0.15106531649550536,0.4618066899606207,Snx3,FALSE,FALSE,FALSE,FALSE,0.15467642759638078,FALSE,FALSE,0.041023877221231256
Slc35b2,-0.008525207658149014,0.9651926262981729,-0.22486295303145099,0.21318042343571886,-0.23063396304275408,0.31679381803870843,Slc35b2,FALSE,FALSE,FALSE,FALSE,0.15467404124411802,FALSE,FALSE,0.041023231981412805
Emc6,-0.16525321570787455,0.30127377065906347,-0.12210891358661602,0.47146195192402135,-0.17662009297202896,0.422832318958479,Emc6,FALSE,FALSE,FALSE,FALSE,0.1546607407555065,FALSE,FALSE,0.04101963569557064
Cog2,-0.10875590814300296,0.4338005829271784,-0.16209665959775066,0.2693743686825765,-0.19308123048099368,0.30580971891383374,Cog2,FALSE,FALSE,FALSE,FALSE,0.1546445994072491,FALSE,FALSE,0.041015271276795724
Ssc4d,0.12750018882360514,0.6170808150281544,0.1652569858871007,0.518379104444001,0.17113890641201812,0.6147897797537527,Ssc4d,FALSE,FALSE,FALSE,FALSE,0.15463202704090798,FALSE,FALSE,0.04101187186611272
Trip4,0.2742949364050533,0.04770121069111219,0.11169237436509505,0.41835651584843037,0.0778054084908204,0.6833803884038661,Trip4,FALSE,FALSE,FALSE,FALSE,0.1545975730869896,FALSE,FALSE,0.04100255594770533
Pbdc1,0.19023510550018496,0.15791299573233347,0.18292121474729228,0.2086980333808792,-0.09063408497096415,0.6487905668716706,Pbdc1,FALSE,FALSE,FALSE,FALSE,0.15459680173948046,FALSE,FALSE,0.04100234738498199
Nwd1,-0.2671653081644534,0.16828880353981224,-0.13417322522228048,0.5193560943713814,-0.062352163996685306,0.8431475850104174,Nwd1,FALSE,FALSE,FALSE,FALSE,0.15456356579447306,FALSE,FALSE,0.04099336080095697
Tinagl1,-0.057955362768701946,0.8351390465864074,-0.2723756058208835,0.3035286561811794,0.13329225009196222,0.7033416807573876,Tinagl1,FALSE,FALSE,FALSE,FALSE,0.15454107289384922,FALSE,FALSE,0.040987279001827213
Ebpl,-0.09100652392534325,0.6404407720894184,-0.1893133384807939,0.33418603135888886,-0.1831802042424462,0.47853313790069174,Ebpl,FALSE,FALSE,FALSE,FALSE,0.15450002221619444,FALSE,FALSE,0.040976179411791595
Ythdf1,0.11230776495755812,0.5864020107390225,0.27953172046576125,0.19603015905731733,0.07153321427531356,0.8222487171317908,Ythdf1,FALSE,FALSE,FALSE,FALSE,0.15445756656621099,FALSE,FALSE,0.040964699934802805
Flywch2,-0.12843393522449054,0.5254737136433404,-0.2596264065813938,0.2199436741905098,-0.07520592160620376,0.802322111232948,Flywch2,FALSE,FALSE,FALSE,FALSE,0.15442208780402936,FALSE,FALSE,0.04095510692105284
C1qtnf1,0.04282259323018334,0.8841918224656006,-0.3637024467096768,0.20175210863693624,0.05672718819882139,0.8945125634117448,C1qtnf1,FALSE,FALSE,FALSE,FALSE,0.1544174093795605,FALSE,FALSE,0.040953841933564605
Tmem208,0.1801527381687471,0.21936994601007098,-0.06589370961994234,0.6984218147231934,-0.21706650035886454,0.2931417354496012,Tmem208,FALSE,FALSE,FALSE,FALSE,0.15437098271585134,FALSE,FALSE,0.04094128874410871
Myoc,-0.3143520344276949,0.1014838870146799,0.025119108011304903,0.9108723361254286,-0.12344707854072023,0.649894386994797,Myoc,FALSE,FALSE,FALSE,FALSE,0.15430607365990667,FALSE,FALSE,0.04092373814685319
Sh3d19,-0.10828226411709707,0.6634469474002096,-0.09785093293493485,0.7163836545880186,-0.2567536398294896,0.43795994411519684,Sh3d19,FALSE,FALSE,FALSE,FALSE,0.1542956122938405,FALSE,FALSE,0.04092090952425349
Zfp467,-0.25038758036290343,0.346443637489374,-0.13827655697691288,0.6280249996607076,0.07419686481129828,0.8591382897520142,Zfp467,FALSE,FALSE,FALSE,FALSE,0.1542870007170382,FALSE,FALSE,0.040918581061545285
Cacul1,0.24754267466280666,0.052114222589938274,0.13073442401575086,0.30628840842591787,0.08457446891364473,0.6290187059003836,Cacul1,FALSE,FALSE,FALSE,FALSE,0.15428385586406743,FALSE,FALSE,0.04091773073261792
Smap2,-0.18940184202348842,0.3787024897299801,-0.1507911169416154,0.5133400516000833,-0.12265020251635583,0.6979786889590867,Smap2,FALSE,FALSE,FALSE,FALSE,0.1542810538271532,FALSE,FALSE,0.04091697309686647
Skil,0.2109067911755469,0.20868020353807068,0.21568286702218753,0.23870589575956366,-0.036027949303618634,0.9038261855921822,Skil,FALSE,FALSE,FALSE,FALSE,0.15420586916711768,FALSE,FALSE,0.04089664410472704
Acot1,0.013285678154415947,0.9802614357237671,-0.24300021076752842,0.6413389379754536,0.2061920637975858,0.7560552565973211,Acot1,FALSE,FALSE,FALSE,FALSE,0.15415931757317672,FALSE,FALSE,0.0408840571356983
Nbl1,-0.04717542838522304,0.9369374487853295,0.056427438899903315,0.9235025760927341,0.3588157174648483,0.596242609438247,Nbl1,FALSE,FALSE,FALSE,FALSE,0.15413952824999155,FALSE,FALSE,0.04087870635010872
Plk2,-0.20204945501552807,0.30865884914567954,0.1856163372305799,0.36506954531287805,0.07475056883879194,0.8071531985447219,Plk2,FALSE,FALSE,FALSE,FALSE,0.15413878702829997,FALSE,FALSE,0.04087850593302983
Col4a4,0.10998528589899648,0.6078206771893883,0.04940691367913441,0.836914532256226,0.3029878483904098,0.2559260361309795,Col4a4,FALSE,FALSE,FALSE,FALSE,0.15412668265618024,FALSE,FALSE,0.04087523306213358
Ctdspl,-0.08882932641372143,0.6251168495391698,0.2199221974795016,0.22624314298368003,0.15360937776939654,0.5212893631595337,Ctdspl,FALSE,FALSE,FALSE,FALSE,0.15412030055420653,FALSE,FALSE,0.04087350742154685
Foxp4,-0.04803599429472705,0.8730744030607788,-0.16952741637002777,0.5547716402747385,0.24478445095012624,0.4912431642534875,Foxp4,FALSE,FALSE,FALSE,FALSE,0.15411595387162702,FALSE,FALSE,0.04087233213291817
Sidt2,-0.24463469334935972,0.19901009345019632,-0.1250553866810291,0.5448838971338792,-0.09263462317958204,0.7474990934071348,Sidt2,FALSE,FALSE,FALSE,FALSE,0.15410823440332364,FALSE,FALSE,0.040870244885195216
Me3,-0.1930191114626365,0.5324653591154815,0.12677789288260266,0.6944708391455173,0.14241787459879118,0.7388469460895963,Me3,FALSE,FALSE,FALSE,FALSE,0.15407162631467677,FALSE,FALSE,0.040860346515687526
Fam184a,0.043884860871024056,0.8257293047154588,0.18335473093816157,0.31880725521200803,0.2347950441420994,0.32024573688721225,Fam184a,FALSE,FALSE,FALSE,FALSE,0.15401154531709502,FALSE,FALSE,0.04084410136505452
Atl1,0.1392997493021344,0.47999821300444273,0.17746566728726654,0.3806752602034829,0.14519990234111502,0.5965485349078742,Atl1,FALSE,FALSE,FALSE,FALSE,0.1539884396435053,FALSE,FALSE,0.04083785387977549
Eral1,-0.042938235737040475,0.834670653737899,-0.3387680422878141,0.12061995108359509,-0.08024658100820048,0.7725829607625792,Eral1,FALSE,FALSE,FALSE,FALSE,0.15398428634435168,FALSE,FALSE,0.04083673087960754
Lama3,-0.23972093017503582,0.38610965969709793,0.048098706829554416,0.8832027680584695,-0.17408361583733978,0.6640854453159998,Lama3,FALSE,FALSE,FALSE,FALSE,0.15396775094731,FALSE,FALSE,0.04083225991496763
Tmem240,0.27218110131887685,0.505640332870237,-0.013770808186074568,0.9789744295813069,0.17592592485793435,0.7748565220796638,Tmem240,FALSE,FALSE,FALSE,FALSE,0.1539592781209619,FALSE,FALSE,0.04082996896864763
1700095J03Rik,0.15469757573322207,0.5071074901779761,0.30046659676669174,0.20448633021290497,0.006701904908761325,0.9867010881791168,1700095J03Rik,FALSE,FALSE,FALSE,FALSE,0.15395535913622505,FALSE,FALSE,0.040828909324168654
Deptor,-0.0016128175220346819,0.994576123128868,0.04192873102410033,0.8655906073549144,0.418255638168211,0.1409796643314685,Deptor,FALSE,FALSE,FALSE,FALSE,0.15393239557144867,FALSE,FALSE,0.04082270026333614
Ppp2r3d,-0.20418160631154958,0.2947233000708232,-0.22329566183688865,0.2778383669696087,0.034058806800081776,0.9183606194276475,Ppp2r3d,FALSE,FALSE,FALSE,FALSE,0.15384535831617333,FALSE,FALSE,0.04079916647762116
Tle2,-0.1286714213909519,0.6680278591026265,0.03743069469263971,0.9085867947851997,0.29529129982091806,0.41121162000450273,Tle2,FALSE,FALSE,FALSE,FALSE,0.15379780530150322,FALSE,FALSE,0.0407863087369467
B230319C09Rik,0.10648573109205717,0.8458732624653789,-0.09900938349950361,0.8659240866044124,0.25574197943195226,0.713667864202501,B230319C09Rik,FALSE,FALSE,FALSE,FALSE,0.1537456980078377,FALSE,FALSE,0.04077221957616799
Synm,-0.2927357814544296,0.19026709100659833,-0.14749691055251146,0.5310327018204368,0.020918838007110807,0.9588812320039408,Synm,FALSE,FALSE,FALSE,FALSE,0.15371717667135062,FALSE,FALSE,0.040764507763346364
Manba,-0.21295929210541953,0.30126369180377505,-0.16964716031629745,0.4400940160871816,-0.07843208226667198,0.8083932338655838,Manba,FALSE,FALSE,FALSE,FALSE,0.15367951156279633,FALSE,FALSE,0.040754323588870225
Wipi1,0.3291368811105748,0.11129966056290529,-0.06321844018371081,0.7969758086980275,0.06856705152210463,0.8390380302647683,Wipi1,FALSE,FALSE,FALSE,FALSE,0.15364079093879676,FALSE,FALSE,0.0407438540162134
Spata13,-0.19632765504633376,0.4035007170957082,-0.16727822621187016,0.5122246617882426,-0.09728348102424889,0.7927797519038418,Spata13,FALSE,FALSE,FALSE,FALSE,0.15362978742748426,FALSE,FALSE,0.04074087880431682
Tnfsf13b,0.2485716351714315,0.5136372488830484,0.16247128477584838,0.6989128057096087,0.049775434856815945,0.9412928407447815,Tnfsf13b,FALSE,FALSE,FALSE,FALSE,0.15360611826803194,FALSE,FALSE,0.04073447895950505
Stat2,0.22609582297983444,0.16420525828320892,-0.056869123128664434,0.7657765098525056,0.17783930199110332,0.4256105441935098,Stat2,FALSE,FALSE,FALSE,FALSE,0.15360141603320074,FALSE,FALSE,0.0407332075339925
Musk,-0.2636023325347119,0.5529193495562452,0.03760421673691572,0.9392114696671224,0.1595642507875692,0.793830874849862,Musk,FALSE,FALSE,FALSE,FALSE,0.15359026668639894,FALSE,FALSE,0.040730192890002806
Rab36,-0.29135757643705684,0.1539109359258738,-0.1418637925783619,0.5111782000661806,0.027104140171159585,0.9396029537731067,Rab36,FALSE,FALSE,FALSE,FALSE,0.1534418363955261,FALSE,FALSE,0.04069005919497805
Rassf1,-0.16595718281955696,0.520925931643103,-0.2696465867880553,0.3093140210139234,-0.024704908349356014,0.9562002135505902,Rassf1,FALSE,FALSE,FALSE,FALSE,0.1534362259856561,FALSE,FALSE,0.04068854221028871
1110032A03Rik,-0.11249509225945786,0.5258272892395907,-0.20861633670360824,0.25902698653346085,-0.13909604663213493,0.5716918149773088,1110032A03Rik,FALSE,FALSE,FALSE,FALSE,0.15340249186506702,FALSE,FALSE,0.04067942092581444
Hacd1,-0.15424882778132387,0.4973920696773854,-0.1925922901568029,0.40929526134043714,-0.11323958765444475,0.7279037458134423,Hacd1,FALSE,FALSE,FALSE,FALSE,0.15336023519752384,FALSE,FALSE,0.04066799525118989
Slc16a5,0.010137092344874699,0.9842802648535982,-0.23953362684815205,0.6371811669077382,-0.2101327020571202,0.7643604753588661,Slc16a5,FALSE,FALSE,FALSE,FALSE,0.1532678070833823,FALSE,FALSE,0.04064300384463225
Rmnd5a,0.26264167712962916,0.06057188323532129,0.14657056694520065,0.30468544768030237,0.050590700913172526,0.8126019780198526,Rmnd5a,FALSE,FALSE,FALSE,FALSE,0.15326764832933412,FALSE,FALSE,0.04064296091952232
Rps6ka1,-0.19692649922564476,0.4453465738277402,-0.2008387133669225,0.452770310186716,-0.06199083326453314,0.8817102844923025,Rps6ka1,FALSE,FALSE,FALSE,FALSE,0.15325201528570012,FALSE,FALSE,0.04063873393996291
Gm10644,-0.06066511212941128,0.872651115682085,-0.21330100926246104,0.554465228023765,0.1857783220919348,0.6853048367240798,Gm10644,FALSE,FALSE,FALSE,FALSE,0.1532481478279357,FALSE,FALSE,0.04063768822773311
Actg1,-0.2581842209583547,0.0574921674733229,-0.023916037199422036,0.8781640176836818,-0.17761185371326604,0.3196304599978533,Actg1,FALSE,FALSE,FALSE,FALSE,0.15323737062368092,FALSE,FALSE,0.04063477420643573
D8Ertd738e,-0.1255325211556091,0.2737030551503385,-0.14534547120160202,0.24182855169969805,-0.18872429006242974,0.2333514599174436,D8Ertd738e,FALSE,FALSE,FALSE,FALSE,0.15320076080654696,FALSE,FALSE,0.040624875369566736
Trappc2,0.2245082786349375,0.2783114334692852,0.09003727728714939,0.7052268006033512,0.1450403648455083,0.6323557545391051,Trappc2,FALSE,FALSE,FALSE,FALSE,0.15319530692253172,FALSE,FALSE,0.0406234007075117
Stn1,-0.2132370436523079,0.3865716657118057,-0.2343984597257962,0.3595620044610672,-0.011926736657054793,0.9777503992234355,Stn1,FALSE,FALSE,FALSE,FALSE,0.15318741334505295,FALSE,FALSE,0.04062126638284438
Smad1,0.11459478926222477,0.5018948022842705,0.24741697019301423,0.17653426914519374,0.09729622577519326,0.693855170501762,Smad1,FALSE,FALSE,FALSE,FALSE,0.15310266174347742,FALSE,FALSE,0.04059835060931533
Orc6,0.2289831207418218,0.29261602184413443,0.13541236502282405,0.5714486778654412,0.09486194606106624,0.7808157456339877,Orc6,FALSE,FALSE,FALSE,FALSE,0.1530858106085707,FALSE,FALSE,0.040593794273103966
Ffar4,-0.34173691400161665,0.4714560792328602,0.032717465406918,0.9518065535685244,0.08475464385116771,0.9084785564055964,Ffar4,FALSE,FALSE,FALSE,FALSE,0.1530696744199008,FALSE,FALSE,0.04058943124941701
Dancr,-0.06908546537852933,0.8218005089486384,-0.07050127083843538,0.8246822623697492,-0.31959309139477754,0.40608108524542064,Dancr,FALSE,FALSE,FALSE,FALSE,0.15305994253724742,FALSE,FALSE,0.04058679987001237
Eif4e,0.2150813797617328,0.3746631972822979,0.2381713677916517,0.36051765594373625,-0.005803278053071459,0.9894104490465868,Eif4e,FALSE,FALSE,FALSE,FALSE,0.15301867520215198,FALSE,FALSE,0.040575641698513375
Fam98c,-0.10873601456461712,0.8182151864725161,-0.08967658820876256,0.8541143963455538,-0.2606102245426778,0.6734996583807101,Fam98c,FALSE,FALSE,FALSE,FALSE,0.1530076091053525,FALSE,FALSE,0.04057264956428354
Acyp2,0.23778338012043854,0.4035007170957082,0.1573023828359137,0.6153298892597683,-0.0637808225649823,0.8983653363537589,Acyp2,FALSE,FALSE,FALSE,FALSE,0.1529555285071115,FALSE,FALSE,0.04055856762161388
BC024978,0.21985026115502393,0.3254331720450501,0.10846740736062443,0.666202267264656,0.1305278128272236,0.6893773649417326,BC024978,FALSE,FALSE,FALSE,FALSE,0.15294849378095732,FALSE,FALSE,0.040556665519607654
Med4,-0.11633518481504757,0.5412529889664542,-0.15343297115276844,0.43045437464076913,-0.18904087294706695,0.4570186161614942,Med4,FALSE,FALSE,FALSE,FALSE,0.15293634297162764,FALSE,FALSE,0.04055338009267038
Fam184b,0.08410759456930261,0.8488731316952847,0.23361076744673648,0.5706517685152647,0.14100598940651043,0.8151029865298777,Fam184b,FALSE,FALSE,FALSE,FALSE,0.15290811714084984,FALSE,FALSE,0.04054574818089822
Dis3,0.23176323131554177,0.2649383576481941,0.14863115068101962,0.5111782000661806,0.07820883626893771,0.8155333748986083,Dis3,FALSE,FALSE,FALSE,FALSE,0.15286773942183304,FALSE,FALSE,0.040534830550465195
Gm17494,-0.16476591779747154,0.7757359153707839,0.035085976370947514,0.9556104206192948,0.25854422653679004,0.7228636498567831,Gm17494,FALSE,FALSE,FALSE,FALSE,0.15279870690173636,FALSE,FALSE,0.04051616502005318
Esrp2,0.07459028353766461,0.8257366433274367,0.12340463145308278,0.7101803473550362,0.26030761554500104,0.5181452776140207,Esrp2,FALSE,FALSE,FALSE,FALSE,0.1527675101785828,FALSE,FALSE,0.04050772981612375
Dtwd1,-0.13882010667860678,0.5596418048449353,-0.18193371224577248,0.4504250330040618,-0.13736275907000417,0.6734996583807101,Dtwd1,FALSE,FALSE,FALSE,FALSE,0.1527055259981278,FALSE,FALSE,0.0404909700686348
Tars,-0.10575304603917246,0.5353413891007627,-0.1439282031575173,0.41835651584843037,-0.20840816636203474,0.36456401969128355,Tars,FALSE,FALSE,FALSE,FALSE,0.15269647185290816,FALSE,FALSE,0.040488521940959386
Plekha7,-0.09672306872615,0.7374945969594795,-0.33619203933918307,0.2426542173156845,-0.025169583547383745,0.9603928381169048,Plekha7,FALSE,FALSE,FALSE,FALSE,0.15269489720423893,FALSE,FALSE,0.04048809617564497
1700067K01Rik,-0.1165405451739043,0.8395795558496885,-0.225677767995198,0.694669864299675,-0.11560158467439094,0.8917686902563736,1700067K01Rik,FALSE,FALSE,FALSE,FALSE,0.15260663261449775,FALSE,FALSE,0.04046423053403417
Pfkfb2,0.14790752523401407,0.3610332274699352,0.15606669276660456,0.359785140133053,0.15382119177639408,0.49291607618660116,Pfkfb2,FALSE,FALSE,FALSE,FALSE,0.15259846992567092,FALSE,FALSE,0.04046202344502267
Wipi2,-0.17016917484128857,0.23125809336558112,-0.16405362704199256,0.2869556623442961,-0.12352477283230723,0.5494073125730218,Wipi2,FALSE,FALSE,FALSE,FALSE,0.1525825249051961,FALSE,FALSE,0.040457712110825744
Cnot8,-0.20388366425852045,0.15718253617917335,-0.15106964872114403,0.31880725521200803,-0.10258518571141995,0.617092598556139,Cnot8,FALSE,FALSE,FALSE,FALSE,0.15251283289702813,FALSE,FALSE,0.04043886826308396
Srpr,-0.11804182768751836,0.5020668961799329,-0.14879931004522629,0.4229967230259528,-0.19069515484614108,0.43208725836388395,Srpr,FALSE,FALSE,FALSE,FALSE,0.15251209752629524,FALSE,FALSE,0.04043866942803115
Stx12,0.1792697094127309,0.2128771299041515,0.17473288915787677,0.26263286791225277,0.10351588286240965,0.6257692326256661,Stx12,FALSE,FALSE,FALSE,FALSE,0.15250616047767243,FALSE,FALSE,0.040437064124306595
Lrrn1,-0.2539463711859531,0.124246487360822,0.02843120408851174,0.8846871985831486,-0.17507709777337865,0.44224074217883513,Lrrn1,FALSE,FALSE,FALSE,FALSE,0.15248489101594784,FALSE,FALSE,0.04043131312776016
Snx33,-0.3483842343954775,0.13113176829267867,-0.09059077970055895,0.7177084008518264,-0.01837730861563358,0.9661443300099136,Snx33,FALSE,FALSE,FALSE,FALSE,0.15245077423722334,FALSE,FALSE,0.040422088377309935
Plscr3,-0.25410386398679474,0.2691058741299017,-0.1709130735474642,0.4801651795063968,-0.03231657156377432,0.9355352885294924,Plscr3,FALSE,FALSE,FALSE,FALSE,0.15244450303267776,FALSE,FALSE,0.040420392722001375
Mov10,-0.3589632838895902,0.12747522015429014,-0.09400807689173174,0.7128339208165703,-0.00421815915440682,0.9909334348630924,Mov10,FALSE,FALSE,FALSE,FALSE,0.15239650664524293,FALSE,FALSE,0.04040741509887423
March6,0.15526769049540512,0.1679621321615621,0.1653765015235269,0.18598641846202824,0.13639392565444464,0.3877881401062887,March6,FALSE,FALSE,FALSE,FALSE,0.15234603922445888,FALSE,FALSE,0.040393769339221515
Erg28,-0.17620482519759717,0.19627329670579088,-0.08169300891784426,0.5758915374936371,-0.19907045706908866,0.2795560624461205,Erg28,FALSE,FALSE,FALSE,FALSE,0.15232276372817669,FALSE,FALSE,0.0403874759360095
Stmn3,-0.13115556796451333,0.5093521992970497,-0.10338137610048115,0.6354037668339887,-0.2223601961496131,0.4129097120597232,Stmn3,FALSE,FALSE,FALSE,FALSE,0.15229904673820252,FALSE,FALSE,0.04038106315842258
Cd63,0.13524246055260924,0.2730986721116064,-0.15216091773589735,0.25817349824551944,-0.16947904009634396,0.32664384739433233,Cd63,FALSE,FALSE,FALSE,FALSE,0.15229413946161685,FALSE,FALSE,0.04037973629218299
2610005L07Rik,-0.09257499226510157,0.8315415952589439,0.21858651254555106,0.5837973411959209,0.14567493427953515,0.7995075427204846,2610005L07Rik,FALSE,FALSE,FALSE,FALSE,0.1522788130300626,FALSE,FALSE,0.04037559221669679
Dnajc5,-0.20953262746677837,0.14824901514848635,-0.11911291583550465,0.4452677810141521,-0.12807090910605812,0.5370891202021003,Dnajc5,FALSE,FALSE,FALSE,FALSE,0.15223881746944704,FALSE,FALSE,0.04036477791711784
Fetub,0.17379786177754353,0.5388616762874784,-0.052643261586436285,0.8744131123608772,0.23024616607828774,0.5454821384537589,Fetub,FALSE,FALSE,FALSE,FALSE,0.15222909648075586,FALSE,FALSE,0.04036214948330438
Bst2,0.014387114350496777,0.9747668552177695,-0.35368354058846085,0.3974870377759186,0.08855584515762116,0.8868769607477045,Bst2,FALSE,FALSE,FALSE,FALSE,0.15220883336552626,FALSE,FALSE,0.040356670590269185
Rpl36al,-0.21734087980778782,0.6068216696749448,-0.16186296051879456,0.7151652221301967,0.07738959797383416,0.9052165136027727,Rpl36al,FALSE,FALSE,FALSE,FALSE,0.15219781276680552,FALSE,FALSE,0.04035369075815104
Mpzl3,-0.25117253693648123,0.33477902252910924,0.08738241880055408,0.7553290955341714,-0.1180019021439549,0.7553997797811811,Mpzl3,FALSE,FALSE,FALSE,FALSE,0.1521856192936634,FALSE,FALSE,0.040350393795452244
Stom,-0.3271194572170484,0.10842434888452226,-0.0668957338668954,0.7615796780205838,-0.06246417778750191,0.8409898031171615,Stom,FALSE,FALSE,FALSE,FALSE,0.15215978962381524,FALSE,FALSE,0.04034340977563944
C1qc,-0.14625196470841928,0.533862351120306,-0.21722214428343012,0.3662223528404213,-0.0929760077378301,0.7896538138296119,C1qc,FALSE,FALSE,FALSE,FALSE,0.15215003890989318,FALSE,FALSE,0.04034077330449517
Diras2,-0.2215160669858376,0.5423316245599886,-0.09172350216582092,0.8228907451523227,-0.14313913031697556,0.7912988214677655,Diras2,FALSE,FALSE,FALSE,FALSE,0.15212623315621135,FALSE,FALSE,0.040334336526311396
0610012G03Rik,-0.07531510803935548,0.6766599553936127,-0.18923369145016,0.2940906381589807,-0.1917982191816372,0.4129097120597232,0610012G03Rik,FALSE,FALSE,FALSE,FALSE,0.15211567289038422,FALSE,FALSE,0.040331481162452755
G3bp2,0.1773784546761501,0.2399806071041163,0.21204991100930481,0.2018323944940927,0.0669027276525398,0.7795054729393572,G3bp2,FALSE,FALSE,FALSE,FALSE,0.15211036444599824,FALSE,FALSE,0.04033004582545523
Pdcd6ip,0.23188484877831783,0.124793725957397,0.15570227853738938,0.33257646493711845,0.06871414330971515,0.7682559787096986,Pdcd6ip,FALSE,FALSE,FALSE,FALSE,0.15210042354180744,FALSE,FALSE,0.04032735792923999
Stx16,0.18427903955605895,0.2079375604258114,0.12817998017704024,0.41867530373457074,0.1437774348265739,0.4895290636965754,Stx16,FALSE,FALSE,FALSE,FALSE,0.1520788181865577,FALSE,FALSE,0.04032151611128359
Pusl1,-0.10194829265032412,0.7710817728979298,-0.20111296025293512,0.5577564352065747,0.1530792790825195,0.7340760635387051,Pusl1,FALSE,FALSE,FALSE,FALSE,0.15204684399525958,FALSE,FALSE,0.04031287068968752
Atf5,-0.03003611711765153,0.9292697860078869,-0.2746299058785704,0.3718259086467372,-0.15140547648704583,0.7249454083011654,Atf5,FALSE,FALSE,FALSE,FALSE,0.15202383316108925,FALSE,FALSE,0.040306648847801836
Nampt,0.15773882373110837,0.37297952698344133,0.2125366529247632,0.2660809270271897,0.08574068223006925,0.7532118578355731,Nampt,FALSE,FALSE,FALSE,FALSE,0.1520053862953136,FALSE,FALSE,0.04030166104591282
Spindoc,-0.22217799941222038,0.24244751061751582,-0.10961181266049058,0.5895761891312384,-0.12416611992557813,0.6430936087390274,Spindoc,FALSE,FALSE,FALSE,FALSE,0.15198531066609636,FALSE,FALSE,0.04029623284675147
Mcm3,0.0856524815671611,0.8069461294106717,-0.21563684195024502,0.538918878762986,0.15458742037328954,0.7376116363550428,Mcm3,FALSE,FALSE,FALSE,FALSE,0.1519589146302319,FALSE,FALSE,0.04028909568864838
Srprb,-0.09757014695561139,0.5901989718262668,-0.22292893896148858,0.23526982677254285,-0.1353509494427545,0.58883412785958,Srprb,FALSE,FALSE,FALSE,FALSE,0.15195001178661816,FALSE,FALSE,0.04028668847103568
Zfp592,-0.2365629443817685,0.09429305505104206,-0.12401473620017711,0.39625669014567283,-0.09526598810001818,0.6323909429312146,Zfp592,FALSE,FALSE,FALSE,FALSE,0.1519478895606546,FALSE,FALSE,0.040286114647666516
Lcp2,-0.10648626761676616,0.8140045881021514,-0.1537765344667723,0.7357075440648443,-0.195565873488377,0.7464469040878334,Lcp2,FALSE,FALSE,FALSE,FALSE,0.15194289185730517,FALSE,FALSE,0.04028476333116049
Gemin8,0.02089909669086909,0.9447443730573918,0.36944205152351683,0.15770178933733603,0.06545753107031071,0.873330180241766,Gemin8,FALSE,FALSE,FALSE,FALSE,0.15193289309489888,FALSE,FALSE,0.04028205979080711
Slc46a3,-0.13733187521995305,0.609273669492571,-0.19359386735312833,0.4749568440597906,0.12482686818336353,0.7329168124457303,Slc46a3,FALSE,FALSE,FALSE,FALSE,0.15191753691881496,FALSE,FALSE,0.04027790767277194
Mmp2,-0.15584732950089997,0.7471263534423684,-0.016844606972035603,0.974903071791718,0.28303367472179186,0.6320124235538501,Mmp2,FALSE,FALSE,FALSE,FALSE,0.15190853706490914,FALSE,FALSE,0.040275474224789054
Fam213a,-0.24323608702404975,0.17590475048444715,-0.06660252427136903,0.7438020931602227,-0.1457931155338903,0.5686322897708336,Fam213a,FALSE,FALSE,FALSE,FALSE,0.15187724227643637,FALSE,FALSE,0.040267012505223285
Pcyt2,-0.21449786589110076,0.1932754417483644,-0.19990265809426022,0.25171559004976063,-0.04120737703313271,0.8796884147096544,Pcyt2,FALSE,FALSE,FALSE,FALSE,0.1518693003394979,FALSE,FALSE,0.04026486510476263
2810454H06Rik,0.11593724244185655,0.7525741982172984,0.1995048057099582,0.5752246525921444,0.1401302667290758,0.7833214666219112,2810454H06Rik,FALSE,FALSE,FALSE,FALSE,0.1518574382936302,FALSE,FALSE,0.040261657755855454
Mycbp,0.27081033313095926,0.1406351560558562,0.1557326330817812,0.42601906039040216,0.028923850640327764,0.9308707838816256,Mycbp,FALSE,FALSE,FALSE,FALSE,0.15182227228435607,FALSE,FALSE,0.04025214930658175
Gm13017,-0.10821201828851812,0.9379323058619038,-0.2911482666769659,0.8322612191148785,0.05610556561775626,0.9779472793824406,Gm13017,FALSE,FALSE,FALSE,FALSE,0.15182195019441344,FALSE,FALSE,0.04025206221748792
C2cd4a,0.12566892678286268,0.7723506031867249,-0.010648179843940286,0.982920795692719,0.3191038566320974,0.5494073125730218,C2cd4a,FALSE,FALSE,FALSE,FALSE,0.15180698775296678,FALSE,FALSE,0.040248016560376326
Prickle3,0.011395074670757843,0.9741370035611857,-0.30643986726090877,0.3355337154844925,-0.1374564557666611,0.7560552565973211,Prickle3,FALSE,FALSE,FALSE,FALSE,0.15176379923277591,FALSE,FALSE,0.04023633892444556
Smim20,-0.11834546430255344,0.6055099606564341,-0.27418688781650813,0.2430703201961083,0.06275350193513862,0.8569630352562625,Smim20,FALSE,FALSE,FALSE,FALSE,0.15176195135140005,FALSE,FALSE,0.04023583928042314
Cdv3,0.16917746797457678,0.26929806925392064,0.20445657971451325,0.22249477838767479,0.08160519217684392,0.7298640529144206,Cdv3,FALSE,FALSE,FALSE,FALSE,0.15174641328864466,FALSE,FALSE,0.04023163798250589
Vrk3,-0.2128320670322874,0.3197026262656737,-0.1128848352389662,0.6273163160144761,-0.12948261852841858,0.6734996583807101,Vrk3,FALSE,FALSE,FALSE,FALSE,0.15173317359989072,FALSE,FALSE,0.04022805813618511
Tmbim4,0.002054634838772884,0.9918927176050414,-0.2523892389831923,0.19672294351870465,-0.20059656806239978,0.4223776035002393,Tmbim4,FALSE,FALSE,FALSE,FALSE,0.15168014729478832,FALSE,FALSE,0.04021372048620305
6430571L13Rik,0.21123411408551623,0.657763374481447,-0.0823513128436636,0.8815522004446139,0.16142807791469432,0.8187156095783097,6430571L13Rik,FALSE,FALSE,FALSE,FALSE,0.15167116828129137,FALSE,FALSE,0.04021129267320618
Uprt,0.26572659181452174,0.1347274504868778,0.17825129039190912,0.3426706284403532,0.011018074739166828,0.9733478957736887,Uprt,FALSE,FALSE,FALSE,FALSE,0.1516653189818659,FALSE,FALSE,0.04020971109576757
Wdr33,-0.21032806087219758,0.17533477828044644,-0.14096973327981654,0.3973736934154336,-0.10355178743262083,0.6498321150608817,Wdr33,FALSE,FALSE,FALSE,FALSE,0.1516165271948783,FALSE,FALSE,0.040196518406545194
Nck1,0.22487299985362785,0.3455823632777483,0.16328014140133895,0.5312312523955143,0.06660024887319427,0.8692775911667944,Nck1,FALSE,FALSE,FALSE,FALSE,0.1515844633760537,FALSE,FALSE,0.04018784875078646
Kat7,-0.2656564261694845,0.10960839718707595,-0.08813919109110735,0.6275883291249957,-0.10091326238566634,0.6746850099708496,Kat7,FALSE,FALSE,FALSE,FALSE,0.15156962654875272,FALSE,FALSE,0.04018383705816947
Zfp787,-0.2746487268662414,0.16321269545687456,-0.16959969242609585,0.40438065323359035,-0.010387352228760083,0.9761707433445408,Zfp787,FALSE,FALSE,FALSE,FALSE,0.15154525717369913,FALSE,FALSE,0.04017724788381298
Gm16485,0.42486004343866046,0.30050499231226063,-0.0037955534154736625,0.9936408291678288,-0.025849540534298665,0.9737125519878691,Gm16485,FALSE,FALSE,FALSE,FALSE,0.15150171246281094,FALSE,FALSE,0.04016547393837064
Esrra,0.11994820381254367,0.6515471947559847,-0.22122982844823946,0.4216245473087002,-0.11324554495692807,0.7730938891227299,Esrra,FALSE,FALSE,FALSE,FALSE,0.15147452573923706,FALSE,FALSE,0.04015812298819584
Pycard,0.19657076340248048,0.5178677988497142,0.1584134196561633,0.625259512495242,0.09940990242822867,0.8347445086155896,Pycard,FALSE,FALSE,FALSE,FALSE,0.1514646951622908,FALSE,FALSE,0.04015546492308825
Nova2,0.15710653535846486,0.38970193752964644,-0.00954354599641416,0.9671919661711641,0.28765130842307585,0.23985796770715437,Nova2,FALSE,FALSE,FALSE,FALSE,0.15143379659265163,FALSE,FALSE,0.04014711033614169
Mex3c,0.21049766462119557,0.34479149312806634,0.20324213067936725,0.3969749775915452,-0.04049367876593024,0.9203540042594778,Mex3c,FALSE,FALSE,FALSE,FALSE,0.15141115802216434,FALSE,FALSE,0.04014098914970198
Vash1,-0.10671002245524219,0.7799992336416439,-0.17570834073929498,0.6472275321810549,0.17181366169983758,0.7273086735987276,Vash1,FALSE,FALSE,FALSE,FALSE,0.15141067496479158,FALSE,FALSE,0.04014085853702741
Rftn2,-0.08862101581431725,0.8927046628855888,-0.10300498252875362,0.877057808788216,0.26255034118164783,0.7416854199100554,Rftn2,FALSE,FALSE,FALSE,FALSE,0.15139211317490622,FALSE,FALSE,0.04013583966109587
Fzd6,-0.3108555518491789,0.051599030668579356,-0.038555057544543914,0.8216035230814268,-0.10467741997113933,0.6150505511268062,Fzd6,FALSE,FALSE,FALSE,FALSE,0.15136267645495405,FALSE,FALSE,0.04012788034002911
Tmem101,-0.12106324833194781,0.5945516468934541,-0.2419797844056859,0.29488445101559535,-0.09101425149402598,0.7846564495789521,Tmem101,FALSE,FALSE,FALSE,FALSE,0.1513524280772199,FALSE,FALSE,0.040125109306811686
Zfp607b,0.05871752173066236,0.8369694763428169,0.25547173558591796,0.31988642146586505,0.139860392293365,0.6999886128853148,Zfp607b,FALSE,FALSE,FALSE,FALSE,0.1513498832033151,FALSE,FALSE,0.04012442120472301
Pomt2,-0.12779923540242244,0.3982579141118618,-0.16557517440383496,0.30238123655152926,-0.16062814930584768,0.44505439627464977,Pomt2,FALSE,FALSE,FALSE,FALSE,0.1513341863707017,FALSE,FALSE,0.04012017697742105
Crtc1,-0.20325581444646712,0.263920421998276,-0.19650888542348977,0.3125305227792773,0.054184967170231246,0.857631954631146,Crtc1,FALSE,FALSE,FALSE,FALSE,0.15131655568006272,FALSE,FALSE,0.04011540985908543
Gm10221,0.03242915563269999,0.9608908006792275,0.26700218046516166,0.6527541333830307,-0.15450657159442605,0.8685662314054673,Gm10221,FALSE,FALSE,FALSE,FALSE,0.15131263589742924,FALSE,FALSE,0.040114349998865186
Zbtb43,-0.2923982726318952,0.04836177813491371,-0.018641051443311518,0.9066478174385642,-0.1428789381688933,0.4411571550032388,Zbtb43,FALSE,FALSE,FALSE,FALSE,0.1513060874147,FALSE,FALSE,0.040112579371002204
5430416N02Rik,-0.31615069915757754,0.3630468389924778,0.1022789261810364,0.7844070823487248,-0.03546647923150692,0.9527816940550564,5430416N02Rik,FALSE,FALSE,FALSE,FALSE,0.15129870152337363,FALSE,FALSE,0.04011058231832356
Hs2st1,0.2198522901044786,0.10492711747161441,0.14437967369949067,0.31334725367045113,0.0895754543764733,0.6487905668716706,Hs2st1,FALSE,FALSE,FALSE,FALSE,0.15126913939348086,FALSE,FALSE,0.040102589087976696
Rad54l,-0.2133974632739225,0.5617908931412096,0.0505473893204027,0.8987263648373043,-0.18976359978558421,0.7101641766295487,Rad54l,FALSE,FALSE,FALSE,FALSE,0.15123615079330313,FALSE,FALSE,0.0400936693829014
Smim27,0.23966635271201264,0.34131512109995515,-0.10833136876741678,0.7140011988016861,-0.10570283690723548,0.7939163265010846,Smim27,FALSE,FALSE,FALSE,FALSE,0.15123351946222163,FALSE,FALSE,0.040092957903873
Bcl2l2,-0.20435542749023394,0.17086283593558776,-0.16013620535170414,0.31151096841603854,-0.08891600957943879,0.6844652202240739,Bcl2l2,FALSE,FALSE,FALSE,FALSE,0.15113588080712562,FALSE,FALSE,0.04006655763218177
Mrpl37,-0.17435048162473565,0.42389166192644223,-0.1664283272675755,0.46310147911618316,-0.11259892166079366,0.7214429234011397,Mrpl37,FALSE,FALSE,FALSE,FALSE,0.15112591018436827,FALSE,FALSE,0.04006386170043767
Rab3d,-0.051239599232179245,0.8661076529865006,-0.2606699123185514,0.36501148845679404,-0.14146402998497187,0.7298672384813677,Rab3d,FALSE,FALSE,FALSE,FALSE,0.15112451384523418,FALSE,FALSE,0.040063484147792386
Pla1a,0.15233243262960494,0.861158469104117,-0.17369694822470472,0.853239939204169,0.12725373639589205,0.9254249867141772,Pla1a,FALSE,FALSE,FALSE,FALSE,0.1510943724167339,FALSE,FALSE,0.04005533428234426
Specc1,-0.18826486068069048,0.36605139288593286,-0.24429657267322025,0.27017714703055107,-0.020715914947269987,0.9568917316396195,Specc1,FALSE,FALSE,FALSE,FALSE,0.1510924494337269,FALSE,FALSE,0.040054814331779674
Hist2h2be,-0.15482689359795732,0.3606011154760177,-0.15696750220273437,0.3808811107169125,-0.14136956781559107,0.5559677318068789,Hist2h2be,FALSE,FALSE,FALSE,FALSE,0.1510546545387609,FALSE,FALSE,0.04004459506468036
Hddc2,0.24339944446447692,0.34592891319379604,0.12652321278211165,0.6613907956311317,-0.08323735199963256,0.8479984075401744,Hddc2,FALSE,FALSE,FALSE,FALSE,0.15105333641540705,FALSE,FALSE,0.04004423866060423
Exoc3l2,0.25385503961521527,0.4776148691721425,0.040253388625759,0.925803485381927,0.1590125526341315,0.7669696688057195,Exoc3l2,FALSE,FALSE,FALSE,FALSE,0.15104032695836858,FALSE,FALSE,0.040040721066061026
Tubgcp6,-0.20897435779007711,0.2131351093752702,-0.1276726749739847,0.4751367874492447,-0.11644220721168796,0.6295168234794002,Tubgcp6,FALSE,FALSE,FALSE,FALSE,0.15102974665858326,FALSE,FALSE,0.040037860285270545
4430402I18Rik,-0.047652563088924904,0.9290996945034067,0.1274016843067683,0.8021426530581721,0.2780025862333491,0.652463734970383,4430402I18Rik,FALSE,FALSE,FALSE,FALSE,0.1510189445430141,FALSE,FALSE,0.04003493952826518
Foxj1,-0.023039735614431622,0.9549750920676298,0.04243419054617403,0.9159366344120757,-0.3875719069102681,0.4288803284742357,Foxj1,FALSE,FALSE,FALSE,FALSE,0.15101527769029124,FALSE,FALSE,0.040033948057130724
Snx32,-0.16753615670543143,0.5726682847335088,-0.22826489539720107,0.44775255468443753,-0.05720049548003869,0.9044493352787544,Snx32,FALSE,FALSE,FALSE,FALSE,0.1510005158608904,FALSE,FALSE,0.040029956643008326
Tfe3,-0.19400268687854805,0.2734182243382426,-0.199277659602215,0.2929970854862532,-0.05970804597175228,0.8356426531394597,Tfe3,FALSE,FALSE,FALSE,FALSE,0.1509961308175051,FALSE,FALSE,0.040028770982097325
Chchd7,-0.21301333681124035,0.13312512231682688,-0.05505997697000442,0.7255095667204379,-0.18490400594090062,0.33208358919457537,Chchd7,FALSE,FALSE,FALSE,FALSE,0.1509924399073818,FALSE,FALSE,0.04002777300614254
Rasl12,-0.17409270122036202,0.7309773984446333,-0.07108043062570957,0.8942870835493888,0.20774794952631792,0.748253422469952,Rasl12,FALSE,FALSE,FALSE,FALSE,0.1509736937907965,FALSE,FALSE,0.040022704290575736
Gm43820,0.28669998965098287,0.7181742782351989,-0.1410583557395162,0.8780397365401934,0.025068987302307,0.9847097751008489,Gm43820,FALSE,FALSE,FALSE,FALSE,0.15094244423093536,FALSE,FALSE,0.04001425480026113
Rab26,0.1188688650002705,0.7180323472770587,-0.2675546086645404,0.42690539384908505,-0.06637744505168075,0.9006467597499608,Rab26,FALSE,FALSE,FALSE,FALSE,0.15093363957216388,FALSE,FALSE,0.0400118741306023
Pald1,-0.27602504169438546,0.2038567850907144,-0.1037296944019861,0.6589817388606316,-0.07301601001767821,0.8261928032494548,Pald1,FALSE,FALSE,FALSE,FALSE,0.1509235820380166,FALSE,FALSE,0.0400091546991049
Tmem150a,-0.13800336520400314,0.6789845516912496,-0.16815784199784423,0.619953456660641,-0.1462660771744646,0.7513356879837364,Tmem150a,FALSE,FALSE,FALSE,FALSE,0.150809094792104,FALSE,FALSE,0.039978198779092464
Klhdc3,-0.188736952353719,0.29772585020162623,-0.20678983656900396,0.2864390792402938,0.056888818368860505,0.8472867358532288,Klhdc3,FALSE,FALSE,FALSE,FALSE,0.15080520243052783,FALSE,FALSE,0.03997714633318331
Fam98a,0.25341327728559815,0.2658583119354916,0.1703884617837632,0.493179676822622,-0.028602846872241905,0.9467569751207735,Fam98a,FALSE,FALSE,FALSE,FALSE,0.1508015286472011,FALSE,FALSE,0.0399761529881002
Gsk3a,-0.18472682512901617,0.30592987551944295,-0.23209864040551853,0.2311623359004838,-0.03548922731699378,0.9082471205101105,Gsk3a,FALSE,FALSE,FALSE,FALSE,0.15077156428384283,FALSE,FALSE,0.03996805099885286
Srgap1,-0.10819605344933159,0.740462153612328,-0.18526696877046644,0.5691443826553789,-0.15875570156331031,0.7203756364219417,Srgap1,FALSE,FALSE,FALSE,FALSE,0.15073957459436946,FALSE,FALSE,0.03995940138674396
Vegfc,0.2332497544177019,0.3489904710308784,-0.08374137967712958,0.7794601740943541,0.13499320203022291,0.7166865211912573,Vegfc,FALSE,FALSE,FALSE,FALSE,0.15066144537501813,FALSE,FALSE,0.039938276222577465
Atxn1,0.13774365663133192,0.38159349178441637,0.1157242361604034,0.4956617376529421,0.19845938350980852,0.35888451316675885,Atxn1,FALSE,FALSE,FALSE,FALSE,0.15064242543384795,FALSE,FALSE,0.03993313346826617
Nacc1,-0.2199565353007813,0.2539158641182922,-0.17872702827849984,0.38661526461507295,-0.053234047610981605,0.869915651393595,Nacc1,FALSE,FALSE,FALSE,FALSE,0.15063920373008757,FALSE,FALSE,0.03993226235984606
Bcl2,0.14142093544961298,0.34131512109995515,0.14854409282122738,0.346590188072085,0.16193874716478884,0.43245528704756403,Bcl2,FALSE,FALSE,FALSE,FALSE,0.1506345918118764,FALSE,FALSE,0.03993101535481846
Ypel3,-0.17774255153008056,0.5548537087561551,-0.26978715605930415,0.38377979594901745,0.004337331897349195,0.992718586099489,Ypel3,FALSE,FALSE,FALSE,FALSE,0.15062234649557796,FALSE,FALSE,0.03992770437437832
Src,-0.22094925142673372,0.28920618932587955,-0.16088422610526987,0.47439617975976156,-0.06996449020144091,0.8373724018212013,Src,FALSE,FALSE,FALSE,FALSE,0.15059932257781483,FALSE,FALSE,0.03992147899485271
Gm6472,-0.11327330840893063,0.8197171766041574,0.019869144469126743,0.9703408003694305,-0.3186520204740963,0.6191264846276101,Gm6472,FALSE,FALSE,FALSE,FALSE,0.15059815778405122,FALSE,FALSE,0.039921164049180904
Gm16845,-0.2346381242610158,0.6459528277423593,0.20688819971894665,0.6821935473979064,-0.01017372858953225,0.9901796608639275,Gm16845,FALSE,FALSE,FALSE,FALSE,0.15056668418983157,FALSE,FALSE,0.039912653982776554
Rpl14-ps1,-0.24692842576804086,0.4337719241197361,-0.05372976101511351,0.8798879520410616,-0.15104171505791975,0.7396320677867422,Rpl14-ps1,FALSE,FALSE,FALSE,FALSE,0.15056663394702471,FALSE,FALSE,0.0399126403977497
Igf2bp2,-0.3096085736315666,0.31887915303485187,-0.003392882516371376,0.9918577555297119,0.13863767154628048,0.747523310477557,Igf2bp2,FALSE,FALSE,FALSE,FALSE,0.15054637589807282,FALSE,FALSE,0.03990716287457265
Slco4a1,-0.1583688890709798,0.7877875844818477,-0.011925755329841525,0.9848019905188304,-0.2813355996537181,0.7257187847518802,Slco4a1,FALSE,FALSE,FALSE,FALSE,0.15054341468484647,FALSE,FALSE,0.039906362199536374
Rpap1,-0.23816104828539242,0.25895828254069814,-0.1771490840503569,0.42463704825824095,0.036238696559730776,0.9214197386018574,Rpap1,FALSE,FALSE,FALSE,FALSE,0.15051627629849337,FALSE,FALSE,0.03989902431914178
Klhdc1,0.17924771670596673,0.2922605298653445,0.16459142253367887,0.3590947740695392,0.10768303097299281,0.6637036813491213,Klhdc1,FALSE,FALSE,FALSE,FALSE,0.15050739007087946,FALSE,FALSE,0.0398966215942877
Zfp647,-0.18444086455228215,0.614313892215329,-0.043244913834052046,0.914648506486952,0.22381261316752354,0.6293699816423594,Zfp647,FALSE,FALSE,FALSE,FALSE,0.1504994638512859,FALSE,FALSE,0.039894478443600626
Dut,-0.03937885919891748,0.7795134184779983,-0.21542944305680756,0.1392040304410967,-0.19666079688364757,0.25977568238390664,Dut,FALSE,FALSE,FALSE,FALSE,0.1504896997131242,FALSE,FALSE,0.03989183834270978
Mpg,-0.2777992928174071,0.24131193498908915,0.060475282733798874,0.8175977839687882,-0.11315290558635427,0.739869707198146,Mpg,FALSE,FALSE,FALSE,FALSE,0.1504758270458534,FALSE,FALSE,0.03988808734691134
Neurl3,0.07148562302578387,0.8661076529865006,-0.3346739624585362,0.4191780139105019,-0.04525384487012252,0.946856337752542,Neurl3,FALSE,FALSE,FALSE,FALSE,0.15047114345148085,FALSE,FALSE,0.03988682096154578
Zkscan7,0.11179796721732949,0.5309050437802004,0.09988985129977923,0.598600567444625,0.2397207740659013,0.3023830962084279,Zkscan7,FALSE,FALSE,FALSE,FALSE,0.15046953086100334,FALSE,FALSE,0.03988638493724074
Foxj3,0.11955012224092343,0.43403311378813575,0.17964224535898232,0.27023157728812264,0.15216240810636794,0.4766230928896961,Foxj3,FALSE,FALSE,FALSE,FALSE,0.15045159190209123,FALSE,FALSE,0.039881534467017934
Fmod,0.07127588710226274,0.9268396401215602,0.13962318862181,0.8533529608023613,0.24043160771487138,0.8071445254450246,Fmod,FALSE,FALSE,FALSE,FALSE,0.1504435611463147,FALSE,FALSE,0.039879363051053864
Fstl1,-0.20247734071555445,0.3789560551518797,-0.22884525039280046,0.3515782998255423,0.019974385658955818,0.9645037666394128,Fstl1,FALSE,FALSE,FALSE,FALSE,0.15043232558910358,FALSE,FALSE,0.03987632509684726
Maea,-0.15032355956534627,0.21864932117356495,-0.14321825107370412,0.27788725897884287,-0.15764888740212868,0.35534684243619125,Maea,FALSE,FALSE,FALSE,FALSE,0.1503968993470597,FALSE,FALSE,0.03986674628388595
Armt1,0.2680957365831875,0.0771162382785361,0.1245642032010057,0.4245840992906548,0.058463465204531495,0.8005718964673141,Armt1,FALSE,FALSE,FALSE,FALSE,0.1503744683295749,FALSE,FALSE,0.03986068121718336
Camsap3,-0.23659670850847947,0.40617284961351785,-0.19626240206123668,0.5086684649897494,0.01822212128361933,0.9702827424909112,Camsap3,FALSE,FALSE,FALSE,FALSE,0.1503604106177785,FALSE,FALSE,0.03985688018765855
Pde6d,0.01496567331104437,0.9530768436187774,-0.22518024745113063,0.32517600587260753,-0.21087163556389843,0.48372683020003315,Pde6d,FALSE,FALSE,FALSE,FALSE,0.1503391854420245,FALSE,FALSE,0.03985114116548492
5830454E08Rik,-0.22726514732460745,0.4793573996839825,-0.11698791917176443,0.7346853472098411,-0.10666248364604591,0.823988831503223,5830454E08Rik,FALSE,FALSE,FALSE,FALSE,0.15030518338080592,FALSE,FALSE,0.039841947433214134
Wdr45,-0.0030299371988609103,0.9918927176050414,-0.22740092110391608,0.41904335788362607,-0.2203976836445074,0.5565591199107105,Wdr45,FALSE,FALSE,FALSE,FALSE,0.1502761806490948,FALSE,FALSE,0.039834105457142166
Actrt3,0.2852180575560904,0.617077310254073,-0.04356126733926012,0.9503536962707587,0.12195475492552658,0.896400009836596,Actrt3,FALSE,FALSE,FALSE,FALSE,0.15024469327362572,FALSE,FALSE,0.039825591664460265
Snx15,-0.17181992949902503,0.4336778247283281,-0.20561162820661627,0.3664638280288702,-0.07324215296493541,0.8295191101700674,Snx15,FALSE,FALSE,FALSE,FALSE,0.15022457022352556,FALSE,FALSE,0.039820150643285014
Alyref2,-0.25180974657936783,0.47624750139404315,-0.08241123530208982,0.8321323751297399,-0.11644814670814663,0.8243865507264321,Alyref2,FALSE,FALSE,FALSE,FALSE,0.15022304286320143,FALSE,FALSE,0.03981973766414793
Tlcd2,-0.3342627789685477,0.39788679960457607,-0.01763155930259186,0.9697468508330094,-0.09867735855989357,0.8746960786335998,Tlcd2,FALSE,FALSE,FALSE,FALSE,0.15019056561034438,FALSE,FALSE,0.039810956220995446
Med12l,-0.19572017003199704,0.2821217768500292,-0.12384699510341424,0.5259535364354151,-0.1309655871685944,0.6147897797537527,Med12l,FALSE,FALSE,FALSE,FALSE,0.15017758410133522,FALSE,FALSE,0.039807446183249974
Nlrx1,-0.11938877017684302,0.7750155972175784,-0.1772207004300106,0.6708371804854181,0.15388771715013405,0.7786998228737898,Nlrx1,FALSE,FALSE,FALSE,FALSE,0.1501657292523292,FALSE,FALSE,0.03980424078028422
9230112E08Rik,0.30060080592232685,0.17582915433807433,0.12327165035685095,0.6186452727846006,0.02657884179654557,0.9489237604787029,9230112E08Rik,FALSE,FALSE,FALSE,FALSE,0.15015043269190778,FALSE,FALSE,0.03980010478157889
5730409E04Rik,-0.1767148359350097,0.31603259054612654,-0.26180418592165644,0.1788470107580306,-0.01183536374389238,0.9702827424909112,5730409E04Rik,FALSE,FALSE,FALSE,FALSE,0.1501181285335195,FALSE,FALSE,0.03979137014100678
Usp46,0.28162761621131516,0.05789806379064433,0.1007980447665231,0.5106488819404537,0.06792651819919016,0.7532118578355731,Usp46,FALSE,FALSE,FALSE,FALSE,0.15011739305900948,FALSE,FALSE,0.03979117127789394
Dok6,0.07507304215267752,0.8539988703181723,-0.19949719174352676,0.6265546720971097,0.17574828595931935,0.7371898883890428,Dok6,FALSE,FALSE,FALSE,FALSE,0.15010617328517453,FALSE,FALSE,0.039788137591314936
Was,0.12278230825317815,0.8819226446177186,0.14777064876923796,0.8590796851767837,-0.17972257081037657,0.8845296362698789,Was,FALSE,FALSE,FALSE,FALSE,0.1500918426109309,FALSE,FALSE,0.03978426275615688
Usp9x,0.2287615630368105,0.16240945874915563,0.2127274261820915,0.23282011282474563,-0.008774128572657247,0.9771599856153436,Usp9x,FALSE,FALSE,FALSE,FALSE,0.15008770593051976,FALSE,FALSE,0.03978314424948915
Pqlc1,-0.14384548622662052,0.432590401821472,-0.10157866583821651,0.615697593921002,-0.20483712145145727,0.4203354653610545,Pqlc1,FALSE,FALSE,FALSE,FALSE,0.1500870911720981,FALSE,FALSE,0.03978297802649744
Snx22,0.10891577282183412,0.8788851753672042,0.33155112167546386,0.6145808930133145,0.009668315748715794,0.9924441679334658,Snx22,FALSE,FALSE,FALSE,FALSE,0.1500450700820046,FALSE,FALSE,0.03977161604907017
Mycbp2,0.14830984464825825,0.26149218079078607,0.21850422864708108,0.14950553527659238,0.0832910064184258,0.6734750987788201,Mycbp2,FALSE,FALSE,FALSE,FALSE,0.15003502657125503,FALSE,FALSE,0.03976890040932419
Dcc,-0.31983672970252464,0.21895431433452503,-0.05723198713417954,0.8489132177123103,0.07302678636952109,0.86099221605955,Dcc,FALSE,FALSE,FALSE,FALSE,0.1500318344020751,FALSE,FALSE,0.0397680372866854
Rab3ip,-0.23965831045179442,0.15826865239840845,-0.13675830453976712,0.44491256757296294,-0.07344010297104298,0.7761454715989462,Rab3ip,FALSE,FALSE,FALSE,FALSE,0.14995223932086818,FALSE,FALSE,0.03974651577179888
Ambra1,-0.16500687312988038,0.19682008905873366,-0.16685517613757028,0.22798031301125507,-0.11794590648342673,0.5144107532264575,Ambra1,FALSE,FALSE,FALSE,FALSE,0.14993598525029248,FALSE,FALSE,0.03974212087431832
9230116N13Rik,0.25109195023376163,0.5937664573985787,-0.010871994345383995,0.9848019905188304,0.18783022203202393,0.7854240580027494,9230116N13Rik,FALSE,FALSE,FALSE,FALSE,0.14993138887038984,FALSE,FALSE,0.03974087807065509
Armh4,0.23877810915768194,0.07855551065606932,-0.07943362108924035,0.585708869837165,-0.13153961651955193,0.4793803885113061,Armh4,FALSE,FALSE,FALSE,FALSE,0.14991711558882473,FALSE,FALSE,0.03973701875375981
Hemk1,0.1456626482689134,0.666956951335999,-0.223000927104964,0.5362779838505993,-0.08105547570590854,0.8824797357986007,Hemk1,FALSE,FALSE,FALSE,FALSE,0.14990635035992864,FALSE,FALSE,0.039734107970449704
Kif13b,-0.22627133046302017,0.1831455559133911,-0.1703898154715784,0.35117382606609887,-0.05293510613883878,0.8525140246949218,Kif13b,FALSE,FALSE,FALSE,FALSE,0.14986541735781245,FALSE,FALSE,0.03972304019840857
Acp6,-0.1441707931525249,0.49671196198392625,-0.20155542022775164,0.3548156566775525,-0.10385725691144243,0.7342904374456407,Acp6,FALSE,FALSE,FALSE,FALSE,0.14986115676390632,FALSE,FALSE,0.03972188818708092
Eif1b,-0.22214602644085701,0.09510811412284416,-0.006367311735738568,0.9689871679780772,-0.2210657442697368,0.2157661235667044,Eif1b,FALSE,FALSE,FALSE,FALSE,0.14985969414877745,FALSE,FALSE,0.03972149271423521
Ap1g2,0.1462397021561529,0.7511953652851115,0.068288669874779,0.8918933140428124,0.23490021431941,0.6963753479700309,Ap1g2,FALSE,FALSE,FALSE,FALSE,0.1498095287834473,FALSE,FALSE,0.039707928626601025
Lyplal1,0.16127481507837027,0.4995012856302744,-0.1993077899385427,0.436969787282626,-0.08882987256473651,0.8116143406706445,Lyplal1,FALSE,FALSE,FALSE,FALSE,0.14980415919388315,FALSE,FALSE,0.039706476756711746
Trp53bp1,-0.2537415822460716,0.07500152227587101,-0.0857787717557903,0.572027307876489,-0.1098542382922032,0.5815465599575338,Trp53bp1,FALSE,FALSE,FALSE,FALSE,0.14979153076468835,FALSE,FALSE,0.039703062187333986
Vamp3,0.2658809639125579,0.19555773278653932,0.14549210176111416,0.5187041756774408,-0.037937179657680176,0.9188936338475503,Vamp3,FALSE,FALSE,FALSE,FALSE,0.1497700817771174,FALSE,FALSE,0.03969726264924307
Gm42372,-0.20946602573611717,0.2702159909007111,-0.12654352861149842,0.5397051417908387,-0.11323211870833827,0.6858738525246016,Gm42372,FALSE,FALSE,FALSE,FALSE,0.14974722435198462,FALSE,FALSE,0.039691082287243266
Sept8,-0.20847243415947858,0.22851562681929324,-0.22731203719424453,0.22385665216483439,-0.013320081116788174,0.9677541211626071,Sept8,FALSE,FALSE,FALSE,FALSE,0.14970151749017044,FALSE,FALSE,0.039678723723221045
Cavin1,-0.131415180108152,0.48841529699334735,-0.1835927844407177,0.3535625220791368,-0.13407147000709063,0.6183214403271936,Cavin1,FALSE,FALSE,FALSE,FALSE,0.1496931448519868,FALSE,FALSE,0.03967645986652819
Cmtm8,0.22028955968287667,0.4656939677777286,-0.043545692311755424,0.9037842707591913,-0.1852274093197308,0.6813412246544414,Cmtm8,FALSE,FALSE,FALSE,FALSE,0.1496875537714543,FALSE,FALSE,0.03967494810825007
Ist1,-0.24194925410591583,0.08644443979024696,-0.09867941010193615,0.5028038260994836,-0.10801119997281283,0.5824040803844496,Ist1,FALSE,FALSE,FALSE,FALSE,0.14954662139355493,FALSE,FALSE,0.03963684175515686
Rab3gap2,-0.19814112682675855,0.17464517509343913,-0.1311478209168344,0.4046585896923588,-0.11934648082757704,0.5732538720885044,Rab3gap2,FALSE,FALSE,FALSE,FALSE,0.14954514285705667,FALSE,FALSE,0.039636441977371914
Scarna2,0.11728289949146387,0.7444012456505733,0.15536401590198423,0.6825484656514896,-0.17596767125172974,0.7281231251795859,Scarna2,FALSE,FALSE,FALSE,FALSE,0.14953819554839262,FALSE,FALSE,0.03963456351196215
Bmp5,0.11498741820998681,0.8712230288540134,0.3075553330064639,0.641930071114816,0.02599348973222837,0.9812767460372922,Bmp5,FALSE,FALSE,FALSE,FALSE,0.14951208031622637,FALSE,FALSE,0.03962750227966854
Zfp641,-0.20076285122041426,0.3134755619076943,-0.16604325568441025,0.42445075715594566,-0.08157412584161561,0.7857274676140475,Zfp641,FALSE,FALSE,FALSE,FALSE,0.14946007758214672,FALSE,FALSE,0.03961344139049468
Chst2,0.11385591978189646,0.7774797105516572,-0.026807208025752427,0.9537143282700173,0.30771466590480756,0.5403423527783343,Chst2,FALSE,FALSE,FALSE,FALSE,0.14945926457081882,FALSE,FALSE,0.03961322156239562
Pex11a,-0.24774445891836105,0.33115444255685145,0.12903961575998135,0.6233828869384574,0.07158168183079061,0.8561691364064428,Pex11a,FALSE,FALSE,FALSE,FALSE,0.149455252169711,FALSE,FALSE,0.0396121366592978
Phf3,0.20232896698643366,0.077297852888297,0.14482205813543825,0.22779082598084113,0.10104178993296564,0.522520516299896,Phf3,FALSE,FALSE,FALSE,FALSE,0.14939760501827917,FALSE,FALSE,0.039596549590236584
Kat2b,0.05802015733960708,0.7451259598979082,0.14760133098855022,0.3908892046842728,0.2425384952084393,0.26706099963481633,Kat2b,FALSE,FALSE,FALSE,FALSE,0.14938666117886554,FALSE,FALSE,0.039593590512875455
Susd6,-0.32603314126573046,0.03451993232500258,-0.07646665802763408,0.605087386842203,-0.04557722622793747,0.8331756378589946,Susd6,FALSE,FALSE,FALSE,FALSE,0.14935900850710068,FALSE,FALSE,0.03958611357613496
Filip1l,0.2451001404972577,0.3332219481793242,0.19241331782097193,0.4765961014572298,-0.010560393539080781,0.9816918226492667,Filip1l,FALSE,FALSE,FALSE,FALSE,0.14935795061910348,FALSE,FALSE,0.039585827536445885
Wdr78,0.24876261590749493,0.2541915631274384,0.022253468911582974,0.9347547225667081,0.17701814965239526,0.5686131970566686,Wdr78,FALSE,FALSE,FALSE,FALSE,0.1493447448238244,FALSE,FALSE,0.03958225685449698
Nrg2,0.0485659458143336,0.9422342054718137,0.125566424489217,0.8433592131003287,0.27388364612156446,0.7298672384813677,Nrg2,FALSE,FALSE,FALSE,FALSE,0.14933867214170501,FALSE,FALSE,0.03958061487717059
Bmp7,0.042523525070493395,0.9058086549220246,-0.39028062590550494,0.25130193226292036,0.015188007178923879,0.9778529655215197,Bmp7,FALSE,FALSE,FALSE,FALSE,0.14933071938497408,FALSE,FALSE,0.03957846455117333
Gm16315,0.31456756144189524,0.35634936811911333,-0.053499124084642746,0.8988135904205636,-0.0799174656428876,0.8952889382053867,Gm16315,FALSE,FALSE,FALSE,FALSE,0.14932805038980854,FALSE,FALSE,0.03957774288824748
Zhx2,-0.33895140737295026,0.15768040979432907,0.10718088905986445,0.6937495221217207,-0.0018467558666586115,0.9958136259774507,Zhx2,FALSE,FALSE,FALSE,FALSE,0.14932635076649112,FALSE,FALSE,0.039577283331350584
Thsd7a,-0.14683703136946935,0.5179749345408957,0.1764055458592697,0.4629432160535401,-0.12470197703763919,0.7097896043644251,Thsd7a,FALSE,FALSE,FALSE,FALSE,0.14931485142212608,FALSE,FALSE,0.03957417405239535
Dcn,0.15311227339169164,0.7713874916237887,0.042188312256286054,0.9442206406880975,0.25263223130737966,0.7303752574601557,Dcn,FALSE,FALSE,FALSE,FALSE,0.14931093898511913,FALSE,FALSE,0.03957311617834068
Myo5a,0.20921662286298393,0.12753705213631594,0.16589723786898958,0.26080018010027217,0.07279877267300172,0.7274767750965737,Myo5a,FALSE,FALSE,FALSE,FALSE,0.14930421113499173,FALSE,FALSE,0.03957129705177563
Parvb,-0.12971146362072705,0.5344982566584356,0.1035259163131288,0.6370378620886562,0.2145735025468083,0.4298082302108534,Parvb,FALSE,FALSE,FALSE,FALSE,0.1492702941602214,FALSE,FALSE,0.039562126325816724
Morf4l1,-0.15289083225716293,0.20372739583406257,-0.14905856451484478,0.2549258076565437,-0.14583762143391077,0.3881106913786921,Morf4l1,FALSE,FALSE,FALSE,FALSE,0.14926233940197284,FALSE,FALSE,0.039559975458634114
Fam161a,0.18865455108334084,0.39865202889450524,-0.0984317177768137,0.7029798534896927,0.160622116015134,0.6120521966758661,Fam161a,FALSE,FALSE,FALSE,FALSE,0.14923612829176283,FALSE,FALSE,0.03955288830211611
Syne2,0.09298346610696662,0.5509806202205049,0.1670706645007911,0.30293403912103517,0.1876099218570655,0.3729885663587031,Syne2,FALSE,FALSE,FALSE,FALSE,0.14922135082160773,FALSE,FALSE,0.0395488926589293
Ier5l,0.1851434662429945,0.7127550668765885,0.023227906532215847,0.9687228752364762,0.23922448557011877,0.7265570175333849,Ier5l,FALSE,FALSE,FALSE,FALSE,0.14919861944844304,FALSE,FALSE,0.0395427463798058
Tcf21,0.0977814195852053,0.9051132280349246,0.18081271789024525,0.8205523423858933,0.16890547031625913,0.881201227687718,Tcf21,FALSE,FALSE,FALSE,FALSE,0.1491665359305699,FALSE,FALSE,0.039534071397670616
Skap2,0.19568416106527842,0.2748811685181213,0.035412900235698874,0.8707688059825108,0.21634911846365057,0.37520142472917006,Skap2,FALSE,FALSE,FALSE,FALSE,0.1491487265882093,FALSE,FALSE,0.039529255974142925
Lig4,0.20441049217608942,0.3672809263892437,0.22172145084515993,0.3554822616512482,-0.021291518447068114,0.9615681718746605,Lig4,FALSE,FALSE,FALSE,FALSE,0.1491411538227725,FALSE,FALSE,0.03952720839304106
Zscan25,-0.23942149438797422,0.13619032667129635,-0.1493178758402216,0.3674727493098057,0.05866100454509304,0.8083932338655838,Zscan25,FALSE,FALSE,FALSE,FALSE,0.14913345825776295,FALSE,FALSE,0.039525127608469934
Lurap1,-0.20308500179714706,0.36224987140351866,-0.1443794269664398,0.5431320998134387,-0.09975016103412715,0.7645885036112059,Lurap1,FALSE,FALSE,FALSE,FALSE,0.14907152993257133,FALSE,FALSE,0.03950838296354591
Gpr179,-0.31338214766677286,0.1904447020794335,-0.12086637760638297,0.6439470269042565,-0.012863397790501274,0.9761707433445408,Gpr179,FALSE,FALSE,FALSE,FALSE,0.1490373076878857,FALSE,FALSE,0.0394991296964183
Tdrd3,0.20659121921448875,0.09152069897280923,0.16906648722687123,0.19340204879639786,0.07130991470694958,0.6867045081950023,Tdrd3,FALSE,FALSE,FALSE,FALSE,0.14898920704943652,FALSE,FALSE,0.03948612388512018
Ctsl,-0.1168750321901415,0.40774978044134935,-0.20330363500806392,0.19025808232305622,-0.12668812591791223,0.5305694329351527,Ctsl,FALSE,FALSE,FALSE,FALSE,0.14895559770537256,FALSE,FALSE,0.039477036338658386
Aldh4a1,-0.2722168957721762,0.14805727293457163,-0.11624415482974859,0.5565253621846682,-0.05839136063087125,0.8431995843915576,Aldh4a1,FALSE,FALSE,FALSE,FALSE,0.14895080374426536,FALSE,FALSE,0.03947574011150754
Atp6v0e,-0.10472740473721132,0.5686102424187418,0.06618859073076866,0.7439155705668482,-0.2759356751089328,0.2576590212120603,Atp6v0e,FALSE,FALSE,FALSE,FALSE,0.14895055685897093,FALSE,FALSE,0.03947567335681041
Usp38,0.2200549383121757,0.268740901938688,0.21098765238062978,0.3230764040766529,-0.015712482934869598,0.9677541211626071,Usp38,FALSE,FALSE,FALSE,FALSE,0.1489183578758917,FALSE,FALSE,0.039466967154327
Mfsd14a,0.1138869149110473,0.5064019858577039,0.2075433097009114,0.24936187148890213,0.12520152659483053,0.6058900302146935,Mfsd14a,FALSE,FALSE,FALSE,FALSE,0.14887725040226307,FALSE,FALSE,0.0394558522073701
Alms1,0.16221404801537442,0.2003868090511362,0.17805996467931529,0.19811579754794417,0.10615485744622788,0.5599787778067897,Alms1,FALSE,FALSE,FALSE,FALSE,0.14880962338030587,FALSE,FALSE,0.039437566706083914
Uba52,-0.20198704815650026,0.6621922697502659,-0.08241455918776697,0.8699802810649838,0.16194803108435274,0.7988200690067017,Uba52,FALSE,FALSE,FALSE,FALSE,0.14878321280954,FALSE,FALSE,0.039430425617925195
Usp6nl,0.11258227019698985,0.5135034918213709,0.20232016430624356,0.25533724085101495,0.131390478546642,0.582654613205264,Usp6nl,FALSE,FALSE,FALSE,FALSE,0.14876430434995846,FALSE,FALSE,0.03942531300684177
Zfp219,-0.2669591970920022,0.18767077259408427,-0.1165902569334607,0.5987899286949154,-0.06273485976325333,0.8497380105181914,Zfp219,FALSE,FALSE,FALSE,FALSE,0.14876143792957208,FALSE,FALSE,0.039424537962604346
D630003M21Rik,-0.18221644865258912,0.7649205965051007,-0.13037917623353704,0.8379475336311463,0.13362031897557491,0.8784998859215531,D630003M21Rik,FALSE,FALSE,FALSE,FALSE,0.14873864795390035,FALSE,FALSE,0.03941837583809557
Ndel1,-0.14353549265333143,0.32036840091565244,-0.09268173824607384,0.561849939423747,-0.20999434182827859,0.29498064885427194,Ndel1,FALSE,FALSE,FALSE,FALSE,0.14873719090922796,FALSE,FALSE,0.03941798187143166
Nr2c2ap,-0.11024137452206184,0.8110035383781273,-0.030584440558971027,0.9516860807117151,-0.3053006484781712,0.6089331033600185,Nr2c2ap,FALSE,FALSE,FALSE,FALSE,0.14870882118640136,FALSE,FALSE,0.039410311053048395
Gm32618,-0.16237515878878894,0.6649503449739561,-0.14751405659576866,0.705860334460487,-0.1360435813555132,0.8005921554406012,Gm32618,FALSE,FALSE,FALSE,FALSE,0.1486442655800236,FALSE,FALSE,0.039392856024137064
Six2,-0.22648423276985552,0.40063185031287585,-0.19382829782950228,0.4910922569308603,-0.025533145206644736,0.9578501646983947,Six2,FALSE,FALSE,FALSE,FALSE,0.14861522526866752,FALSE,FALSE,0.03938500388699891
Crebbp,0.1377868450018669,0.29772585020162623,0.15289141287470986,0.2873104031789722,0.1551263795180482,0.406869233025473,Crebbp,FALSE,FALSE,FALSE,FALSE,0.1486015457982083,FALSE,FALSE,0.03938130512920303
Stoml1,-0.27791844632777885,0.26404399957581537,-0.13068714063752251,0.6249655006133806,0.037057236300542584,0.9307249095541381,Stoml1,FALSE,FALSE,FALSE,FALSE,0.148554274421948,FALSE,FALSE,0.039368523540033624
Plin3,-0.30921518538050563,0.13039254539879944,-0.13259286953963034,0.5350154955609462,0.003720287844506842,0.9908350969381929,Plin3,FALSE,FALSE,FALSE,FALSE,0.14850944758821427,FALSE,FALSE,0.03935640292460253
Mgat2,0.22263565159297016,0.5174939096287821,0.2113178721123834,0.5684618823261737,-0.01142617808484836,0.9847097751008489,Mgat2,FALSE,FALSE,FALSE,FALSE,0.14845990059673397,FALSE,FALSE,0.03934300603752664
Il18bp,-0.10560838104992332,0.6818979738735048,-0.17729191716350234,0.4907546916767786,-0.16242203080626672,0.6388746135393064,Il18bp,FALSE,FALSE,FALSE,FALSE,0.14844077633989747,FALSE,FALSE,0.03933783507756329
Ric3,0.23134343381023292,0.05680961022878276,0.1637186066960563,0.19357019101902626,0.050199136011144674,0.7808696579971197,Ric3,FALSE,FALSE,FALSE,FALSE,0.14842039217247796,FALSE,FALSE,0.03933232345352929
Mpc1-ps,-0.09867308773784234,0.7592818552060923,0.17456109117875318,0.5633098988570217,0.17199489798397827,0.6684097359808432,Mpc1-ps,FALSE,FALSE,FALSE,FALSE,0.14840969230019127,FALSE,FALSE,0.03932943034182929
Arhgef28,-0.1147422235561022,0.47296825060851555,-0.15735025985171713,0.34906179077309546,-0.1731078191990134,0.43208725836388395,Arhgef28,FALSE,FALSE,FALSE,FALSE,0.14840010086894426,FALSE,FALSE,0.03932683693872906
Pkp3,-0.2542224914185094,0.4105697296208883,-0.16370781811735613,0.6173350840249421,-0.027257578987943898,0.9609730014174996,Pkp3,FALSE,FALSE,FALSE,FALSE,0.1483959628412698,FALSE,FALSE,0.03932571806777816
Insyn1,-0.06656918189493854,0.9121372007857511,-0.3148957537810615,0.5785310068968835,0.06371654546080574,0.9452612336098037,Insyn1,FALSE,FALSE,FALSE,FALSE,0.14839382704560192,FALSE,FALSE,0.03932514057533059
Nbea,0.18332124002385974,0.14981976105731315,0.16393607270308408,0.23571667482191663,0.09791374780103723,0.5978318720087996,Nbea,FALSE,FALSE,FALSE,FALSE,0.14839035350932703,FALSE,FALSE,0.03932420137454688
Ddx17,0.10866807928968392,0.5558099333947177,0.2596924512678864,0.1887247555678563,0.07655073102689336,0.7857274676140475,Ddx17,FALSE,FALSE,FALSE,FALSE,0.1483037538614879,FALSE,FALSE,0.039300785912411824
Tmed1,0.008977678829255709,0.9672332182623022,-0.2752985072743317,0.17953707574902272,-0.16061779734239945,0.5374640967791049,Tmed1,FALSE,FALSE,FALSE,FALSE,0.14829799448199563,FALSE,FALSE,0.03929922864819901
Atp5l,0.16796801093799552,0.5186477498591556,0.06171179948732597,0.8382799630665456,-0.21520487962296642,0.5585891880472061,Atp5l,FALSE,FALSE,FALSE,FALSE,0.14829489668276263,FALSE,FALSE,0.03929839104201409
Zfp608,0.11474476926818777,0.5436523053861606,0.13366708043127673,0.49832709654500795,0.19642850556790759,0.4409658825010089,Zfp608,FALSE,FALSE,FALSE,FALSE,0.14828011842245736,FALSE,FALSE,0.03929439518518055
Cradd,0.0785225653377144,0.7552390880451748,-0.24108284726844253,0.3355337154844925,-0.12502463629806915,0.7186976382609075,Cradd,FALSE,FALSE,FALSE,FALSE,0.1482100163014087,FALSE,FALSE,0.039275440448042924
Slc16a13,-0.20117873337617276,0.5630133895204958,-0.1970287201540446,0.5837548086752157,0.04637482020484773,0.9352793253721059,Slc16a13,FALSE,FALSE,FALSE,FALSE,0.1481940912450217,FALSE,FALSE,0.039271134511885755
Gas1,-0.18640772940121586,0.4775754127231582,0.08530087569122236,0.7622799929367606,0.17285423979689885,0.6199193287010203,Gas1,FALSE,FALSE,FALSE,FALSE,0.14818761496311236,FALSE,FALSE,0.03926938340622184
Ccr10,-0.1827397366669603,0.65449959637133,0.0807219903478964,0.8506815924424644,0.1810882468183257,0.7342904374456407,Ccr10,FALSE,FALSE,FALSE,FALSE,0.1481833246110608,FALSE,FALSE,0.039268223348663686
Fbxo10,-0.24470828182871074,0.21351435605418836,-0.17038257882773244,0.41850206850475646,-0.029404855411921282,0.934080055478921,Fbxo10,FALSE,FALSE,FALSE,FALSE,0.14816523868945483,FALSE,FALSE,0.03926333314156574
Ttc28,-0.14800745532891124,0.4002631953305871,-0.17695060008137986,0.3431132865264666,0.11953031105555123,0.6365115999153398,Ttc28,FALSE,FALSE,FALSE,FALSE,0.14816278882194744,FALSE,FALSE,0.03926267072801919
Cgnl1,-0.08700322817265427,0.6867986121407404,-0.2708340610710005,0.2189060132535065,-0.08664534105366428,0.7857274676140475,Cgnl1,FALSE,FALSE,FALSE,FALSE,0.14816087676577303,FALSE,FALSE,0.039262153731933536
Pdlim3,-0.02784264063734962,0.9742534122042453,0.3139634972215436,0.6800199417726256,0.10257728055940914,0.9352793253721059,Pdlim3,FALSE,FALSE,FALSE,FALSE,0.1481278061394341,FALSE,FALSE,0.039253211848009714
Ncapd3,0.17223246741587506,0.14176708338908092,0.12943864195451305,0.29785939480401974,0.1426065909766061,0.37551935445985263,Ncapd3,FALSE,FALSE,FALSE,FALSE,0.1480925667823314,FALSE,FALSE,0.03924368356640013
Mapkbp1,-0.31685541457841104,0.13274326070900927,-0.11843780942634563,0.5989366948472119,-0.008965218781602502,0.9811329026983945,Mapkbp1,FALSE,FALSE,FALSE,FALSE,0.14808614759545305,FALSE,FALSE,0.039241947898518814
Nkd2,-0.14535471772674868,0.773044740925287,0.2740908155164091,0.5505571899467925,0.024758447218621416,0.9755716489156836,Nkd2,FALSE,FALSE,FALSE,FALSE,0.14806799348725974,FALSE,FALSE,0.0392370392546201
Apold1,0.04141970732173306,0.8640416906333049,-0.2898680899201622,0.21924755930163847,-0.11285340148949174,0.7259841261527205,Apold1,FALSE,FALSE,FALSE,FALSE,0.14804706624379568,FALSE,FALSE,0.03923138078961302
Gng2,-0.14323144991867665,0.3630468389924778,-0.21022691534794546,0.22203378274188226,-0.09057617127939999,0.7037178753758783,Gng2,FALSE,FALSE,FALSE,FALSE,0.14801151218200737,FALSE,FALSE,0.039221767415790774
D5Ertd579e,-0.2107171754202355,0.0666991637584294,-0.09311496310440237,0.4289075606610385,-0.1399510740496872,0.357719004277161,D5Ertd579e,FALSE,FALSE,FALSE,FALSE,0.14792773752477503,FALSE,FALSE,0.03919911579579869
Upk3a,-0.11881380693820831,0.758852026481328,-0.248351800153489,0.5126213781182919,-0.07649191164056957,0.8975536271465762,Upk3a,FALSE,FALSE,FALSE,FALSE,0.1478858395774223,FALSE,FALSE,0.03918778711462903
D130017N08Rik,-0.1568046393080338,0.4970518594552049,0.12331696217294263,0.5988816400646283,0.1633123314508964,0.5905209049127902,D130017N08Rik,FALSE,FALSE,FALSE,FALSE,0.14781131097729094,FALSE,FALSE,0.039167635512885844
Rab28,0.25056235817331274,0.12013218220807362,0.15439186504841373,0.3653047330098055,0.03840408506451709,0.8892230228168915,Rab28,FALSE,FALSE,FALSE,FALSE,0.14778610276208118,FALSE,FALSE,0.03916081952663804
Ppil2,-0.20936521468028602,0.1759958476527893,-0.16417842000060645,0.3173045061614524,-0.06977439602945434,0.7681846443972209,Ppil2,FALSE,FALSE,FALSE,FALSE,0.14777267690344895,FALSE,FALSE,0.0391571893423096
Gatad1,0.21970103275070407,0.1547384584473087,0.11021873330877074,0.5113028704053856,0.1131524523338987,0.6147300814706247,Gatad1,FALSE,FALSE,FALSE,FALSE,0.14769073946445785,FALSE,FALSE,0.039135034483161635
Cdh9,-0.19104183267918662,0.7732228032297453,-0.1272782056664344,0.8533529608023613,0.12473329249600673,0.8966648998907782,Cdh9,FALSE,FALSE,FALSE,FALSE,0.14768444361387592,FALSE,FALSE,0.039133332163872964
Trip12,0.1972074257352716,0.11415392699173342,0.17357637445951468,0.1995899789855031,0.07225932148188718,0.6963753479700309,Trip12,FALSE,FALSE,FALSE,FALSE,0.14768104055889117,FALSE,FALSE,0.03913241202034897
Dmrtc1a,0.12417407940940506,0.759131502924979,-0.07904895955288493,0.8589112891751388,0.2397026088872547,0.6423207840863889,Dmrtc1a,FALSE,FALSE,FALSE,FALSE,0.1476418826165149,FALSE,FALSE,0.0391218242022703
Gstcd,0.2667434405219371,0.21535957917707493,0.154218598185055,0.5078967465212332,0.02177241419824716,0.9578501646983947,Gstcd,FALSE,FALSE,FALSE,FALSE,0.1475781509684131,FALSE,FALSE,0.03910459196137592
Kcnn1,0.104554224480085,0.776008972720173,-0.2953288666045437,0.42279209745396906,0.042744648707795374,0.9430426570598229,Kcnn1,FALSE,FALSE,FALSE,FALSE,0.14754257993080802,FALSE,FALSE,0.039094973997505056
Prelp,-0.21834857892892234,0.20670937935258793,-0.1632667046206091,0.3739171211932666,-0.060939534848190924,0.8249812877615713,Prelp,FALSE,FALSE,FALSE,FALSE,0.1475182727992408,FALSE,FALSE,0.039088401653009135
Zfp185,0.008903126319493637,0.977443001888163,0.22331746146284281,0.42081554862119186,0.2103277689588534,0.5709440666044705,Zfp185,FALSE,FALSE,FALSE,FALSE,0.14751611891372995,FALSE,FALSE,0.03908781926929418
Nemp1,0.17807095232833658,0.43580685974069105,0.18749604178343748,0.4277747880611846,0.07691363464052481,0.8324143084519622,Nemp1,FALSE,FALSE,FALSE,FALSE,0.14749354291743297,FALSE,FALSE,0.03908171500213324
Gpc5,0.10307054905941726,0.7941864246681385,0.07357340083829311,0.8604751478699751,0.26582428241993994,0.5853460266172439,Gpc5,FALSE,FALSE,FALSE,FALSE,0.1474894107725501,FALSE,FALSE,0.039080597721815644
Vipas39,-0.12942038972499414,0.2865450924730403,-0.1564794709572972,0.23526982677254285,-0.15649274547331693,0.35432183742196827,Vipas39,FALSE,FALSE,FALSE,FALSE,0.14746420205186941,FALSE,FALSE,0.03907378159889482
1700020N18Rik,-0.3292386878304917,0.5063553691481221,-0.022356444054174807,0.9687254298398844,-0.09071835425585872,0.9084785564055964,1700020N18Rik,FALSE,FALSE,FALSE,FALSE,0.1474378287135084,FALSE,FALSE,0.039066650577912906
Slx4ip,0.3344024679304862,0.05574110461192711,0.06516741200987486,0.7317811736495726,0.04265987769588131,0.8800124098189297,Slx4ip,FALSE,FALSE,FALSE,FALSE,0.1474099192120808,FALSE,FALSE,0.0390591041976424
Gm40466,0.08311407872599452,0.8044372482272745,0.18238159432056045,0.5656675978904805,-0.1764559458952426,0.696625082588942,Gm40466,FALSE,FALSE,FALSE,FALSE,0.14731720631393252,FALSE,FALSE,0.03903403578904962
B3gnt9,0.10775591847633326,0.5472606708034421,-0.1729378244314459,0.35327712691352575,-0.1612029093552172,0.5138033803784342,B3gnt9,FALSE,FALSE,FALSE,FALSE,0.14729888408766545,FALSE,FALSE,0.03902908168812552
P4ha3,-0.01261266777680703,0.9744118868499227,0.21340561304507766,0.5222471021870394,0.21573226570063153,0.629283199765418,P4ha3,FALSE,FALSE,FALSE,FALSE,0.14725018217417207,FALSE,FALSE,0.0390159132995724
Clrn1,0.05211266814267268,0.9073523041533001,0.26896491427979385,0.48901812422049473,-0.12060119426604943,0.8461104780360051,Clrn1,FALSE,FALSE,FALSE,FALSE,0.147226258896172,FALSE,FALSE,0.03900944474428223
Gm6483,-0.14994529493837616,0.6195504020374409,-0.23516709811304803,0.43799104621554685,-0.056500044189116805,0.9054114982218228,Gm6483,FALSE,FALSE,FALSE,FALSE,0.147204145746847,FALSE,FALSE,0.03900346562515616
Pias3,0.05325834548820829,0.8093316991972849,-0.15689552269789608,0.46476728553581453,0.2313835144893348,0.3877881401062887,Pias3,FALSE,FALSE,FALSE,FALSE,0.14717912755847973,FALSE,FALSE,0.0389967010197909
4933431K14Rik,-0.21136263070139094,0.3913050318739336,-0.16750338884155003,0.5160626214823194,-0.0626644332256876,0.8742256792177077,4933431K14Rik,FALSE,FALSE,FALSE,FALSE,0.14717681758954285,FALSE,FALSE,0.03899607643306885
Trmt6,0.18008485882824754,0.31608022332207797,0.1256493338072211,0.5187041756774408,0.13574611961259286,0.5996844107778081,Trmt6,FALSE,FALSE,FALSE,FALSE,0.14716010408268718,FALSE,FALSE,0.03899155730976191
Slc31a2,0.16331295641097565,0.26781314480928614,0.06693239676179985,0.6910959912237041,0.21118448163822734,0.2916039292166117,Slc31a2,FALSE,FALSE,FALSE,FALSE,0.14714327827033427,FALSE,FALSE,0.038987007820452516
Ezh1,-0.13569294693056388,0.49947175963051305,-0.08709221040095017,0.6933360986876065,-0.21861274192032276,0.4223545362683043,Ezh1,FALSE,FALSE,FALSE,FALSE,0.1471326330839456,FALSE,FALSE,0.03898412949513569
Obsl1,-0.2539698572680509,0.1242974819969247,-0.18266006105148147,0.28910161712160237,-0.004712440708866339,0.9867010881791168,Obsl1,FALSE,FALSE,FALSE,FALSE,0.1471141196761329,FALSE,FALSE,0.03897912370111173
Map4,-0.17163680758495836,0.22456674875008073,-0.17410721722752243,0.25731729974165796,-0.09546277267796821,0.6487905668716706,Map4,FALSE,FALSE,FALSE,FALSE,0.14706893249681632,FALSE,FALSE,0.03896690565273996
C2cd4c,0.06343939900535034,0.9040327892363881,-0.29515496143429365,0.5596168206625742,0.08259720882683697,0.9137998771714123,C2cd4c,FALSE,FALSE,FALSE,FALSE,0.14706385642216033,FALSE,FALSE,0.038965533145612415
Gm18609,-0.0015771571171945276,0.996428769858434,0.2846320775267348,0.35727230132172627,-0.1547824269539957,0.7418090888965313,Gm18609,FALSE,FALSE,FALSE,FALSE,0.14699722053264166,FALSE,FALSE,0.0389475156341468
2210408F21Rik,0.11285591073581225,0.6151318064537962,0.12642849620658003,0.5833972731593224,0.20168249514111247,0.4866211846644283,2210408F21Rik,FALSE,FALSE,FALSE,FALSE,0.14698896736116826,FALSE,FALSE,0.038945284079758856
Lzts1,0.032767269365908014,0.9431099274733091,-0.4061716171091607,0.33347106045451885,-0.002025008111736337,0.9969393015325285,Lzts1,FALSE,FALSE,FALSE,FALSE,0.14698796486226837,FALSE,FALSE,0.038945013016589244
Cxcl16,0.114169822478563,0.6202450032233288,0.07584101144732669,0.7623966425672875,-0.2509477033803287,0.422832318958479,Cxcl16,FALSE,FALSE,FALSE,FALSE,0.1469861791020728,FALSE,FALSE,0.03894453016935735
Rassf6,0.16726617694479495,0.7034457625008232,-0.156161215353106,0.7436080442807776,0.11750951722046432,0.8594400507660206,Rassf6,FALSE,FALSE,FALSE,FALSE,0.1469789698394551,FALSE,FALSE,0.038942580874873386
Lamc1,-0.23876796253567623,0.13878606382245007,-0.17213678379055875,0.3184244746203982,-0.02987026090972833,0.9174786819094288,Lamc1,FALSE,FALSE,FALSE,FALSE,0.14692500241198778,FALSE,FALSE,0.038927988757169456
Dscaml1,-0.04555759756673394,0.8769941774755855,-0.31729613397041856,0.25669382618288605,-0.07791624093334804,0.8522688471616968,Dscaml1,FALSE,FALSE,FALSE,FALSE,0.1469233241568335,FALSE,FALSE,0.03892753497795674
Trim21,-0.09177923992690173,0.619200006570867,-0.22791244789301368,0.22850619562619687,-0.12099820827031227,0.632278712352999,Trim21,FALSE,FALSE,FALSE,FALSE,0.14689663203007589,FALSE,FALSE,0.03892031776057778
Gm26809,0.25372639985263445,0.18456088002017879,0.12325162858543903,0.556068214700498,0.06366726405476442,0.8399527354102617,Gm26809,FALSE,FALSE,FALSE,FALSE,0.1468817641642793,FALSE,FALSE,0.038916297675539606
Trip6,-0.36280756726492314,0.18624837234210162,-0.023698373994884836,0.9399613685819036,-0.05412491968281463,0.9023575418873587,Trip6,FALSE,FALSE,FALSE,FALSE,0.14687695364754086,FALSE,FALSE,0.038914996971953046
Pcdhgb6,-0.25861271127426644,0.14805727293457163,-0.1726146731437872,0.35727230132172627,0.009337308814830969,0.9769481402429396,Pcdhgb6,FALSE,FALSE,FALSE,FALSE,0.14685489774429486,FALSE,FALSE,0.038909033331451064
Ralb,-0.10329851644970844,0.5458646618794339,-0.23119355077849235,0.199247425288074,-0.10603677116714838,0.6584919313265595,Ralb,FALSE,FALSE,FALSE,FALSE,0.14684294613178306,FALSE,FALSE,0.03890580176484305
Abcf3,-0.2161145879816484,0.08039416654935877,-0.10293719780192312,0.4216245473087002,-0.12133466410090143,0.46852655918443165,Abcf3,FALSE,FALSE,FALSE,FALSE,0.1467954832948243,FALSE,FALSE,0.03889296840709436
Tln1,-0.18508265868336693,0.30174823513220306,-0.1629612781900649,0.40215747964601284,-0.09233480810322803,0.7388849200362905,Tln1,FALSE,FALSE,FALSE,FALSE,0.14679291499221994,FALSE,FALSE,0.03889227397017822
Col5a2,0.08364678721850582,0.8881160318129836,-0.09631031766728171,0.8766257608662211,0.26025634194304326,0.7298640529144206,Col5a2,FALSE,FALSE,FALSE,FALSE,0.14673781560961027,FALSE,FALSE,0.03887737578595514
Prnp,-0.1664016915560893,0.2797116042358915,-0.140623354877766,0.40058165076520125,-0.13307609496607675,0.5529180452896785,Prnp,FALSE,FALSE,FALSE,FALSE,0.14670038046664402,FALSE,FALSE,0.03886725379129905
Pphln1,0.07985283538615962,0.677077890908168,0.09970758957427073,0.6129573310376615,0.26040462941102405,0.27577164081651673,Pphln1,FALSE,FALSE,FALSE,FALSE,0.14665501812381812,FALSE,FALSE,0.0388549883809042
Ube2l3,-0.11367777040242277,0.3644776233881594,-0.19068822121597595,0.17398351717413368,-0.13559715782185755,0.44224074217883513,Ube2l3,FALSE,FALSE,FALSE,FALSE,0.14665438314675208,FALSE,FALSE,0.03885481669104381
Asns,0.10617416819015002,0.4411590876121428,-0.10219418436764194,0.4909885333434505,-0.23151221204805328,0.2234082253570566,Asns,FALSE,FALSE,FALSE,FALSE,0.14662685486861507,FALSE,FALSE,0.038847373388785154
Tmem185a,0.22735510083978205,0.06881684961481466,0.13392299732351365,0.29443050654815767,0.07855191060929911,0.6554617570426299,Tmem185a,FALSE,FALSE,FALSE,FALSE,0.14661000292419826,FALSE,FALSE,0.03884281683369238
Prok1,-0.026716284588889305,0.9647529566687915,-0.3466534880648815,0.5428623267045604,0.06643244506547696,0.9408306343998061,Prok1,FALSE,FALSE,FALSE,FALSE,0.14660073923974926,FALSE,FALSE,0.03884031204922894
Tifa,0.2491469167993694,0.2038261560484612,0.12987163824691272,0.545799380938466,0.06078057040838125,0.8527851721980949,Tifa,FALSE,FALSE,FALSE,FALSE,0.1465997084848878,FALSE,FALSE,0.038840033346000565
Bend4,0.07891530410008318,0.8054289991137433,0.1057607296405525,0.7415705195465283,0.25505477021144385,0.5079950061752644,Bend4,FALSE,FALSE,FALSE,FALSE,0.14657693465069319,FALSE,FALSE,0.038833875585945414
Hprt,0.24293335291145812,0.11560422745649773,0.17510901255472078,0.28682413502611903,0.021675461404271346,0.9382131319933964,Hprt,FALSE,FALSE,FALSE,FALSE,0.14657260895681676,FALSE,FALSE,0.03883270597239964
Sdcbp,0.24506401226249785,0.15661715234053786,0.19329638939173677,0.29828776400111556,-0.0013328933300593704,0.9958136259774507,Sdcbp,FALSE,FALSE,FALSE,FALSE,0.14656443166143132,FALSE,FALSE,0.038830494933957314
Patz1,-0.1689682012730973,0.32103229391646926,-0.1933578527787292,0.2897383709366904,-0.07734935799750442,0.7681862612529418,Patz1,FALSE,FALSE,FALSE,FALSE,0.14655847068311031,FALSE,FALSE,0.03882888315994153
C1s1,0.03207663891160495,0.9514372554524733,0.12678945603873082,0.8006407626514287,0.28075357035445014,0.6417720328427455,C1s1,FALSE,FALSE,FALSE,FALSE,0.14653988843492863,FALSE,FALSE,0.03882385875234243
Dyrk1b,-0.027987755642937984,0.9226343644303728,-0.22462356839494557,0.38949167232488524,0.18679893304815565,0.582857512744995,Dyrk1b,FALSE,FALSE,FALSE,FALSE,0.1464700856953464,FALSE,FALSE,0.038804984964210545
Bcr,-0.22263209927321892,0.1694961773229251,-0.12633876217132478,0.47004906214433556,-0.09030901451751205,0.7107979973406889,Bcr,FALSE,FALSE,FALSE,FALSE,0.14642662532068526,FALSE,FALSE,0.038793233822229656
Psmb1,-0.10159349342266744,0.47300967151353995,-0.12142913587278237,0.41835651584843037,-0.21612144399099975,0.26061586668829656,Psmb1,FALSE,FALSE,FALSE,FALSE,0.14638135776214986,FALSE,FALSE,0.03878099404032199
Ascl4,0.1582348426556771,0.7863162246149926,0.16751993100231297,0.7818289023462555,0.11330820690272686,0.9004814735361005,Ascl4,FALSE,FALSE,FALSE,FALSE,0.1463543268535723,FALSE,FALSE,0.03877368522057425
Gm48623,0.02967932734354861,0.945814376067984,-0.3270109879127189,0.4134030217777393,-0.08235107649306272,0.8940782692699701,Gm48623,FALSE,FALSE,FALSE,FALSE,0.14634713058311008,FALSE,FALSE,0.0387717394390067
1700088E04Rik,-0.1950241829054702,0.6630145859356095,-0.14253029271811046,0.7630325004159757,-0.10147894048466255,0.8824797357986007,1700088E04Rik,FALSE,FALSE,FALSE,FALSE,0.14634447203608106,FALSE,FALSE,0.03877102060112634
Zfhx4,0.16464022570606662,0.1745542202910531,0.1653083131320452,0.21240056636384655,0.10902540682369288,0.5318781744459085,Zfhx4,FALSE,FALSE,FALSE,FALSE,0.1463246485539349,FALSE,FALSE,0.03876566057938075
Agtr1a,-0.05146128145716755,0.8823703173824964,-0.1457284311448599,0.6669514775681711,-0.24152447384315545,0.5806814573102527,Agtr1a,FALSE,FALSE,FALSE,FALSE,0.1462380621483943,FALSE,FALSE,0.03874224869779767
1700007K13Rik,-0.026998848521082856,0.9735428783984378,-0.027529458800239368,0.9736906363038094,0.3841819678309595,0.6748783407471884,1700007K13Rik,FALSE,FALSE,FALSE,FALSE,0.1462367583840939,FALSE,FALSE,0.03874189617623008
Fes,0.13273043322751454,0.6840976093198841,0.2226745400434278,0.48108756286776644,0.08315113269962593,0.8681458594612189,Fes,FALSE,FALSE,FALSE,FALSE,0.14618536865685608,FALSE,FALSE,0.03872800103644264
Apbb2,0.17475380590430412,0.14176708338908092,0.1107629497591267,0.3800856290060526,0.15290948398837578,0.34785514625716263,Apbb2,FALSE,FALSE,FALSE,FALSE,0.14614207988393554,FALSE,FALSE,0.03871629629342709
Ext2,-0.1595797801737424,0.36666306313642627,-0.21703590220533897,0.25495214056722626,-0.06179949705420551,0.8282781612449489,Ext2,FALSE,FALSE,FALSE,FALSE,0.14613839314442897,FALSE,FALSE,0.038715299445154935
Dsg2,0.18888004864704477,0.15379684128720095,0.14014477822549498,0.32322488662811827,0.1093707691090513,0.5676000617732655,Dsg2,FALSE,FALSE,FALSE,FALSE,0.14613186532719702,FALSE,FALSE,0.03871353440498406
Psenen,-0.033763294417429535,0.8520116517019637,-0.19487832139274364,0.2591057418763741,-0.20968537114938934,0.34327395435952207,Psenen,FALSE,FALSE,FALSE,FALSE,0.1461089956531875,FALSE,FALSE,0.03870735073104112
Zfp7,-0.23460301662244865,0.19151741645568937,0.08380520957471571,0.6597404297772514,-0.119828438279181,0.6346385389239679,Zfp7,FALSE,FALSE,FALSE,FALSE,0.14607888815878178,FALSE,FALSE,0.03869921004094792
Lgi1,0.13618054693304193,0.688747382246159,0.1902666385167211,0.5743183439247922,-0.11166463493709511,0.8282781612449489,Lgi1,FALSE,FALSE,FALSE,FALSE,0.14603727346228604,FALSE,FALSE,0.03868795794726888
St3gal1,0.1511495186536389,0.6189742394296799,-0.049827685020466195,0.8868757231198057,0.23703247349737566,0.5528493575251785,St3gal1,FALSE,FALSE,FALSE,FALSE,0.14600322572382693,FALSE,FALSE,0.0386787518644433
Epg5,-0.1822921122633856,0.18742468514411031,-0.16096103908775294,0.28054639386272384,-0.09467608919219295,0.6424326940104498,Epg5,FALSE,FALSE,FALSE,FALSE,0.14597641351444382,FALSE,FALSE,0.038671502178223634
Epha1,-0.014485590724366393,0.9700287891620235,0.13306283861309787,0.6986441882725436,0.2902055188865593,0.48128914376852533,Epha1,FALSE,FALSE,FALSE,FALSE,0.14591798274134118,FALSE,FALSE,0.03865570322765921
BB218582,-0.08462105512081397,0.8320766030503817,-0.26372756133886965,0.493179676822622,-0.08936045583426622,0.8790600031866036,BB218582,FALSE,FALSE,FALSE,FALSE,0.14590302409798328,FALSE,FALSE,0.03865165859750333
Ifitm1,-0.032871431873275125,0.9584459240805566,0.20823070503167063,0.7136661052565264,0.19634140924293741,0.8020395716975267,Ifitm1,FALSE,FALSE,FALSE,FALSE,0.1458145153826277,FALSE,FALSE,0.03862772694737838
Dcps,-0.21718147038158442,0.20248067774928472,-0.13054521057075386,0.4657993893273176,-0.08963635622094657,0.7192625320922958,Dcps,FALSE,FALSE,FALSE,FALSE,0.1457876790577616,FALSE,FALSE,0.03862047074063359
4833420G17Rik,0.23152113263185115,0.20153019454907575,0.17564670494872647,0.3651099120619768,0.030149223228436384,0.9276057420872739,4833420G17Rik,FALSE,FALSE,FALSE,FALSE,0.14577235360300467,FALSE,FALSE,0.03861632692926117
Ptprn,-0.0802338185915179,0.8285057373035724,-0.29817963535889547,0.40189770426842714,-0.05888391323102837,0.9219475965455693,Ptprn,FALSE,FALSE,FALSE,FALSE,0.14576578906048057,FALSE,FALSE,0.03861455195903043
Rbm45,-0.20168029545440902,0.15933089646563856,-0.11941382156476354,0.4240515556498569,-0.1160377138208073,0.5599787778067897,Rbm45,FALSE,FALSE,FALSE,FALSE,0.1457106102799933,FALSE,FALSE,0.03859963230661385
Slc9a9,-0.14103825118356905,0.48979529256168947,-0.03910580145626197,0.8659240866044124,-0.2569324252176943,0.34760721560577784,Slc9a9,FALSE,FALSE,FALSE,FALSE,0.14569215928584178,FALSE,FALSE,0.03859464338846361
Myt1,-0.05761253106041142,0.7971038015141071,-0.2124165848406765,0.3269403397181912,-0.16688678723012096,0.5675819772094107,Myt1,FALSE,FALSE,FALSE,FALSE,0.14563863437706961,FALSE,FALSE,0.03858017092228263
P4hb,-0.028424154973988536,0.872248818037994,-0.21881492670681624,0.19770078608389158,-0.1896416651438919,0.3786079706948714,P4hb,FALSE,FALSE,FALSE,FALSE,0.14562691560823224,FALSE,FALSE,0.03857700231369324
Irgm2,0.09149782656663286,0.6830244732202357,-0.29646022208985734,0.20423494948495502,-0.04890994459835829,0.8918518592021099,Irgm2,FALSE,FALSE,FALSE,FALSE,0.14562266441828284,FALSE,FALSE,0.03857585284507792
Blvra,-0.1369807555103253,0.4682085126714719,-0.23549264977083695,0.23370712614790534,-0.06439344450110518,0.8212216742936621,Blvra,FALSE,FALSE,FALSE,FALSE,0.1456222832607558,FALSE,FALSE,0.038575749784847714
Cln5,0.30532413781207435,0.060340781682782334,0.08599742149574219,0.6187885821275946,0.045536321582809514,0.86099221605955,Cln5,FALSE,FALSE,FALSE,FALSE,0.14561929363020867,FALSE,FALSE,0.03857494142612316
9530068E07Rik,-0.21280662031026587,0.0782388534362908,-0.10647291124060043,0.3965477341623529,-0.11756167167415477,0.47644690130966866,9530068E07Rik,FALSE,FALSE,FALSE,FALSE,0.14561373440834036,FALSE,FALSE,0.038573438282029554
Nsmf,-0.23410082873781501,0.09127372583915803,-0.12577997843684852,0.3815138823117331,-0.07693119027495143,0.7024748625539515,Nsmf,FALSE,FALSE,FALSE,FALSE,0.14560399914987165,FALSE,FALSE,0.03857080598984665
Abcb4,0.27581749993432125,0.4452635015775329,-0.029664503105275575,0.9481881643161011,0.1311139427091268,0.8170391725266584,Abcb4,FALSE,FALSE,FALSE,FALSE,0.1455319819162412,FALSE,FALSE,0.03855133343020902
Rubcn,-0.18824576905547463,0.36732585006940977,-0.18667278426455436,0.40537289082354655,-0.06158445390214595,0.8602812591895372,Rubcn,FALSE,FALSE,FALSE,FALSE,0.14550100240739164,FALSE,FALSE,0.03854295695831185
Gm10773,0.10395321064866336,0.8808356538121292,0.17285819896799703,0.8030170765392831,-0.15968164956992364,0.8773751772057953,Gm10773,FALSE,FALSE,FALSE,FALSE,0.14549768639552801,FALSE,FALSE,0.038542060350159627
Erh,6.857187621758243e-4,0.9969228940490537,-0.19667771793660727,0.2708176564916809,-0.23904472359510454,0.29707755412989917,Erh,FALSE,FALSE,FALSE,FALSE,0.1454693867646292,FALSE,FALSE,0.038534408483757374
Cebpg,0.23104350640773852,0.13780281088879284,0.18759863340110883,0.26150636856942655,0.017724787686486998,0.9515620989493591,Cebpg,FALSE,FALSE,FALSE,FALSE,0.14545564249844478,FALSE,FALSE,0.03853069220600746
Acbd4,-0.05223617736685693,0.8139471724023566,-0.322267396914798,0.1541848750853232,-0.06162140717514486,0.8492144809060136,Acbd4,FALSE,FALSE,FALSE,FALSE,0.14537499381893326,FALSE,FALSE,0.03850888581131112
Rerg,0.1660419313270629,0.622212281415458,0.2302413507338068,0.4936231352244516,-0.03982718682340636,0.9465656818331815,Rerg,FALSE,FALSE,FALSE,FALSE,0.1453701562947587,FALSE,FALSE,0.03850757780525147
Uhrf1bp1,-0.2514328347969448,0.2139532176717297,-0.08955873186291186,0.6911540741348575,-0.09502718916388009,0.7527344384015943,Uhrf1bp1,FALSE,FALSE,FALSE,FALSE,0.1453395852745789,FALSE,FALSE,0.03849931178358382
Rnf139,0.20632193748162564,0.2967120857669394,0.17476599080250832,0.41261326884001087,-0.0549043843980197,0.8713754329964963,Rnf139,FALSE,FALSE,FALSE,FALSE,0.14533077089405122,FALSE,FALSE,0.038496928485283646
Rfx5,-0.15594311249509651,0.3917597328980934,-0.2019342662649395,0.2940906381589807,-0.07808222930066755,0.7786998228737898,Rfx5,FALSE,FALSE,FALSE,FALSE,0.14531986935356786,FALSE,FALSE,0.038493980845024464
Gm15706,-0.11784054864139515,0.7545910739406856,-0.09748792736983058,0.804461620034999,-0.22061486847919143,0.656222858170358,Gm15706,FALSE,FALSE,FALSE,FALSE,0.1453144481634724,FALSE,FALSE,0.0384925150229966
Fbxo41,-0.040455595935499744,0.9185621471263703,-0.32557537371666445,0.36940496035348735,0.06985354693429757,0.9009290478891588,Fbxo41,FALSE,FALSE,FALSE,FALSE,0.1452948388621539,FALSE,FALSE,0.038487212913069196
Myl9,-0.12115726173753938,0.67724689967152,-0.25665575964046417,0.375334969264717,0.05801585518087915,0.8975536271465762,Myl9,FALSE,FALSE,FALSE,FALSE,0.14527629218629423,FALSE,FALSE,0.03848219812378125
Hist1h4j,-0.022778832527495574,0.9522508556337995,-0.25239984463142173,0.46492074143768464,-0.160633040544214,0.739869707198146,Hist1h4j,FALSE,FALSE,FALSE,FALSE,0.14527057256771045,FALSE,FALSE,0.03848065161042101
Thumpd3,0.23630327963813702,0.3034781865125824,0.15930233609196343,0.5258835418081288,0.04014133663864161,0.9238469057095813,Thumpd3,FALSE,FALSE,FALSE,FALSE,0.145248984122914,FALSE,FALSE,0.03847481436483977
Atp6v1e1,-0.13001144642093543,0.2824689413337867,-0.19202128019288267,0.16043520345135412,-0.11365816809593188,0.5115438366847329,Atp6v1e1,FALSE,FALSE,FALSE,FALSE,0.14523029823658332,FALSE,FALSE,0.038469761934780834
9330151L19Rik,0.2683575543221759,0.3265937547979751,0.08901444685525761,0.7830762775888619,0.0782407013378763,0.8655282944887212,9330151L19Rik,FALSE,FALSE,FALSE,FALSE,0.14520423417176995,FALSE,FALSE,0.03846271453749976
Chd7,-0.14480518909201745,0.3958705551865158,-0.18814979536804,0.3032809928931921,-0.10252245002131577,0.6866320300067424,Chd7,FALSE,FALSE,FALSE,FALSE,0.14515914482712441,FALSE,FALSE,0.038450522942399944
Ranbp17,0.11225932136396954,0.6590650713058132,0.19255638171169398,0.4408015685070598,0.13065594681806392,0.7088382059094462,Ranbp17,FALSE,FALSE,FALSE,FALSE,0.14515721663124248,FALSE,FALSE,0.03845000158233915
Leprotl1,-0.1289732213863699,0.48202787931032864,-0.16063304301999004,0.40297397334712165,-0.14562210299645884,0.5732538720885044,Leprotl1,FALSE,FALSE,FALSE,FALSE,0.14507612246760626,FALSE,FALSE,0.03842807473430478
Prpf8,-0.1494412457457539,0.3957830372504935,-0.1741120452555922,0.357268647103936,-0.11160673546967281,0.6684097359808432,Prpf8,FALSE,FALSE,FALSE,FALSE,0.1450533421570063,FALSE,FALSE,0.03842191522311059
Amigo1,-0.19573142135523902,0.3411129733152982,-0.2135199195592179,0.32882491739638253,-0.025835685985578394,0.9454537559727518,Amigo1,FALSE,FALSE,FALSE,FALSE,0.14502900896667845,FALSE,FALSE,0.03841533583265158
Pcdh17,-0.20192064668600995,0.4646411967174373,-0.22653909440958309,0.43892640198452676,0.006581224461037927,0.9892615744402242,Pcdh17,FALSE,FALSE,FALSE,FALSE,0.14501365518554366,FALSE,FALSE,0.03841118436218071
AV356131,-0.017543912718517962,0.9535874216732406,-0.2364883704811529,0.38334435437746717,-0.1809399266285192,0.6186991383381398,AV356131,FALSE,FALSE,FALSE,FALSE,0.14499073660939668,FALSE,FALSE,0.03840498746571116
Ercc2,-0.2075807872358748,0.13404366749258068,-0.20118406912287234,0.17831814227503126,0.02615536232535476,0.9096517207354082,Ercc2,FALSE,FALSE,FALSE,FALSE,0.14497340622803398,FALSE,FALSE,0.03840030154724948
Tbc1d4,0.3087295047954668,0.12517138165318847,-0.045676636427247175,0.851400853586302,0.080480469365515,0.7988249565074869,Tbc1d4,FALSE,FALSE,FALSE,FALSE,0.14496220352940967,FALSE,FALSE,0.03839727247759396
Mlh1,-0.2393976636073094,0.107643845897489,-0.18294462938131906,0.2327380718636294,0.012542936637291113,0.9630623165232519,Mlh1,FALSE,FALSE,FALSE,FALSE,0.14496174320863986,FALSE,FALSE,0.038397148012612584
Adarb1,-0.22132278425122465,0.2596520194361421,-0.11347173619659756,0.5966833427396686,-0.10001102208710932,0.7335628335663512,Adarb1,FALSE,FALSE,FALSE,FALSE,0.14493518084497717,FALSE,FALSE,0.03838996588155223
Hipk1,0.18007997980679846,0.17168544614362838,0.14329975390522787,0.3129679738151863,0.11140419834447712,0.5582252029899603,Hipk1,FALSE,FALSE,FALSE,FALSE,0.1449279773521678,FALSE,FALSE,0.03838801814715231
1500011K16Rik,0.28883436504082205,0.2349937647491484,0.035338080770139335,0.9055150088444389,-0.11061010353660361,0.7754116527402235,1500011K16Rik,FALSE,FALSE,FALSE,FALSE,0.14492751644918833,FALSE,FALSE,0.038387893524748716
Thbs1,-0.0844249390416234,0.8817191616019192,0.11277809133668715,0.8450600311788423,-0.23751228527212298,0.7530721566283366,Thbs1,FALSE,FALSE,FALSE,FALSE,0.1449051052168112,FALSE,FALSE,0.038381833807691876
Arl4c,-0.1771930761202709,0.6136178071025,-0.24125996348820156,0.5023862934248785,-0.016246157770867242,0.9782376411863963,Arl4c,FALSE,FALSE,FALSE,FALSE,0.1448997324597799,FALSE,FALSE,0.038380381081359084
Usp2,-0.31516772161658757,0.15190688489185455,-0.10465666822382147,0.669421785455514,-0.014756790446708301,0.9703171669614905,Usp2,FALSE,FALSE,FALSE,FALSE,0.1448603934290391,FALSE,FALSE,0.038369744299250545
Nr2f6,0.023926979772571855,0.9395856084102665,0.12425252378103613,0.6664833725837623,0.2863429160068631,0.41245719076191895,Nr2f6,FALSE,FALSE,FALSE,FALSE,0.14484080652015704,FALSE,FALSE,0.038364448243958
Rab7b,-0.13223213833028136,0.6927088374733669,-0.2799752455483633,0.40003195933596997,0.02227772530810679,0.9685803312029015,Rab7b,FALSE,FALSE,FALSE,FALSE,0.14482836972891713,FALSE,FALSE,0.03836108549108745
Iars,-0.13770410457464788,0.36470723401317817,-0.13548987850653837,0.40729221481030026,-0.16124242327220273,0.45047607147183677,Iars,FALSE,FALSE,FALSE,FALSE,0.14481213545112967,FALSE,FALSE,0.03835669594532939
Slco5a1,0.20808270698983167,0.5179571227505543,0.06051396537824916,0.8723102057566291,-0.16578740154778315,0.7332245580483115,Slco5a1,FALSE,FALSE,FALSE,FALSE,0.144794691305288,FALSE,FALSE,0.03835197926637484
Jag1,0.2126829421970715,0.35788670725832655,-0.047516303084385036,0.8657283681631889,0.17391086407138756,0.5972023170730334,Jag1,FALSE,FALSE,FALSE,FALSE,0.14470336978428136,FALSE,FALSE,0.03832728706876662
3010001F23Rik,-0.20873162035776657,0.7405554235046979,0.11160916458412695,0.8631449694373656,0.11343016654925742,0.9039163658077481,3010001F23Rik,FALSE,FALSE,FALSE,FALSE,0.14459031716371698,FALSE,FALSE,0.038296719053513124
Arhgap30,-0.19703469053703615,0.6449720702939051,-0.10452418198665536,0.8219258048129209,-0.1321600468631996,0.833965400118035,Arhgap30,FALSE,FALSE,FALSE,FALSE,0.1445729731289637,FALSE,FALSE,0.03829202944334532
Chgb,0.09207674160116319,0.8547263809219464,-0.2898338664204321,0.5568962922140794,-0.05179284189325628,0.9509216147467607,Chgb,FALSE,FALSE,FALSE,FALSE,0.14456781663828386,FALSE,FALSE,0.03829063519273026
Ppp1r3d,-0.20251685958174503,0.5529350279848263,-0.15432126676947333,0.6671788438746209,-0.0767205369952586,0.8856363235421377,Ppp1r3d,FALSE,FALSE,FALSE,FALSE,0.14451955444882567,FALSE,FALSE,0.03827758570005897
1700037C18Rik,-0.11779644714709514,0.6775218474053256,-0.10615552066921286,0.7197704229697133,-0.20950333053881032,0.5793613560694663,1700037C18Rik,FALSE,FALSE,FALSE,FALSE,0.1444850994517061,FALSE,FALSE,0.038268269499583014
Gm43176,-0.24248629360701107,0.6868411168356394,0.12262263504173182,0.8452795884225343,-0.06827954231936745,0.9452612336098037,Gm43176,FALSE,FALSE,FALSE,FALSE,0.14446282365603677,FALSE,FALSE,0.03826224640291879
Net1,-0.25093128813449095,0.3899383297196972,-0.05145453625926599,0.8773935896553071,0.1309973555303361,0.7503435379632916,Net1,FALSE,FALSE,FALSE,FALSE,0.1444610599746977,FALSE,FALSE,0.038261769525533666
Inpp5d,-0.03797270476274406,0.89944568355882,0.05437666636056315,0.852930089112928,0.34102100447555417,0.2928173751321489,Inpp5d,FALSE,FALSE,FALSE,FALSE,0.14445679186628713,FALSE,FALSE,0.038260615482377955
Arih1,0.16654724675345456,0.3830527308784673,0.2502571988749134,0.22814856552961035,0.01651148181959261,0.9653773707378508,Arih1,FALSE,FALSE,FALSE,FALSE,0.1444386424826535,FALSE,FALSE,0.03825570811594112
Gigyf1,-0.1499444009217239,0.574299192255533,-0.13545351542456263,0.6330296141497399,0.1478476903305319,0.6884502669466721,Gigyf1,FALSE,FALSE,FALSE,FALSE,0.14441520222560614,FALSE,FALSE,0.038249370163477986
Vwa5b1,-0.30403619247727365,0.3392820824635016,-0.036925870671463024,0.9195131546577934,0.09222333495752366,0.850414967492888,Vwa5b1,FALSE,FALSE,FALSE,FALSE,0.1443951327020868,FALSE,FALSE,0.038243943615221015
Ap5b1,-0.11635246528720389,0.6677732514283463,-0.22823167423690416,0.3989512184705405,0.08837639436493516,0.8183490603638349,Ap5b1,FALSE,FALSE,FALSE,FALSE,0.1443201779630144,FALSE,FALSE,0.038223676790835624
Zfp652,0.19924259302033942,0.13775032294787912,0.0823765608407534,0.5784448382882817,0.15126922386070696,0.42101325750832086,Zfp652,FALSE,FALSE,FALSE,FALSE,0.1442961259072666,FALSE,FALSE,0.0382171734156524
Schip1,-0.10027530071385193,0.7675395732573366,0.14027882348495924,0.668832437924506,-0.19231778759448392,0.6652636718279149,Schip1,FALSE,FALSE,FALSE,FALSE,0.1442906372644317,FALSE,FALSE,0.03821568935524707
Gabrb3,0.3179073562894432,0.026355905909558514,0.09974586349646675,0.4501727812479166,0.01520000259253873,0.9467569751207735,Gabrb3,FALSE,FALSE,FALSE,FALSE,0.1442844074594829,FALSE,FALSE,0.03821400489387192
Trnp1,-0.1908060293320406,0.5805464635176831,-0.17503544417911066,0.6269293718222541,0.06697854475019582,0.9029953454455604,Trnp1,FALSE,FALSE,FALSE,FALSE,0.14427333942044904,FALSE,FALSE,0.03821101223448618
Casp6,0.12090872486030646,0.6036221451423034,0.17495700806464232,0.4519391679526367,0.13688893640485977,0.6666122328750366,Casp6,FALSE,FALSE,FALSE,FALSE,0.1442515564432695,FALSE,FALSE,0.03820512238978054
Phyhipl,0.18308246545816953,0.3562480313306055,0.16510805115471783,0.43608360749225034,0.08445777125637832,0.7857274676140475,Phyhipl,FALSE,FALSE,FALSE,FALSE,0.1442160959564219,FALSE,FALSE,0.03819553431745243
Ndufb1-ps,0.11328762456943231,0.5752482286426088,-0.09314683918649358,0.6747853902442409,-0.22610859691627994,0.409082037651014,Ndufb1-ps,FALSE,FALSE,FALSE,FALSE,0.14418102022406862,FALSE,FALSE,0.038186050277929505
Atg10,0.20065906353102658,0.21502350041413115,0.06639045573745417,0.7200549700784775,0.1653444619988087,0.4610656174651081,Atg10,FALSE,FALSE,FALSE,FALSE,0.14413132708909648,FALSE,FALSE,0.03817261387548046
Foxp1,0.062319574348649986,0.715476144347135,0.1966274554315044,0.25002852755277993,0.17339612717332198,0.4352062154161855,Foxp1,FALSE,FALSE,FALSE,FALSE,0.14411438565115878,FALSE,FALSE,0.03816803312245846
Ywhaq,-0.11491720667191263,0.3173275010181949,-0.08823497334094821,0.4824698366237485,-0.22893314726492342,0.15547972137647564,Ywhaq,FALSE,FALSE,FALSE,FALSE,0.14402844242592808,FALSE,FALSE,0.038144795148790336
Pcdhga4,0.15391139018824962,0.6552840798502806,0.1295918401520253,0.7229432479316418,0.14844119170094627,0.7639596208252041,Pcdhga4,FALSE,FALSE,FALSE,FALSE,0.1439814740137404,FALSE,FALSE,0.03813209547731861
Btbd1,0.2027457396490311,0.25108013487103087,0.19900561139623374,0.2959265665667183,0.030122275027938628,0.925863253766011,Btbd1,FALSE,FALSE,FALSE,FALSE,0.1439578753577345,FALSE,FALSE,0.038125714695757346
Trim67,-0.16198433117737632,0.6435270964820903,-0.22207423635730317,0.5307479280852296,0.04781492646711705,0.9333006370550219,Trim67,FALSE,FALSE,FALSE,FALSE,0.14395783133393217,FALSE,FALSE,0.038125702792271565
Gm43909,-0.2489124006820494,0.649609996661442,0.17930703062991143,0.7458644774828005,-0.0035759441114474044,0.9960124879643014,Gm43909,FALSE,FALSE,FALSE,FALSE,0.14393179180780274,FALSE,FALSE,0.03811866202994386
Hspg2,0.006965023484873711,0.9808416474689869,-0.20604219200012075,0.44599140595901676,0.21876208866358038,0.5412508422525819,Hspg2,FALSE,FALSE,FALSE,FALSE,0.14392310138285827,FALSE,FALSE,0.03811631224768374
Grk6,-0.16192642430137205,0.3866388227169882,-0.21495640909241942,0.27963466503137624,-0.05487405877021079,0.8580433189540037,Grk6,FALSE,FALSE,FALSE,FALSE,0.14391896405466742,FALSE,FALSE,0.03811519356586447
Gpx4-ps2,0.16588327658580115,0.5734771888045233,-0.06090325048418488,0.8582072842002348,-0.2049204723603446,0.6284587500534573,Gpx4-ps2,FALSE,FALSE,FALSE,FALSE,0.14390233314344356,FALSE,FALSE,0.038110696775383784
Chst14,-0.11080621342741281,0.7290133066080676,-0.1417999670411505,0.6614944480588162,0.1789518994251198,0.6567154068593041,Chst14,FALSE,FALSE,FALSE,FALSE,0.14385269329789438,FALSE,FALSE,0.0380972747817285
Anapc2,-0.22805760701706923,0.19667487640970585,-0.17755004797549212,0.34785560955803657,-0.02592996516169066,0.9355352885294924,Anapc2,FALSE,FALSE,FALSE,FALSE,0.14384587338475066,FALSE,FALSE,0.03809543076247478
Gpd1,-0.1964206290891659,0.585769154308919,-0.20561073447737455,0.5779501445206106,-0.02948065854239923,0.9630623165232519,Gpd1,FALSE,FALSE,FALSE,FALSE,0.1438373407029799,FALSE,FALSE,0.038093123631996774
Shpk,-0.12780503164070423,0.5340864471006529,-0.21616670014186967,0.3035286561811794,-0.08753039136058138,0.7691879629745485,Shpk,FALSE,FALSE,FALSE,FALSE,0.14383404104771844,FALSE,FALSE,0.03809223144646529
Fscn1,-0.09846336826876723,0.8210520293980635,-0.11555788374578801,0.7971996628438263,0.21747522858641943,0.6849317259436086,Fscn1,FALSE,FALSE,FALSE,FALSE,0.14383216020032488,FALSE,FALSE,0.03809172288884382
Spats2l,-0.08207791879090331,0.7772339242036472,-0.31366225501290357,0.2708176564916809,-0.03567472610964506,0.9382619193940122,Spats2l,FALSE,FALSE,FALSE,FALSE,0.1438049666378173,FALSE,FALSE,0.038084370089506846
Zfp426,0.16466483285082045,0.28587385365243406,0.2598862019509367,0.1407864271141844,-0.00686373457320677,0.9812050334728056,Zfp426,FALSE,FALSE,FALSE,FALSE,0.14380492312498797,FALSE,FALSE,0.03808435832418178
Prrx2,0.07251210459121415,0.9227345783325938,0.2505399063864089,0.7155802202833464,0.10825769376696714,0.9217800069562034,Prrx2,FALSE,FALSE,FALSE,FALSE,0.14376990158153005,FALSE,FALSE,0.03807488893665871
Pcdhb2,-0.07929504921459607,0.703502623771324,0.10917802404687782,0.598343199061655,-0.2427081929824091,0.36412059479701575,Pcdhb2,FALSE,FALSE,FALSE,FALSE,0.143727088747961,FALSE,FALSE,0.03806331288169377
Ankib1,0.1823899190528646,0.26994053497497916,0.13588630707372662,0.4504250330040618,0.1128923292610775,0.6450794897336568,Ankib1,FALSE,FALSE,FALSE,FALSE,0.1437228517958896,FALSE,FALSE,0.03806216726282265
Hmga1,-0.32438139684107625,0.30577694701942204,-0.07419446578918265,0.8341660890330189,-0.03251426428844084,0.9527816940550564,Hmga1,FALSE,FALSE,FALSE,FALSE,0.1436967089728999,FALSE,FALSE,0.03805509857031532
Usp15,0.10240069543489749,0.4299761520732134,0.21186120502417882,0.148729445107168,0.11674312405664278,0.52681363362745115,Usp15,FALSE,FALSE,FALSE,FALSE,0.1436683415052397,FALSE,FALSE,0.03804742836170086
Gm27042,0.02611812875576458,0.9276073044980941,-0.05612898693525681,0.844617758758602,-0.3487573178348491,0.31050477581869357,Gm27042,FALSE,FALSE,FALSE,FALSE,0.1436681445086235,FALSE,FALSE,0.03804737509627863
Nup54,-0.13456884963613414,0.44210430301591214,-0.05356602901445218,0.7866447087262891,-0.24279264994418348,0.3023830962084279,Nup54,FALSE,FALSE,FALSE,FALSE,0.14364250953158994,FALSE,FALSE,0.038040443718968905
Yaf2,0.23242876959837044,0.2599730595800465,0.11682371665887903,0.6122038674116347,0.0815860324801454,0.8034181599254954,Yaf2,FALSE,FALSE,FALSE,FALSE,0.14361283957913162,FALSE,FALSE,0.038032421334748275
Mta2,-0.19987408292922204,0.11970850700265773,-0.14569595862309015,0.28546963886563526,-0.08520772032860169,0.6477599492831145,Mta2,FALSE,FALSE,FALSE,FALSE,0.14359258729363797,FALSE,FALSE,0.03802694536993828
Apip,-0.13431714386228277,0.43460547992539456,-0.10765877837674598,0.5540398345052084,-0.18868357171811123,0.4173718251426266,Apip,FALSE,FALSE,FALSE,FALSE,0.14355316465238,FALSE,FALSE,0.038016285980591175
Zfp689,-0.25502109623054636,0.1935554977037325,0.058225195352819004,0.7869063456640643,-0.11741167512072348,0.66822570591719,Zfp689,FALSE,FALSE,FALSE,FALSE,0.14355265556802962,FALSE,FALSE,0.03801614833054724
Bcar1,-0.17161785306634325,0.24281430574531856,-0.21461671675564453,0.18598641846202824,-0.04436631025718363,0.8562065291092719,Bcar1,FALSE,FALSE,FALSE,FALSE,0.14353362669305714,FALSE,FALSE,0.03801100316064749
Ap5s1,-0.11927152779641581,0.5203716427341045,-0.16431272463357693,0.38648344199559537,-0.14689058280992073,0.562053996266092,Ap5s1,FALSE,FALSE,FALSE,FALSE,0.14349161174663783,FALSE,FALSE,0.03799964284439291
Map3k20,0.13731816786291162,0.33290614681950087,0.1267011090789003,0.40003195933596997,0.16639339541158815,0.3933029619288013,Map3k20,FALSE,FALSE,FALSE,FALSE,0.1434708907844667,FALSE,FALSE,0.037994040155268576
Nol4,-0.27577025495695207,0.16800245072688755,-0.07558144647093545,0.7405052037651411,-0.07898348193337856,0.8019536351272458,Nol4,FALSE,FALSE,FALSE,FALSE,0.14344506112042202,FALSE,FALSE,0.03798705613702495
Asb3,0.2589896243283425,0.19216333787494969,0.15259516853980148,0.4777945044165687,-0.018733904532878043,0.9615681718746605,Asb3,FALSE,FALSE,FALSE,FALSE,0.14343956580034067,FALSE,FALSE,0.03798557027117566
Ubc,-0.017248522698646518,0.950729995744294,-0.21845907724330793,0.38337401267529825,-0.19456946208533665,0.5618970501869481,Ubc,FALSE,FALSE,FALSE,FALSE,0.14342568734243036,FALSE,FALSE,0.037981817709660685
S100pbp,0.2203245047849478,0.08908800555579745,0.145229759341734,0.28391600941283396,0.0646312682147725,0.7375481966833609,S100pbp,FALSE,FALSE,FALSE,FALSE,0.14339517744715144,FALSE,FALSE,0.037973568215402057
Ing5,-0.15859595539355809,0.26829474933573355,-0.14723521025924402,0.33282075566672065,-0.12432405358982201,0.5403758976649078,Ing5,FALSE,FALSE,FALSE,FALSE,0.1433850730808747,FALSE,FALSE,0.03797083612108233
Slc37a4,-0.17145321932107116,0.2670528563360441,-0.22575057900377615,0.18174446747764975,0.03289240645131475,0.8990601256166342,Slc37a4,FALSE,FALSE,FALSE,FALSE,0.14336540159205402,FALSE,FALSE,0.03796551719643178
Prdx1,0.2518709675673847,0.10813871235837806,0.15068955928208538,0.3640127020196243,-0.027504054514468912,0.9218699519079124,Prdx1,FALSE,FALSE,FALSE,FALSE,0.14335486045464632,FALSE,FALSE,0.03796266700465861
Ptpdc1,-0.27996290477706776,0.1258771459242615,-0.1427538844528602,0.451333226210007,-0.00732465328571319,0.981525222484756,Ptpdc1,FALSE,FALSE,FALSE,FALSE,0.1433471475052137,FALSE,FALSE,0.03796058151955682
Gm37178,0.13466285946806672,0.847562202867787,0.010822639089243635,0.987792621717728,0.2843954860590007,0.7532323228074294,Gm37178,FALSE,FALSE,FALSE,FALSE,0.14329366153877035,FALSE,FALSE,0.037946119582894705
1810021B22Rik,-0.007940022451668804,0.9834098473163652,-0.31821024637595774,0.3754210244806193,0.10367198643924946,0.8414065816203496,1810021B22Rik,FALSE,FALSE,FALSE,FALSE,0.14327408508895867,FALSE,FALSE,0.037940826355604036
Gabrd,-0.2103817213286191,0.8713437110899971,-0.18140658203361726,0.8929442292919573,-0.03796313611780633,0.9843441493929896,Gabrd,FALSE,FALSE,FALSE,FALSE,0.1432504798266809,FALSE,FALSE,0.03793444378778944
BC065397,-0.001737901340001402,0.9969228940490537,0.15816563122264826,0.7355082742290293,0.26966823471013446,0.6430879831106097,BC065397,FALSE,FALSE,FALSE,FALSE,0.14319058909092805,FALSE,FALSE,0.037918250081576385
Tgfb1,0.018329265633834524,0.9647108003228755,0.12798632270065258,0.7382780158987651,0.2831891314206132,0.5421683506515712,Tgfb1,FALSE,FALSE,FALSE,FALSE,0.14316823991836677,FALSE,FALSE,0.03791220714471791
Gm10524,-0.15124891031513954,0.5123337986972751,-0.14191299974801286,0.5564694112809778,-0.1362305510413071,0.6741104851416437,Gm10524,FALSE,FALSE,FALSE,FALSE,0.14313082036815317,FALSE,FALSE,0.037902089366147196
Rars2,0.17567377284905206,0.3227136249815362,0.127736517488243,0.5041524898846902,0.1259771289594065,0.6233849736559339,Rars2,FALSE,FALSE,FALSE,FALSE,0.14312913976556718,FALSE,FALSE,0.037901634952218294
Prkcd,-0.20365795990575863,0.3519871849818122,-0.14440290306662718,0.5310327018204368,-0.08120615172522871,0.80660148337424,Prkcd,FALSE,FALSE,FALSE,FALSE,0.14308900489920484,FALSE,FALSE,0.03789078298610697
Zfat,-0.1716071104706578,0.4532704910074911,-0.01552656844741973,0.9543479506854028,-0.2421312683536736,0.4323427268328098,Zfat,FALSE,FALSE,FALSE,FALSE,0.14308831575725037,FALSE,FALSE,0.037890596650737914
Mindy4b-ps,-0.09878615724564277,0.7271711555683449,-0.11609227065227401,0.6918399040639583,-0.2143599910473375,0.5634866745309353,Mindy4b-ps,FALSE,FALSE,FALSE,FALSE,0.14307947298175142,FALSE,FALSE,0.0378882056747925
Trim39,0.1121742875638958,0.4426666365998915,0.17887782848837386,0.2460305713630205,0.13817196706062607,0.49291607618660116,Trim39,FALSE,FALSE,FALSE,FALSE,0.14307469437096523,FALSE,FALSE,0.03788691359817656
Baz1a,-0.013617376984517371,0.9811824385607932,0.32326695320167875,0.5222471021870394,0.09222476347013142,0.9109713368508509,Baz1a,FALSE,FALSE,FALSE,FALSE,0.1430363645521092,FALSE,FALSE,0.03787654969434482
4931406P16Rik,-0.2010701631595424,0.1269860977769107,-0.07118006156362622,0.6162226702872411,-0.15678830440476332,0.3758240347301949,4931406P16Rik,FALSE,FALSE,FALSE,FALSE,0.14301284304264397,FALSE,FALSE,0.03787018977224369
Tmem220,-0.25146928295520155,0.5498183717171715,0.0065837152905554586,0.9878412426789697,0.17089474074718103,0.764099394312501,Tmem220,FALSE,FALSE,FALSE,FALSE,0.1429825796643127,FALSE,FALSE,0.03786200693308583
Rhbdf1,-0.11790096596987776,0.6677732514283463,-0.12995708286533714,0.6459016304786066,0.18107561231341807,0.6018000001898766,Rhbdf1,FALSE,FALSE,FALSE,FALSE,0.1429778870495443,FALSE,FALSE,0.037860738108718005
Hnrnpa3,0.15237083588483014,0.40771047015409134,0.15764042311805948,0.4251628993180982,0.11887584281689545,0.6606726582629691,Hnrnpa3,FALSE,FALSE,FALSE,FALSE,0.1429623672732617,FALSE,FALSE,0.03785654175523438
Tnrc18,-0.14174968495902895,0.5722792166950287,-0.19279082520803126,0.4607676814828954,0.09433035565232384,0.80660148337424,Tnrc18,FALSE,FALSE,FALSE,FALSE,0.14295695527312802,FALSE,FALSE,0.037855078418057304
Zfp664,0.13612826113326726,0.25585103984517266,0.15379911064834495,0.23834395513636075,0.13883897974808868,0.4105879206882688,Zfp664,FALSE,FALSE,FALSE,FALSE,0.14292211717656697,FALSE,FALSE,0.03784565863228175
Dpp7,-0.07870193161694772,0.7386245914506329,-0.25019586037018815,0.28221708170643073,-0.09986442357545666,0.7649356338997364,Dpp7,FALSE,FALSE,FALSE,FALSE,0.14292073852086418,FALSE,FALSE,0.037845285861015224
Ccdc127,0.19699910370338536,0.14923702123013138,0.155804557244271,0.28838775696811275,0.07563858814108393,0.713667864202501,Ccdc127,FALSE,FALSE,FALSE,FALSE,0.1428140830295801,FALSE,FALSE,0.037816447549544295
Nr0b1,-0.06353625218373038,0.8845800985593474,-0.10765083776296946,0.8069971736812702,0.2572457412611624,0.6147897797537527,Nr0b1,FALSE,FALSE,FALSE,FALSE,0.14281094373595407,FALSE,FALSE,0.037815598723794246
Ddit4l,-0.2110152647875001,0.4537756358025264,0.011180229826580401,0.9739006072883146,0.20600608125139264,0.5944368572799373,Ddit4l,FALSE,FALSE,FALSE,FALSE,0.1427338586218244,FALSE,FALSE,0.037794755872626616
Ttc23,0.01872547427126081,0.9467726627207749,-0.0900009323026616,0.733894585182668,0.3194109741713107,0.2853634942560457,Ttc23,FALSE,FALSE,FALSE,FALSE,0.14271246024841103,FALSE,FALSE,0.037788970019971155
Pllp,0.08830434620028876,0.8977311707107664,0.1797298961602118,0.7869858960350626,-0.16007278410196224,0.8718356229782429,Pllp,FALSE,FALSE,FALSE,FALSE,0.14270234215415425,FALSE,FALSE,0.03778623421377725
Rbpms,0.14741518486826166,0.4504762785926505,0.2635029972220799,0.2038220473557834,0.017133433051611746,0.9639196569286287,Rbpms,FALSE,FALSE,FALSE,FALSE,0.14268387171398444,FALSE,FALSE,0.03778124003766677
Smim7,0.021367461157434597,0.8729784069839488,-0.14114609451896332,0.2637650341059149,-0.26546854105292095,0.116024235367102,Smim7,FALSE,FALSE,FALSE,FALSE,0.14266069890977295,FALSE,FALSE,0.03777497440110685
1110004F10Rik,-0.07047961486960475,0.5542401922045476,-0.1640445343671475,0.19447640933313137,-0.19339691088537503,0.22613175626772028,1110004F10Rik,FALSE,FALSE,FALSE,FALSE,0.14264035337404243,FALSE,FALSE,0.03776947322259859
Hadh,-0.14569386518970884,0.33635064044608354,-0.18194565512047678,0.2628745718082684,-0.10027166499963158,0.6498321150608817,Hadh,FALSE,FALSE,FALSE,FALSE,0.14263706176993907,FALSE,FALSE,0.037768583213999604
Arl1,0.28881271724587343,0.10218108972187473,0.08119600794250736,0.6830782282704534,-0.057851844393345786,0.8403967525496364,Arl1,FALSE,FALSE,FALSE,FALSE,0.14262018986057554,FALSE,FALSE,0.037764021260634835
Neil1,-0.20313732732536716,0.4659883853162808,0.09342376798430108,0.7503252751436393,-0.13125927631033507,0.7421271610555319,Neil1,FALSE,FALSE,FALSE,FALSE,0.1426067905400011,FALSE,FALSE,0.03776039825186546
Cacng7,-0.08915592094217928,0.7463189010361165,-0.2739891675909836,0.311035629197274,0.0646447818677589,0.8749496748620132,Cacng7,FALSE,FALSE,FALSE,FALSE,0.1425966234669739,FALSE,FALSE,0.037757649202424345
Rbbp9,0.17888152677658375,0.2129209509308702,0.1012942965094199,0.5159821507197475,0.1475746213338267,0.4618066899606207,Rbbp9,FALSE,FALSE,FALSE,FALSE,0.14258348153994346,FALSE,FALSE,0.037754095789651415
Vti1b,-0.15117840255161497,0.15753552857137867,-0.07890635172180716,0.493179676822622,-0.19735433949196146,0.18062361102062527,Vti1b,FALSE,FALSE,FALSE,FALSE,0.14247969792179452,FALSE,FALSE,0.037726033996773
Cln6,-0.1767951945617412,0.5744183130479459,-0.23266326681737493,0.4709238319131168,0.017949155670069494,0.97366084761709,Cln6,FALSE,FALSE,FALSE,FALSE,0.14246920568306187,FALSE,FALSE,0.03772319702659025
Eda,-0.2066933183180124,0.4496289323793706,-0.11961129015424232,0.6852650263389148,0.10105956679781825,0.7983917031109229,Eda,FALSE,FALSE,FALSE,FALSE,0.14245472509002433,FALSE,FALSE,0.037719281655264565
Rad23b,-0.11294301220193681,0.2867029681822396,-0.15146879536000668,0.19665710528955893,-0.1628464703113055,0.2694628491086279,Rad23b,FALSE,FALSE,FALSE,FALSE,0.14241942595774967,FALSE,FALSE,0.037709737211195776
Rab10os,0.17605083462814797,0.3387339659827954,0.07124153313809245,0.7357075440648443,0.179944764861955,0.4831380192746623,Rab10os,FALSE,FALSE,FALSE,FALSE,0.1424123775427318,FALSE,FALSE,0.03770783140789194
S1pr1,-0.12764646578925465,0.7719775295073111,-0.1616438616386442,0.7182738584514538,0.13791169137581116,0.81737415556582,S1pr1,FALSE,FALSE,FALSE,FALSE,0.14240067293457,FALSE,FALSE,0.03770466662817219
Pcdhga8,0.19178366105890943,0.5015012430560002,-0.15906154559421148,0.6161807430671209,0.07634958265255465,0.8697821617957789,Pcdhga8,FALSE,FALSE,FALSE,FALSE,0.14239826310189185,FALSE,FALSE,0.03770401503954297
Pde5a,0.15901862982888204,0.4215895290684393,0.20548424089293515,0.32353850903206177,0.06245812784089644,0.8477346527138628,Pde5a,FALSE,FALSE,FALSE,FALSE,0.14232033285423787,FALSE,FALSE,0.037682943674835954
Ranbp3,-0.18666566460003775,0.1879577579337802,-0.18011875008417633,0.23932933744562784,-0.06016169836535834,0.7861022535332821,Ranbp3,FALSE,FALSE,FALSE,FALSE,0.14231537101652414,FALSE,FALSE,0.03768160205594944
Tmem127,-0.24228302515649247,0.08897513283992367,-0.11808797649839242,0.42690539384908505,-0.06650508914797904,0.7535678878096156,Tmem127,FALSE,FALSE,FALSE,FALSE,0.1422920302676213,FALSE,FALSE,0.03767529100924457
Gm22442,0.2024236958005563,0.3851549178371399,0.18861418787975115,0.45365042386275284,0.03573100738439994,0.933557781691836,Gm22442,FALSE,FALSE,FALSE,FALSE,0.14225629702156914,FALSE,FALSE,0.0376656291862375
Fam160a1,-0.19080709181928857,0.3049281683661675,-0.05802856722299499,0.7899487114075886,-0.17785235441457203,0.4965041098625409,Fam160a1,FALSE,FALSE,FALSE,FALSE,0.14222933781895186,FALSE,FALSE,0.03765833975488497
Zc3h4,-0.17581255013501806,0.432071431992573,-0.1974907861434243,0.4065785222687313,-0.05324841283490844,0.888565322093493,Zc3h4,FALSE,FALSE,FALSE,FALSE,0.14218391637111694,FALSE,FALSE,0.037646058363234584
Lonrf3,0.04081137355345965,0.9160763849140325,0.012804933315780254,0.974903071791718,0.3726718711388306,0.37460028239116444,Lonrf3,FALSE,FALSE,FALSE,FALSE,0.1420960593360235,FALSE,FALSE,0.03762230291930542
Tmem216,-0.19950563779346187,0.45606091960324235,-0.08806055343757624,0.7636732883036986,-0.13853486575561558,0.7170344166849175,Tmem216,FALSE,FALSE,FALSE,FALSE,0.14203368566221788,FALSE,FALSE,0.03760543785768377
Sh3rf1,-0.057317584713426406,0.8177693168429473,0.2610065365977432,0.2591057418763741,0.10762065966139645,0.7458858123050663,Sh3rf1,FALSE,FALSE,FALSE,FALSE,0.14198159365752203,FALSE,FALSE,0.03759135283085132
Adam17,0.18599542441859818,0.15617548474171714,0.1659291281593731,0.2377869360112959,0.07400849679717592,0.7057522572795495,Adam17,FALSE,FALSE,FALSE,FALSE,0.14197768312504908,FALSE,FALSE,0.03759029547175884
Tec,-0.08128515061443276,0.7730470177324619,-0.1574885265858068,0.5681693895409327,-0.18701834070305745,0.6077926607531411,Tec,FALSE,FALSE,FALSE,FALSE,0.14193067263443235,FALSE,FALSE,0.037577584422805954
Rbm47,-0.0067708638326609005,0.9817669632929185,0.18236143184223463,0.4883376901917768,0.23663922399036563,0.4856421306484975,Rbm47,FALSE,FALSE,FALSE,FALSE,0.1419238398884204,FALSE,FALSE,0.037575736933705084
AI197445,-0.23647616097589252,0.3486072156129565,-0.1433312323889182,0.5915664974077671,0.04590804579338115,0.9100554618787647,AI197445,FALSE,FALSE,FALSE,FALSE,0.14190514638606397,FALSE,FALSE,0.037570682444368
Samd4,-0.18532118296501876,0.498381880260032,-0.1792640827906733,0.5270922000626603,0.0610765830834854,0.8866614594732614,Samd4,FALSE,FALSE,FALSE,FALSE,0.1418872829463925,FALSE,FALSE,0.03756585239360375
Ski,-0.19822938741540064,0.13071526387139806,-0.166684075710668,0.23767174055404333,-0.06062484045625016,0.764859614320739,Ski,FALSE,FALSE,FALSE,FALSE,0.14184610119410626,FALSE,FALSE,0.03755471736262644
Top3b,-0.09997716482800723,0.5322102491060272,-0.22471487815623536,0.1878306811024459,-0.10068188193331462,0.6559364401879924,Top3b,FALSE,FALSE,FALSE,FALSE,0.1417913083058524,FALSE,FALSE,0.03753990205064547
Fermt3,-0.017078811291991958,0.967048718995905,-0.18633312523461232,0.6291603305775131,-0.22185138690819728,0.6617071207654013,Fermt3,FALSE,FALSE,FALSE,FALSE,0.14175444114493385,FALSE,FALSE,0.03752993363123436
Dolk,-0.13190935371406365,0.38008621339307547,-0.11110380631059691,0.4858780167671417,-0.1822163200805882,0.3739291174064062,Dolk,FALSE,FALSE,FALSE,FALSE,0.14174316003508292,FALSE,FALSE,0.03752688336016343
Vegfd,0.01903510655340801,0.9537038089884606,0.22354500586992465,0.4277891128602332,0.18264034995537903,0.6353991793414071,Vegfd,FALSE,FALSE,FALSE,FALSE,0.14174015412623722,FALSE,FALSE,0.03752607059999045
Rhno1,-0.21793072287070636,0.38967510377819187,-0.02067692706726909,0.944866651972727,0.18660973463650166,0.5756502123132677,Rhno1,FALSE,FALSE,FALSE,FALSE,0.14173912819149237,FALSE,FALSE,0.037525793200061344
Adrm1,-0.23006338730367304,0.08408250277159741,-0.1432837164004681,0.29145667856576246,-0.051799450889686405,0.7941080421442922,Adrm1,FALSE,FALSE,FALSE,FALSE,0.1417155181979425,FALSE,FALSE,0.03751940935296993
Uimc1,0.22752329447467812,0.1112329253028643,0.13140701550787615,0.3809614447562318,-0.06612773234954439,0.7640281829446782,Uimc1,FALSE,FALSE,FALSE,FALSE,0.14168601411069956,FALSE,FALSE,0.03751143181662994
Cenpn,0.29940425114426716,0.5173933266669674,9.232420097482485e-4,0.9985237918840649,-0.12463550602469603,0.8755321893415421,Cenpn,FALSE,FALSE,FALSE,FALSE,0.14165433305957048,FALSE,FALSE,0.037502865656470846
Gpr107,-0.16306447574083993,0.2922605298653445,-0.15427521204275063,0.35556956657936173,-0.10760368335290327,0.638606230701156,Gpr107,FALSE,FALSE,FALSE,FALSE,0.14164779037883127,FALSE,FALSE,0.03750109659739343
Six6,0.24429980145538188,0.14922672939693832,0.17336369204560764,0.33951041618365896,-0.007238841749185987,0.9813982873688645,Six6,FALSE,FALSE,FALSE,FALSE,0.1416341117500585,FALSE,FALSE,0.03749739806717904
Ubr2,0.12301230473346703,0.34962302212599916,0.16161690748261126,0.25747023365744265,0.1402400550249716,0.450453791715306,Ubr2,FALSE,FALSE,FALSE,FALSE,0.14162308908034996,FALSE,FALSE,0.037494417675091686
Ubp1,-0.17073584199707437,0.25826556664889005,-0.128496271382601,0.4232650996929328,-0.12561361192310105,0.5572624935729553,Ubp1,FALSE,FALSE,FALSE,FALSE,0.14161524176759213,FALSE,FALSE,0.037492295859826524
Nagpa,-0.2106581142902848,0.31887915303485187,-0.205454184228973,0.3519531818022412,-0.008711820219492683,0.9812673015452793,Nagpa,FALSE,FALSE,FALSE,FALSE,0.14160803957958348,FALSE,FALSE,0.0374903484782284
D330020A13Rik,0.2313385074990889,0.750891060260331,-0.04325320025506474,0.9593131050005839,-0.15016052123005963,0.8997638861674749,D330020A13Rik,FALSE,FALSE,FALSE,FALSE,0.1415840763280711,FALSE,FALSE,0.03748386911460023
Pigg,0.21673221558114797,0.10901862672283699,0.12708410518234192,0.37261092603635976,0.08087519813090882,0.6831724968112778,Pigg,FALSE,FALSE,FALSE,FALSE,0.14156383963146624,FALSE,FALSE,0.03747839736483088
Rap1gap,-0.14727370206848978,0.6265420620188378,-0.2722130654507984,0.374731036091274,-0.005184687081811745,0.9912594550106479,Rap1gap,FALSE,FALSE,FALSE,FALSE,0.14155715153369997,FALSE,FALSE,0.0374765889868073
Hist1h4f,-0.15166858970010955,0.6409575978584735,-0.25955992932025707,0.4277891128602332,0.013422798887223308,0.9805329751002447,Hist1h4f,FALSE,FALSE,FALSE,FALSE,0.14155043930252997,FALSE,FALSE,0.03747477408341307
Ripk1,0.22372025234848358,0.1933858329126607,0.0869088196308283,0.6562984567409238,0.11398644895567944,0.6537698567678838,Ripk1,FALSE,FALSE,FALSE,FALSE,0.14153850697833045,FALSE,FALSE,0.03747154773212356
Zfp407,0.1566647722240706,0.25402604463825934,0.19495416734014537,0.19338259148175432,0.07293901225682298,0.7276658000822541,Zfp407,FALSE,FALSE,FALSE,FALSE,0.14151931727367964,FALSE,FALSE,0.03746635907588943
Srsf5,0.08420237898518224,0.6565481699423277,0.13626005240103733,0.48398152044371107,0.20408274216292366,0.4169495874309355,Srsf5,FALSE,FALSE,FALSE,FALSE,0.1415150578497144,FALSE,FALSE,0.03746520738089917
Paics,-0.12507883259975205,0.23670928855615536,-0.1386982897860749,0.22881480997449521,-0.16075409042126765,0.27207026087496683,Paics,FALSE,FALSE,FALSE,FALSE,0.14151040426903153,FALSE,FALSE,0.03746394911086007
Tlr2,-0.044970901189378854,0.8727802739864469,-0.2420579688341009,0.35529329515790325,-0.13742554289123365,0.70244649628077,Tlr2,FALSE,FALSE,FALSE,FALSE,0.14148480430490448,FALSE,FALSE,0.037457027200602545
Fam114a1,0.24712728312371102,0.05899187116567481,-0.058469657641940564,0.6803308589840346,-0.11864338809348585,0.5006745192573898,Fam114a1,FALSE,FALSE,FALSE,FALSE,0.1414134429530458,FALSE,FALSE,0.03743773198319638
Disp2,-0.2036589008667109,0.2804897715254123,-0.16707768823115732,0.4153839264326638,-0.053444379529023145,0.868449600826167,Disp2,FALSE,FALSE,FALSE,FALSE,0.1413936562089638,FALSE,FALSE,0.03743238189496405
Chchd3,0.29221475963528754,0.15753552857137867,0.07817380273814489,0.7438020931602227,-0.05365217062416772,0.8799267906886293,Chchd3,FALSE,FALSE,FALSE,FALSE,0.14134691099920005,FALSE,FALSE,0.03741974257463735
Cybb,0.265465160787683,0.19619369633243836,-0.15776920732181976,0.4926711009791207,8.03816097157295e-4,0.9978538813590607,Cybb,FALSE,FALSE,FALSE,FALSE,0.14134606140222003,FALSE,FALSE,0.03741951285423534
Casp3,0.14903381709501184,0.568930681869462,-0.15137995327339882,0.5930103957721987,-0.12357346619696497,0.7503192744090388,Casp3,FALSE,FALSE,FALSE,FALSE,0.14132907885512522,FALSE,FALSE,0.03741492098581119
Zpr1,-0.19802206268466982,0.26367882229673584,-0.11238225121609258,0.5565253621846682,-0.11356268747179854,0.6567154068593041,Zpr1,FALSE,FALSE,FALSE,FALSE,0.14132233379085365,FALSE,FALSE,0.03741309720475675
Asxl3,0.19540853670587066,0.5745014508548832,-0.13311788547238357,0.7342203087369157,0.0954030816299174,0.8630078587834915,Asxl3,FALSE,FALSE,FALSE,FALSE,0.14130983460272387,FALSE,FALSE,0.037409717580547244
Ubr1,0.21883444452256562,0.08798171035897023,0.13306966361289074,0.320542340655635,0.07193960334487048,0.701852919537702,Ubr1,FALSE,FALSE,FALSE,FALSE,0.14128123716010896,FALSE,FALSE,0.03740198518958011
Commd9,0.035723994165426376,0.8439929115260811,-0.231374302953121,0.1931048080468359,-0.1567023189333172,0.49059222204797054,Commd9,FALSE,FALSE,FALSE,FALSE,0.1412668720172882,FALSE,FALSE,0.03739810103454972
Casp7,0.16526760103824722,0.5015951813529742,-0.20381814916707075,0.4418523119489482,-0.05461364884675168,0.8952889382053867,Casp7,FALSE,FALSE,FALSE,FALSE,0.14123313301735654,FALSE,FALSE,0.037388978430762214
Zfyve27,-0.2429834527541379,0.2030631491969059,-0.08917300065192801,0.6788784622976508,-0.09149959716031653,0.7520055843307022,Zfyve27,FALSE,FALSE,FALSE,FALSE,0.1412186835221275,FALSE,FALSE,0.037385071467895166
Lsm3,-0.1195851435477624,0.5250517132526569,-0.14572700204632305,0.4509754004215689,-0.15824777271306845,0.5366259856518361,Lsm3,FALSE,FALSE,FALSE,FALSE,0.14118663943571796,FALSE,FALSE,0.03737640714753478
Chrd,-0.17629706939520862,0.43696966143431387,-0.1984183199037446,0.40542668851169256,0.04877330096392907,0.8985826869062594,Chrd,FALSE,FALSE,FALSE,FALSE,0.14116289675429408,FALSE,FALSE,0.037369987423301054
Wscd1,-0.2384908684363074,0.3648216241604077,-0.0307463553869618,0.9195131546577934,0.1541977819016478,0.664393224960688,Wscd1,FALSE,FALSE,FALSE,FALSE,0.14114500190830567,FALSE,FALSE,0.037365148880661336
Gm7008,0.048411593189081475,0.9352034468466862,0.2196944869079769,0.6847056402194772,-0.15532055045225593,0.8519587778884545,Gm7008,FALSE,FALSE,FALSE,FALSE,0.14114221018310477,FALSE,FALSE,0.03736439403306825
Klf4,-0.3513251665535162,0.34804328078823954,0.059978471102701825,0.8846436018303956,-0.011985049084938915,0.9841098337548501,Klf4,FALSE,FALSE,FALSE,FALSE,0.14109622891371898,FALSE,FALSE,0.03735196127266922
Fam221b,0.02848955679336257,0.9528510875353271,0.12019699539276246,0.7929436476358315,-0.27446708837051886,0.645989965404953,Fam221b,FALSE,FALSE,FALSE,FALSE,0.1410512135188813,FALSE,FALSE,0.03733978967267294
Atg14,-0.18016907214684919,0.337222593318201,-0.1672251811482437,0.39653530288569433,0.07571303681108432,0.7876655380303893,Atg14,FALSE,FALSE,FALSE,FALSE,0.14103576336872573,FALSE,FALSE,0.03733561214522363
Zfp128,0.11538451914170356,0.49503170545566455,0.20602843157895823,0.23301317736439983,0.10162153413986452,0.6680168596767546,Zfp128,FALSE,FALSE,FALSE,FALSE,0.14101149495350876,FALSE,FALSE,0.0373290502691448
Sf3b6,0.1738349812060811,0.38188242865342426,0.14080941856465845,0.514781433204728,-0.10832052232292089,0.7206012177079236,Sf3b6,FALSE,FALSE,FALSE,FALSE,0.14098830736455348,FALSE,FALSE,0.037322780634974996
Als2cl,-0.09951801745592492,0.6988735154622555,-0.26986469138582736,0.2940906381589807,-0.05358003129946409,0.8942686713611929,Als2cl,FALSE,FALSE,FALSE,FALSE,0.14098758004707213,FALSE,FALSE,0.03732258397742072
Nr2c2,0.23429781244520687,0.047304943841657954,0.12499345846272192,0.287798387588748,0.06356484610343749,0.6978021416030433,Nr2c2,FALSE,FALSE,FALSE,FALSE,0.14095203900378875,FALSE,FALSE,0.037312974123639465
Plxdc2,-0.14128781940360913,0.3630468389924778,0.11309196543480038,0.4885483061731233,0.16846083207606277,0.4223545362683043,Plxdc2,FALSE,FALSE,FALSE,FALSE,0.14094687230482408,FALSE,FALSE,0.03731157711283181
Furin,-0.21511140366139525,0.33223953782072746,-0.15675434243030484,0.5153558663257563,0.050965258084752385,0.8941468918135259,Furin,FALSE,FALSE,FALSE,FALSE,0.1409436680588175,FALSE,FALSE,0.037310710724770074
Scn3b,-0.1071629675223007,0.7918482161338608,-0.13265375995308837,0.7500809128801755,-0.18282586436283133,0.7399063347114023,Scn3b,FALSE,FALSE,FALSE,FALSE,0.14088086394607346,FALSE,FALSE,0.03729372927784069
Pcbp1,-0.2104834417189272,0.2146745414553746,-0.09381845954644152,0.6227094338532371,-0.11814936071443594,0.6369248322801008,Pcbp1,FALSE,FALSE,FALSE,FALSE,0.14081708732660156,FALSE,FALSE,0.037276484877250056
Sec16b,0.37463085928002027,0.03831333094046757,0.04198887259074269,0.8307541997731028,-0.005827337645198938,0.9839580232382996,Sec16b,FALSE,FALSE,FALSE,FALSE,0.14081568983865397,FALSE,FALSE,0.037276107013979966
Dlgap4,-0.18783981109911085,0.3625730784374516,-0.21639403085461062,0.32376833035182434,0.018201422612975193,0.9630623165232519,Dlgap4,FALSE,FALSE,FALSE,FALSE,0.14081175485556555,FALSE,FALSE,0.037275043043746736
Acap3,-0.20029200339096587,0.1109865381440765,-0.16139200600003178,0.22261078567226092,-0.060720593877561235,0.7431433197760359,Acap3,FALSE,FALSE,FALSE,FALSE,0.14080153442285295,FALSE,FALSE,0.03727227956651378
4933406P04Rik,0.023868266056960685,0.9395856084102665,-0.28981610797201407,0.30901042283209795,-0.10869791530576767,0.7879131410652995,4933406P04Rik,FALSE,FALSE,FALSE,FALSE,0.14079409644491414,FALSE,FALSE,0.037270268430266304
Fahd1,-0.10269190928325855,0.6927262762894938,-0.1775044106886412,0.4926711009791207,-0.14215684142800367,0.686813506456624,Fahd1,FALSE,FALSE,FALSE,FALSE,0.14078438713330113,FALSE,FALSE,0.037267643153788804
Nono,-0.1504148668303742,0.22712931281900747,-0.1086258499395969,0.4220152838435528,-0.16325017934047192,0.34984006942986096,Nono,FALSE,FALSE,FALSE,FALSE,0.14076363203681433,FALSE,FALSE,0.037262031235172244
Qprt,0.11688541748625125,0.7556185219188966,0.13986057066589952,0.7137078664539014,0.16553311938942405,0.743678248114276,Qprt,FALSE,FALSE,FALSE,FALSE,0.14075970251385828,FALSE,FALSE,0.03726096874129055
Rab24,0.22074711522880142,0.32036068754109587,-0.06695536399323165,0.8026321141503341,-0.13442154027009323,0.6899230014989193,Rab24,FALSE,FALSE,FALSE,FALSE,0.14070800649737544,FALSE,FALSE,0.03724699078472039
Nup37,0.1344384113852799,0.5962651443429955,0.2757058062516049,0.2681799296280996,0.011851789669411694,0.9782653431672147,Nup37,FALSE,FALSE,FALSE,FALSE,0.1406653357687655,FALSE,FALSE,0.037235453153159834
Cth,0.005098778387489452,0.9937370840094825,-0.0252913909978097,0.9715847488170727,0.39156888791237876,0.6071956733394005,Cth,FALSE,FALSE,FALSE,FALSE,0.14065301909922598,FALSE,FALSE,0.037232122879695344
Ier5,-0.09773360637041506,0.758032242421088,-0.28899578622475586,0.3498697369257727,0.03516365405138089,0.9456608272272778,Ier5,FALSE,FALSE,FALSE,FALSE,0.1406310155488506,FALSE,FALSE,0.03722617339475508
Pcnx4,0.2628187975203078,0.07338295978121022,0.034548418463472785,0.8381320212588872,0.1245176344650929,0.5374640967791049,Pcnx4,FALSE,FALSE,FALSE,FALSE,0.14062828348295783,FALSE,FALSE,0.037225434678293076
Alpl,-0.028379973063819453,0.972324708085376,-0.214707840641716,0.7846302515942066,-0.17876706186489288,0.873330180241766,Alpl,FALSE,FALSE,FALSE,FALSE,0.14061829185680944,FALSE,FALSE,0.03722273306749461
Fancf,0.19617414518174225,0.500058488865755,0.179095269171047,0.5567474757280005,0.04601858544154602,0.927918118166699,Fancf,FALSE,FALSE,FALSE,FALSE,0.14042933326477844,FALSE,FALSE,0.03717164102650833
Gm26982,-0.18758890953811425,0.5878359849819549,-0.22339994011605446,0.5258420446042926,0.0102665890985143,0.9847544527698506,Gm26982,FALSE,FALSE,FALSE,FALSE,0.14041847958422768,FALSE,FALSE,0.03716870632697659
Pmepa1,-0.2087318877547908,0.1831455559133911,-0.10011110496180908,0.555890025005461,-0.11236263512722022,0.6170766229271049,Pmepa1,FALSE,FALSE,FALSE,FALSE,0.14040187594794004,FALSE,FALSE,0.037164216911297676
Map3k7,0.2735547921707573,0.052807220783211345,0.10606472990012605,0.45927445242087295,0.04157368020172214,0.8513051073152246,Map3k7,FALSE,FALSE,FALSE,FALSE,0.1403977340908685,FALSE,FALSE,0.03716309700492568
Fopnl,0.2638086507894366,0.14241690257087936,0.1287506494695343,0.5083655118264903,0.02863071874480827,0.9302727859032242,Fopnl,FALSE,FALSE,FALSE,FALSE,0.14039667300125971,FALSE,FALSE,0.037162810099560864
Pla2g16,-0.11485314492798926,0.6795775139004432,-0.11769829624915795,0.6858778456225212,-0.1886075306053634,0.6125773095327649,Pla2g16,FALSE,FALSE,FALSE,FALSE,0.14038632392750353,FALSE,FALSE,0.03716001183939795
Plekhm2,-0.13918801233820322,0.42503067793365457,-0.06366377836426373,0.7452059632876699,0.21825490236651568,0.3415234948545734,Plekhm2,FALSE,FALSE,FALSE,FALSE,0.14036889768966088,FALSE,FALSE,0.037155300002542455
Dpf1,-0.034017615399234646,0.9330497999208982,0.1621589623681161,0.6532001189876706,0.22475053326000705,0.6266708418912065,Dpf1,FALSE,FALSE,FALSE,FALSE,0.14030903700911926,FALSE,FALSE,0.03713911442288277
Mtss1,0.19226819771031245,0.0935422477693505,0.15302513590581945,0.20847368273691425,0.07561640675221337,0.6454479404739554,Mtss1,FALSE,FALSE,FALSE,FALSE,0.14030324678944842,FALSE,FALSE,0.03713754881987122
Map3k4,-0.19043283153980006,0.22431485296519416,-0.20445578254369057,0.2290983694406034,-0.02600402477050423,0.9269782174922921,Map3k4,FALSE,FALSE,FALSE,FALSE,0.14029754628466495,FALSE,FALSE,0.03713600747464363
Lamtor1,-0.08151593953383163,0.5759952371709586,-0.1788336315077128,0.2377869360112959,-0.16048265294839492,0.4124058764772356,Lamtor1,FALSE,FALSE,FALSE,FALSE,0.14027740799664645,FALSE,FALSE,0.037130562333325755
Slc9a3r2,-0.18072809827824843,0.47990492432904136,-0.20412184337170203,0.4378551147299431,-0.03595476130034525,0.9341540710216217,Slc9a3r2,FALSE,FALSE,FALSE,FALSE,0.14026823431676524,FALSE,FALSE,0.03712808188497224
Myo1c,-0.08644118357866226,0.6527684294923203,-0.19151804611843026,0.32606536840398864,-0.14278355363771844,0.5881497077656741,Myo1c,FALSE,FALSE,FALSE,FALSE,0.14024759444493698,FALSE,FALSE,0.03712250112166285
Gtf2f2,0.2082330260284282,0.21832519259759903,0.1241229367375638,0.49889380245392506,-0.08829934460200306,0.7348764910907849,Gtf2f2,FALSE,FALSE,FALSE,FALSE,0.14021843578933169,FALSE,FALSE,0.03711461698571921
Slfn2,0.3430831934894276,0.43973068480119726,-0.015767377610167,0.9782043145464707,-0.06178915616492797,0.9402059301067682,Slfn2,FALSE,FALSE,FALSE,FALSE,0.14021324242150754,FALSE,FALSE,0.037113212763985354
Cacna2d3,-0.21422832849235363,0.44123806387173076,-0.13797329185551854,0.6422084581455797,-0.06841554463913191,0.8773370402559527,Cacna2d3,FALSE,FALSE,FALSE,FALSE,0.1402057216623347,FALSE,FALSE,0.03711117924472711
Arhgap45,-0.055033124240674525,0.8921997465436856,-0.21078425830272618,0.5820198400812434,0.15472676418330966,0.7585883308640679,Arhgap45,FALSE,FALSE,FALSE,FALSE,0.14018138224223678,FALSE,FALSE,0.03710459816981615
Eipr1,-0.03529537914887726,0.8735079107473803,-0.20137575518739048,0.33073118430665005,-0.18386677161324005,0.5003678255198135,Eipr1,FALSE,FALSE,FALSE,FALSE,0.14017930198316927,FALSE,FALSE,0.03710403569377102
Ehd4,-0.2767484934259645,0.15803637108458335,-0.0745171778324889,0.7283878889536912,-0.06915881209084018,0.8166858620973544,Ehd4,FALSE,FALSE,FALSE,FALSE,0.14014149444976454,FALSE,FALSE,0.03709381300939587
Ctnna2,-0.2207815150901089,0.16731940696605402,-0.1185744861823892,0.49226808103177494,-0.08105036732025095,0.7388469460895963,Ctnna2,FALSE,FALSE,FALSE,FALSE,0.14013545619758302,FALSE,FALSE,0.03709218034149426
Marveld3,-0.30012257079869853,0.263920421998276,0.04652008994256285,0.8764196653597753,-0.07375548925152309,0.86099221605955,Marveld3,FALSE,FALSE,FALSE,FALSE,0.1401327166642615,FALSE,FALSE,0.03709143960593287
Gm15728,-0.17386387203920384,0.7536738422630848,-0.08305017485846744,0.8874806215289917,0.1634794135328701,0.8282781612449489,Gm15728,FALSE,FALSE,FALSE,FALSE,0.14013115347684713,FALSE,FALSE,0.03709101693959849
Mamld1,0.09843062372855194,0.7538524443183404,0.24400769113361598,0.40548887220491775,0.07787749763284535,0.8681458594612189,Mamld1,FALSE,FALSE,FALSE,FALSE,0.1401052708316711,FALSE,FALSE,0.0370840185959193
Son,0.12939743404419524,0.2888274844433858,0.16557044740782523,0.21766719961474776,0.12532544689736191,0.4718179228133177,Son,FALSE,FALSE,FALSE,FALSE,0.1400977761164608,FALSE,FALSE,0.03708199211862293
Helz,0.1435647806441258,0.2583279549718336,0.1548998895252245,0.2613324069934754,0.12179713856060026,0.5018010375401377,Helz,FALSE,FALSE,FALSE,FALSE,0.1400872695766502,FALSE,FALSE,0.037079151281607485
Alx3,0.12944969507805615,0.8281045539925245,-0.1297351612288754,0.8391994805081338,-0.16107283944205364,0.8568420482154497,Alx3,FALSE,FALSE,FALSE,FALSE,0.14008589858299506,FALSE,FALSE,0.037078780582062855
Smpd2,-0.11095077580589496,0.6512082442857864,-0.18121901477234514,0.4619931587763496,-0.12791760851456502,0.7068203574972085,Smpd2,FALSE,FALSE,FALSE,FALSE,0.14002913303093503,FALSE,FALSE,0.03706343188645031
Taf6,-0.19320943285136405,0.2653470030624103,-0.1590129042284465,0.3836916971376129,-0.06781089058828815,0.8004408393466139,Taf6,FALSE,FALSE,FALSE,FALSE,0.14001107588936623,FALSE,FALSE,0.03705854946111462
Tnip2,-0.31284585652939745,0.19460180255438286,0.010683200742528598,0.9699672931108669,-0.09649902503343011,0.7857274676140475,Tnip2,FALSE,FALSE,FALSE,FALSE,0.14000936076845205,FALSE,FALSE,0.03705808571386131
Stac2,0.2455399859349794,0.5422717323838735,-0.024141594412331657,0.9613245358694231,0.15028200331363917,0.8054242398747026,Stac2,FALSE,FALSE,FALSE,FALSE,0.13998786122031673,FALSE,FALSE,0.03705227250482588
Gm49492,0.15094620859385266,0.6973792971964393,0.012041880578483433,0.9792224600727671,0.25683314008160973,0.6113682110812797,Gm49492,FALSE,FALSE,FALSE,FALSE,0.13994040975131528,FALSE,FALSE,0.03703944222083073
Mdk,-0.08573629508761904,0.7665597320678934,-0.297115293184246,0.29145945691797853,0.03693704581296009,0.9355932313450519,Mdk,FALSE,FALSE,FALSE,FALSE,0.1399295446949417,FALSE,FALSE,0.03703650444541872
Fkbp10,-0.13889897396946527,0.5869423299463006,-0.2303816258444802,0.3729247566678708,-0.050434392502726855,0.903169279293507,Fkbp10,FALSE,FALSE,FALSE,FALSE,0.13990499743889076,FALSE,FALSE,0.03702986717426436
Ccdc96,-0.17055694565366597,0.5089987441524324,-0.23921326751439254,0.3632461676627552,-0.0099002650032298245,0.9815342225196749,Ccdc96,FALSE,FALSE,FALSE,FALSE,0.13989015939042945,FALSE,FALSE,0.03702585515146088
Ppih,-0.13352382165881416,0.471649262005565,-0.09285191698105155,0.6386270933562754,-0.19328992357301988,0.4377371803709186,Ppih,FALSE,FALSE,FALSE,FALSE,0.13988855407096187,FALSE,FALSE,0.03702542109314603
Gm9843,-0.03712811879794087,0.9409265450109016,-0.16609832716819517,0.7241333286577405,-0.21638054746232632,0.7303752574601557,Gm9843,FALSE,FALSE,FALSE,FALSE,0.13986899780948744,FALSE,FALSE,0.037020133324529365
Cdkn2d,0.051145178754095966,0.8369913955854817,-0.24743626843917665,0.30070050602464,0.12101281514978801,0.70865083688163,Cdkn2d,FALSE,FALSE,FALSE,FALSE,0.13986475411435353,FALSE,FALSE,0.037018985882418455
Prkcz,-0.2169095513175563,0.22712931281900747,0.04963210587710343,0.8162140996753923,0.15305107008321528,0.5501614656917557,Prkcz,FALSE,FALSE,FALSE,FALSE,0.13986424242595832,FALSE,FALSE,0.03701884752827335
Gtpbp2,-0.1811981978724111,0.36432517797066954,-0.1973375121791756,0.34855214802446216,-0.040999035895583624,0.9041100524624835,Gtpbp2,FALSE,FALSE,FALSE,FALSE,0.13984491531572343,FALSE,FALSE,0.037013621719287085
Fbln1,0.20037015215314113,0.6344289430634305,0.022674439070773822,0.9643620483690045,0.19644549442991277,0.7428128430247322,Fbln1,FALSE,FALSE,FALSE,FALSE,0.1398300285512759,FALSE,FALSE,0.037009596524289964
Mrps34,-0.19066263347734758,0.5867646361457908,-0.12447186319118453,0.737119659033003,0.10431300420516632,0.8392716934107318,Mrps34,FALSE,FALSE,FALSE,FALSE,0.13981583362456615,FALSE,FALSE,0.037005758393568004
Timm29,-0.17986835590779648,0.17303183755959395,-0.15684636992603362,0.26875838717869366,-0.0825398920646716,0.6709393691146478,Timm29,FALSE,FALSE,FALSE,FALSE,0.13975153929950057,FALSE,FALSE,0.03698837401185703
Lrfn3,-0.1341100668813242,0.6437492690389173,-0.2736059784282161,0.3480154456585072,-0.01149370256243376,0.9812673015452793,Lrfn3,FALSE,FALSE,FALSE,FALSE,0.13973658262399136,FALSE,FALSE,0.03698432991378283
Krt80,-0.017016132906126025,0.9631175060358537,0.3706884182235377,0.2298082320786048,-0.03136417918152179,0.9561016607246711,Krt80,FALSE,FALSE,FALSE,FALSE,0.13968957677039517,FALSE,FALSE,0.036971620118622324
Elf1,0.2567771670518839,0.06251087027320151,0.12469640402734594,0.3729247566678708,0.03749871981077657,0.8660843062435627,Elf1,FALSE,FALSE,FALSE,FALSE,0.1396574302966688,FALSE,FALSE,0.03696292811401148
Csf1,-0.17703853806745506,0.337222593318201,-0.17686575682301786,0.3578610714138965,0.06502988412781185,0.8160706567923424,Csf1,FALSE,FALSE,FALSE,FALSE,0.13964472633942826,FALSE,FALSE,0.03695949312279438
Rtn4,0.19716299952072625,0.17780201347371805,0.1194527883883012,0.4518305609076963,0.10219294162276782,0.6367574325962324,Rtn4,FALSE,FALSE,FALSE,FALSE,0.13960290984393176,FALSE,FALSE,0.03694818646518836
Ppil3,0.2614329119801231,0.2272763577364905,0.12502690492824486,0.6033948730609865,0.03233931937721435,0.9352793253721059,Ppil3,FALSE,FALSE,FALSE,FALSE,0.1395997120951941,FALSE,FALSE,0.036947321833906914
Trim17,-0.12892879646016794,0.8380525372113127,0.18381340547350247,0.7632401859719253,0.10603476930022736,0.9079347796936053,Trim17,FALSE,FALSE,FALSE,FALSE,0.1395923237446326,FALSE,FALSE,0.03694532411628184
St6galnac2,0.06337810563595303,0.8609386467276051,0.21315755225485544,0.5194190978211974,0.1421265797440292,0.7643604753588661,St6galnac2,FALSE,FALSE,FALSE,FALSE,0.13955407921161256,FALSE,FALSE,0.036934983272673944
Zdhhc9,-0.21852142523227958,0.37360326935972415,0.1231373336032009,0.6273163160144761,0.07688111337652836,0.8369176274335286,Zdhhc9,FALSE,FALSE,FALSE,FALSE,0.1395132907373363,FALSE,FALSE,0.036923954579153886
Cd40,0.04044847123275119,0.9530768436187774,-0.2096378349716134,0.7560857798861583,0.16840739123630796,0.8535952850759757,Cd40,FALSE,FALSE,FALSE,FALSE,0.13949789914689084,FALSE,FALSE,0.0369197928855181
Mkl2,0.17850833508250474,0.23438714183165693,0.12920451492777918,0.4269708101951634,0.1105991635503365,0.6158695038178216,Mkl2,FALSE,FALSE,FALSE,FALSE,0.13943733785354015,FALSE,FALSE,0.03690341786891368
Nek8,-0.032607673047790886,0.9352174840060052,0.20787047733717134,0.5490038046637706,0.17777243725218583,0.7074751679039276,Nek8,FALSE,FALSE,FALSE,FALSE,0.13941686254571603,FALSE,FALSE,0.03689788160165368
Pcdhac1,-0.013595642649385287,0.9747668552177695,0.20510075973114517,0.5869400818382055,0.19951998563967632,0.6942284718936174,Pcdhac1,FALSE,FALSE,FALSE,FALSE,0.13940546267340226,FALSE,FALSE,0.03689479921869753
Tmem218,0.02285922181346134,0.9079752144443256,-0.22686235176213998,0.21578653576597162,-0.1683240967303341,0.4751962199758054,Tmem218,FALSE,FALSE,FALSE,FALSE,0.13934855676864513,FALSE,FALSE,0.03687941257347033
Ndufa5,0.21832170482259716,0.3755354928269075,0.06771151110128049,0.8189285068879487,-0.13198090127880135,0.7281231251795859,Ndufa5,FALSE,FALSE,FALSE,FALSE,0.13933803906755968,FALSE,FALSE,0.0368765687185857
S100a13,-0.08775043079573042,0.7436259240095232,-0.17658235817101708,0.5034024958673752,-0.15361076774730176,0.6652495194561809,S100a13,FALSE,FALSE,FALSE,FALSE,0.13931451890468308,FALSE,FALSE,0.0368702091605853
Casp2,0.21190624193367835,0.10915090517007948,0.15574669820113218,0.26542703031279147,0.05028835764497952,0.8084553666698914,Casp2,FALSE,FALSE,FALSE,FALSE,0.1393137659265967,FALSE,FALSE,0.03687000556472423
Trim27,-0.21052290408977203,0.1427241655072689,-0.09844961022742638,0.5224835155554023,-0.1089676746787358,0.5948197670713311,Trim27,FALSE,FALSE,FALSE,FALSE,0.13931339633197806,FALSE,FALSE,0.036869905630959904
Aldh3a2,0.17319541614240208,0.11493299063894784,0.08115027911596773,0.4902191322881744,0.16356853804655724,0.2719703273867796,Aldh3a2,FALSE,FALSE,FALSE,FALSE,0.13930474443497567,FALSE,FALSE,0.036867566266173664
Mphosph9,0.17553803203280793,0.35567643191782733,-0.17211455055590452,0.40627631741679104,-0.07024414805729773,0.8182957497726976,Mphosph9,FALSE,FALSE,FALSE,FALSE,0.13929891021533672,FALSE,FALSE,0.03686598876612081
Pyurf,-0.07466633877718554,0.6672470356025885,-0.07235376095316681,0.6966057929916216,-0.2708374420545283,0.23115471831081705,Pyurf,FALSE,FALSE,FALSE,FALSE,0.13928584726162688,FALSE,FALSE,0.03686245670674647
Exosc9,-0.17530894611023662,0.26856410610660447,-0.13555974001282856,0.41904335788362607,-0.10696038284275211,0.6388746135393064,Exosc9,FALSE,FALSE,FALSE,FALSE,0.1392763563219391,FALSE,FALSE,0.036859890475307536
Spag6l,-0.09678257575232418,0.7987373262194001,-0.1533342224575478,0.6881232615160287,-0.16770901199694244,0.7428128430247322,Spag6l,FALSE,FALSE,FALSE,FALSE,0.13927527006893814,FALSE,FALSE,0.03685959676607606
H2-Q2,0.3257972173517292,0.06872333677518429,0.05551007679255271,0.7844070823487248,-0.03651750921049768,0.9039075532415295,H2-Q2,FALSE,FALSE,FALSE,FALSE,0.1392749344515932,FALSE,FALSE,0.036859506019341765
Zfp92,-0.24916181753708955,0.2434359134456876,-0.11184288059127123,0.6309990809769691,-0.05670924406746547,0.8715213493266417,Zfp92,FALSE,FALSE,FALSE,FALSE,0.13923798073194207,FALSE,FALSE,0.036849514195531494
Spin2c,0.214979904574627,0.6670208723284757,-0.04462063582004616,0.9401684026673452,0.1580194335351428,0.8328385915490321,Spin2c,FALSE,FALSE,FALSE,FALSE,0.13920665797660534,FALSE,FALSE,0.03684104491407534
Fam32a,0.021979025497616433,0.8983967772377741,-0.15578566731964205,0.32578609896149663,-0.23984106612078282,0.24056953926754626,Fam32a,FALSE,FALSE,FALSE,FALSE,0.13920191964601378,FALSE,FALSE,0.03683976372872046
Igf2r,-0.15924242037806735,0.30968416799258885,-0.17779361175356367,0.29444603166190164,-0.08055188790354784,0.7388578026328823,Igf2r,FALSE,FALSE,FALSE,FALSE,0.13919597334505962,FALSE,FALSE,0.03683815592328117
Smad5,0.1347922821461669,0.2990955579425054,0.16945545836244413,0.23246053503819705,0.1131955126103632,0.5479808290541237,Smad5,FALSE,FALSE,FALSE,FALSE,0.13914775103965807,FALSE,FALSE,0.03682511721476018
Cdh8,0.2521213574473058,0.5542401922045476,0.029817735263297784,0.9548330814181778,0.13544895869660634,0.8393204122456593,Cdh8,FALSE,FALSE,FALSE,FALSE,0.13912935046906996,FALSE,FALSE,0.036820141930511106
Myrip,-0.03743979641625472,0.8599755554776412,-0.1406364806905529,0.48697102410008214,-0.23930551730010619,0.35781609041255696,Myrip,FALSE,FALSE,FALSE,FALSE,0.1391272648023046,FALSE,FALSE,0.03681957799229209
Rbm8a,-0.15999476554289327,0.26882606235392664,-0.1110786576448346,0.477271883057607,-0.1462419878327097,0.4718179228133177,Rbm8a,FALSE,FALSE,FALSE,FALSE,0.1391051370068125,FALSE,FALSE,0.03681359491302553
Lyst,0.22603461843196282,0.06372917024986907,0.11872728153507861,0.3408606046350536,0.07254537007255024,0.6734996583807101,Lyst,FALSE,FALSE,FALSE,FALSE,0.13910242334653056,FALSE,FALSE,0.03681286117321059
Pik3c2b,-0.3451120809417594,0.22132519906846976,-0.0617361782010577,0.844756783897877,0.01035169046943496,0.9820279074263849,Pik3c2b,FALSE,FALSE,FALSE,FALSE,0.13906664987075068,FALSE,FALSE,0.03680318847258807
Lonp2,-0.16240043661460568,0.13961278974211594,-0.12863132513075293,0.2753909866318058,-0.12613916015211224,0.4118234644521751,Lonp2,FALSE,FALSE,FALSE,FALSE,0.13905697396582362,FALSE,FALSE,0.036800572228860816
Ipo13,-0.2809249481285585,0.14352177058266086,-0.12037412859200458,0.5560890380472325,-0.015861494115728902,0.9653773707378508,Ipo13,FALSE,FALSE,FALSE,FALSE,0.13905352361209733,FALSE,FALSE,0.03679963929634843
Pcbd1,-0.09924905241097415,0.5515185686807378,-0.23838220878668803,0.1796174039862061,-0.07952673066281601,0.739869707198146,Pcbd1,FALSE,FALSE,FALSE,FALSE,0.13905266395349272,FALSE,FALSE,0.03679940685540892
Armc5,-0.11829790384989991,0.48948935047737296,-0.22493321757707907,0.2119362535670481,-0.07391969068826398,0.7709138763021548,Armc5,FALSE,FALSE,FALSE,FALSE,0.139050270705081,FALSE,FALSE,0.036798759750958
Ntng1,0.023575279406793603,0.9675169145347993,-0.1950319415706554,0.7251417931939177,0.1984876668576221,0.7808696579971197,Ntng1,FALSE,FALSE,FALSE,FALSE,0.13903162927835702,FALSE,FALSE,0.03679371934222089
Pcdh9,0.22463975868100494,0.3073055923830134,0.15191297976937523,0.5318166292988882,0.04040779139147066,0.9196388922326018,Pcdh9,FALSE,FALSE,FALSE,FALSE,0.13898684328061695,FALSE,FALSE,0.03678160976833196
Txk,0.03711528025088484,0.9537046474287407,0.07988658227746637,0.898355189542601,0.29980282666475266,0.6858738525246016,Txk,FALSE,FALSE,FALSE,FALSE,0.1389348963977013,FALSE,FALSE,0.03676756398061461
Lmntd1,-0.07755961786926013,0.9463064173649008,0.15141464620568168,0.8900912594306355,0.1877449888194973,0.9052165136027727,Lmntd1,FALSE,FALSE,FALSE,FALSE,0.1389064176314797,FALSE,FALSE,0.036759863678260576
Dctn5,-0.09825481471588748,0.5659475437646017,-0.14953336872930567,0.39301128516963024,-0.16886301319776464,0.46163282083593965,Dctn5,FALSE,FALSE,FALSE,FALSE,0.13888373221431927,FALSE,FALSE,0.036753729825066105
Fut4,-0.12763180746358405,0.7423126995069955,-0.16438717059623498,0.6772561676074447,-0.12462445088499186,0.8210777185923199,Fut4,FALSE,FALSE,FALSE,FALSE,0.13888114298160362,FALSE,FALSE,0.036753029728909536
Dpep1,-0.17881592089867215,0.5772108733172722,-0.14497422205745458,0.6674063980276905,-0.09283134261651504,0.8491848091589685,Dpep1,FALSE,FALSE,FALSE,FALSE,0.13887382852421393,FALSE,FALSE,0.036751051991074334
Slc41a2,0.19018292420144345,0.3254331720450501,-0.12867797844957085,0.5517516515019051,0.09769993178288683,0.7396320677867422,Slc41a2,FALSE,FALSE,FALSE,FALSE,0.13885361147796704,FALSE,FALSE,0.03674558555451612
Sh3bgr,-0.07078532338525356,0.7400631499149976,-0.16108287433408197,0.4382035968201947,-0.18467066869453763,0.49882734358485237,Sh3bgr,FALSE,FALSE,FALSE,FALSE,0.13884628880462438,FALSE,FALSE,0.036743605595189945
Atg2b,-0.16993722774973197,0.2273205709852163,-0.14728728100007782,0.3322453244578709,-0.09931128643809473,0.6333888823215602,Atg2b,FALSE,FALSE,FALSE,FALSE,0.13884526506263484,FALSE,FALSE,0.03674332878815446
Ap4s1,0.1543600767250135,0.3744363414180861,0.1603733201120816,0.3809614447562318,0.10177291662699428,0.6893773649417326,Ap4s1,FALSE,FALSE,FALSE,FALSE,0.13883543782136312,FALSE,FALSE,0.03674067162497156
Aqp11,-0.195371567219774,0.6841201472802957,0.20482169261324001,0.6613907956311317,-0.01628668515205467,0.9827650500887918,Aqp11,FALSE,FALSE,FALSE,FALSE,0.13882664832835623,FALSE,FALSE,0.036738295055945884
Gna11,-0.17040371713972746,0.22306410672759378,-0.1411628151084816,0.3493039524147857,-0.104883333943536,0.6089331033600185,Gna11,FALSE,FALSE,FALSE,FALSE,0.138816622063915,FALSE,FALSE,0.03673558407938608
Rbms2,-0.13747861927329197,0.5987663978116274,0.08737056055974879,0.7551806132235795,-0.19157322010605693,0.5923945425763639,Rbms2,FALSE,FALSE,FALSE,FALSE,0.1388074666463659,FALSE,FALSE,0.036733108568938855
Foxp2,0.09405030306400786,0.6821532657747811,0.2502842120103681,0.2746686979256006,0.07196853459204267,0.8387809972312222,Foxp2,FALSE,FALSE,FALSE,FALSE,0.13876768322213953,FALSE,FALSE,0.03672235162838748
Gfod2,-0.16053886369493942,0.37449793150459215,-0.21701941415885706,0.2577332507500716,0.038686532038516575,0.8976109099523567,Gfod2,FALSE,FALSE,FALSE,FALSE,0.13874826996410436,FALSE,FALSE,0.036717102526113016
Ccdc160,-0.37702461163909806,0.22623502083039632,0.002803229896578996,0.993212413205484,-0.036368314147005476,0.9456608272272778,Ccdc160,FALSE,FALSE,FALSE,FALSE,0.13873205189422752,FALSE,FALSE,0.036712717362771354
Mroh1,-0.2336670117784294,0.25243478821234944,-0.15166522420638184,0.4902191322881744,-0.030831416209899487,0.933557781691836,Mroh1,FALSE,FALSE,FALSE,FALSE,0.13872121739823692,FALSE,FALSE,0.03670978785050484
Carmil1,0.10478397583486743,0.5863197596063691,0.16000778996635656,0.4152198248266785,0.15130559129690635,0.5655563843929508,Carmil1,FALSE,FALSE,FALSE,FALSE,0.13869911903271012,FALSE,FALSE,0.03670381272873298
Klf10,0.3205335618934706,0.2643752521931874,-0.05616540495531552,0.8733439938286429,0.039354711902697126,0.9411848844156687,Klf10,FALSE,FALSE,FALSE,FALSE,0.13868455958382775,FALSE,FALSE,0.03669987603577268
Tbc1d8,-0.22496381477716465,0.13830814166299507,-0.08515547262344736,0.6063690865710692,0.10579589605189277,0.6220455487202412,Tbc1d8,FALSE,FALSE,FALSE,FALSE,0.13863839448416826,FALSE,FALSE,0.03668739356996583
Arrb1,-0.16496382144788502,0.46609025503707463,-0.21805650040897717,0.35647849610019083,-0.032673900794915056,0.9349888095537543,Arrb1,FALSE,FALSE,FALSE,FALSE,0.13856474088392576,FALSE,FALSE,0.03666747855725362
Gnptab,-0.17754606237093018,0.11606929944224173,-0.1610074663688259,0.18598641846202824,-0.07707058767790631,0.6323423162457882,Gnptab,FALSE,FALSE,FALSE,FALSE,0.1385413721392208,FALSE,FALSE,0.036661159940833854
Cdc5l,0.19496701640524972,0.14530543712226524,0.11342246682487911,0.42987351609327695,-0.10718095158808261,0.5811431081036605,Cdc5l,FALSE,FALSE,FALSE,FALSE,0.13852347827273714,FALSE,FALSE,0.036656321663039976
Mdm2,0.17171899968283721,0.13897387611421308,0.13812077592159522,0.2668413217170293,0.10563031733298356,0.5215022967855241,Mdm2,FALSE,FALSE,FALSE,FALSE,0.13849003097913867,FALSE,FALSE,0.03664727793299814
Cables2,-0.163500213730281,0.3996556468889322,-0.1637289139609024,0.4175768888803147,-0.08821132391829911,0.7566120040861165,Cables2,FALSE,FALSE,FALSE,FALSE,0.13848015053649418,FALSE,FALSE,0.03664460638482915
Tmem145,-0.126029917110831,0.8043474931410642,-0.021315218866189367,0.9694774020216769,-0.267981316188302,0.6930940634580646,Tmem145,FALSE,FALSE,FALSE,FALSE,0.13844215072177413,FALSE,FALSE,0.036634331709990184
Galk2,-0.09690572963079447,0.4002631953305871,-0.16158637816843502,0.19573543900633247,-0.15683280569081148,0.3198924465078698,Galk2,FALSE,FALSE,FALSE,FALSE,0.13844163783001365,FALSE,FALSE,0.03663419303047016
Gm15927,0.019785383604124407,0.9628376276257795,-0.0637062792062939,0.8806607965393203,0.33180703783921683,0.47452289776495404,Gm15927,FALSE,FALSE,FALSE,FALSE,0.13843290021654506,FALSE,FALSE,0.03663183048902305
Skp1a,0.21284567054833925,0.2038567850907144,0.18815329264742253,0.29912986556919796,0.014263718250958846,0.9661630285635516,Skp1a,FALSE,FALSE,FALSE,FALSE,0.13842089381557354,FALSE,FALSE,0.03662858410830048
Pitrm1,-0.01914471196774148,0.9111321266214082,-0.18213743902113055,0.24712681383081267,-0.21397453752704276,0.28655887239452893,Pitrm1,FALSE,FALSE,FALSE,FALSE,0.1384188961719716,FALSE,FALSE,0.0366280439704444
Arhgap39,-0.23486269763568357,0.16515300429281204,-0.09694200311394408,0.5927440460911324,0.08330825340138226,0.7337743974451609,Arhgap39,FALSE,FALSE,FALSE,FALSE,0.1383709847170033,FALSE,FALSE,0.036615089311994406
Lbr,0.16668167399569978,0.2116288605716958,0.10604984797282935,0.4574330781676811,0.1423580825846864,0.44107815584266885,Lbr,FALSE,FALSE,FALSE,FALSE,0.1383632015177385,FALSE,FALSE,0.036612984832216235
Kalrn,-0.1981613468808998,0.4658162163337927,-0.18587767334842376,0.5160626214823194,0.03104555952594268,0.9486223835320251,Kalrn,FALSE,FALSE,FALSE,FALSE,0.13836152658508874,FALSE,FALSE,0.036612531951367204
Tmem253,-0.20442009924922866,0.80130558423708,0.11205037271198792,0.8908836112770119,-0.0984887757030074,0.9371286767460086,Tmem253,FALSE,FALSE,FALSE,FALSE,0.138319749221408,FALSE,FALSE,0.03660123587451495
Rab2b,-0.14195539584111705,0.6118744864787613,-0.018806734612315967,0.9532696480720354,-0.25418555497780204,0.4918152224753389,Rab2b,FALSE,FALSE,FALSE,FALSE,0.138315895143745,FALSE,FALSE,0.03660019378009731
Etf1,0.17441639535577025,0.40456051715549624,0.20702327085472838,0.3561874081576746,-0.03346482142320539,0.9301326179938325,Etf1,FALSE,FALSE,FALSE,FALSE,0.13830149587790133,FALSE,FALSE,0.036596300398628115
Nprl3,-0.20186250720707344,0.16140102953383834,-0.09346291767692438,0.5402866307583487,-0.11953096825267462,0.5510282534209763,Nprl3,FALSE,FALSE,FALSE,FALSE,0.1382854643788908,FALSE,FALSE,0.03659196568171626
Rilpl1,-0.1782090197177717,0.3444245841983054,-0.08621297431251884,0.677558392453213,0.150332522288525,0.5554916822774585,Rilpl1,FALSE,FALSE,FALSE,FALSE,0.13825150543960518,FALSE,FALSE,0.036582783609077046
Arhgef3,0.07211822992512928,0.7016280438775115,0.17294822067262672,0.3485911360957191,0.16941086425414742,0.4863702468382915,Arhgef3,FALSE,FALSE,FALSE,FALSE,0.13815910495063446,FALSE,FALSE,0.03655779967202025
Vat1l,-0.129080907248873,0.6823732981528533,-0.2428792916679603,0.4410632863280626,-0.04237950868484841,0.9353121382912595,Vat1l,FALSE,FALSE,FALSE,FALSE,0.13811323586722724,FALSE,FALSE,0.0365453972453073
Cog6,0.2840508660716017,0.040457002276745785,0.10235771368517366,0.45160434155913814,-0.027856931025940668,0.899722477455269,Cog6,FALSE,FALSE,FALSE,FALSE,0.13808850359423866,FALSE,FALSE,0.03653870994788603
Hsd17b12,0.20132804455459485,0.2327203359354236,0.18548411858574276,0.3073787286386316,0.027405811292121385,0.9294950688482757,Hsd17b12,FALSE,FALSE,FALSE,FALSE,0.138072658144153,FALSE,FALSE,0.03653442553627753
Pcdhb1,-0.1977730674186069,0.27957109010825637,-0.11992140645869309,0.5377306469440382,-0.09650378820851957,0.7186101441521231,Pcdhb1,FALSE,FALSE,FALSE,FALSE,0.13806608736193984,FALSE,FALSE,0.03653264887891288
Dis3l2,-0.12810185522615214,0.3970282961934464,-0.14308780354702666,0.36793426638951665,-0.1429888228744538,0.49499899883399556,Dis3l2,FALSE,FALSE,FALSE,FALSE,0.1380594938825442,FALSE,FALSE,0.036530866084513836
Itfg2,-0.15284176505198577,0.4224275993214427,-0.18713551183797605,0.3489366219813205,-0.07410914374472899,0.8006237545003579,Itfg2,FALSE,FALSE,FALSE,FALSE,0.13802880687823027,FALSE,FALSE,0.0365225687021863
Plekhg6,-0.2405788214236395,0.44742216491753295,-0.12487791244394764,0.7128339208165703,0.04847615512921788,0.9260668732862938,Plekhg6,FALSE,FALSE,FALSE,FALSE,0.13797762966560168,FALSE,FALSE,0.036508731023692405
Ociad2,0.1846840088150321,0.28708690152976757,0.19403832101556873,0.30001675410688905,0.0351113781002228,0.909023217412115,Ociad2,FALSE,FALSE,FALSE,FALSE,0.13794456931027455,FALSE,FALSE,0.036499791916921764
Ufd1,-0.16519288919995478,0.2816149365817162,-0.19250462432070314,0.24547939059756288,-0.05606266382650027,0.81737415556582,Ufd1,FALSE,FALSE,FALSE,FALSE,0.1379200591157194,FALSE,FALSE,0.03649316466673254
Rhbdd1,0.017749459438548776,0.9287485706830463,-0.14662004192307654,0.4159803109691842,-0.2492965545331871,0.2846468327168071,Rhbdd1,FALSE,FALSE,FALSE,FALSE,0.1378886852982708,FALSE,FALSE,0.03648468157871971
Slit3,-0.09230268419540932,0.744643319549428,0.07106399589305035,0.8103073013280263,0.25026171247708673,0.46186011699147894,Slit3,FALSE,FALSE,FALSE,FALSE,0.13787613085518213,FALSE,FALSE,0.036481287014260094
Tmem147os,0.20511928886400577,0.5659475437646017,-0.08041670450198868,0.8468771031142535,-0.1280225611677478,0.8198018737302082,Tmem147os,FALSE,FALSE,FALSE,FALSE,0.1378528515112474,FALSE,FALSE,0.03647499257069094
Dnajb4,0.1883390683458943,0.2646660696892302,0.17210178299942314,0.3450808646250563,-0.05301817516772456,0.8521804971988252,Dnajb4,FALSE,FALSE,FALSE,FALSE,0.13781967550434734,FALSE,FALSE,0.03646602219318081
Osgin2,0.08418010933947073,0.7660277589106208,0.27194552876412725,0.30685674177384914,0.05731454822741,0.8958043307009604,Osgin2,FALSE,FALSE,FALSE,FALSE,0.13781339544366933,FALSE,FALSE,0.03646432414328476
Irf2bpl,-0.2901022554653663,0.09722986201506387,-0.11145713585609851,0.5540398345052084,-0.011854756530810917,0.9702827424909112,Irf2bpl,FALSE,FALSE,FALSE,FALSE,0.13780471595075858,FALSE,FALSE,0.03646197731690989
Fbxo22,-0.21170953843264684,0.10906227844165838,-0.06512928276620933,0.6510067566564882,-0.13653946980799958,0.44654042587227366,Fbxo22,FALSE,FALSE,FALSE,FALSE,0.1377927636689519,FALSE,FALSE,0.03645874556933291
Kbtbd11,-0.1812490861013183,0.3499238948732218,-0.17259633170784738,0.4065785222687313,-0.05952133190019637,0.8534801382837326,Kbtbd11,FALSE,FALSE,FALSE,FALSE,0.13778891656978734,FALSE,FALSE,0.03645770536181399
Cpeb1os1,0.012508062667395015,0.977443001888163,0.2488443399008704,0.5224418834916671,0.15191080494794185,0.787969696283249,Cpeb1os1,FALSE,FALSE,FALSE,FALSE,0.1377544025054024,FALSE,FALSE,0.036448373190287923
Hnrnpl,-0.15527388697862765,0.24018187358901422,-0.17809303657598097,0.21824471257422332,-0.07964348291771817,0.6870962481459709,Hnrnpl,FALSE,FALSE,FALSE,FALSE,0.13767013549077559,FALSE,FALSE,0.03642558844301165
Tmem5,0.19990524022215617,0.20708270968486384,0.2096690711936544,0.21923515587027972,0.0033294983416300994,0.9901871028138686,Tmem5,FALSE,FALSE,FALSE,FALSE,0.13763460325248023,FALSE,FALSE,0.03641598096998908
Ctnnal1,0.12255833134290839,0.4514086123009039,0.19872197474000863,0.24728591502651884,0.0915880599405261,0.7019845466257627,Ctnnal1,FALSE,FALSE,FALSE,FALSE,0.13762278867448105,FALSE,FALSE,0.036412786455800115
Aatf,-0.180188814474191,0.41073064602331016,-0.15195426251126598,0.5102316589823156,-0.08071358700778442,0.8089251918493282,Aatf,FALSE,FALSE,FALSE,FALSE,0.13761888799774713,FALSE,FALSE,0.036411731761576256
Rabggtb,-0.08379868977343374,0.5901329589818292,-0.07851183293470321,0.6362933742893978,-0.25054152845998257,0.22443275466612672,Rabggtb,FALSE,FALSE,FALSE,FALSE,0.13761735038937317,FALSE,FALSE,0.03641131601149462
Timm21,0.22259314867769575,0.2725929329345195,0.1869468109913872,0.3830443145920516,0.003250803734580643,0.9924441679334658,Timm21,FALSE,FALSE,FALSE,FALSE,0.13759692113455455,FALSE,FALSE,0.03640579219639157
Kif23,0.0473948630549097,0.9437810297417439,-0.2322445694010396,0.7200549700784775,0.13313560656872414,0.884352967316735,Kif23,FALSE,FALSE,FALSE,FALSE,0.13759167967489114,FALSE,FALSE,0.0364043749712256
Klhl21,-0.1876869794155871,0.25999706357642294,-0.16046179596070775,0.36833597979706445,-0.06447711359796937,0.8078027986058567,Klhl21,FALSE,FALSE,FALSE,FALSE,0.1375419629914214,FALSE,FALSE,0.03639093220155721
Dync1i1,-0.09073486440681222,0.6787487937695537,-0.22276246950023504,0.3072857445490773,-0.09908528042934073,0.7473680811939173,Dync1i1,FALSE,FALSE,FALSE,FALSE,0.13752753811212934,FALSE,FALSE,0.03638703189453178
Chrnb1,-0.23008829040971657,0.3003658489583547,0.10045492705137615,0.6679840142791484,-0.08191006622988661,0.80712330604655,Chrnb1,FALSE,FALSE,FALSE,FALSE,0.1374844278969931,FALSE,FALSE,0.036375375431308844
Ppp1r3c,0.09439776406545475,0.8075516381061104,0.29334355010345714,0.413865623457576,-0.024688661664425293,0.9692575353705227,Ppp1r3c,FALSE,FALSE,FALSE,FALSE,0.13747665861111238,FALSE,FALSE,0.03637327471353578
Smap1,0.10454129697844472,0.568863065848813,0.10609011055540485,0.576859379631759,0.2017734112244436,0.3947918499857234,Smap1,FALSE,FALSE,FALSE,FALSE,0.13746827291943106,FALSE,FALSE,0.036371007327340346
Egln3,-0.23163576531616803,0.5452242168761199,-0.13158977130104343,0.7475247223683117,0.049116985207640074,0.9369141997487906,Egln3,FALSE,FALSE,FALSE,FALSE,0.1374475072749505,FALSE,FALSE,0.03636539255667814
Pkn1,-0.18956961259666905,0.3000955593108979,-0.20798084800960392,0.2879337247719766,-0.014768532665034861,0.9670650377133959,Pkn1,FALSE,FALSE,FALSE,FALSE,0.1374396644237693,FALSE,FALSE,0.03636327194776751
Gm37170,-0.04001966027782111,0.9180725825145332,-0.13158644615688964,0.7239467996144686,-0.24064892238082902,0.6150505511268062,Gm37170,FALSE,FALSE,FALSE,FALSE,0.13741834293851327,FALSE,FALSE,0.03635750688470857
Ggta1,-0.24969450159423756,0.3265567932398911,0.05895567420025971,0.8363181970397431,-0.10352718281590212,0.7856859702254747,Ggta1,FALSE,FALSE,FALSE,FALSE,0.13739245287013313,FALSE,FALSE,0.03635050653388779
Dnajc21,0.08384482700697315,0.800222287721985,0.2949190247878928,0.35244441717971625,0.033311820784758694,0.9526184990644687,Dnajc21,FALSE,FALSE,FALSE,FALSE,0.13735855752654155,FALSE,FALSE,0.0363413416567292
Arl8b,0.17983731667079006,0.15572582048843675,0.1932949527757648,0.17170725789110783,0.038896242461966324,0.8543040731563448,Arl8b,FALSE,FALSE,FALSE,FALSE,0.1373428373028404,FALSE,FALSE,0.036337091104769535
Slitrk1,-0.34062826366688803,0.07911025816479031,0.013945205040299946,0.9518065535685244,0.05742910720614258,0.8489764920533845,Slitrk1,FALSE,FALSE,FALSE,FALSE,0.1373341919711102,FALSE,FALSE,0.036334753515150815
Map3k12,0.03999457753236513,0.8670362262209269,-0.2406897493004161,0.2911540578624246,0.13128961761870883,0.6675429255477471,Map3k12,FALSE,FALSE,FALSE,FALSE,0.1373246481504967,FALSE,FALSE,0.03633217298537067
Samd4b,-0.26461107914880344,0.14257058648080886,-0.07306695896314608,0.719911426935617,-0.07416492420285081,0.7910311196374045,Samd4b,FALSE,FALSE,FALSE,FALSE,0.13728098743826678,FALSE,FALSE,0.03632036767461573
Rprm,-0.17593458384076044,0.6445004234114026,-0.2283550936974934,0.5568641440733068,-0.007514020375717134,0.9901796608639275,Rprm,FALSE,FALSE,FALSE,FALSE,0.137267899304657,FALSE,FALSE,0.036316828806911235
5430402O13Rik,-0.20173029910385343,0.6404746206840406,0.06469331307229997,0.8881199380227645,0.14532891490167343,0.8067029261544192,5430402O13Rik,FALSE,FALSE,FALSE,FALSE,0.13725084235927562,FALSE,FALSE,0.036312216822120505
Rab11b,-0.18229410632098997,0.2402437182617937,-0.1658858063777915,0.31988642146586505,-0.06341663793388275,0.7972027662037148,Rab11b,FALSE,FALSE,FALSE,FALSE,0.13719885021088807,FALSE,FALSE,0.03629815879518545
Dlk1,0.08102277135755287,0.8175214074583759,-0.11335219434238475,0.7576703468950519,0.21721952116441123,0.6408282459841037,Dlk1,FALSE,FALSE,FALSE,FALSE,0.1371981622881163,FALSE,FALSE,0.03629797278946815
Aig1,-0.29770173122707533,0.04849389014100938,0.04221745407173838,0.7899487114075886,-0.07166913156396415,0.7276658000822541,Aig1,FALSE,FALSE,FALSE,FALSE,0.13719610562092596,FALSE,FALSE,0.036297416692371666
Pcyt1a,-0.16609891648963782,0.19748252141964742,-0.1388771877405297,0.3131407981682691,-0.10645587314085692,0.565034693231984,Pcyt1a,FALSE,FALSE,FALSE,FALSE,0.13714399245700815,FALSE,FALSE,0.036283325944350124
Ptgs1,0.178349772796218,0.6236538677381673,0.1691905628651682,0.657649842784003,0.0638351379607962,0.9160515032886777,Ptgs1,FALSE,FALSE,FALSE,FALSE,0.1371251578740608,FALSE,FALSE,0.03627823330858499
Lrig2,0.1247571634913962,0.23536005855271347,0.17058784811606387,0.1528795889478993,0.11602796660970593,0.4344250175458746,Lrig2,FALSE,FALSE,FALSE,FALSE,0.13712432607238867,FALSE,FALSE,0.03627800839981177
Rassf5,0.19864776996659006,0.5305063890465933,0.13444365246923673,0.6978668625183938,0.07823197365816337,0.8796884147096544,Rassf5,FALSE,FALSE,FALSE,FALSE,0.13710779869799672,FALSE,FALSE,0.03627353960439604
Plcd1,-0.10705722767976988,0.742183552187002,0.27619430166978187,0.3468923847512097,-0.028064771586108872,0.9592335208904351,Plcd1,FALSE,FALSE,FALSE,FALSE,0.1371054336452202,FALSE,FALSE,0.03627290012369239
Gnb3,-0.28807748749757245,0.11639787513215066,-0.11617420648473598,0.551143586052534,-0.007057541886575258,0.9820279074263849,Gnb3,FALSE,FALSE,FALSE,FALSE,0.13710307862296123,FALSE,FALSE,0.03627226335511529
Inhbb,-0.2557741458943221,0.19435063295164465,-0.09591756038416044,0.6567775175666121,-0.05959326914852703,0.8509459558257835,Inhbb,FALSE,FALSE,FALSE,FALSE,0.1370949918090032,FALSE,FALSE,0.03627007678171976
Ppil1,-0.14729622570698053,0.4906504523533015,-0.10449775214399093,0.6451921120325569,-0.159341452349143,0.5869831066754727,Ppil1,FALSE,FALSE,FALSE,FALSE,0.13704514340003815,FALSE,FALSE,0.03625659839512422
Hnrnpm,-0.23819293520528007,0.11482343676417318,-0.08766474734493723,0.5977489295168975,-0.08523184118941707,0.7037601176937658,Hnrnpm,FALSE,FALSE,FALSE,FALSE,0.1370298412465448,FALSE,FALSE,0.036252460884122165
Mkrn2,-0.3184209769849282,0.16737491179174305,-0.05920107536153019,0.8216035230814268,-0.0333410347915164,0.933557781691836,Mkrn2,FALSE,FALSE,FALSE,FALSE,0.13698769571265826,FALSE,FALSE,0.03624106525864901
Ttc4,0.17624835923592208,0.18156696353840152,0.10894150147682424,0.4409469485736885,0.1257076332911744,0.4973650537487877,Ttc4,FALSE,FALSE,FALSE,FALSE,0.13696583133464024,FALSE,FALSE,0.03623515340417428
Med9os,-0.24392775869396277,0.5546379995364945,0.012924702111817732,0.9782043145464707,-0.15399607443475616,0.7965465873015468,Med9os,FALSE,FALSE,FALSE,FALSE,0.13694951174684555,FALSE,FALSE,0.03623074079165678
Vps9d1,0.10988690328236528,0.5325690848881998,-0.18402504545106746,0.3209830096007951,0.1167744233721062,0.6323909429312146,Vps9d1,FALSE,FALSE,FALSE,FALSE,0.13689545736851297,FALSE,FALSE,0.03621612516352592
Cwc22,0.10427865546844473,0.5197522428048326,0.2184399687041525,0.1979471064179767,0.08796266032075728,0.7084374556610531,Cwc22,FALSE,FALSE,FALSE,FALSE,0.13689376149778484,FALSE,FALSE,0.036215666621282255
Wdr53,-0.22597074402003114,0.18873682415352702,-0.044329374584123116,0.8204493032521621,-0.1403661409058179,0.5523020021361955,Wdr53,FALSE,FALSE,FALSE,FALSE,0.13688875316999072,FALSE,FALSE,0.03621431243205921
Rtn1,-0.2232856897069082,0.10665462045303319,-0.1798612305081564,0.22181136806305504,-0.007463459549541085,0.9765259158911566,Rtn1,FALSE,FALSE,FALSE,FALSE,0.13687012658820188,FALSE,FALSE,0.03620927603720698
9430091E24Rik,0.14668432393007902,0.6724981360081108,0.2421734646570901,0.47366301306790326,-0.02167691906560054,0.9709823043963116,9430091E24Rik,FALSE,FALSE,FALSE,FALSE,0.13684490255092321,FALSE,FALSE,0.03620245577286955
Mbp,0.06905887793124599,0.8887927433438453,0.22219338673382527,0.643862690278799,0.11921857662837798,0.8691385774161977,Mbp,FALSE,FALSE,FALSE,FALSE,0.13682361376448307,FALSE,FALSE,0.036196699551161615
Cep192,0.2381682982951121,0.1386356548437177,-0.05589229937280571,0.7667745112604895,0.11639511070818287,0.6150505511268062,Cep192,FALSE,FALSE,FALSE,FALSE,0.13681856945870022,FALSE,FALSE,0.03619533563394021
Ywhab,0.2091988249235861,0.15398819361771396,0.13311842825664044,0.39929924661994504,0.06812503538981396,0.7656749554956809,Ywhab,FALSE,FALSE,FALSE,FALSE,0.1368140961900135,FALSE,FALSE,0.03619412611801067
Ahdc1,-0.21647699834409462,0.4044297953883055,-0.1559009906329596,0.5856790106435726,0.03806213328001462,0.9354236320279655,Ahdc1,FALSE,FALSE,FALSE,FALSE,0.1368133740856896,FALSE,FALSE,0.036193930870029
Mapk14,-0.16960500120025568,0.23030211224033137,-0.15957690133378843,0.2940906381589807,-0.08117039635882772,0.7024748625539515,Mapk14,FALSE,FALSE,FALSE,FALSE,0.13678409963095728,FALSE,FALSE,0.0361860154234491
Pspc1,0.03377633141703562,0.8819226446177186,0.19809628722366224,0.34286147099032444,0.1782084336479297,0.5212893631595337,Pspc1,FALSE,FALSE,FALSE,FALSE,0.1366936840962092,FALSE,FALSE,0.03616156819319884
Mcph1,0.023193522131694344,0.9081630137162336,-0.20261951486312313,0.2719573862991408,-0.18419180491611087,0.4409658825010089,Mcph1,FALSE,FALSE,FALSE,FALSE,0.13666828063697611,FALSE,FALSE,0.036154699415408005
Yju2,-0.2723940238871756,0.18154536406634034,-0.08757826507082722,0.6908795276813802,0.04995715645841159,0.8762110423510856,Yju2,FALSE,FALSE,FALSE,FALSE,0.13664314847213813,FALSE,FALSE,0.03614790399222997
Gemin6,0.02771718121620781,0.9350946001814433,0.27374693012079776,0.3391756847063306,-0.10839615019556059,0.8083932338655838,Gemin6,FALSE,FALSE,FALSE,FALSE,0.13662008717752205,FALSE,FALSE,0.036141668506470596
Nf1,0.1415908476739851,0.21592936746452193,0.15690336653098313,0.21131351596952883,0.11134890402800934,0.4951233570430169,Nf1,FALSE,FALSE,FALSE,FALSE,0.13661437274432586,FALSE,FALSE,0.03614012339517433
Xpo5,-0.17987229000543437,0.18847357713537874,-0.13441254989084594,0.36051765594373625,-0.09536368040500953,0.6359871628734955,Xpo5,FALSE,FALSE,FALSE,FALSE,0.13654950676709662,FALSE,FALSE,0.03612258444586491
Ppp1r35,0.04070930877624512,0.8771848029584649,-0.18261479034429806,0.46401894330303334,0.18601155780781609,0.5529180452896785,Ppp1r35,FALSE,FALSE,FALSE,FALSE,0.13644521897611975,FALSE,FALSE,0.036094386330956824
Galnt13,0.0103242804279704,0.9724399785511962,0.20434382945718443,0.43262395988182517,0.19460530210038662,0.5793613560694663,Galnt13,FALSE,FALSE,FALSE,FALSE,0.13642447066184715,FALSE,FALSE,0.036088776246166195
1700023F06Rik,-0.12096302639966339,0.7754163167574533,-0.11233549208696558,0.7988495542947222,0.1759465895655692,0.7464469040878334,1700023F06Rik,FALSE,FALSE,FALSE,FALSE,0.13641503601739938,FALSE,FALSE,0.036086225236256375
Gm12758,0.04963196362889899,0.9317369831991619,0.09655857060262074,0.863486685319568,0.26303871226165054,0.6978021416030433,Gm12758,FALSE,FALSE,FALSE,FALSE,0.13640974883105675,FALSE,FALSE,0.03608479564716801
Zfhx2,-0.15721717523099699,0.4730343096839526,0.11068845206524536,0.6410965569488515,0.14131445068543957,0.648719018660817,Zfhx2,FALSE,FALSE,FALSE,FALSE,0.13640669266056063,FALSE,FALSE,0.03608396929687311
Dclk2,-0.21984275609813775,0.22904526526770416,0.09813238826159498,0.629511933954174,0.09124079013336406,0.7428128430247322,Dclk2,FALSE,FALSE,FALSE,FALSE,0.13640531149769894,FALSE,FALSE,0.03608359584770216
Slc16a2,-0.17633303961364177,0.38023004151526335,-0.1320664370189384,0.5447016697541355,-0.10051725559081692,0.7396320677867422,Slc16a2,FALSE,FALSE,FALSE,FALSE,0.13630557740779903,FALSE,FALSE,0.0360566289966364
Nfix,-0.1897608931772954,0.35969260018030097,-0.18090027069011239,0.41955941237361744,-0.03801787954760627,0.9191548493085014,Nfix,FALSE,FALSE,FALSE,FALSE,0.13622634780500467,FALSE,FALSE,0.036035206302543546
Srl,0.2458023312488915,0.5299026942861009,0.007025154992347682,0.9874818132315694,-0.15565882457959734,0.8019536351272458,Srl,FALSE,FALSE,FALSE,FALSE,0.1361621036069455,FALSE,FALSE,0.036017835474548426
Pim2,-0.1746767013201902,0.27149324724657176,-0.07318251386318231,0.6788784622976508,-0.16060642714399087,0.46337846929732385,Pim2,FALSE,FALSE,FALSE,FALSE,0.13615521410912113,FALSE,FALSE,0.03601597264046698
Efhc1,-0.1893865570855362,0.5405364092416441,-0.2137676926992942,0.5005604397193045,0.005299708857654739,0.9911031234641976,Efhc1,FALSE,FALSE,FALSE,FALSE,0.13615131954749504,FALSE,FALSE,0.03601491959969183
Lemd1,-0.01827905917592898,0.9668961626865737,-0.0906428815202775,0.8341670448122318,-0.2994484832190867,0.579053990186208,Lemd1,FALSE,FALSE,FALSE,FALSE,0.13612347463843105,FALSE,FALSE,0.03600739068438893
Arhgef7,-0.1745411315530836,0.2543434060915999,-0.08198144777156635,0.6296206323710034,-0.15183369352132736,0.4802323611650335,Arhgef7,FALSE,FALSE,FALSE,FALSE,0.13611875761532577,FALSE,FALSE,0.03600611526031195
Tspan13,0.2683199413471993,0.10132260342241298,0.06847715392418507,0.710411053746016,-0.07146226107415998,0.7768387529159368,Tspan13,FALSE,FALSE,FALSE,FALSE,0.13608645211518144,FALSE,FALSE,0.035997380256945787
Med19,0.06253631566124973,0.7243911897347607,0.29981064037173333,0.11257441442077495,0.045804297526866655,0.8662045680027711,Med19,FALSE,FALSE,FALSE,FALSE,0.13605041785328323,FALSE,FALSE,0.035987637043017134
Crk,0.1676943642699804,0.30204119926460643,0.2279234916108015,0.20242631026084787,0.012454561864394975,0.9685803312029015,Crk,FALSE,FALSE,FALSE,FALSE,0.1360241392483923,FALSE,FALSE,0.03598053163678121
Mrap2,0.008611750553107811,0.9628376276257795,0.10865081507766972,0.5043510640478902,0.29076822838797156,0.15450026661904256,Mrap2,FALSE,FALSE,FALSE,FALSE,0.13601026467291635,FALSE,FALSE,0.035976780125027946
Sec16a,-0.1832688064329604,0.3178749792710864,-0.11461517298782997,0.5755408593563625,-0.11011325035578423,0.6893773649417326,Sec16a,FALSE,FALSE,FALSE,FALSE,0.13599907659219154,FALSE,FALSE,0.0359737550078697
Telo2,-0.12961539004499123,0.4529832617042181,-0.16751954461569785,0.34851350943734,-0.11068836699265638,0.6490186571658155,Telo2,FALSE,FALSE,FALSE,FALSE,0.13594110055111516,FALSE,FALSE,0.03595807901116027
Siae,-0.14774247749504887,0.4273059545355209,-0.12038853621955603,0.5509406252596274,-0.1396885601263005,0.5999389162503753,Siae,FALSE,FALSE,FALSE,FALSE,0.13593985794696847,FALSE,FALSE,0.03595774302653364
Uxt,0.18390966851192792,0.3842023423801883,0.10396301812498576,0.6592298262613572,-0.11992117470750552,0.7088382059094462,Uxt,FALSE,FALSE,FALSE,FALSE,0.1359312871148064,FALSE,FALSE,0.03595542558066677
Nat8f4,-0.14818263486905048,0.6225805598813781,-0.1892456682991357,0.5359476093692226,-0.07034371347225754,0.8801662231380971,Nat8f4,FALSE,FALSE,FALSE,FALSE,0.13592400554681458,FALSE,FALSE,0.03595345673571358
Lrrc8d,-0.19980555684793178,0.3715470603916596,-0.15145508162124344,0.5339867055320109,-0.05642263637126543,0.8817102844923025,Lrrc8d,FALSE,FALSE,FALSE,FALSE,0.13589442494681356,FALSE,FALSE,0.03594545851128035
Itm2b,-0.09962556263631939,0.6194518414249366,-0.07064061154200374,0.7520036526393976,-0.23740704758666453,0.3739291174064062,Itm2b,FALSE,FALSE,FALSE,FALSE,0.13589107392166255,FALSE,FALSE,0.03594455243597294
Trim62,-0.11759721462125605,0.7311324843150211,-0.20313183723004213,0.5501827305736446,0.08688112118716984,0.8605830051110713,Trim62,FALSE,FALSE,FALSE,FALSE,0.13587005767948934,FALSE,FALSE,0.035938869906827535
Tcf24,-0.1443048675269445,0.5978302841601685,0.17093061581813407,0.5185979424085582,-0.09216123754115912,0.8179671664440612,Tcf24,FALSE,FALSE,FALSE,FALSE,0.13579890696207922,FALSE,FALSE,0.035919631642342985
Eaf1,-0.17169644683933782,0.1539109359258738,-0.12151906563307602,0.34432151937824074,-0.11414930488393438,0.502189438890087,Eaf1,FALSE,FALSE,FALSE,FALSE,0.13578827245211608,FALSE,FALSE,0.03591675620379814
2010320M18Rik,0.16345608767470932,0.5293706945159956,-0.12541886602720398,0.6654905211378586,-0.11848863314920388,0.7640281829446782,2010320M18Rik,FALSE,FALSE,FALSE,FALSE,0.13578786228370573,FALSE,FALSE,0.03591664529938777
Dnmbp,-0.27598862458408746,0.11639787513215066,-0.0757963267717301,0.6955686639752524,-0.05557764334714754,0.8416216884610147,Dnmbp,FALSE,FALSE,FALSE,FALSE,0.13578753156765502,FALSE,FALSE,0.035916555877902163
Fgfr3,0.015290733082256258,0.9769897327863356,-0.3165341296577493,0.5286028989477645,0.07545746933993858,0.9228714783128431,Fgfr3,FALSE,FALSE,FALSE,FALSE,0.13576077735998138,FALSE,FALSE,0.035909321874619614
Lars,-0.05094584173969441,0.7819021328609058,-0.2135275188886432,0.23796709180464629,-0.1428055005371327,0.5521888824401439,Lars,FALSE,FALSE,FALSE,FALSE,0.1357596203884901,FALSE,FALSE,0.035909009043992454
Calm2,-0.09506098692006226,0.46913844065598226,-0.15154605124558884,0.2765858751682379,-0.16061938088588867,0.3729235687269379,Calm2,FALSE,FALSE,FALSE,FALSE,0.1357421396838466,FALSE,FALSE,0.03590428247999494
Sh3gl1,-0.2529362324122548,0.15806567020361884,-0.12011142384004181,0.5286028989477645,-0.034116906330207364,0.9100554618787647,Sh3gl1,FALSE,FALSE,FALSE,FALSE,0.13572152086083467,FALSE,FALSE,0.03589870740802234
Arhgef19,0.2992747657877808,0.41073064602331016,-0.07878199370229755,0.8589112891751388,-0.028947489704272744,0.9676362926815323,Arhgef19,FALSE,FALSE,FALSE,FALSE,0.1356680830647837,FALSE,FALSE,0.03588425849603211
Senp3,-0.12955902421651988,0.25937710213257337,-0.11069923906629864,0.3651755561451283,-0.16667212274670362,0.29152801104282167,Senp3,FALSE,FALSE,FALSE,FALSE,0.1356434620098407,FALSE,FALSE,0.03587760127057995
Celf4,0.2330550297117817,0.10177888875190069,-0.008107409547871036,0.9634586037358654,0.165730166321719,0.39683724562334605,Celf4,FALSE,FALSE,FALSE,FALSE,0.13563086852712392,FALSE,FALSE,0.03587419615029296
Ttc1,-0.16897937824139309,0.2924865704596583,-0.06184585515559515,0.7337224407776441,-0.1759830722349207,0.43033795424480753,Ttc1,FALSE,FALSE,FALSE,FALSE,0.13560276854396966,FALSE,FALSE,0.035866598266144904
Rarb,-0.07562047257948867,0.8102921940170118,-0.11901217483623583,0.705860334460487,-0.2121629552691533,0.5996844107778081,Rarb,FALSE,FALSE,FALSE,FALSE,0.1355985342282926,FALSE,FALSE,0.03586545336012187
Pigz,-0.025122669018333266,0.948977493097095,-0.33661956922790015,0.34711013538464913,-0.045017984451502624,0.9383774951154112,Pigz,FALSE,FALSE,FALSE,FALSE,0.13558674089924536,FALSE,FALSE,0.035862264591383856
Dmrta2,-0.13817954727925752,0.6221174939375946,0.06828496437441167,0.8241006634380525,0.2002827640937479,0.5853460266172439,Dmrta2,FALSE,FALSE,FALSE,FALSE,0.13558242524913902,FALSE,FALSE,0.035861097693547964
1700086O06Rik,-0.08164027842116983,0.7833979417535396,-0.12894582412580458,0.6657896739389066,-0.19615691925075196,0.6105192888508725,1700086O06Rik,FALSE,FALSE,FALSE,FALSE,0.1355810072659088,FALSE,FALSE,0.03586071428860967
Pccb,-0.06599176496907244,0.5969105733671356,-0.1764015103506944,0.18403549311500284,-0.16417027866045686,0.3225638205250668,Pccb,FALSE,FALSE,FALSE,FALSE,0.13552118466007457,FALSE,FALSE,0.03584453900387487
Gm32849,0.10820824931426287,0.86215376590586,-0.2964438031267216,0.6459016304786066,-0.0016764358159284676,0.9982049596371056,Gm32849,FALSE,FALSE,FALSE,FALSE,0.13544282941897098,FALSE,FALSE,0.035823352726252214
Atg9b,-0.10936736761268318,0.6841615019208038,-0.15228840292108137,0.5765521789485791,-0.14462856446753936,0.693855170501762,Atg9b,FALSE,FALSE,FALSE,FALSE,0.1354281116671013,FALSE,FALSE,0.035819373230143205
Gm42715,0.20348301228145527,0.6365022692129805,0.11351839038874545,0.8138831620533922,0.08923557344860367,0.8989925417065644,Gm42715,FALSE,FALSE,FALSE,FALSE,0.1354123253729348,FALSE,FALSE,0.035815104813555695
Pik3c2g,0.2807040630438428,0.6648640044028655,0.010619733037971424,0.9880856345527023,-0.11484065417129741,0.9191548493085014,Pik3c2g,FALSE,FALSE,FALSE,FALSE,0.13538815008437055,FALSE,FALSE,0.03580856811775953
P2rx4,-0.24446742707809888,0.10010847516662794,-0.1491018670396187,0.32322488662811827,-0.012534118265572936,0.9630623165232519,P2rx4,FALSE,FALSE,FALSE,FALSE,0.1353678041277635,FALSE,FALSE,0.035803066825451514
Gnb1,-0.1108850602453133,0.36224987140351866,-0.15750703770281138,0.23560732458568792,-0.13768799939802268,0.42319479030660206,Gnb1,FALSE,FALSE,FALSE,FALSE,0.13536003244871578,FALSE,FALSE,0.03580096546059602
Grhpr,-0.042519183460063115,0.8503825997403027,-0.29025789197396534,0.1902261960527705,-0.07329811143566634,0.8159617085620976,Grhpr,FALSE,FALSE,FALSE,FALSE,0.1353583956232316,FALSE,FALSE,0.035800522883448156
Pcdhb15,-0.2296429869261496,0.49598543390081234,-0.06788773286999006,0.8546060065218345,-0.10844549769862466,0.8292448572951144,Pcdhb15,FALSE,FALSE,FALSE,FALSE,0.1353254058315881,FALSE,FALSE,0.03579160285621541
Bloc1s5,-0.1447701665352641,0.43065227924500626,-0.1435058810618406,0.45643475083599144,-0.11759087104596233,0.6539032510393108,Bloc1s5,FALSE,FALSE,FALSE,FALSE,0.13528897288102235,FALSE,FALSE,0.03578175184185533
Ctf1,-0.20847105803464316,0.5659475437646017,-0.0783286382557109,0.8433592131003287,-0.11899491638454673,0.825186413562655,Ctf1,FALSE,FALSE,FALSE,FALSE,0.1352648708916336,FALSE,FALSE,0.035775234965239856
Mill2,-0.25561389138399937,0.44230537295467437,0.04320251606321701,0.9072762305426342,-0.10694248563015818,0.8325360249460589,Mill2,FALSE,FALSE,FALSE,FALSE,0.13525296435912484,FALSE,FALSE,0.035772015587701086
Vangl1,0.13564502717344773,0.5206341441730012,-0.11593602680145487,0.61608608709533,0.15415296558867553,0.5987037601073929,Vangl1,FALSE,FALSE,FALSE,FALSE,0.13524467318785938,FALSE,FALSE,0.03576977375864443
4930581F22Rik,0.12630235321365735,0.6973792971964393,0.25146752223424773,0.41955941237361744,0.027753883406686164,0.9615748313912464,4930581F22Rik,FALSE,FALSE,FALSE,FALSE,0.13517458628486376,FALSE,FALSE,0.035750823136278094
Slc29a3,-0.07337010577530112,0.7982535237026437,-0.26447684970834384,0.3388965526612621,-0.06764291711663306,0.8742256792177077,Slc29a3,FALSE,FALSE,FALSE,FALSE,0.13516329086675935,FALSE,FALSE,0.03574776899643431
Ippk,-0.11120609956913352,0.6344289430634305,0.15881508810872091,0.5004563101930404,-0.13546453310689888,0.6774700259925407,Ippk,FALSE,FALSE,FALSE,FALSE,0.1351619069282511,FALSE,FALSE,0.03574739479676323
Tmlhe,0.36093755584620935,0.09651986621113183,0.027298427363716016,0.9178672377707644,0.01710085820529672,0.9674806741726476,Tmlhe,FALSE,FALSE,FALSE,FALSE,0.1351122804717407,FALSE,FALSE,0.035733976423336644
Atp1b3,0.10144653305598172,0.7807176111123362,-0.09341489298780381,0.8138831620533922,-0.210473994450175,0.6677443083273095,Atp1b3,FALSE,FALSE,FALSE,FALSE,0.13511180683132018,FALSE,FALSE,0.03573384835688823
Snrnp27,0.18380661789546426,0.24854022203155948,0.15746987803672674,0.3532574664832106,-0.06398991562729517,0.801564151963677,Snrnp27,FALSE,FALSE,FALSE,FALSE,0.13508880385316205,FALSE,FALSE,0.03572762863917003
Rnf214,-0.15059528080187068,0.31266138301676816,-0.16144713734896676,0.3077067141902111,0.09314258140533127,0.6632116670521964,Rnf214,FALSE,FALSE,FALSE,FALSE,0.1350616665187229,FALSE,FALSE,0.03572029104319981
Scg3,-0.10102823531861116,0.6211648446710795,-0.16423467218399246,0.4358520250915192,-0.13990060314997077,0.6262671355095659,Scg3,FALSE,FALSE,FALSE,FALSE,0.13505450355085813,FALSE,FALSE,0.03571835426623828
1700123M08Rik,0.2051897290876561,0.6621922697502659,-0.09720645258859131,0.857517584056431,0.10273243409798816,0.8921582714898193,1700123M08Rik,FALSE,FALSE,FALSE,FALSE,0.13504287192474518,FALSE,FALSE,0.035715209219952145
Irak1bp1,0.19236710629618603,0.3253122321794847,0.1352902353484149,0.5246072596749145,0.07740381382076666,0.8030829852589941,Irak1bp1,FALSE,FALSE,FALSE,FALSE,0.13502038515512252,FALSE,FALSE,0.03570912907856846
Smad7,-0.21953265912400965,0.26929806925392064,0.04388650953143802,0.8455692065190131,0.14159610555262914,0.5991712734054857,Smad7,FALSE,FALSE,FALSE,FALSE,0.13500509140269226,FALSE,FALSE,0.03570499383910884
Smg6,-0.20237641001806583,0.17705779647457262,-0.15625684664387407,0.3309603665553019,-0.046330491055101675,0.8529927168448074,Smg6,FALSE,FALSE,FALSE,FALSE,0.13498791590568052,FALSE,FALSE,0.03570034979943935
Ttc39d,0.06162637005155003,0.9260396327392754,0.08384116844372652,0.8982786233582888,-0.25949211122826243,0.7679830691706384,Ttc39d,FALSE,FALSE,FALSE,FALSE,0.13498654990784634,FALSE,FALSE,0.035699980450702246
Gm1043,0.13729625239389476,0.7409911217830032,-0.029685671571451966,0.9509268200092391,0.23790357924162664,0.6566788454210833,Gm1043,FALSE,FALSE,FALSE,FALSE,0.13496183440232445,FALSE,FALSE,0.03569329768699435
Epc1,-0.2529230641801776,0.1504299177020898,-0.06881993107626894,0.7287647835703219,-0.08312501809242967,0.7536911530479463,Epc1,FALSE,FALSE,FALSE,FALSE,0.1349560044496254,FALSE,FALSE,0.0356917213406687
Oxnad1,-0.18622368838056325,0.33272443220335884,0.03052629721953526,0.8925115521837028,-0.1880364193566484,0.4818397663255097,Oxnad1,FALSE,FALSE,FALSE,FALSE,0.13492880165224896,FALSE,FALSE,0.03568436604433864
Cyp2u1,-0.06674641285685867,0.784584618676206,0.06912131463795079,0.7824344771669626,0.2688546676536019,0.34690164344059243,Cyp2u1,FALSE,FALSE,FALSE,FALSE,0.13490746504947046,FALSE,FALSE,0.0356785968936906
F3,0.10655379207507565,0.726790346668072,0.1556116697200025,0.6121416847955528,0.14253521692892868,0.733163474091239,F3,FALSE,FALSE,FALSE,FALSE,0.1349002262413356,FALSE,FALSE,0.035676639610468165
Ncam1,-0.29360818671781264,0.07869498464347795,-0.10781517284138786,0.5443461225870616,-0.0032250856340452216,0.9907500529601377,Ncam1,FALSE,FALSE,FALSE,FALSE,0.13488281506441524,FALSE,FALSE,0.03567193184589777
Stx7,0.18401749498431563,0.188492738441772,0.13792641855617305,0.359477374962766,0.08257722079115837,0.6942284718936174,Stx7,FALSE,FALSE,FALSE,FALSE,0.13484037811054903,FALSE,FALSE,0.03566045742410535
Atp5e,-0.05151644279214285,0.7914799001927586,-0.19588347440831466,0.3022121079672588,-0.15689257374486676,0.536826266972932,Atp5e,FALSE,FALSE,FALSE,FALSE,0.13476416364844143,FALSE,FALSE,0.03563984998635989
Tpm1,-0.2156055012833722,0.1625073699940045,0.07844556873425201,0.6497801118399483,-0.11019392441682374,0.6237560045259619,Tpm1,FALSE,FALSE,FALSE,FALSE,0.13474833147814932,FALSE,FALSE,0.03563556916544155
Cic,-0.17544651153429758,0.3761155695099934,-0.2079074768928253,0.32918917960825034,0.0207456155065584,0.9561166086653877,Cic,FALSE,FALSE,FALSE,FALSE,0.13469986797789377,FALSE,FALSE,0.035622465240847376
Gipc2,-0.24110638186789096,0.5870692178536252,0.010923192112491889,0.982920795692719,0.15203844525259752,0.8067029261544192,Gipc2,FALSE,FALSE,FALSE,FALSE,0.13468933974432679,FALSE,FALSE,0.035619618538111415
Marc2,-0.1640814825253667,0.31641660006221595,-0.12981575170135606,0.46129756510598385,-0.10998036313822102,0.645989965404953,Marc2,FALSE,FALSE,FALSE,FALSE,0.1346258657883146,FALSE,FALSE,0.035602455973936485
Tcf20,-0.09129186564413061,0.5773584187228904,-0.19144128105189573,0.26150636856942655,-0.12106867641978347,0.5984895437631904,Tcf20,FALSE,FALSE,FALSE,FALSE,0.13460060770526994,FALSE,FALSE,0.03559562650404956
Ankle2,0.19878749827655184,0.12855675728819568,0.14222309304129777,0.3077067141902111,0.06273586864209779,0.7532809297681411,Ankle2,FALSE,FALSE,FALSE,FALSE,0.13458215331998247,FALSE,FALSE,0.03559063666897855
Zc2hc1c,-0.19865883740747048,0.4836314747202361,-0.1302451557834483,0.6679840142791484,-0.07483964446036895,0.8678947771717939,Zc2hc1c,FALSE,FALSE,FALSE,FALSE,0.13458121255042924,FALSE,FALSE,0.035590382296652553
Cnrip1,0.2492686725697162,0.08207892051945176,0.0705347930237119,0.6522435280084011,-0.08390435201669266,0.6867045081950023,Cnrip1,FALSE,FALSE,FALSE,FALSE,0.13456927253670692,FALSE,FALSE,0.03558715386621221
Prr12,0.058093929989027515,0.8476941275961836,0.006462480429977546,0.9847568724621412,0.33914729715924263,0.3528985693680156,Prr12,FALSE,FALSE,FALSE,FALSE,0.13456790252608256,FALSE,FALSE,0.03558678343246681
Uxs1,0.14131467972756084,0.4974829246480758,0.2056312827420852,0.3370491261747784,0.056683267519457736,0.8681458594612189,Uxs1,FALSE,FALSE,FALSE,FALSE,0.13454307666303458,FALSE,FALSE,0.0355800708294635
Rfx1,-0.06847062609636057,0.7885926026643618,-0.11351531276720506,0.6590644652384475,0.22158328183237996,0.4718179228133177,Rfx1,FALSE,FALSE,FALSE,FALSE,0.1345230735653152,FALSE,FALSE,0.035574662241912414
Nisch,-0.16817500431633725,0.2043236536671851,-0.15328867983447303,0.2865881799157268,-0.0820572533050008,0.6798613120520077,Nisch,FALSE,FALSE,FALSE,FALSE,0.13450697915193702,FALSE,FALSE,0.03557031051374207
Nlgn1,-0.17321229523129844,0.5267742956601806,-0.03632872565875811,0.9058131944429073,0.19395532700362095,0.5853460266172439,Nlgn1,FALSE,FALSE,FALSE,FALSE,0.13449878263122583,FALSE,FALSE,0.035568094277012005
Rrnad1,0.10980037627559947,0.6239145713674111,0.2061226414218882,0.34906179077309546,0.08757176400823674,0.7882424346255881,Rrnad1,FALSE,FALSE,FALSE,FALSE,0.1344982605685748,FALSE,FALSE,0.035567953117797826
Vangl2,-0.21296513914158144,0.41859057028525787,-0.04127529500224103,0.8911844771829621,0.14918832213629063,0.6804852406260932,Vangl2,FALSE,FALSE,FALSE,FALSE,0.13447625209337102,FALSE,FALSE,0.03556200230124553
Rgp1,-0.16714157009927177,0.48892301620210143,-0.19481439195591221,0.4400695098912832,-0.04146285723761878,0.9217800069562034,Rgp1,FALSE,FALSE,FALSE,FALSE,0.13447293976426758,FALSE,FALSE,0.03556110668886562
B3galt6,0.317677960529239,0.19509326060645307,0.07428242955569075,0.8005392617393471,0.01144147795787731,0.9799530390036644,B3galt6,FALSE,FALSE,FALSE,FALSE,0.13446728934760235,FALSE,FALSE,0.03555957888683901
Calr3,-0.15374261646300225,0.6409575978584735,0.1337060348334318,0.6862835924323334,-0.11588372191113949,0.8071445254450246,Calr3,FALSE,FALSE,FALSE,FALSE,0.1344441244025245,FALSE,FALSE,0.03555331537529058
Fut2,0.24744866646082952,0.44962790339583647,-0.05966195533926344,0.8803120093641179,-0.09621092490702488,0.8613483185279203,Fut2,FALSE,FALSE,FALSE,FALSE,0.13444051556903927,FALSE,FALSE,0.035552339591832634
4931406C07Rik,0.14983232017136405,0.39875683648979965,-0.06489858281945038,0.7526187680290659,0.1885742590892634,0.4364099649809756,4931406C07Rik,FALSE,FALSE,FALSE,FALSE,0.13443505402669262,FALSE,FALSE,0.03555086285906053
Nr1h3,-0.021552465004772703,0.9500491578184969,-0.13141651748578198,0.6844257869352715,0.25018724500763057,0.508774379334789,Nr1h3,FALSE,FALSE,FALSE,FALSE,0.13438540916606176,FALSE,FALSE,0.035537439509389854
Pgp,0.05226702880624945,0.8117394115215567,0.1839288351411419,0.36723484334593864,0.1669435900040308,0.541217482229437,Pgp,FALSE,FALSE,FALSE,FALSE,0.13437981798380738,FALSE,FALSE,0.03553592772360741
Adar,-0.160834346555915,0.36362824395948107,-0.16030533594953322,0.3995582629882669,-0.08193109692690115,0.7656749554956809,Adar,FALSE,FALSE,FALSE,FALSE,0.1343569264774498,FALSE,FALSE,0.03552973814647049
Egfem1,-0.28013721635320366,0.19814096119107566,-0.04397335418194359,0.8642977244702231,-0.07893917434680642,0.8172120753385824,Egfem1,FALSE,FALSE,FALSE,FALSE,0.1343499149606512,FALSE,FALSE,0.035527842319983856
Ogg1,-0.06506766682212728,0.8625476187402139,-0.289214867694787,0.41955941237361744,0.048751893401699053,0.9330306356076901,Ogg1,FALSE,FALSE,FALSE,FALSE,0.13434480930620443,FALSE,FALSE,0.03552646181485068
Brd2,-0.16362306633949242,0.20794539471936918,-0.20969076148076127,0.15531856130438151,-0.02967008660637127,0.8966648998907782,Brd2,FALSE,FALSE,FALSE,FALSE,0.13432797147554165,FALSE,FALSE,0.03552190907594055
Zbtb34,0.09362811878806498,0.5860429944916169,0.03631019534737012,0.8515548019739525,0.2730429464794639,0.2142264092705122,Zbtb34,FALSE,FALSE,FALSE,FALSE,0.134327086871633,FALSE,FALSE,0.035521669890102685
Kcnn3,-0.16681314578855666,0.5131986879655652,-0.09257814705943979,0.7399391620836395,0.1435660821895679,0.6841239390156085,Kcnn3,FALSE,FALSE,FALSE,FALSE,0.13431912501252144,FALSE,FALSE,0.035519517102935494
Epha10,-0.2173741014879238,0.6296495089961539,-0.1341051199962946,0.7825630630905003,0.051300581333190376,0.9451178665958447,Epha10,FALSE,FALSE,FALSE,FALSE,0.1342599342724696,FALSE,FALSE,0.035503512666808866
Fam57b,-0.23822969272151795,0.4689129715989378,-0.04284866360087003,0.9070575923306803,0.12169546318954927,0.7946166345841131,Fam57b,FALSE,FALSE,FALSE,FALSE,0.1342579398373124,FALSE,FALSE,0.035502973396476144
B3galt4,-0.06995523421723293,0.8143600349409832,-0.1742124072333362,0.5473071033304687,0.15859020442072813,0.6672326125389431,B3galt4,FALSE,FALSE,FALSE,FALSE,0.13425261529043242,FALSE,FALSE,0.035501533705565545
Sav1,0.10342371792628757,0.5774807542151125,0.1733525432891998,0.34855214802446216,0.12591968079888005,0.617092598556139,Sav1,FALSE,FALSE,FALSE,FALSE,0.1342319806714558,FALSE,FALSE,0.03549595436256157
Ttc21b,-0.097492233042761,0.6029343319705159,-0.1327144112762717,0.4908343504089793,-0.1724464782930708,0.4918152224753389,Ttc21b,FALSE,FALSE,FALSE,FALSE,0.13421770753736784,FALSE,FALSE,0.03549209508554226
Rexo1,-0.2598159471502184,0.17144552870250093,-0.05380449013019817,0.8042602463196082,0.0890202739906858,0.7478714189348472,Rexo1,FALSE,FALSE,FALSE,FALSE,0.13421357042370077,FALSE,FALSE,0.03549097646172754
Angptl2,0.08921380256771849,0.6153352913067358,0.19995074193397722,0.2576996153791396,0.11347573079120066,0.6386112816474349,Angptl2,FALSE,FALSE,FALSE,FALSE,0.13421342509763212,FALSE,FALSE,0.0354909371673754
Alg8,-0.07450458561363815,0.8480424742411846,0.1049901335277239,0.7843771333756666,-0.22311877653591727,0.6559364401879924,Alg8,FALSE,FALSE,FALSE,FALSE,0.1342044985590931,FALSE,FALSE,0.03548852354295113
Ophn1,0.07006168030063886,0.6480166705703934,0.19525879155048997,0.20639889745453108,0.13725900774370636,0.49499899883399556,Ophn1,FALSE,FALSE,FALSE,FALSE,0.13419315986494507,FALSE,FALSE,0.03548545770180617
Zfp612,0.021173452994393216,0.9215119513509249,0.2933547921757036,0.15211840325818185,0.08799100985933084,0.7520055843307022,Zfp612,FALSE,FALSE,FALSE,FALSE,0.1341730850098092,FALSE,FALSE,0.03548002971194675
Rasa3,-0.23149051256452058,0.2645393368953461,-0.15728039610748779,0.4725139326583794,0.013534717191104662,0.9703486891162046,Rasa3,FALSE,FALSE,FALSE,FALSE,0.13410187528770434,FALSE,FALSE,0.03546077549333039
Gm10031,-0.16950427672983448,0.7738235490609525,-0.19203218912951625,0.7498999684757057,-0.04076652054897696,0.9672576142655462,Gm10031,FALSE,FALSE,FALSE,FALSE,0.13410099546944257,FALSE,FALSE,0.03546053760147161
Rtp4,0.007624041068143406,0.9817669632929185,-0.3040852554021076,0.3314034141189337,-0.090468546380162,0.8464790669780483,Rtp4,FALSE,FALSE,FALSE,FALSE,0.13405928095013767,FALSE,FALSE,0.03544925851695292
Dctn2,-0.08013447852570277,0.607717444606092,-0.2304746024364226,0.16788999954272454,-0.09156801144057791,0.6798613120520077,Dctn2,FALSE,FALSE,FALSE,FALSE,0.1340590308009011,FALSE,FALSE,0.03544919087972664
Gpx3,0.2668947519517548,0.18802129649275798,-0.06996031890636623,0.7693533343004695,0.06506009376526034,0.8482340272567118,Gpx3,FALSE,FALSE,FALSE,FALSE,0.13397172154112713,FALSE,FALSE,0.03542558354739574
Gabbr1,-0.09938543799483668,0.7118419401726043,-0.14838098170089875,0.587809547484938,0.1540698121245878,0.6646887837926196,Gabbr1,FALSE,FALSE,FALSE,FALSE,0.13394541060677442,FALSE,FALSE,0.03541846939967752
Plin2,-0.12070455956383519,0.6954780534174747,-0.14506215764106134,0.6453800941557466,-0.13596612006086728,0.7507275572730924,Plin2,FALSE,FALSE,FALSE,FALSE,0.1339109457552546,FALSE,FALSE,0.035409150534694935
Vim,-0.3384125112880563,0.20916038613181612,-0.03100128105302069,0.92283859305892,0.032288071908421756,0.946856337752542,Vim,FALSE,FALSE,FALSE,FALSE,0.13390062141649958,FALSE,FALSE,0.0354063589625671
Pitpnm3,-0.12068182870647481,0.717137184646395,-0.13284352371285824,0.6994688375120297,0.14808460929082212,0.7351420034823858,Pitpnm3,FALSE,FALSE,FALSE,FALSE,0.1338699872367184,FALSE,FALSE,0.03539807586333283
Zfyve28,-0.006465965813238217,0.9842802648535982,-0.39393104661200384,0.21677815427231506,0.0011007621387895128,0.9978307566791529,Zfyve28,FALSE,FALSE,FALSE,FALSE,0.13383259152134386,FALSE,FALSE,0.03538796452940463
Jcad,-0.015834881598147277,0.9647529566687915,0.197114142520892,0.5376535558284866,0.1885313840757048,0.6593689455770281,Jcad,FALSE,FALSE,FALSE,FALSE,0.13382680273158135,FALSE,FALSE,0.03538639931302242
Mrc2,-0.035394893090955115,0.9347482483355534,-0.26517435556828683,0.5019246672026824,0.10077446578940741,0.8681458594612189,Mrc2,FALSE,FALSE,FALSE,FALSE,0.13378123814954979,FALSE,FALSE,0.03537407921967468
Syde2,-0.21713847697904454,0.46107432553819283,0.016461437951434288,0.9617892113281358,-0.16763963920136016,0.6831724968112778,Syde2,FALSE,FALSE,FALSE,FALSE,0.13374651804394633,FALSE,FALSE,0.035364691337178976
Osbpl3,-0.30634274447565657,0.1855335941863873,0.05889582361823997,0.8195888657995235,-0.03598516204004687,0.9275761587165923,Osbpl3,FALSE,FALSE,FALSE,FALSE,0.13374124337798113,FALSE,FALSE,0.03536326513344415
Timm23,-0.06483553337026038,0.7070480950034964,-0.105545105733035,0.5459452452950151,-0.23077381451920775,0.2950361451615675,Timm23,FALSE,FALSE,FALSE,FALSE,0.13371815120750105,FALSE,FALSE,0.035357021299237144
Usp21,-0.20659422299233965,0.223959190145228,-0.14611339453957006,0.4116879662661482,-0.048406768462423866,0.8601078292105824,Usp21,FALSE,FALSE,FALSE,FALSE,0.13370479533144453,FALSE,FALSE,0.03535341003732228
Tvp23b,0.21581309983411412,0.10031343436224324,-0.056990945932046344,0.699775373375869,-0.1282539608676636,0.48204028795583886,Tvp23b,FALSE,FALSE,FALSE,FALSE,0.1336860022112747,FALSE,FALSE,0.03534832861257384
Cd34,0.17547999530789848,0.46845647961406606,-0.08256003817901547,0.7681826969674601,0.14293527854436672,0.6772188422415245,Cd34,FALSE,FALSE,FALSE,FALSE,0.13365843734376023,FALSE,FALSE,0.03534087541700494
Zfp85os,-0.022332666122381162,0.9608908006792275,-0.10761577064779315,0.8103073013280263,0.2710252956931415,0.5955973767260072,Zfp85os,FALSE,FALSE,FALSE,FALSE,0.13365791082110526,FALSE,FALSE,0.03534073305186145
Ammecr1l,0.14050755811855797,0.46699488113010057,0.18723948661176504,0.3498697369257727,0.07319523722757637,0.8067029261544192,Ammecr1l,FALSE,FALSE,FALSE,FALSE,0.1336474273192998,FALSE,FALSE,0.035337898444034586
Gpr157,-0.22359815209081746,0.5018948022842705,0.05678176215648101,0.8757949585855956,0.12055991358249551,0.797123645664202,Gpr157,FALSE,FALSE,FALSE,FALSE,0.133646609276598,FALSE,FALSE,0.03533767725551492
Ankef1,0.13761634098992537,0.6390166155588232,0.0734949089063035,0.8216863561970031,0.18976762413206516,0.6272419293667476,Ankef1,FALSE,FALSE,FALSE,FALSE,0.13362629134276469,FALSE,FALSE,0.0353321835402146
Atad3aos,-0.03329847995414481,0.9465073144007027,-0.19498338305168966,0.6758986378774093,-0.1725968546404148,0.787247967643982,Atad3aos,FALSE,FALSE,FALSE,FALSE,0.13362623921541641,FALSE,FALSE,0.035332169445631306
Kdm1b,0.1922084961749695,0.18705586914064923,0.20391149633849892,0.19803605539449065,-0.004721964326433792,0.9851602159265711,Kdm1b,FALSE,FALSE,FALSE,FALSE,0.13361398561330073,FALSE,FALSE,0.035328856224809774
Irak2,-0.2051653954032755,0.3450172349031964,0.15223412039992024,0.4909885333434505,-0.043385475133587814,0.9051000094912823,Irak2,FALSE,FALSE,FALSE,FALSE,0.13359499697892785,FALSE,FALSE,0.03532372193546508
Mpv17,0.33590508452612955,0.06293603150896997,0.04697459188952813,0.820653059797958,0.017765475080631532,0.9568917316396195,Mpv17,FALSE,FALSE,FALSE,FALSE,0.1335483838320964,FALSE,FALSE,0.035311118323304275
Zbtb21,-0.21240101736723904,0.2653470030624103,-0.0160669786294374,0.9460695866455494,-0.17202110136401938,0.5248243761077283,Zbtb21,FALSE,FALSE,FALSE,FALSE,0.1334963657868986,FALSE,FALSE,0.03529705329419548
Ank2,0.0608339287985018,0.6801145149069374,0.11962665425905605,0.4237006708496367,0.22001713091249453,0.2521490560962136,Ank2,FALSE,FALSE,FALSE,FALSE,0.1334925713233508,FALSE,FALSE,0.0352960273186893
Tfeb,-0.16543695622084442,0.49186982149836617,-0.11576316246945995,0.649930803852835,0.11887675067624448,0.7192625320922958,Tfeb,FALSE,FALSE,FALSE,FALSE,0.1333589564555163,FALSE,FALSE,0.0352598995288365
Gm17249,0.1636155551692452,0.7424331088134994,0.09737058328972037,0.8554081965315555,0.13906086312645116,0.8515673023102216,Gm17249,FALSE,FALSE,FALSE,FALSE,0.13334900052847223,FALSE,FALSE,0.03525720757062955
N4bp2l1,-0.04055484000775511,0.8406970225425879,0.211424527378826,0.2555861613981808,0.14803246281293525,0.5512759364024638,N4bp2l1,FALSE,FALSE,FALSE,FALSE,0.1333372767331721,FALSE,FALSE,0.03525403760294747
Shc2,0.00643406966443294,0.9832076445762336,-0.3248708251706356,0.2643605887626387,-0.06860354931808788,0.876713687437313,Shc2,FALSE,FALSE,FALSE,FALSE,0.1333028147177188,FALSE,FALSE,0.03524471950480181
Thrap3,-0.2057532856682105,0.1260106869888631,-0.11414923503837038,0.4269708101951634,-0.07989632071986907,0.687445767323103,Thrap3,FALSE,FALSE,FALSE,FALSE,0.1332662804754833,FALSE,FALSE,0.03523484110244056
Selenof,0.25582424939842596,0.1839474399040791,-0.0015573204641334826,0.9941674940627245,-0.14234296619200926,0.6140787433215946,Selenof,FALSE,FALSE,FALSE,FALSE,0.13324151201818957,FALSE,FALSE,0.03522814402123553
Rad1,0.21456269070963563,0.26929806925392064,0.08966272543928522,0.6861803581669176,0.09540705380354186,0.7474990934071348,Rad1,FALSE,FALSE,FALSE,FALSE,0.13321082331748757,FALSE,FALSE,0.035219846180225875
A930015D03Rik,0.17812081041612224,0.7756801378523429,-0.21984343543373652,0.7453739530940862,-0.0015633180773360067,0.9984235901666539,A930015D03Rik,FALSE,FALSE,FALSE,FALSE,0.13317585464239826,FALSE,FALSE,0.03521039108764873
Zgpat,-0.24017214102991158,0.12728768526794285,-0.053006971698256855,0.763547194533297,-0.10630379721643557,0.6323909429312146,Zgpat,FALSE,FALSE,FALSE,FALSE,0.13316096998153468,FALSE,FALSE,0.035206366461434414
Papss1,-0.13636887112228724,0.247097911621055,-0.10245277346032822,0.4199720298691348,-0.1605835927806023,0.32711245699212343,Papss1,FALSE,FALSE,FALSE,FALSE,0.13313507912107259,FALSE,FALSE,0.03519936589644458
Gm13814,-0.1586231193772918,0.5947460420352811,0.16736793403215522,0.5642705247253021,-0.07333266173851416,0.8736400263834452,Gm13814,FALSE,FALSE,FALSE,FALSE,0.13310790504932038,FALSE,FALSE,0.0351920183671642
Ppp1r7,-0.195924328559828,0.16599391575349587,-0.15031797695665006,0.3120219130326952,-0.05308002303488113,0.8084553666698914,Ppp1r7,FALSE,FALSE,FALSE,FALSE,0.13310744285045306,FALSE,FALSE,0.035191893394368734
Ctu2,-0.07524327620623872,0.6911208442029793,-0.20678520299624115,0.2723154944325138,-0.1172381252666157,0.6430879831106097,Ctu2,FALSE,FALSE,FALSE,FALSE,0.1330888681563652,FALSE,FALSE,0.035186871029302166
Asph,0.1954168660862905,0.08495972340231922,0.11123774033656542,0.346330309947895,0.09256673681052696,0.5590636066347314,Asph,FALSE,FALSE,FALSE,FALSE,0.1330737810777943,FALSE,FALSE,0.03518279167187035
Aff4,0.17676483012871458,0.34914052942357365,0.20570114641744652,0.3135800031211433,0.016663985486353283,0.9645037666394128,Aff4,FALSE,FALSE,FALSE,FALSE,0.1330433206775048,FALSE,FALSE,0.03517455556043809
Tgoln1,0.2752177419912396,0.03864412666210684,0.09280515773633091,0.4763863174895294,0.03104421313320138,0.8800124098189297,Tgoln1,FALSE,FALSE,FALSE,FALSE,0.13302237095359062,FALSE,FALSE,0.035168891016998334
Spi1,-0.09457218180437477,0.8261073225526435,-0.18701609544353764,0.6610333317521223,0.11744347930707655,0.8431475850104174,Spi1,FALSE,FALSE,FALSE,FALSE,0.13301058551832964,FALSE,FALSE,0.035165704382641445
Stx18,-0.12221723718067778,0.38608505196122195,-0.10442449205773041,0.4899053337973625,-0.1723559727924986,0.37415096741683396,Stx18,FALSE,FALSE,FALSE,FALSE,0.13299923401030225,FALSE,FALSE,0.0351626350767837
Dio1,-0.02651435966310367,0.9735428783984378,-0.27546138925415864,0.7173514074210338,-0.09702163759868121,0.9347815582306359,Dio1,FALSE,FALSE,FALSE,FALSE,0.13299912883864784,FALSE,FALSE,0.035162606639683174
Ss18l1,-0.17335090750218196,0.21381929317095824,-0.1866983426919333,0.21078361522826058,-0.038931113180236565,0.8645344729382035,Ss18l1,FALSE,FALSE,FALSE,FALSE,0.13299345445811728,FALSE,FALSE,0.03516107235812697
Adgrf1,0.1853133069048356,0.6295534832188838,0.06382541740355707,0.8836727456948127,0.14973016592959132,0.787969696283249,Adgrf1,FALSE,FALSE,FALSE,FALSE,0.13295629674599466,FALSE,FALSE,0.03515102537730265
Magohb,-0.2743942676461697,0.20572413475183718,-0.06550303231619026,0.7859045493647401,-0.058909670066241926,0.8630078587834915,Magohb,FALSE,FALSE,FALSE,FALSE,0.13293565667620064,FALSE,FALSE,0.03514544456046579
Smim12,-0.16448618508922408,0.4279816287578331,-0.09548966541782056,0.6706690457706295,-0.13860709485159406,0.6330295414080954,Smim12,FALSE,FALSE,FALSE,FALSE,0.1328609817862129,FALSE,FALSE,0.03512525340377431
Lmo4,-0.1320929104637436,0.42312085943360533,-0.22427525080975652,0.20759309558593936,0.04206201038185853,0.8797388443604395,Lmo4,FALSE,FALSE,FALSE,FALSE,0.13281005721845288,FALSE,FALSE,0.035111484037294395
Zfp384,0.07585829589944337,0.6802019839175963,0.1324252106118906,0.46769983208976623,0.19014481088374735,0.4169495874309355,Zfp384,FALSE,FALSE,FALSE,FALSE,0.13280943913169377,FALSE,FALSE,0.03511131691436185
Adgrl3,-0.3271167180123884,0.039141304713893335,-0.043169904703376005,0.7942387677079837,0.028077822469999347,0.9079347796936053,Adgrl3,FALSE,FALSE,FALSE,FALSE,0.13278814839525457,FALSE,FALSE,0.03510556016539856
Tbca,-0.0574192674398164,0.7735745819864532,-0.015857532748083436,0.9439804554246146,-0.3250151794703404,0.19757833023075963,Tbca,FALSE,FALSE,FALSE,FALSE,0.13276399321941343,FALSE,FALSE,0.03509902890783127
Btg3,0.1600653969867869,0.4819888366771217,0.20025245087901133,0.39355539502577064,0.03792201589119948,0.9246932735739727,Btg3,FALSE,FALSE,FALSE,FALSE,0.13274662125233258,FALSE,FALSE,0.03509433174511129
Igfbp7,0.15307427966877896,0.5915508877580314,-0.03799811623370264,0.9091651128347881,0.20713769814182825,0.5938444230203921,Igfbp7,FALSE,FALSE,FALSE,FALSE,0.13273669801476995,FALSE,FALSE,0.03509164862573145
Trpm4,-0.19466645961171425,0.425841668847711,-0.11026785299206132,0.680240793475957,-0.09312810910287972,0.8017497736739009,Trpm4,FALSE,FALSE,FALSE,FALSE,0.13268747390221844,FALSE,FALSE,0.035078339041081374
Gm44950,-0.1323913325809345,0.5989086054348375,-0.17487488996445277,0.4929371469885374,-0.09067792499295102,0.8057584314659083,Gm44950,FALSE,FALSE,FALSE,FALSE,0.1326480491794461,FALSE,FALSE,0.0350676790889188
Lsm14b,-0.16081687027915237,0.29555738635003037,-0.14424638843149928,0.37988511910752965,-0.09275951874408861,0.6831867155700002,Lsm14b,FALSE,FALSE,FALSE,FALSE,0.1326075924849134,FALSE,FALSE,0.03505674010449361
Pir,-0.16838468404481466,0.5970336906609619,0.20009922800296787,0.5097180556217675,0.02915947714545375,0.9568917316396195,Pir,FALSE,FALSE,FALSE,FALSE,0.13254779639774542,FALSE,FALSE,0.035040571990074626
Lrrc42,-0.09413935388479056,0.5720039326227537,-0.28721118666870593,0.12480339314001256,-0.01628697432548698,0.9555207755553253,Lrrc42,FALSE,FALSE,FALSE,FALSE,0.1325458382929945,FALSE,FALSE,0.035040042543029566
Necap2,-0.18124440021826427,0.3576063734221938,-0.031079910046269976,0.8918933140428124,-0.18531272477525107,0.4934562436302837,Necap2,FALSE,FALSE,FALSE,FALSE,0.13254567834659511,FALSE,FALSE,0.035039999295522775
Iqcg,-0.06010037052552031,0.8539988703181723,0.042710209172492686,0.8984292323025337,0.2948216968060393,0.4325929803916382,Iqcg,FALSE,FALSE,FALSE,FALSE,0.13254409216801744,FALSE,FALSE,0.03503957041266526
Msra,-0.1012281377999078,0.6723827828564496,-0.18510031387312242,0.4366744750786149,-0.11096553595372827,0.7380547417288067,Msra,FALSE,FALSE,FALSE,FALSE,0.1324313292089195,FALSE,FALSE,0.03500908071825104
Scaf11,0.20300083966034865,0.10803663039875643,0.1257636158212181,0.34644923866207156,0.06851075915895599,0.7169567892297267,Scaf11,FALSE,FALSE,FALSE,FALSE,0.1324250715468409,FALSE,FALSE,0.035007388724656245
A830035O19Rik,-0.04833235742934899,0.9413868005735055,-0.04523842652364868,0.9457216487369564,0.3035640862637836,0.6823987280779485,A830035O19Rik,FALSE,FALSE,FALSE,FALSE,0.13237829007226043,FALSE,FALSE,0.03499473959877647
Tmem131,0.16348107142433665,0.24104034229206556,0.09656031802695875,0.5292289698122555,0.13703159372859997,0.4900028655782945,Tmem131,FALSE,FALSE,FALSE,FALSE,0.13235766105996513,FALSE,FALSE,0.03498916177174903
Tfcp2,-0.1859355569494463,0.36470723401317817,-0.1417145923726446,0.5144231764609147,0.06941555024108137,0.8254456052124225,Tfcp2,FALSE,FALSE,FALSE,FALSE,0.1323552331877241,FALSE,FALSE,0.034988505305447525
Mta1,-0.12790489368918667,0.5215988316748992,-0.21402112322908984,0.30238123655152926,-0.055136820648629126,0.8657724145256687,Mta1,FALSE,FALSE,FALSE,FALSE,0.13235427918896855,FALSE,FALSE,0.034988247356110606
Thap11,-0.2386542103850191,0.13603712262375384,-0.14466618974633771,0.3883433153297412,-0.013562378522323115,0.9645496544366667,Thap11,FALSE,FALSE,FALSE,FALSE,0.13229425955122665,FALSE,FALSE,0.034972018796411194
Rbm5,0.10855645233522182,0.4487751564290006,0.16878869376533068,0.26969980592758636,0.11949126719425607,0.5582252029899603,Rbm5,FALSE,FALSE,FALSE,FALSE,0.13227880443160286,FALSE,FALSE,0.03496783992527981
Tmem189,-0.186052458217699,0.3466423323219544,-0.05850419138360907,0.7946428579949694,-0.15197634509407498,0.5816583105619446,Tmem189,FALSE,FALSE,FALSE,FALSE,0.13217766489846103,FALSE,FALSE,0.034940493059931826
Aldh18a1,0.006749882965372933,0.9721933262056326,-0.15311868668938544,0.36412140420252365,-0.23664744674469063,0.2761856437594963,Aldh18a1,FALSE,FALSE,FALSE,FALSE,0.132172005466483,FALSE,FALSE,0.03493896282027734
Abraxas2,0.24325217798884946,0.09402501649142093,0.1441915680690551,0.3394133155031358,-0.00886940135757186,0.9733309685873758,Abraxas2,FALSE,FALSE,FALSE,FALSE,0.13210438247182546,FALSE,FALSE,0.034920678407922644
Ttc41,0.14253843692366752,0.6879257757598414,0.07161458121447839,0.8540977444375744,0.18202704327696595,0.7052238284027338,Ttc41,FALSE,FALSE,FALSE,FALSE,0.13206002047170395,FALSE,FALSE,0.03490868347768909
Zbbx,-0.13965695882628504,0.8493974036491316,0.1108181713518197,0.8816017117697458,-0.14552005606132523,0.8944089075616969,Zbbx,FALSE,FALSE,FALSE,FALSE,0.13199839541314332,FALSE,FALSE,0.03489202083227075
Col4a2,0.18420797945880096,0.4128740801751021,-0.1324266442380999,0.5977489295168975,0.0792215155617173,0.8264314621238815,Col4a2,FALSE,FALSE,FALSE,FALSE,0.1319520464195394,FALSE,FALSE,0.0348794886438403
Ube2f,-0.22161721859192873,0.1465913363742851,0.031245756182126883,0.8589112891751388,-0.1429257483118267,0.49499899883399556,Ube2f,FALSE,FALSE,FALSE,FALSE,0.13192957436196076,FALSE,FALSE,0.0348734124804094
Pcgf3,0.17807565102316847,0.21486961178512404,0.210772367672309,0.18598641846202824,0.006809332735101314,0.9796922119613908,Pcgf3,FALSE,FALSE,FALSE,FALSE,0.13188578381019292,FALSE,FALSE,0.034861572062666615
Lzts3,-0.08801247391987133,0.8120211322901418,-0.26818843671171955,0.45373725915085383,-0.03936914159624161,0.9474093284805494,Lzts3,FALSE,FALSE,FALSE,FALSE,0.13185668407594417,FALSE,FALSE,0.03485370385832118
Thsd7b,0.005387659216895102,0.988520560761655,-0.2510329277135446,0.4923145824033823,-0.1390419957518123,0.7924644621204158,Thsd7b,FALSE,FALSE,FALSE,FALSE,0.13182086089408399,FALSE,FALSE,0.03484401771779595
Plekhb2,-0.11086968693726984,0.3571296682946153,-0.1529535884618891,0.2430703201961083,-0.13151930382881183,0.4396746481875857,Plekhb2,FALSE,FALSE,FALSE,FALSE,0.13178085974265694,FALSE,FALSE,0.034833201906531476
Zfand2b,0.09693454728434725,0.5759952371709586,-0.17115056879941948,0.34198813770430164,-0.12724660257888587,0.5984895437631904,Zfand2b,FALSE,FALSE,FALSE,FALSE,0.13177723955421752,FALSE,FALSE,0.03483222305283588
Tmprss6,0.08195478213809759,0.8323383432117476,0.20232519406694482,0.5777884658261331,-0.11091029700402133,0.8445246801033858,Tmprss6,FALSE,FALSE,FALSE,FALSE,0.13173009106968792,FALSE,FALSE,0.0348194746920541
Pcdhb21,-0.08557212131172731,0.7895792343514142,-0.22994903770991115,0.4610835337252275,-0.07963838847255067,0.8665832855839324,Pcdhb21,FALSE,FALSE,FALSE,FALSE,0.1317198491647297,FALSE,FALSE,0.03481670540899436
Gm13509,0.021961085271671177,0.9361129695229526,-0.15970659862904446,0.522829519524485,-0.21337730650717512,0.5127384730898528,Gm13509,FALSE,FALSE,FALSE,FALSE,0.1316816634692969,FALSE,FALSE,0.03480638047433449
Kpna1,0.1287739480399237,0.5695907693095469,0.22594562929170436,0.33257646493711845,-0.040208201425000034,0.9183063783578739,Kpna1,FALSE,FALSE,FALSE,FALSE,0.13164259291887603,FALSE,FALSE,0.03479581628594801
Man1a2,0.16046801982523728,0.1804237078517233,0.1411165386068154,0.2759599522105301,0.0933349267989021,0.5939724099658765,Man1a2,FALSE,FALSE,FALSE,FALSE,0.13163982841031827,FALSE,FALSE,0.034795068797394975
Sucla2,0.2435515328062099,0.09356533874743883,0.1459761382947109,0.33683320488948826,-0.005323239484829045,0.9831719364656961,Sucla2,FALSE,FALSE,FALSE,FALSE,0.13161697019524995,FALSE,FALSE,0.03478888822180648
B3galnt1,0.1300648475066586,0.42525077350645,0.1443971517981808,0.40729221481030026,0.12034611584301302,0.6103078548914072,B3galnt1,FALSE,FALSE,FALSE,FALSE,0.13160270504928415,FALSE,FALSE,0.03478503110467554
Trim47,-0.27468420586228093,0.5321764606315041,-0.058560034881262046,0.9033236605478221,-0.06139128953460604,0.9330461517298668,Trim47,FALSE,FALSE,FALSE,FALSE,0.13154517675938301,FALSE,FALSE,0.03476947617428625
Slc5a3,0.12810867058034425,0.5139051007692776,0.25007242580444533,0.22930223786494727,0.01645284548083925,0.965741105261516,Slc5a3,FALSE,FALSE,FALSE,FALSE,0.13154464728854295,FALSE,FALSE,0.034769333011990373
Slc35d3,0.1544239376860903,0.8792710730195173,-0.1920551495484738,0.8589112891751388,0.04806211767434432,0.9765259158911566,Slc35d3,FALSE,FALSE,FALSE,FALSE,0.13151373496963614,FALSE,FALSE,0.03476097470741374
Zfp346,-0.21155406586034164,0.3894425159853175,-0.01992515228249747,0.9457216487369564,0.1630544744614797,0.6246429154689386,Zfp346,FALSE,FALSE,FALSE,FALSE,0.13151123086810626,FALSE,FALSE,0.03476029762966552
Fbxo18,-0.08420090805847558,0.47234931947654235,-0.1684503317438848,0.18598641846202824,-0.14176808112218708,0.37551935445985263,Fbxo18,FALSE,FALSE,FALSE,FALSE,0.13147310697484915,FALSE,FALSE,0.03474998940554132
Prom2,-0.24966049032793114,0.20289843659209114,-0.13395090601954607,0.5159303382213982,0.010693801514699786,0.9755716489156836,Prom2,FALSE,FALSE,FALSE,FALSE,0.131435065954059,FALSE,FALSE,0.03473970358909614
Ubash3b,0.1410090588367694,0.6566931833982482,-0.02166203210713835,0.9542891958334968,0.23160521574601178,0.576054883373357,Ubash3b,FALSE,FALSE,FALSE,FALSE,0.13142543556330652,FALSE,FALSE,0.034737099651832685
Glrx,0.10776128488435921,0.607717444606092,0.18659488977163186,0.36964145460893116,0.09981990579901412,0.7380908778766705,Glrx,FALSE,FALSE,FALSE,FALSE,0.13139202681833506,FALSE,FALSE,0.03472806634485767
Vps4b,0.2205097208177298,0.10099773815294157,0.14283480148962013,0.31342750145128856,0.030789792705957275,0.8933521959354477,Vps4b,FALSE,FALSE,FALSE,FALSE,0.13137810500443572,FALSE,FALSE,0.03472430206042528
Hs6st2,0.09333180114869144,0.8034840692177196,0.29066162761665737,0.40346925969287883,0.009978842074562788,0.9866236999945994,Hs6st2,FALSE,FALSE,FALSE,FALSE,0.13132409027997052,FALSE,FALSE,0.03470969715420442
Vill,-0.1927407226400626,0.6083448410870516,0.008357619790241966,0.9845510942310348,-0.1927108612258479,0.710330210423911,Vill,FALSE,FALSE,FALSE,FALSE,0.13126973455205082,FALSE,FALSE,0.03469500004491257
2610507B11Rik,-0.15028353487291302,0.23387670512942485,-0.1537762611106741,0.26242656195663244,-0.08974279123341677,0.6311984414240023,2610507B11Rik,FALSE,FALSE,FALSE,FALSE,0.13126752907233463,FALSE,FALSE,0.034694403710769504
Piezo2,-0.00828180998383532,0.9860975883962869,-0.31911436437375773,0.4899053337973625,-0.06637290828841813,0.9285470595069916,Piezo2,FALSE,FALSE,FALSE,FALSE,0.13125636088200374,FALSE,FALSE,0.034691383971725116
Ttf1,-0.09295604334929575,0.507573543080615,-0.10265772513028093,0.4831482243458798,-0.19814671231263858,0.2898482140873195,Ttf1,FALSE,FALSE,FALSE,FALSE,0.1312534935974051,FALSE,FALSE,0.0346906086938155
Ifi47,0.1768230726280755,0.6479423942993684,0.08194655963995001,0.8501734148435279,0.13497414586317924,0.8129730381358007,Ifi47,FALSE,FALSE,FALSE,FALSE,0.13124792604373492,FALSE,FALSE,0.03468910329690684
Atg9a,-0.21396924541099338,0.2555319908671592,-0.1413549941879637,0.4777945044165687,-0.038409387284225716,0.9042116154934661,Atg9a,FALSE,FALSE,FALSE,FALSE,0.13124454229439428,FALSE,FALSE,0.03468818837338766
Fam219a,-0.15210468259152554,0.43509218101778857,-0.06827321906773065,0.7531541252389009,0.173293189416456,0.5033783582763196,Fam219a,FALSE,FALSE,FALSE,FALSE,0.1312236970252374,FALSE,FALSE,0.03468255207320842
Prune1,-0.17900457055113517,0.2556355053472065,-0.12823985301701235,0.4408245844435794,-0.08625264066625693,0.7096475604939961,Prune1,FALSE,FALSE,FALSE,FALSE,0.1311656880781348,FALSE,FALSE,0.03466686717912088
L3hypdh,0.2265238474165261,0.5397441491905475,0.0733627531042007,0.8640606669950378,0.09355375767310115,0.8766720781795934,L3hypdh,FALSE,FALSE,FALSE,FALSE,0.1311467860646093,FALSE,FALSE,0.03466175631097041
Coro1a,-0.21058136057083043,0.5145684756395413,-0.00535433365769622,0.9875984801710772,-0.17744001329317705,0.6949775932532125,Coro1a,FALSE,FALSE,FALSE,FALSE,0.1311252358405679,FALSE,FALSE,0.03465592939980351
Gjc1,0.1162441296539356,0.7734854769992668,0.07218587188397252,0.8657283681631889,-0.20481475063358512,0.7130781784286742,Gjc1,FALSE,FALSE,FALSE,FALSE,0.1310815840571644,FALSE,FALSE,0.03464412650329162
Parp1,-0.1673309670158849,0.2512641000699009,-0.15218161587516033,0.3276392452741584,-0.07370323730871142,0.7388849200362905,Parp1,FALSE,FALSE,FALSE,FALSE,0.13107194006658554,FALSE,FALSE,0.03464151888880513
Cetn2,0.22427773796442363,0.29772585020162623,0.15553005569900424,0.5102316589823156,0.013312016021274076,0.9737125519878691,Cetn2,FALSE,FALSE,FALSE,FALSE,0.13103993656156732,FALSE,FALSE,0.03463286554114561
Ppp1r1a,-0.16023459861067435,0.5877549673447698,0.10147375525877722,0.7388031802563721,0.13140606332454174,0.7439321364433031,Ppp1r1a,FALSE,FALSE,FALSE,FALSE,0.13103813906466444,FALSE,FALSE,0.0346323795204548
Fam151b,0.2119193069059635,0.5363572179646411,0.14535176014748408,0.6985887193131879,-0.03574802511453501,0.9543071080179525,Fam151b,FALSE,FALSE,FALSE,FALSE,0.1310063640559942,FALSE,FALSE,0.0346237879553512
Rbm6,0.1252445207525108,0.39561475247397226,0.14546996681559143,0.35647849610019083,0.12227502306101634,0.565034693231984,Rbm6,FALSE,FALSE,FALSE,FALSE,0.13099650354303952,FALSE,FALSE,0.03462112179592118
Frmpd3,-0.009833142137638695,0.9883930212674147,0.06488526993045196,0.923448348027036,0.31822321601329073,0.686813506456624,Frmpd3,FALSE,FALSE,FALSE,FALSE,0.1309805426937938,FALSE,FALSE,0.03461680618182249
Fam222b,-0.19324070202615928,0.27332563995650816,-0.10941982263357897,0.5683818667144263,-0.09027388849598506,0.7335628335663512,Fam222b,FALSE,FALSE,FALSE,FALSE,0.13097813771857444,FALSE,FALSE,0.03461615590658939
Klhl36,0.010274024083689604,0.9758444915187687,-0.18323834552848695,0.5570957576966011,0.1994211280440492,0.6089331033600185,Klhl36,FALSE,FALSE,FALSE,FALSE,0.13097783255207526,FALSE,FALSE,0.0346160733933831
Zdhhc16,-0.22705496881566756,0.3141929104211806,-0.14458473970424413,0.5447596324309986,0.02125416795324231,0.9578501646983947,Zdhhc16,FALSE,FALSE,FALSE,FALSE,0.13096462549105134,FALSE,FALSE,0.03461250236919262
Pak4,-0.23441525888882975,0.19191335081491087,-0.08821375223708827,0.6542423597567837,-0.0702306419332892,0.7988200690067017,Pak4,FALSE,FALSE,FALSE,FALSE,0.13095321768640242,FALSE,FALSE,0.03460941784143222
Slc39a4,-0.11430493207832504,0.8299848418695018,-0.13305563791567743,0.8087635134550334,0.14544513496891587,0.8414764610206322,Slc39a4,FALSE,FALSE,FALSE,FALSE,0.13093523498763945,FALSE,FALSE,0.034604555544500565
Pja2,0.1562080394919878,0.31093161125665897,0.14679612267461906,0.3796684685187552,0.08979195549135177,0.7012501635726607,Pja2,FALSE,FALSE,FALSE,FALSE,0.13093203921931953,FALSE,FALSE,0.03460369144869932
Wdr45b,0.1838791585776427,0.22904526526770416,0.10809588664640835,0.5190856823527518,-0.10069996476174303,0.6577656820609833,Wdr45b,FALSE,FALSE,FALSE,FALSE,0.1308916699952647,FALSE,FALSE,0.0345927761151978
Nav1,-0.0992234485452892,0.7413503951887717,-0.19093781821656108,0.5259689394735149,-0.10250350084930293,0.816326635188023,Nav1,FALSE,FALSE,FALSE,FALSE,0.1308882558703844,FALSE,FALSE,0.03459185297851246
Gfer,-0.20413955814076745,0.35050631195540427,0.06657825864429823,0.7840310952058444,-0.12188169498200674,0.6973448077547628,Gfer,FALSE,FALSE,FALSE,FALSE,0.13086650392235746,FALSE,FALSE,0.034585971523701756
Eef1akmt4,0.2901032802603707,0.20903138111428268,0.048022022046497526,0.8643750241598225,-0.0544315760100158,0.8941531025158322,Eef1akmt4,FALSE,FALSE,FALSE,FALSE,0.13085229277229468,FALSE,FALSE,0.034582129006387956
Hyal1,-0.09488089657290688,0.8104722560246503,-0.14403921412731835,0.7170205718565784,-0.1536264297143375,0.7766505375925012,Hyal1,FALSE,FALSE,FALSE,FALSE,0.13084884680485423,FALSE,FALSE,0.03458119725987242
Snai2,-0.1934494212930884,0.7569845624760922,0.16084980898857482,0.7973502217772712,0.03795184929768247,0.9693175565461654,Snai2,FALSE,FALSE,FALSE,FALSE,0.1307503598597819,FALSE,FALSE,0.03455456762117664
Gm19461,0.2208420193989069,0.4880753077815447,0.08249952842432973,0.8235399363566743,-0.0887612030594731,0.8670046508474297,Gm19461,FALSE,FALSE,FALSE,FALSE,0.13070091696090325,FALSE,FALSE,0.0345411988794389
Itgb1,0.22110103554217098,0.14262996466358763,0.14924332989562927,0.35622109133892416,-0.02171270263430536,0.9365508379727022,Itgb1,FALSE,FALSE,FALSE,FALSE,0.13068568935736855,FALSE,FALSE,0.03453708152581367
Gria4,0.18996848660226107,0.30195117888269685,0.15079681416869573,0.4469356015610473,0.051257744637745795,0.8696514282459578,Gria4,FALSE,FALSE,FALSE,FALSE,0.13067434846956752,FALSE,FALSE,0.034534015091532366
B3gnt8,0.06255229777234117,0.8642717441654568,-0.03451288302487443,0.9297544590498363,0.29494763440991445,0.4918152224753389,B3gnt8,FALSE,FALSE,FALSE,FALSE,0.13067093840237667,FALSE,FALSE,0.03453309305199551
Dhtkd1,-0.1394873577286031,0.69821089995040575,-0.17205244270785736,0.6405645883043395,0.08035967808586397,0.8811890703489162,Dhtkd1,FALSE,FALSE,FALSE,FALSE,0.13063315950744148,FALSE,FALSE,0.0345228781111045
Itih2,-0.1500371862177885,0.675598271652843,0.030981795575088178,0.9392114696671224,0.2108134667759911,0.6539032510393108,Itih2,FALSE,FALSE,FALSE,FALSE,0.13061081618962259,FALSE,FALSE,0.034516836757295166
Egf,0.046444990033247535,0.7921701684224393,0.11946791067425089,0.47947986471720155,0.2258929079565135,0.287943615822228,Egf,FALSE,FALSE,FALSE,FALSE,0.1306019362213373,FALSE,FALSE,0.03451443572488531
Ppp2r5c,-0.09185848574879962,0.46947460217568054,-0.15563266026685696,0.24969698227171197,-0.14412346537126197,0.41043397858187175,Ppp2r5c,FALSE,FALSE,FALSE,FALSE,0.13053820379563952,FALSE,FALSE,0.03449720327373869
AC125396.2,-0.22597722795508624,0.5952605821347624,-0.058374539893942146,0.8988135904205636,-0.10725714942758702,0.8692775911667944,AC125396.2,FALSE,FALSE,FALSE,FALSE,0.1305363057588718,FALSE,FALSE,0.034496690068325335
Jpt2,-0.052308230985541826,0.8299917952242017,-0.17643687779182926,0.4513373713810351,-0.1628042797107918,0.606875066566935,Jpt2,FALSE,FALSE,FALSE,FALSE,0.13051646282938764,FALSE,FALSE,0.034491324788262674
4933421O10Rik,0.22582161625087327,0.09323530900549971,0.08486249613265784,0.555495767730769,0.0808312630401069,0.6759100230467276,4933421O10Rik,FALSE,FALSE,FALSE,FALSE,0.13050512514121268,FALSE,FALSE,0.03448825921912026
Myh10,-0.13261485215804747,0.4827863465437518,-0.15395312570174813,0.44216222633422025,-0.10478055593683777,0.7086847097238209,Myh10,FALSE,FALSE,FALSE,FALSE,0.13044951126554447,FALSE,FALSE,0.03447322192240617
Nt5c1a,0.008265758363579456,0.9847530351228592,-0.22207505740367872,0.6001700621925917,0.1608577769994739,0.7725829607625792,Nt5c1a,FALSE,FALSE,FALSE,FALSE,0.13039953092224402,FALSE,FALSE,0.034459707862415735
B130034C11Rik,0.1103799199491643,0.802779132006207,-0.18986764348470017,0.6805641887394249,0.09087462109817745,0.8918518592021099,B130034C11Rik,FALSE,FALSE,FALSE,FALSE,0.13037406151068065,FALSE,FALSE,0.034452821251939304
Paqr4,-0.2654040959863986,0.45986698297781914,-0.07397233206293352,0.8521273059230045,-0.051679267493965675,0.9316512866145484,Paqr4,FALSE,FALSE,FALSE,FALSE,0.1303518985144326,FALSE,FALSE,0.034446828654828406
Gstm4,-0.21474279236440053,0.3396174463996842,-0.03679706952098005,0.8866592064370807,-0.13950227401573434,0.6592130259753674,Gstm4,FALSE,FALSE,FALSE,FALSE,0.13034737863370496,FALSE,FALSE,0.03444560653558573
Topbp1,0.2596556408496742,0.09651986621113183,0.11943345247557868,0.46909424328010724,0.011905169354994527,0.9679665286152154,Topbp1,FALSE,FALSE,FALSE,FALSE,0.1303314208934158,FALSE,FALSE,0.03444129176211003
Sft2d1,-0.12518342660672754,0.7110994061230431,0.24434060639796895,0.4329532060453684,0.02144369600235896,0.9692527582689531,Sft2d1,FALSE,FALSE,FALSE,FALSE,0.13032257633568514,FALSE,FALSE,0.03443890030427144
Cep152,-0.2841709467015052,0.215833205720031,-0.042262531260699454,0.8712566455646268,-0.06446756715031032,0.8585926304925589,Cep152,FALSE,FALSE,FALSE,FALSE,0.13030034837083834,FALSE,FALSE,0.03443289014046366
Galnt10,-0.1617192451418532,0.4124100391847653,-0.21961809602905547,0.29185511038758544,0.00954635248449609,0.9781783313210822,Galnt10,FALSE,FALSE,FALSE,FALSE,0.13029456455180158,FALSE,FALSE,0.034431326268103545
Enpep,-0.2499179455285807,0.1636772169559939,0.0760883827982557,0.699775373375869,-0.06476865249311903,0.8162230695333773,Enpep,FALSE,FALSE,FALSE,FALSE,0.13025832693998515,FALSE,FALSE,0.034421528070899224
Dnajc28,0.1538447592642207,0.3776399982083576,0.09297227776429917,0.6294136498492138,0.14392208411878737,0.5572624935729553,Dnajc28,FALSE,FALSE,FALSE,FALSE,0.13024637371576908,FALSE,FALSE,0.03441829606850653
Hgsnat,-0.17357086078737893,0.14033901841889238,-0.10814002808024537,0.38835055768640264,-0.10885686983591025,0.5117707935436074,Hgsnat,FALSE,FALSE,FALSE,FALSE,0.1301892529011782,FALSE,FALSE,0.034402851314347005
Ipo5,-0.08065620497495551,0.630418996439657,-0.10190955397101575,0.563058463452765,-0.2079869410142967,0.3493642627978677,Ipo5,FALSE,FALSE,FALSE,FALSE,0.13018423332008933,FALSE,FALSE,0.034401494082373744
Gm26615,0.06624089390594212,0.8866501372222334,0.2559619152639956,0.5395692069099444,0.06819028652240933,0.9232097857035996,Gm26615,FALSE,FALSE,FALSE,FALSE,0.130131031897449,FALSE,FALSE,0.0343871090827987
Rhof,-0.05974477360891317,0.8448293643075855,-0.11376139374862726,0.7069655395999994,-0.21686853848698773,0.575098078150509,Rhof,FALSE,FALSE,FALSE,FALSE,0.13012490194817605,FALSE,FALSE,0.03438545162114993
Setd4,0.0041803633562889075,0.9885205236558865,0.09689570646164958,0.730858220878364,0.2892930236955842,0.3788222015811283,Setd4,FALSE,FALSE,FALSE,FALSE,0.1301230311711742,FALSE,FALSE,0.03438494578643647
Pcdha9,-0.015068601287763439,0.9578511585944213,-0.17611163541697517,0.4962718388374775,-0.19891491545153173,0.560844817274163,Pcdha9,FALSE,FALSE,FALSE,FALSE,0.13003171738542343,FALSE,FALSE,0.03436025568034473
Timm44,-0.07034301364218987,0.6537857901412254,-0.16613875806011258,0.2940906381589807,-0.15345962429016957,0.4571058562958614,Timm44,FALSE,FALSE,FALSE,FALSE,0.129980465330824,FALSE,FALSE,0.03434639776551757
Ptgr1,0.026201881379553704,0.9531018812479802,-0.026264659203603102,0.9546926339463484,0.3374685165923008,0.4872459834987005,Ptgr1,FALSE,FALSE,FALSE,FALSE,0.1299783523918192,FALSE,FALSE,0.03434582645322595
Braf,0.07213350985382228,0.7278084820203263,0.24045906604054323,0.2464522822684896,0.07730370654110352,0.7992157107143911,Braf,FALSE,FALSE,FALSE,FALSE,0.1299654274784897,FALSE,FALSE,0.03434233171824472
Rimbp2,-0.1655009065630546,0.4632141993501868,-0.20461114240449874,0.3862123953555687,0.019739185012817906,0.9630623165232519,Rimbp2,FALSE,FALSE,FALSE,FALSE,0.12995041132679042,FALSE,FALSE,0.034338271538552276
Samd8,0.15728311940738227,0.203506060472091,0.1498365397979322,0.26441955413661655,0.08251851064598714,0.6538999578894431,Samd8,FALSE,FALSE,FALSE,FALSE,0.12987938995043388,FALSE,FALSE,0.034319068246271636
Vstm4,-0.21874889202953662,0.5621311618406595,0.1301039791627674,0.7352352150045579,0.04068399578804138,0.9482743260079144,Vstm4,FALSE,FALSE,FALSE,FALSE,0.1298456223267818,FALSE,FALSE,0.03430993790298796
Ccdc97,-0.1493323212489157,0.3818554872242475,-0.2214566818168855,0.2253861355812503,0.018680140880811713,0.9515747525109735,Ccdc97,FALSE,FALSE,FALSE,FALSE,0.12982304798220431,FALSE,FALSE,0.03430383408243133
Begain,-0.02533489361007435,0.9548666574725295,-0.1477052154063121,0.7304478858245631,0.21636415296923062,0.6791518277466475,Begain,FALSE,FALSE,FALSE,FALSE,0.12980142066187236,FALSE,FALSE,0.0342979863253913
Arl6ip1,-0.22217382493351945,0.1613346053555143,-0.14025977757857877,0.4118385050572151,0.026964163317986234,0.9256325323959396,Arl6ip1,FALSE,FALSE,FALSE,FALSE,0.1297992552766948,FALSE,FALSE,0.03429740083231023
Dnajb12,-0.2058927880491943,0.34211605695695146,-0.13736995966638865,0.5611358083053316,0.04601337260168581,0.9023882759351294,Dnajb12,FALSE,FALSE,FALSE,FALSE,0.12975870677242293,FALSE,FALSE,0.03428643702367934
Mpc1,-0.02241461551530044,0.9129316731303646,-0.15898523238179418,0.38898229307412824,-0.2078655724847085,0.3873118705893929,Mpc1,FALSE,FALSE,FALSE,FALSE,0.12975514012726772,FALSE,FALSE,0.03428547264741841
Dars,0.28290311132321655,0.12445227840735525,0.09435473057203936,0.6468960201356689,-0.011989462643133386,0.9715834346839552,Dars,FALSE,FALSE,FALSE,FALSE,0.12974910151279642,FALSE,FALSE,0.03428383988155816
Pcbd2,-0.16837814183002298,0.5136165707449115,-0.20430985294136095,0.4388953294559892,-0.016408613264865757,0.9702827424909112,Pcbd2,FALSE,FALSE,FALSE,FALSE,0.12969886934541655,FALSE,FALSE,0.03427025773148487
Emc4,0.16371279610135492,0.3039455846767392,0.0741417032717182,0.68333416064542,-0.15120000974923187,0.508683611517471,Emc4,FALSE,FALSE,FALSE,FALSE,0.12968483637410166,FALSE,FALSE,0.03426646339147697
Phf19,0.058840773265398605,0.9000934404799463,-0.04883554656198541,0.919690607841681,0.2813159873767961,0.6082383551518868,Phf19,FALSE,FALSE,FALSE,FALSE,0.12966410240139337,FALSE,FALSE,0.03426085718446604
Jmjd1c,0.15261076367129345,0.24282991528537093,0.2091232650511703,0.15770178933733603,0.02718115990760772,0.9057359980288691,Jmjd1c,FALSE,FALSE,FALSE,FALSE,0.12963839621002382,FALSE,FALSE,0.03425390655169016
Cdo1,-0.17136817766106338,0.45761901909629793,-0.05635136491585602,0.8280273680668012,-0.16114076509289887,0.6129758732020755,Cdo1,FALSE,FALSE,FALSE,FALSE,0.12962010255660608,FALSE,FALSE,0.03424896017650731
Bard1,0.2104845772314421,0.6700313575526734,0.09787158502967441,0.8589112891751388,0.08041297178956053,0.9228714783128431,Bard1,FALSE,FALSE,FALSE,FALSE,0.12958971135022568,FALSE,FALSE,0.034240742774243035
Gripap1,-0.201989787659965,0.23891310327417128,-0.09789140220403603,0.6044592221681936,-0.08883769109310524,0.7306377235054289,Gripap1,FALSE,FALSE,FALSE,FALSE,0.12957296031903542,FALSE,FALSE,0.03423621350482514
Zfp385b,-0.026875804703788475,0.9514475900083238,-0.29926121236764847,0.4597740552985527,-0.0625650364126642,0.9235091117472538,Zfp385b,FALSE,FALSE,FALSE,FALSE,0.12956735116136706,FALSE,FALSE,0.034234696858715476
Cluap1,-0.16830148742729856,0.3774898435234607,-0.12455044188875686,0.537257153427501,-0.09572594662455813,0.7306013384149221,Cluap1,FALSE,FALSE,FALSE,FALSE,0.1295259586468712,FALSE,FALSE,0.034223504840271556
Tpk1,0.2549223491545183,0.22210471217979333,0.09023823144651777,0.7060475501826264,0.0433584790618986,0.9054114982218228,Tpk1,FALSE,FALSE,FALSE,FALSE,0.12950635322097823,FALSE,FALSE,0.03421820377821076
Cse1l,0.15386203939258358,0.481823712326203,0.21516853077093145,0.3485911360957191,0.01934517410843739,0.9630768903311732,Cse1l,FALSE,FALSE,FALSE,FALSE,0.12945858142398414,FALSE,FALSE,0.03420528688153104
Pex3,0.14037261415126245,0.4521751395116581,0.08895217714421122,0.666889179368311,0.15899832023685878,0.539682879603974,Pex3,FALSE,FALSE,FALSE,FALSE,0.12944103717744415,FALSE,FALSE,0.03420054313659909
Sprtn,0.11994979549316209,0.511875037593111,0.22387964200176125,0.2368781698432271,0.04449073433714723,0.8825184669752741,Sprtn,FALSE,FALSE,FALSE,FALSE,0.12944005727735686,FALSE,FALSE,0.03420027818386588
Bccip,0.17952264487582692,0.32419870346190327,0.0859008005001467,0.6800199417726256,-0.12276015063005286,0.649894386994797,Bccip,FALSE,FALSE,FALSE,FALSE,0.12939453200200882,FALSE,FALSE,0.034187968718553965
Cdh11,0.041159555430661854,0.9195777638738377,-0.07229181266288531,0.8619725485220291,-0.2746946218021842,0.585246501581724,Cdh11,FALSE,FALSE,FALSE,FALSE,0.12938199663191044,FALSE,FALSE,0.03418457931119249
Gm9903,-0.003761692161765029,0.9946910263526092,-0.34637836836594593,0.5385546734422857,-0.037999793506409085,0.9679665286152154,Gm9903,FALSE,FALSE,FALSE,FALSE,0.12937995134470667,FALSE,FALSE,0.03418402629110211
Gm4419,0.09668259385440114,0.6506865217229859,-0.2541389660218156,0.25574650392371623,-0.03731624527584376,0.9162903148707165,Gm4419,FALSE,FALSE,FALSE,FALSE,0.12937926838402017,FALSE,FALSE,0.034183841627070624
Slc22a4,-0.15282886948488672,0.5169242067001532,0.1386857345425061,0.5561568768527609,0.09659362530916438,0.7715507907867037,Slc22a4,FALSE,FALSE,FALSE,FALSE,0.1293694097788524,FALSE,FALSE,0.03418117598348234
Slc24a4,0.03305277820460639,0.9544350566272825,0.015764506362072606,0.97929014791207,0.3390934450007925,0.6027828104287412,Slc24a4,FALSE,FALSE,FALSE,FALSE,0.1293035765224905,FALSE,FALSE,0.034163375493988055
Rgs3,0.02021475726928923,0.9567050836936103,-0.17521199693310852,0.6174446114520438,0.19247365739835853,0.6593689455770281,Rgs3,FALSE,FALSE,FALSE,FALSE,0.1293001372002521,FALSE,FALSE,0.03416244554425208
Tada1,-0.17862300354894511,0.3481218623285401,-0.15789699787876765,0.4258668124872281,-0.05121432251197122,0.8675185310423398,Tada1,FALSE,FALSE,FALSE,FALSE,0.12924477464656134,FALSE,FALSE,0.03414747620185875
Fth1,-0.17105648337977009,0.1765524397992154,-0.046794082410064775,0.7521380102712629,-0.16988012998754165,0.3356363749792366,Fth1,FALSE,FALSE,FALSE,FALSE,0.1292435652591255,FALSE,FALSE,0.034147149198615466
Ndrg4,-0.06899196695528786,0.8356636328111589,-0.2346746059468927,0.4620749796561745,0.0840006019512245,0.8648675529678855,Ndrg4,FALSE,FALSE,FALSE,FALSE,0.1292223916178017,FALSE,FALSE,0.03414142411070749
Ncs1,-0.11467508481267386,0.7409742741451975,-0.19403907197978887,0.5752658468535943,0.07890014994124028,0.8795013884906151,Ncs1,FALSE,FALSE,FALSE,FALSE,0.12920476891123434,FALSE,FALSE,0.034136659151165025
Mief2,-0.07837823611168959,0.780244373155698,-0.023325079478672794,0.9396466880988444,0.28590655189906267,0.3819726935278713,Mief2,FALSE,FALSE,FALSE,FALSE,0.1292032891631417,FALSE,FALSE,0.034136259045780104
Sec23ip,0.1697244906114168,0.3748723119234667,0.16845339573375462,0.4152198248266785,0.0492954261227716,0.8808124843806986,Sec23ip,FALSE,FALSE,FALSE,FALSE,0.12915777082264768,FALSE,FALSE,0.03412395145556602
Map3k5,-0.2974730816014235,0.0643268399061992,-0.08914013867031123,0.5940459877566193,8.264172707406203e-4,0.9969393015325285,Map3k5,FALSE,FALSE,FALSE,FALSE,0.12914654584749177,FALSE,FALSE,0.034120916362614856
Trim46,0.006576341959672494,0.977639505702533,-0.25870532284367576,0.24787672066057714,0.12207932785203468,0.677028785254435,Trim46,FALSE,FALSE,FALSE,FALSE,0.12912033088512764,FALSE,FALSE,0.03411382816452253
Mlkl,0.003154823317502331,0.9948627214137287,-0.26018842110010915,0.6086665734175577,0.12392773628256137,0.8637370287155501,Mlkl,FALSE,FALSE,FALSE,FALSE,0.12909032690005762,FALSE,FALSE,0.03410571546205966
Pcdhb13,-0.11922557013659096,0.8009854285875623,0.1958077506009066,0.6620364530653775,0.07220186388748795,0.9200318640581027,Pcdhb13,FALSE,FALSE,FALSE,FALSE,0.12907839487499517,FALSE,FALSE,0.034102489191653075
Gsk3b,0.20629077282568886,0.1462329871076682,0.01529990273134274,0.9305246860348482,0.16543260789737868,0.40608108524542064,Gsk3b,FALSE,FALSE,FALSE,FALSE,0.12900776115147009,FALSE,FALSE,0.034083390715851744
Mettl23,0.15965095814090047,0.5744183130479459,0.15097372203641068,0.6128623351030904,0.07630397349748907,0.8663696857974812,Mettl23,FALSE,FALSE,FALSE,FALSE,0.12897621789160008,FALSE,FALSE,0.03407486181272648
Wdfy4,0.060756918895000345,0.8864015770293232,-0.0629938943543662,0.8862981427933603,0.2631408858954669,0.6004853062189887,Wdfy4,FALSE,FALSE,FALSE,FALSE,0.12896389971494449,FALSE,FALSE,0.03407153113175665
Isl1,-0.0061380155686801,0.9834098473163652,0.20952008916947706,0.4218248382004793,-0.1711193432418221,0.6440346170487203,Isl1,FALSE,FALSE,FALSE,FALSE,0.12892581599332642,FALSE,FALSE,0.034061233769541434
Chd6,-0.14770777655084988,0.3182329896030547,-0.1294517936888182,0.41955941237361744,-0.10953595121674642,0.6146117113526239,Chd6,FALSE,FALSE,FALSE,FALSE,0.12889850715213816,FALSE,FALSE,0.03405384980029038
Acyp1,0.14800190621866438,0.3817733534674553,-0.05066139979192874,0.8010746872394632,-0.187817495601021,0.4350904437662127,Acyp1,FALSE,FALSE,FALSE,FALSE,0.12882693387053804,FALSE,FALSE,0.03403449727973161
Cfap70,-0.015153695554392055,0.961688954707231,0.19691480778833048,0.46387225309301733,0.17437666342513625,0.6328648778462462,Cfap70,FALSE,FALSE,FALSE,FALSE,0.12881505558928627,FALSE,FALSE,0.03403128554097954
Kmt2a,-0.037881612610728865,0.8261570465768636,0.13546865843690892,0.41573496719970926,0.2130501388171444,0.32024573688721225,Kmt2a,FALSE,FALSE,FALSE,FALSE,0.12880013662159406,FALSE,FALSE,0.03402725163862765
Btbd6,-0.16297887714169157,0.3510263403171464,-0.19431044348500137,0.2933201536431578,0.029099551125961298,0.9245947116617411,Btbd6,FALSE,FALSE,FALSE,FALSE,0.12879629058421807,FALSE,FALSE,0.034026211718203095
Zmiz1,0.04089493771818198,0.8296565954123163,0.12422028948694752,0.4977668076536222,0.2211962805338965,0.34327395435952207,Zmiz1,FALSE,FALSE,FALSE,FALSE,0.12877050257967534,FALSE,FALSE,0.034019238964167996
Iqsec2,2.4325719999529483e-4,0.9990425385379433,-0.04446611055357863,0.8453583419013098,0.3415590103908954,0.17891057821632086,Iqsec2,FALSE,FALSE,FALSE,FALSE,0.12875612604815645,FALSE,FALSE,0.03401535172977601
Ccni,0.19701901624001117,0.09571375311400794,0.12591670858431137,0.3111105644795721,0.06313887400890561,0.7192625320922958,Ccni,FALSE,FALSE,FALSE,FALSE,0.12869153294440938,FALSE,FALSE,0.03399788656204479
Twf2,-0.16890802985425468,0.4514086123009039,-0.18668796577503333,0.4216245473087002,-0.03046461570332326,0.9365508379727022,Twf2,FALSE,FALSE,FALSE,FALSE,0.12868687044420377,FALSE,FALSE,0.03399662588027825
Fam72a,-0.03604138761744291,0.9404557485912693,-0.23314965343520638,0.5998818471268327,0.11679289943354898,0.8534652626091761,Fam72a,FALSE,FALSE,FALSE,FALSE,0.12866131349539942,FALSE,FALSE,0.03398971560082622
Ubox5,-0.10987235023521968,0.6060332719267254,-0.19477212264646937,0.3628486807771466,-0.08129318859914703,0.7934233043066964,Ubox5,FALSE,FALSE,FALSE,FALSE,0.1286458871602787,FALSE,FALSE,0.033985544512664605
Blzf1,0.2045582046675749,0.25895828254069814,0.17837443961474708,0.3574134680133541,0.002984835910665673,0.9922561381614001,Blzf1,FALSE,FALSE,FALSE,FALSE,0.1286391600643292,FALSE,FALSE,0.03398372559001983
Creb5,0.1852456647489611,0.7032965554535963,-0.07779596870782013,0.8880983399622834,-0.12286220633701816,0.8745035184954989,Creb5,FALSE,FALSE,FALSE,FALSE,0.1286346132645998,FALSE,FALSE,0.03398249619221561
C1qtnf4,-0.16847069742105747,0.5169189778093949,-0.13669395988234356,0.6190171222303886,0.08053402841306267,0.8382524625475496,C1qtnf4,FALSE,FALSE,FALSE,FALSE,0.12856622857215458,FALSE,FALSE,0.03396400582630162
Nrsn1,0.1879533870144936,0.24928996074004772,-0.09924609060889189,0.5869371571705967,-0.09848163073739169,0.6868420188615263,Nrsn1,FALSE,FALSE,FALSE,FALSE,0.1285603694535924,FALSE,FALSE,0.0339624215938912
Tsfm,0.0059520971609492435,0.9801290900745543,-0.3173168349307751,0.17228029592376085,-0.06234214776575708,0.8523857011790373,Tsfm,FALSE,FALSE,FALSE,FALSE,0.12853702661916047,FALSE,FALSE,0.03395610998328534
Tent5c,0.1168345726180684,0.6390166155588232,0.22723715180201776,0.36940496035348735,-0.04150537255709086,0.9232097857035996,Tent5c,FALSE,FALSE,FALSE,FALSE,0.12852569899239233,FALSE,FALSE,0.03395304713462154
Ppfia1,-0.19114879792948702,0.272688232846327,0.07348588455011473,0.714016611582768,-0.12091364238422209,0.6388746135393064,Ppfia1,FALSE,FALSE,FALSE,FALSE,0.12851610828794127,FALSE,FALSE,0.033950453928037846
Eif1ax,0.2167532600921609,0.26404399957581537,0.1607829038481201,0.4447889358696674,0.007975106834216206,0.981872477972119,Eif1ax,FALSE,FALSE,FALSE,FALSE,0.1285037569248324,FALSE,FALSE,0.03394711427386593
Hbs1l,0.20144457554879658,0.12466357238906962,0.1506410256326749,0.2800623423221435,0.03334289823177006,0.8808124843806986,Hbs1l,FALSE,FALSE,FALSE,FALSE,0.1284761664710805,FALSE,FALSE,0.03393965416009831
4930452B06Rik,-0.19330853058496222,0.4359079093885251,-0.1783320751787696,0.4908343504089793,-0.013766617807493997,0.9751963425512756,4930452B06Rik,FALSE,FALSE,FALSE,FALSE,0.12846907452374193,FALSE,FALSE,0.033937736586199176
Mical1,-0.1270960792285225,0.7304509889861338,-0.020340779333844816,0.9601835896542108,0.23772943076734787,0.5978318720087996,Mical1,FALSE,FALSE,FALSE,FALSE,0.12838876310990507,FALSE,FALSE,0.03391602138392488
Arpc5,-0.11857259851611435,0.34914052942357365,-0.11527136900422441,0.39877414109693193,-0.15128103853190566,0.39486960130333254,Arpc5,FALSE,FALSE,FALSE,FALSE,0.1283750020174148,FALSE,FALSE,0.03391230055655221
Hnrnpab,-0.1754380560494484,0.14010851845077882,-0.14011254009290486,0.272120583713831,-0.06954679961338073,0.6949775932532125,Hnrnpab,FALSE,FALSE,FALSE,FALSE,0.12836579858524466,FALSE,FALSE,0.033909812063551724
Ptpn13,-0.3289496532774461,0.05902903220075608,0.018237578373300423,0.9275352205533166,0.03789526930544884,0.893591279834527,Ptpn13,FALSE,FALSE,FALSE,FALSE,0.1283608336520651,FALSE,FALSE,0.03390846960768996
Siah1a,0.1174426672721598,0.52268841400795,0.16150131015939984,0.39166310194609416,0.10595753088016835,0.6859667426109882,Siah1a,FALSE,FALSE,FALSE,FALSE,0.128300502770576,FALSE,FALSE,0.03389215689157237
Ptpn23,-0.12904094134435873,0.5474606889685331,0.03967313894064706,0.8721026360392119,0.2161551541475193,0.44505439627464977,Ptpn23,FALSE,FALSE,FALSE,FALSE,0.12828974481084168,FALSE,FALSE,0.03388924807375273
Cdk10,-0.19491370707235234,0.387837808644251,-0.12277355547578761,0.6139424138566584,-0.06714952407174923,0.8520388059329983,Cdk10,FALSE,FALSE,FALSE,FALSE,0.1282789288732964,FALSE,FALSE,0.03388632357945782
Golga3,0.261276370876681,0.10646807305599486,0.12129135601735186,0.48370375427900125,-0.002241976523944089,0.993522856495639,Golga3,FALSE,FALSE,FALSE,FALSE,0.12826990113932565,FALSE,FALSE,0.03388388259305392
Kmo,-0.12032346494209856,0.7260589929980736,0.020486357965410207,0.9571889931022003,-0.24379036008376742,0.5887222143874582,Kmo,FALSE,FALSE,FALSE,FALSE,0.12820006099709205,FALSE,FALSE,0.033864998691712715
Syt16,0.04103911036953933,0.8919229538019298,0.13209368331171323,0.6394804252645879,0.211390528544666,0.5517414512389665,Syt16,FALSE,FALSE,FALSE,FALSE,0.12817444074197284,FALSE,FALSE,0.033858071295024585
Ptcd3,0.20905128638128367,0.13374185379620454,0.16210702032798974,0.2729820932796619,0.01310515687909053,0.9609730014174996,Ptcd3,FALSE,FALSE,FALSE,FALSE,0.1280878211961213,FALSE,FALSE,0.033834650452715734
Tomm5,0.07973718920226958,0.7008478884522761,-0.028291301203570818,0.9028394225945917,-0.2760242291152064,0.3078455068916682,Tomm5,FALSE,FALSE,FALSE,FALSE,0.12801757317368226,FALSE,FALSE,0.033815656265666155
Eif4a2,0.2200745449267174,0.12335833958393845,0.07551852019277305,0.6355260668921416,-0.08837438865010405,0.6734996583807101,Eif4a2,FALSE,FALSE,FALSE,FALSE,0.1279891512565315,FALSE,FALSE,0.03380797133459017
Enpp5,-0.14314421329010418,0.32137874729793614,-0.140873574255715,0.3653047330098055,-0.09991302812531533,0.6406321397405005,Enpp5,FALSE,FALSE,FALSE,FALSE,0.12797693855704484,FALSE,FALSE,0.03380466917332817
Eapp,0.18491903644196572,0.3471295099541979,0.18092401202687913,0.38898229307412824,0.017989281675880875,0.9628023735321624,Eapp,FALSE,FALSE,FALSE,FALSE,0.1279441100482419,FALSE,FALSE,0.033795792754959204
Hdhd2,-0.08389925564816281,0.5945516468934541,-0.1550364670765454,0.3338447393657002,-0.14476770507155745,0.49345754190669344,Hdhd2,FALSE,FALSE,FALSE,FALSE,0.1279011425987552,FALSE,FALSE,0.03378417489378308
Bzw2,-0.08042792041432989,0.7127243474635683,-0.055918128264580425,0.813738798634553,-0.24735485271945112,0.37551935445985263,Bzw2,FALSE,FALSE,FALSE,FALSE,0.12790030046612047,FALSE,FALSE,0.03378394719164672
Dnajc25,0.07537207693477477,0.832082149415535,0.3004944292462852,0.35370383862438143,0.007811013131344691,0.9887699501892413,Dnajc25,FALSE,FALSE,FALSE,FALSE,0.12789250643746822,FALSE,FALSE,0.03378183978373756
Gm14018,-0.09392309924533512,0.8129731743087368,-0.01984589225590694,0.9633982144104286,-0.269863251487052,0.598803497404075,Gm14018,FALSE,FALSE,FALSE,FALSE,0.12787741432943134,FALSE,FALSE,0.03377775906640102
Dnajc16,-0.20790221964780198,0.24020277280944566,-0.10537143081710809,0.584513836697819,0.07033556517890194,0.7961083597876001,Dnajc16,FALSE,FALSE,FALSE,FALSE,0.12786973854793734,FALSE,FALSE,0.03377568363104517
Zmynd8,-0.18780509328313766,0.4375717696992503,-0.16646017058567963,0.5258420446042926,-0.029335717797666305,0.9477993174069249,Zmynd8,FALSE,FALSE,FALSE,FALSE,0.12786699388882786,FALSE,FALSE,0.0337749415095348
Bicdl1,-0.1686644002453508,0.45078524569697165,-0.16913695037127274,0.4686003911749465,-0.045725428748522035,0.9029953454455604,Bicdl1,FALSE,FALSE,FALSE,FALSE,0.12784225978838185,FALSE,FALSE,0.033768253717991886
Hlcs,-0.035569955596988834,0.917149939154565,-0.2699226078067891,0.3862123953555687,-0.07796967774153529,0.8722920238991596,Hlcs,FALSE,FALSE,FALSE,FALSE,0.12782074704843774,FALSE,FALSE,0.03376243694205628
Igsf3,-0.18024543186543074,0.383794155831246,-0.1519964426256566,0.4884100733977398,-0.051197591487598615,0.8808124843806986,Igsf3,FALSE,FALSE,FALSE,FALSE,0.12781315532622864,FALSE,FALSE,0.03376038423528018
Zfyve19,-0.19988695894892317,0.2918590630089555,-0.14057997301971925,0.4813518214640406,-0.04296912613287285,0.8910329044496753,Zfyve19,FALSE,FALSE,FALSE,FALSE,0.12781201936717176,FALSE,FALSE,0.03376007708615259
B3gnt7,0.20964718877143085,0.5621311618406595,-0.10519173343282295,0.8022607962798526,0.06857812320625545,0.9096517207354082,B3gnt7,FALSE,FALSE,FALSE,FALSE,0.12780568180350307,FALSE,FALSE,0.03375836348816674
Ripk2,0.14570558594177152,0.5129112840015371,0.09279717923133113,0.7040352573233248,0.14484376937017407,0.640250482980962,Ripk2,FALSE,FALSE,FALSE,FALSE,0.12778217818109225,FALSE,FALSE,0.033752008402501504
Nudt17,0.12564297229735183,0.7818015406837895,0.0631304898161199,0.8967822195483696,-0.19456953873576932,0.7641024334129581,Nudt17,FALSE,FALSE,FALSE,FALSE,0.12778100028308034,FALSE,FALSE,0.033751689913604783
Rcc1,-0.11809357321407843,0.6552840798502806,-0.0647976160137751,0.8224332266042423,-0.2004285017846783,0.5700228149435639,Rcc1,FALSE,FALSE,FALSE,FALSE,0.12777323033751062,FALSE,FALSE,0.03374958901746006
Carmil3,-0.1299583924376515,0.6357973105769757,-0.11565247640143728,0.6891019203831725,0.13770253450971248,0.7086847097238209,Carmil3,FALSE,FALSE,FALSE,FALSE,0.12777113444960042,FALSE,FALSE,0.03374902231557125
Sox2ot,-0.2174368517350067,0.3948163488364798,-0.09081762015333172,0.745654271297486,-0.07500727998047019,0.8519587778884545,Sox2ot,FALSE,FALSE,FALSE,FALSE,0.12775391728960286,FALSE,FALSE,0.03374436701075125
Dffb,0.08766118222002839,0.8296658869355987,0.21318979171201857,0.5752385211395096,-0.08241013672224295,0.8945125634117448,Dffb,FALSE,FALSE,FALSE,FALSE,0.12775370355142998,FALSE,FALSE,0.03374430921862139
Me2,-0.16415504233409095,0.3239380144033098,-0.08317544692483825,0.6521342817410232,-0.13587309280677395,0.565034693231984,Me2,FALSE,FALSE,FALSE,FALSE,0.12773452735523438,FALSE,FALSE,0.03373912421490467
Ldb2,0.23748995687127028,0.3582322647636092,0.04873512316799289,0.876507999399498,0.09696131486300175,0.8150220606873416,Ldb2,FALSE,FALSE,FALSE,FALSE,0.12772879830075498,FALSE,FALSE,0.033737575150196215
Pmpcb,-0.11226291029678936,0.38130856851961314,-0.08203999551472219,0.5590338880142437,-0.18878008447894778,0.2849881505914223,Pmpcb,FALSE,FALSE,FALSE,FALSE,0.12769433009681977,FALSE,FALSE,0.033728255378762416
Hist3h2a,-0.06786297189219326,0.7813386485992316,-0.26267077397660765,0.2708176564916809,-0.0524015522510104,0.886296082228495,Hist3h2a,FALSE,FALSE,FALSE,FALSE,0.12764509937327043,FALSE,FALSE,0.03371494400658118
Fgd6,0.015250422048994405,0.9637392821758278,0.17419279335709215,0.5584613188520402,0.19336572383202988,0.6220455487202412,Fgd6,FALSE,FALSE,FALSE,FALSE,0.12760297974603882,FALSE,FALSE,0.03370355538594364
Gm48882,0.0820518378991168,0.9073991193207841,0.29258272328676954,0.6459379549799374,0.00812360346766855,0.993522856495639,Gm48882,FALSE,FALSE,FALSE,FALSE,0.1275860548845183,FALSE,FALSE,0.03369897911497761
1700096K18Rik,0.17399036217558805,0.5725371256154831,-0.06686043446114942,0.8515462942269872,0.14176605472928605,0.748218719164979,1700096K18Rik,FALSE,FALSE,FALSE,FALSE,0.12753895045534117,FALSE,FALSE,0.033686242666212375
Tmem100,-0.0118769765563016,0.9821710939501346,-0.05639648311367518,0.9175796096391189,-0.31424022804121754,0.6410240806979091,Tmem100,FALSE,FALSE,FALSE,FALSE,0.1275045625703981,FALSE,FALSE,0.033676944612029934
2410015M20Rik,0.12061335046299604,0.6294158087120679,-0.03533918545350989,0.9020307696834444,-0.226443971711058,0.5039994923487308,2410015M20Rik,FALSE,FALSE,FALSE,FALSE,0.12746550254252131,FALSE,FALSE,0.03366638326880782
Rcsd1,-0.16308310292523887,0.41139195786950256,0.04831352814298384,0.8278136487120747,0.1709619077808533,0.5074702906868367,Rcsd1,FALSE,FALSE,FALSE,FALSE,0.12745284628302533,FALSE,FALSE,0.03366296117446455
Clec4a3,-0.2942196665960068,0.7409742741451975,-0.05452975726314452,0.9549263233738063,-0.033602414314610696,0.9811329026983945,Clec4a3,FALSE,FALSE,FALSE,FALSE,0.12745061272458733,FALSE,FALSE,0.033662357248186135
Magoh,0.14598974724158253,0.5824652450499517,0.19223581650482213,0.4817786612234529,-0.044102762821540686,0.9241588504559974,Magoh,FALSE,FALSE,FALSE,FALSE,0.12744277552264846,FALSE,FALSE,0.03366023816676002
Kif9,0.07576117838001362,0.86864484415317,-0.1049948381648329,0.8262631180585953,0.2015498926817496,0.7298672384813677,Kif9,FALSE,FALSE,FALSE,FALSE,0.12743530307553205,FALSE,FALSE,0.03365821771047784
Flt1,-0.17400199807531846,0.6452754020383616,0.058770622058870625,0.8863105820174122,0.14944852364971384,0.7748565220796638,Flt1,FALSE,FALSE,FALSE,FALSE,0.12740704792796764,FALSE,FALSE,0.033650577871813095
Ovca2,0.21352750108169438,0.3769087983629237,-0.03742757549385267,0.8984292323025337,-0.1312353845908949,0.7246650166942583,Ovca2,FALSE,FALSE,FALSE,FALSE,0.12739682038881397,FALSE,FALSE,0.03364781247308732
Lix1l,-0.10588573867997919,0.4692273175711312,-0.2061470249246753,0.19049818271646915,-0.07010907452695836,0.748253422469952,Lix1l,FALSE,FALSE,FALSE,FALSE,0.1273806127105376,FALSE,FALSE,0.03364343011950451
Ky,-0.017030608304284378,0.971330682300765,-0.04943395321737709,0.9145805361386232,0.31561543274111026,0.5437533172616732,Ky,FALSE,FALSE,FALSE,FALSE,0.12735999808759058,FALSE,FALSE,0.033637856183176947
Pithd1,-0.10358094816933239,0.5744183130479459,-0.24867187630633314,0.19897986510657015,-0.029719862250162876,0.9254249867141772,Pithd1,FALSE,FALSE,FALSE,FALSE,0.12732422890860948,FALSE,FALSE,0.03362818464435511
Lcor,0.1195889397441583,0.373828455704285,0.17779080830700966,0.22144352641964105,0.0845770502815002,0.6692229348201579,Lcor,FALSE,FALSE,FALSE,FALSE,0.12731893277755604,FALSE,FALSE,0.03362675263672877
Eno4,0.05609240471869903,0.853460813095845,-0.19311386666241193,0.5142536910044518,0.13271793480345861,0.7351420034823858,Eno4,FALSE,FALSE,FALSE,FALSE,0.12730806872818987,FALSE,FALSE,0.03362381513359897
Tmem200c,0.07940646585281891,0.8962798331754713,0.10406353281572872,0.8637835477629652,0.19843797670131952,0.8010451795751099,Tmem200c,FALSE,FALSE,FALSE,FALSE,0.1273026584566224,FALSE,FALSE,0.033622352263804584
Rapgef1,-0.18692789113519837,0.15826865239840845,-0.1343997282161542,0.3434308723830044,-0.060570402976523496,0.7684273834522133,Rapgef1,FALSE,FALSE,FALSE,FALSE,0.1272993407759587,FALSE,FALSE,0.03362145520442968
Nme4,-0.1775813918761895,0.700888892012896,-0.10304397839533741,0.8345360084605521,-0.10122120942616908,0.8855089028036605,Nme4,FALSE,FALSE,FALSE,FALSE,0.12728219323256532,FALSE,FALSE,0.033616818723069125
Tmeff1,-0.06161132035832173,0.859954923116515,0.28650842722407166,0.35147248351986676,-0.03369918409801009,0.9516881841369234,Tmeff1,FALSE,FALSE,FALSE,FALSE,0.12727297722680117,FALSE,FALSE,0.03361432683032601
Capn10,-0.17095599958108565,0.13682189784979978,-0.16686854271949692,0.18126852649776473,-0.043792417635114766,0.8050220025244096,Capn10,FALSE,FALSE,FALSE,FALSE,0.12720565331189912,FALSE,FALSE,0.0335961232853982
Fads1,-0.08396470535846223,0.7484378200107958,-0.2525023001668183,0.327905895493908,-0.045136042893362927,0.9162533126256398,Fads1,FALSE,FALSE,FALSE,FALSE,0.12720101613954782,FALSE,FALSE,0.033594869451966825
Prkg1,-0.09737900462757754,0.7634611761821823,0.09667911880870772,0.7661057160526651,0.18747665685051418,0.6428558246388795,Prkg1,FALSE,FALSE,FALSE,FALSE,0.12717826009559982,FALSE,FALSE,0.033588716502171954
Dlg4,-0.17112150555053685,0.26219928436686424,-0.14884063466010566,0.36483117275060584,0.06128949126198968,0.8007407999651911,Dlg4,FALSE,FALSE,FALSE,FALSE,0.12708387715754407,FALSE,FALSE,0.03356319653566649
Akirin1,0.20477728719018717,0.35159851847325774,0.14492649561641002,0.5516580764460208,0.031536968708425483,0.9373722671181743,Akirin1,FALSE,FALSE,FALSE,FALSE,0.12708025050500757,FALSE,FALSE,0.03356221593415985
Phactr4,0.1062515894573477,0.5543759603019982,0.07497511308968718,0.699775373375869,0.20000804889198598,0.3893809453148289,Phactr4,FALSE,FALSE,FALSE,FALSE,0.1270782504796736,FALSE,FALSE,0.03356167515231322
Cdk9,-0.22447671890927,0.1395340613767508,-0.11722932948486697,0.4638220385076406,0.03950841464853916,0.8742256792177077,Cdk9,FALSE,FALSE,FALSE,FALSE,0.12707148768089205,FALSE,FALSE,0.033559846576068995
Metap2,-0.11346260627175475,0.3345826977092734,-0.13008730012463854,0.3046008675782199,-0.13756738254090628,0.40632709382293064,Metap2,FALSE,FALSE,FALSE,FALSE,0.12703909631243318,FALSE,FALSE,0.03355108835498408
Myof,-0.18565276149788446,0.30095646345166804,0.17945278510031404,0.32357636467879425,-0.015890630040225506,0.9624223377498802,Myof,FALSE,FALSE,FALSE,FALSE,0.12699872554614133,FALSE,FALSE,0.03354017260448096
Clint1,0.17418149727975596,0.37487543234060144,0.1161790119496775,0.5961253569872115,0.09061416214164453,0.7676847319334896,Clint1,FALSE,FALSE,FALSE,FALSE,0.12699155712369267,FALSE,FALSE,0.033538234352668124
Dnah7b,0.1579385349628053,0.5065355792233162,0.08412412111222967,0.7514185407332451,0.1387848502622031,0.6798613120520077,Dnah7b,FALSE,FALSE,FALSE,FALSE,0.12694916877907936,FALSE,FALSE,0.033526773074209995
Afg3l2,-0.18709876218998378,0.22712931281900747,-0.14224721283633723,0.39028881032423013,-0.05149697607298975,0.8392716934107318,Afg3l2,FALSE,FALSE,FALSE,FALSE,0.12694765036643693,FALSE,FALSE,0.03352636251441418
Sephs2,0.11319064564171377,0.6002683995369078,0.1260213872092848,0.5740019993928742,0.14149797332210756,0.6328785685635795,Sephs2,FALSE,FALSE,FALSE,FALSE,0.12690333539103538,FALSE,FALSE,0.033514380299077016
Lrrc28,0.05896114575698963,0.7480242258702147,-0.044749774023547406,0.8219258048129209,0.27698729150127077,0.21051228717251008,Lrrc28,FALSE,FALSE,FALSE,FALSE,0.1268994037606026,FALSE,FALSE,0.03351331723535996
Acadl,0.14729434263664754,0.28109227463723413,-0.07554935417775344,0.6249655006133806,0.15766460398513704,0.4076770859116572,Acadl,FALSE,FALSE,FALSE,FALSE,0.12683610026651268,FALSE,FALSE,0.03349620076195775
Tchp,-0.12702627998848337,0.6121781662925284,-0.07516278844105706,0.7824221621069427,0.17831501760382062,0.5786461381800834,Tchp,FALSE,FALSE,FALSE,FALSE,0.12683469534445369,FALSE,FALSE,0.03349582088859688
6330403K07Rik,-0.14185548788550673,0.4191932427292261,-0.16536007838741895,0.3781818105203927,-0.0732726762175373,0.790781522904457,6330403K07Rik,FALSE,FALSE,FALSE,FALSE,0.12682941416348767,FALSE,FALSE,0.03349439292328728
Chek2,0.14953059547393854,0.636696736418841,-0.11537059881078626,0.740770930538369,0.11552846051634891,0.8054242398747026,Chek2,FALSE,FALSE,FALSE,FALSE,0.12680988493369125,FALSE,FALSE,0.03348911246369841
Ctdsp2,-0.17856888277928107,0.4130640462226783,-0.17020045918355908,0.46864131719612834,0.031554511249050954,0.9357073281801604,Ctdsp2,FALSE,FALSE,FALSE,FALSE,0.12677461773729704,FALSE,FALSE,0.033479576654692436
Coq9,-0.11736019094906602,0.4100255942782537,-0.19219863397921166,0.20992733462142754,-0.07062601268108715,0.7418090888965313,Coq9,FALSE,FALSE,FALSE,FALSE,0.1267282792031216,FALSE,FALSE,0.033467047294360695
Shc1,-0.09642096017151403,0.5378633095002445,-0.21213321765334925,0.20156944914862082,-0.07162457400533029,0.7607966093884097,Shc1,FALSE,FALSE,FALSE,FALSE,0.1267262506100645,FALSE,FALSE,0.03346649878815887
Ccdc103,-0.020384914849061797,0.9633944140414997,-0.3079667930493346,0.44787638592516266,0.05182181297534094,0.9356595057239877,Ccdc103,FALSE,FALSE,FALSE,FALSE,0.12672450695791246,FALSE,FALSE,0.03346602732641552
Ppid,0.09298523143716952,0.632062229427947,0.2051705489001705,0.2978548574496363,-0.08175619738008155,0.777596168840177,Ppid,FALSE,FALSE,FALSE,FALSE,0.1266373259058072,FALSE,FALSE,0.03344245465983544
Ncor2,-0.09106680087789432,0.677356583949095,0.09132885336530983,0.699775373375869,0.19735448346079565,0.5001522576706113,Ncor2,FALSE,FALSE,FALSE,FALSE,0.1265833792346666,FALSE,FALSE,0.03342786815438276
Kcna6,0.1691834212261264,0.657763374481447,-0.1791971240872371,0.6690061285725941,-0.03125000682598966,0.9652311294692906,Kcna6,FALSE,FALSE,FALSE,FALSE,0.1265435173797844,FALSE,FALSE,0.03341709000716257
Notch1,-0.3118317692457522,0.12376537372958615,-0.05877819009792962,0.7983479889759199,-0.008968316503856322,0.9799428752071496,Notch1,FALSE,FALSE,FALSE,FALSE,0.12652609194917938,FALSE,FALSE,0.03341237838857405
Gm21769,-0.054302757345632946,0.9167962726346658,0.2229905473716749,0.6249655006133806,0.10209722921243292,0.8853743710800426,Gm21769,FALSE,FALSE,FALSE,FALSE,0.1264635113099136,FALSE,FALSE,0.033395457366079385
Mcm6,-0.06936794728214402,0.7750155972175784,-0.24470112703495595,0.2974586087185322,-0.06528732895762612,0.8562065291092719,Mcm6,FALSE,FALSE,FALSE,FALSE,0.12645213442490869,FALSE,FALSE,0.03339238119860418
Lsm2,0.0846526436374675,0.7631971032149168,0.12468527424816767,0.6560216261781577,0.16973855668184168,0.6367574325962324,Lsm2,FALSE,FALSE,FALSE,FALSE,0.1263588248558256,FALSE,FALSE,0.03336715145765002
Swap70,0.05956684323204131,0.7667182933948965,0.1569454341568881,0.4059876847346415,0.16243486845879662,0.5130150179895405,Swap70,FALSE,FALSE,FALSE,FALSE,0.12631571528257535,FALSE,FALSE,0.03335549516798502
Hk2,0.11378829018951198,0.6772473584323555,0.18441155512319662,0.4937740348403163,0.0806556227667965,0.8460089597785166,Hk2,FALSE,FALSE,FALSE,FALSE,0.1262851560265017,FALSE,FALSE,0.03334723232718459
A330035P11Rik,0.01639518180705135,0.9608908006792275,-0.24498067724831118,0.419599118328947,-0.1174711221983995,0.7857274676140475,A330035P11Rik,FALSE,FALSE,FALSE,FALSE,0.12628232708458734,FALSE,FALSE,0.033346467416657456
Pde9a,-0.1288141366668918,0.6517766962302293,-0.18027920382274187,0.5326156921081598,-0.06974950688369974,0.8745078084779869,Pde9a,FALSE,FALSE,FALSE,FALSE,0.12628094912444446,FALSE,FALSE,0.03334609483346163
Actr8,-0.18040107888566315,0.25799847741376375,-0.11349066372881822,0.5100822440560157,-0.08490520384273648,0.7241951966264828,Actr8,FALSE,FALSE,FALSE,FALSE,0.12626564881907262,FALSE,FALSE,0.03334195782216853
Ncf1,-0.24109874430154776,0.5203657901688399,-0.001402358323490338,0.9972238769996994,0.13626933203685798,0.7943123528581805,Ncf1,FALSE,FALSE,FALSE,FALSE,0.12625681155396537,FALSE,FALSE,0.03333956833616415
Prkag2,0.2952354756555371,0.031333342345509635,0.058559487969214175,0.6685967658174912,0.024960108270937198,0.905464057722558,Prkag2,FALSE,FALSE,FALSE,FALSE,0.12625169063189615,FALSE,FALSE,0.03333818370285673
Abcc8,-0.17194026061906298,0.6779723225601166,-0.10046998124832651,0.8219258048129209,-0.10626914891476913,0.8662204000172123,Abcc8,FALSE,FALSE,FALSE,FALSE,0.12622646359405287,FALSE,FALSE,0.03333136262720414
Snrnp200,-0.10471791709114608,0.48582022951342047,-0.16162562062062502,0.3069559002496942,-0.1122832187848859,0.6008405275298442,Snrnp200,FALSE,FALSE,FALSE,FALSE,0.126208918832219,FALSE,FALSE,0.03332661874294317
Slc38a7,-0.18280803202950402,0.3280211983249626,-0.18417150110085778,0.34730906246160803,-0.0114586555063112,0.9726337092597264,Slc38a7,FALSE,FALSE,FALSE,FALSE,0.126146062878891,FALSE,FALSE,0.03330962327896797
Gm28661,0.15281538647091253,0.608128284247457,0.2011830032544828,0.500516448214487,-0.024439451815708946,0.9652311294692906,Gm28661,FALSE,FALSE,FALSE,FALSE,0.1261459471803681,FALSE,FALSE,0.03330959199553381
Ppp1r9a,0.14454768359110481,0.21807634578460255,0.12964149634128752,0.3065683826405541,0.10421442772492995,0.5391593970730748,Ppp1r9a,FALSE,FALSE,FALSE,FALSE,0.12613453588577409,FALSE,FALSE,0.03330650652413588
Cx3cr1,0.044149704892618935,0.8983967772377741,-0.16468520809136766,0.6186452727846006,0.16951169239465536,0.6867045081950023,Cx3cr1,FALSE,FALSE,FALSE,FALSE,0.12611553512621398,FALSE,FALSE,0.033301368956292154
Tle4,0.15857209964384733,0.2777917268549573,0.125568572820562,0.4286961992521456,-0.09416374165914831,0.665779106680089,Tle4,FALSE,FALSE,FALSE,FALSE,0.12610147137451921,FALSE,FALSE,0.03329756629365434
Cyp51,-0.16509154735732956,0.44108551883749303,0.027270540139689103,0.9147623711099597,-0.18592911167024795,0.5366259856518361,Cyp51,FALSE,FALSE,FALSE,FALSE,0.12609706638908888,FALSE,FALSE,0.03329637524066367
Ppp6r2,-0.09238945946741772,0.5428184346434787,-0.18742522335790834,0.23947330820848906,-0.09841472263878437,0.649073848985225,Ppp6r2,FALSE,FALSE,FALSE,FALSE,0.1260764684880368,FALSE,FALSE,0.03329080582572745
Aup1,-0.04894301748066976,0.7750155972175784,-0.20817107776208266,0.21570719814909942,-0.12109749121584557,0.5847656558612931,Aup1,FALSE,FALSE,FALSE,FALSE,0.12607052881953265,FALSE,FALSE,0.03328919981361974
Cdkn2aip,0.2067536233253593,0.22540446822847107,0.1577591506814251,0.3870728038254774,-0.013639816539529726,0.9674806741726476,Cdkn2aip,FALSE,FALSE,FALSE,FALSE,0.12605086351543804,FALSE,FALSE,0.03328388256124179
Mypop,-0.12004521264969714,0.6160339795414811,-0.13840252623806482,0.572054478604948,-0.11969593344164009,0.7207264661661053,Mypop,FALSE,FALSE,FALSE,FALSE,0.12604789077646736,FALSE,FALSE,0.03328307876978834
Pcdhac2,-0.1510888804511823,0.561767407031338,-0.14199969284642755,0.600749241235631,-0.08498798532667662,0.8284864637860284,Pcdhac2,FALSE,FALSE,FALSE,FALSE,0.12602551954142882,FALSE,FALSE,0.033277029867511826
Ssh3,-0.1771143917315765,0.309066846322348,-0.09110883640337342,0.6336757906420161,-0.1098438317609629,0.6612993781516854,Ssh3,FALSE,FALSE,FALSE,FALSE,0.12602235329863762,FALSE,FALSE,0.03327617375504442
Ccdc114,-0.10643988577022157,0.7035826982762667,-0.17181751612491714,0.5381392615294361,0.09973031031378832,0.7956994712513955,Ccdc114,FALSE,FALSE,FALSE,FALSE,0.12599590406964234,FALSE,FALSE,0.03326902221418376
Atp2b2,-0.10296636968201955,0.6417744708594565,-0.19525696686503835,0.3851988891875016,-0.07975034061578423,0.8114875410869471,Atp2b2,FALSE,FALSE,FALSE,FALSE,0.12599122572094737,FALSE,FALSE,0.03326775724718384
Clmp,-0.1159804736389165,0.774726825309935,-0.09842184001853838,0.8175546432946352,-0.16351285188586262,0.7686399779984886,Clmp,FALSE,FALSE,FALSE,FALSE,0.1259717218477725,FALSE,FALSE,0.033262483643708436
Tubd1,0.17360601232642336,0.47845249524177513,-0.03776136404202246,0.8964425966377221,0.16649703391360493,0.6242900544963055,Tubd1,FALSE,FALSE,FALSE,FALSE,0.12595480342735024,FALSE,FALSE,0.03325790911433485
Gpr85,0.3210268543563588,0.1525164672757061,0.05353374760464469,0.8424675416769182,0.003142579961934011,0.993522856495639,Gpr85,FALSE,FALSE,FALSE,FALSE,0.12590106064097917,FALSE,FALSE,0.03324337773677496
Ppip5k2,0.14559449023116766,0.4860057084046149,0.16959070015588118,0.4377556445224226,0.06247488458674866,0.8540121048916062,Ppip5k2,FALSE,FALSE,FALSE,FALSE,0.1258866916579325,FALSE,FALSE,0.0332394925433955
Dnajc17,-0.2489793953185282,0.5602741150486826,-0.02761121177967829,0.954850703362207,0.10098997965433187,0.8741731036079976,Dnajc17,FALSE,FALSE,FALSE,FALSE,0.12586019558417946,FALSE,FALSE,0.033232328336297974
Tigar,-0.15244410858429092,0.585674708737975,0.18183742275790138,0.5194868654821532,0.043212414815291034,0.9273792890499064,Tigar,FALSE,FALSE,FALSE,FALSE,0.12583131538582779,FALSE,FALSE,0.03322451949171453
Add2,-0.22589255308832001,0.22512085174282628,-0.1380230337481363,0.49237836122158024,0.013440959845882006,0.9692527582689531,Add2,FALSE,FALSE,FALSE,FALSE,0.12578551556077944,FALSE,FALSE,0.03321213579159599
Socs2,0.15293403075926726,0.41158223179226233,0.21615434021467728,0.27807676006772053,-0.008130370873924875,0.9812328423861192,Socs2,FALSE,FALSE,FALSE,FALSE,0.12573958061595647,FALSE,FALSE,0.033199715556779606
Mn1,-0.1276009765273729,0.6733668757472103,-0.0614399389728395,0.8515462942269872,0.1880564875427413,0.6266708418912065,Mn1,FALSE,FALSE,FALSE,FALSE,0.12569913434765123,FALSE,FALSE,0.033188779391475964
Szt2,-0.12647650409791122,0.4754067985221743,-0.1537929482478626,0.4089053408325155,-0.09679163306674177,0.7101641766295487,Szt2,FALSE,FALSE,FALSE,FALSE,0.12568702847083854,FALSE,FALSE,0.03318550611372955
Celf1,0.13665170083208977,0.23448495128816918,0.12874846002583507,0.2997320072394701,0.11158117944990131,0.4957275844541114,Celf1,FALSE,FALSE,FALSE,FALSE,0.12566044676927537,FALSE,FALSE,0.033178318753942664
Ankrd26,0.13207305396283786,0.3923268872427313,0.18634780686571784,0.25521653676273487,0.058533311126667265,0.8099447440709837,Ankrd26,FALSE,FALSE,FALSE,FALSE,0.125651390651741,FALSE,FALSE,0.033175870092978
Psmd13,0.06761601837893316,0.7540182464765895,-0.09781114666096524,0.6628552768368042,-0.2115232072501021,0.4471474922198249,Psmd13,FALSE,FALSE,FALSE,FALSE,0.12565012409666684,FALSE,FALSE,0.03317552763232001
Bmp6,-0.10326900550098728,0.5130082025740192,-0.1304797824785231,0.4240820219470195,-0.14313477340121672,0.5052999948252911,Bmp6,FALSE,FALSE,FALSE,FALSE,0.1256278537935757,FALSE,FALSE,0.03316950602078026
Rnase4,-0.3195621664761852,0.1158440101276247,0.04166013552066827,0.8526022996891339,-0.015550450981832054,0.9669037809700132,Rnase4,FALSE,FALSE,FALSE,FALSE,0.12559091765956185,FALSE,FALSE,0.033159518951906455
Rae1,-0.1683376579245648,0.3103194041185661,-0.13354062315339998,0.4492136848258008,-0.07488839549221371,0.7672076421997593,Rae1,FALSE,FALSE,FALSE,FALSE,0.1255888921900595,FALSE,FALSE,0.033158971290274786
Nenf,-0.0763828866348879,0.5969105733671356,-0.15012129243336148,0.31232997107756905,-0.15024731200915653,0.44037088244546707,Nenf,FALSE,FALSE,FALSE,FALSE,0.1255838303591353,FALSE,FALSE,0.033157602634474245
Csrnp2,-0.20568797615258871,0.3862124436254617,-0.06997577071932559,0.7951801117523957,-0.10108588838065424,0.7757611631105211,Csrnp2,FALSE,FALSE,FALSE,FALSE,0.12558321175085618,FALSE,FALSE,0.03315743537052921
Spty2d1,0.1409223875437995,0.5308290956800891,0.09549998276937988,0.7038783023888366,-0.1402042140060038,0.6646887837926196,Spty2d1,FALSE,FALSE,FALSE,FALSE,0.12554219477306106,FALSE,FALSE,0.033146344892514334
Lin54,0.158809728573023,0.4243028317896375,0.12666646507863977,0.5563457863933586,0.09114656246237818,0.7643604753588661,Lin54,FALSE,FALSE,FALSE,FALSE,0.12554091870468032,FALSE,FALSE,0.03314599985957717
Myd88,0.0013265825616590732,0.9948012652881506,-0.2863823161691603,0.16562299002152464,-0.08888890634428304,0.7467975884409128,Myd88,FALSE,FALSE,FALSE,FALSE,0.1255326016917008,FALSE,FALSE,0.0331437510432441
Elovl4,-0.006941615745040153,0.9854554575646574,0.29400483807038036,0.38701619396675313,-0.07550713921719909,0.8942686713611929,Elovl4,FALSE,FALSE,FALSE,FALSE,0.1254845310108732,FALSE,FALSE,0.03313075333211235
Pcdhb22,0.06252304821752874,0.8251958076408236,0.21129828853742127,0.41795480505646054,-0.10261749216946026,0.7952862992535886,Pcdhb22,FALSE,FALSE,FALSE,FALSE,0.1254796096414701,FALSE,FALSE,0.033129422655351105
Phc2,-0.19174981896230747,0.14468589535117404,-0.07394148296685632,0.6120112038958027,-0.1106943918427783,0.5558389517164815,Phc2,FALSE,FALSE,FALSE,FALSE,0.1254618979239807,FALSE,FALSE,0.03312463362836811
Qrsl1,-0.2540713788090352,0.3376925742942158,-0.00705868988735503,0.9821010569585602,-0.11524778094634902,0.7668317565841746,Qrsl1,FALSE,FALSE,FALSE,FALSE,0.1254592832142464,FALSE,FALSE,0.03312392664354421
AI467606,-0.1450072993829572,0.5895977728735218,-0.09813759820285073,0.730572780130591,-0.13321141790207047,0.7248364473934602,AI467606,FALSE,FALSE,FALSE,FALSE,0.12545210516262614,FALSE,FALSE,0.03312198578812376
Clba1,-0.1903718586210137,0.25999706357642294,-0.12525491769490582,0.4821476313004458,-0.06070145262285109,0.8160706567923424,Clba1,FALSE,FALSE,FALSE,FALSE,0.1254427429795902,FALSE,FALSE,0.03311945437087381
Creb3,0.009836202531119831,0.9462243112911887,-0.20455379259141626,0.14063530962488444,-0.16183718740499842,0.33407334575243197,Creb3,FALSE,FALSE,FALSE,FALSE,0.1254090608425115,FALSE,FALSE,0.03311034714209086
Pcsk1,0.053922643499040745,0.7977168860597718,0.22695464828253709,0.26956839129329413,-0.09532232139369867,0.7442724803559847,Pcsk1,FALSE,FALSE,FALSE,FALSE,0.1253998710584255,FALSE,FALSE,0.0331078623393617
Snrpb2,0.2282151028411299,0.3134755619076943,0.1369810231021864,0.5855400108851229,0.010984242140725797,0.9790346417318468,Snrpb2,FALSE,FALSE,FALSE,FALSE,0.12539345602801402,FALSE,FALSE,0.03310612779533706
Sdccag3,-0.19052804843987836,0.2771723801196043,-0.06489315870821155,0.7415937184057385,-0.1207471394549664,0.6311984414240023,Sdccag3,FALSE,FALSE,FALSE,FALSE,0.12538944886768544,FALSE,FALSE,0.03310504430928042
Nt5c3b,-0.22567328729513525,0.25121420317176785,-0.09245878480027159,0.6672652075221839,-0.05787578679735628,0.8537132223151842,Nt5c3b,FALSE,FALSE,FALSE,FALSE,0.12533595296425437,FALSE,FALSE,0.03309057968578106
Gm11769,0.0685894109431543,0.8984838220373782,-0.18183194726587693,0.7339872573038496,-0.1254678002314596,0.8723656510857026,Gm11769,FALSE,FALSE,FALSE,FALSE,0.12529638614683028,FALSE,FALSE,0.033079881313001075
Tpcn2,0.36188432300073026,0.2974948461382096,-0.008360258460317294,0.9848019905188304,-0.005632204279381492,0.9924441679334658,Tpcn2,FALSE,FALSE,FALSE,FALSE,0.12529226191347634,FALSE,FALSE,0.03307876617186199
Tns1,0.11191184155098188,0.5969931483067088,-0.002322440691240324,0.9921289335745637,0.26153468944637037,0.35527163565588216,Tns1,FALSE,FALSE,FALSE,FALSE,0.12525632389619754,FALSE,FALSE,0.03306904898127522
Gpn1,-0.16752781839969622,0.30419482566681644,-0.12267589150753011,0.4802761185377658,-0.08549850596021447,0.724660598809773,Gpn1,FALSE,FALSE,FALSE,FALSE,0.1252340719558136,FALSE,FALSE,0.033063032334781924
Pin1,-0.06420593204046376,0.688747382246159,-0.18688746783548726,0.24836042963591148,-0.12453070530289967,0.5603327662620621,Pin1,FALSE,FALSE,FALSE,FALSE,0.1252080350596169,FALSE,FALSE,0.03305599228355515
Zfand2a,-0.16974247313343582,0.2761021580361008,-0.11961410346139179,0.47366301306790326,-0.08615719677714306,0.7097392647113677,Zfand2a,FALSE,FALSE,FALSE,FALSE,0.12517125779065688,FALSE,FALSE,0.033046048169805824
Aimp1,0.22351544269392232,0.2848335836676945,0.06071181923545943,0.8093102179805916,-0.09114593230351264,0.7845141080800963,Aimp1,FALSE,FALSE,FALSE,FALSE,0.12512439807763145,FALSE,FALSE,0.03303337788922865
Tcf3,-0.16812270089445658,0.28587385365243406,-0.18103226939459827,0.28236309448493824,0.02618155936854638,0.925863253766011,Tcf3,FALSE,FALSE,FALSE,FALSE,0.12511217655253373,FALSE,FALSE,0.03303007334163176
2010005H15Rik,0.08756467629319713,0.8718691175248195,0.1907619368610936,0.7163836545880186,-0.09699610512137692,0.9063411176352346,2010005H15Rik,FALSE,FALSE,FALSE,FALSE,0.12510757275855588,FALSE,FALSE,0.033028828533295286
Rnft2,-0.004902406444584173,0.9867634333651453,-0.3615520168825679,0.21119521033629304,0.008731016484664345,0.9843825118748687,Rnft2,FALSE,FALSE,FALSE,FALSE,0.12506181327060548,FALSE,FALSE,0.03301645573982374
Ankrd50,-0.12942306848223417,0.3944380758494169,-0.1691692666617408,0.2973412393816,-0.07649690717892277,0.7409447009748852,Ankrd50,FALSE,FALSE,FALSE,FALSE,0.12502974744096593,FALSE,FALSE,0.033007785540365785
Mgat1,-0.13010935442298432,0.3591355173783138,-0.20803169861347648,0.1853663579839753,-0.03694548754560678,0.8788109826453874,Mgat1,FALSE,FALSE,FALSE,FALSE,0.12502884686068919,FALSE,FALSE,0.033007542034717716
Gm44957,-0.025449581039012514,0.9677906950758395,0.29522803982079776,0.5872668347363037,0.05438635221535926,0.9537013993800807,Gm44957,FALSE,FALSE,FALSE,FALSE,0.12502132435838983,FALSE,FALSE,0.03300550804413985
Bend5,-0.2074455844397547,0.3387813583141259,-0.15384644023160154,0.49741741689763413,-0.013743537518277726,0.9707775413438202,Bend5,FALSE,FALSE,FALSE,FALSE,0.12501185406321133,FALSE,FALSE,0.03300294739471814
Mtf1,-0.19408759341049997,0.18449544038460947,-0.06952071650982106,0.6686874795086091,-0.11142648787512233,0.5932787828900294,Mtf1,FALSE,FALSE,FALSE,FALSE,0.1250115992651478,FALSE,FALSE,0.033002878500507156
Ankrd34a,-0.14168637021618657,0.604780915645249,0.04582040948175781,0.8780397365401934,0.18745155188073603,0.591605862470446,Ankrd34a,FALSE,FALSE,FALSE,FALSE,0.12498611052622681,FALSE,FALSE,0.032995986664154854
Coq10a,-0.13639124401886438,0.48820015624338275,-0.11815847453692863,0.5683818667144263,-0.120391926329249,0.6631535184359354,Coq10a,FALSE,FALSE,FALSE,FALSE,0.124980548295014,FALSE,FALSE,0.03299448270637211
AA414768,-0.22452551941830245,0.17627130497544352,-0.12935668731563332,0.45105011293711605,0.021053995461549846,0.9412265460100244,AA414768,FALSE,FALSE,FALSE,FALSE,0.12497873406516187,FALSE,FALSE,0.032993992161301014
Stk24,-0.225128419780237,0.05933464799931998,-0.13218101534647442,0.27049890292672274,0.017534713113659173,0.9308707838816256,Stk24,FALSE,FALSE,FALSE,FALSE,0.12494804941345687,FALSE,FALSE,0.03298569541508952
Itpripl2,0.19954453090118518,0.3956725512684693,-0.0057836143279450525,0.9845530785231784,0.1694617985411706,0.6129758732020755,Itpripl2,FALSE,FALSE,FALSE,FALSE,0.12492998125676695,FALSE,FALSE,0.03298081001140279
Slc20a2,-0.22817310230169507,0.15931187647912623,-0.05204193536146473,0.7788085903942839,-0.09448416408487059,0.6866591945202359,Slc20a2,FALSE,FALSE,FALSE,FALSE,0.12489973391601013,FALSE,FALSE,0.032972631508604563
Gm37305,0.17689962618365174,0.4535110162507236,0.18814172588001066,0.4443694934648041,-0.009542450982152673,0.9817462572109429,Gm37305,FALSE,FALSE,FALSE,FALSE,0.12486126768193835,FALSE,FALSE,0.03296223071980391
Plekhf1,-0.10186284593385175,0.8080385883961527,0.2540400067869242,0.500244807231396,-0.018666954038253802,0.9776367727529727,Plekhf1,FALSE,FALSE,FALSE,FALSE,0.12485660225300992,FALSE,FALSE,0.03296096924614734
Caskin2,-0.2542733110050337,0.15931187647912623,-0.10569715750822972,0.5922783401389444,0.014564371869338011,0.9669037809700132,Caskin2,FALSE,FALSE,FALSE,FALSE,0.12484494679420048,FALSE,FALSE,0.03295781775579803
Gm29666,-0.03546522039017719,0.942455569745003,0.118791064248021,0.7946568527459267,0.22027334205294513,0.694998456648106,Gm29666,FALSE,FALSE,FALSE,FALSE,0.12484320889704777,FALSE,FALSE,0.03295734785013456
Bmp1,-0.17581239981839403,0.41153361829368557,-0.13929970899294242,0.5380093237020452,0.059400052075541776,0.8604422736486587,Bmp1,FALSE,FALSE,FALSE,FALSE,0.12483738696229274,FALSE,FALSE,0.03295577367176073
Ndufaf1,-0.2118864142150656,0.35948128256158224,-0.041845040963899294,0.8745575630081998,-0.1206259999994157,0.7186101441521231,Ndufaf1,FALSE,FALSE,FALSE,FALSE,0.12478581839279353,FALSE,FALSE,0.03294183017526164
Psph,0.243030014173367,0.2570990685551521,0.061313238808938575,0.8110376172718538,0.06999048465416369,0.842432190495521,Psph,FALSE,FALSE,FALSE,FALSE,0.12477791254548976,FALSE,FALSE,0.032939692532987036
Rap2a,-0.1587133523105262,0.5098636081466977,0.19837262625388075,0.4232650996929328,0.01723255184248451,0.9688448947437457,Rap2a,FALSE,FALSE,FALSE,FALSE,0.12477284346896382,FALSE,FALSE,0.032938321918066366
Maml2,-0.17682920151295,0.32563409032660273,-0.1106773752560466,0.5664533537538495,0.08674070514887777,0.7409447009748852,Maml2,FALSE,FALSE,FALSE,FALSE,0.12474909397262479,FALSE,FALSE,0.03293190035116478
Syt1,-0.03224580645566544,0.9154425240062541,0.13531709141056325,0.642490189513438,0.20664573837756972,0.5819837462150098,Syt1,FALSE,FALSE,FALSE,FALSE,0.12473621208126613,FALSE,FALSE,0.03292841724878661
Fscn2,0.22516796022945837,0.6132774873130512,0.022636629400473035,0.9665658378870856,-0.12639102333036076,0.8621637413413279,Fscn2,FALSE,FALSE,FALSE,FALSE,0.12473187098676405,FALSE,FALSE,0.032927243471104206
Myo10,-0.17224637621532057,0.31887915303485187,-0.1944817089912867,0.29185511038758544,-0.007313598808520894,0.9812767460372922,Myo10,FALSE,FALSE,FALSE,FALSE,0.12468056133837606,FALSE,FALSE,0.032913369983636635
H2afx,-0.08104779446290777,0.7431247268779382,-0.09772755984459813,0.699775373375869,0.19524904064575077,0.5221564113767562,H2afx,FALSE,FALSE,FALSE,FALSE,0.12467479831775223,FALSE,FALSE,0.03291181173490736
Slc6a17,-0.19099259950177405,0.31893204447938595,-0.054862511982852524,0.8120801109029558,-0.12799272507515003,0.6539032510393108,Slc6a17,FALSE,FALSE,FALSE,FALSE,0.12461594551992554,FALSE,FALSE,0.032895898674133575
Akap10,0.16252786561339327,0.22033612439239333,0.09885355428295473,0.4910322744494369,0.11227063817993077,0.5552367921338132,Akap10,FALSE,FALSE,FALSE,FALSE,0.12455068602542625,FALSE,FALSE,0.03287825332267395
Mocs3,-0.24119115438166405,0.29331260800669695,-0.11503784896409242,0.6430552841026449,0.017196790759534508,0.9674806741726476,Mocs3,FALSE,FALSE,FALSE,FALSE,0.12447526470176366,FALSE,FALSE,0.032857860339648465
Ciita,-0.2232188331960132,0.5090676738587305,0.13007783104663484,0.7069655395999994,-0.02012686718425405,0.9715834346839552,Ciita,FALSE,FALSE,FALSE,FALSE,0.12447451047563403,FALSE,FALSE,0.0328576564063321
Xkrx,-0.1981452254065677,0.6835261134752593,0.05643435585443468,0.9137819294902204,0.11881654565879407,0.8679771524588746,Xkrx,FALSE,FALSE,FALSE,FALSE,0.12446537563993215,FALSE,FALSE,0.032855186460959064
2510039O18Rik,-0.23693569208140186,0.0672225688003913,-0.08462369229444722,0.5259535364354151,-0.051832629642183825,0.787019880890773,2510039O18Rik,FALSE,FALSE,FALSE,FALSE,0.12446400467267764,FALSE,FALSE,0.03285481576855283
Gpx7,-0.10133587549394729,0.667145618497131,-0.20248907297238317,0.38821411432038894,-0.06955276280966372,0.8444290313865073,Gpx7,FALSE,FALSE,FALSE,FALSE,0.12445923709199806,FALSE,FALSE,0.032853526674339814
Arhgap8,-0.18362630607232866,0.6332083558094601,-0.17161946169678677,0.6671938931436117,0.018107425086407503,0.9772217118927953,Arhgap8,FALSE,FALSE,FALSE,FALSE,0.12445106428517431,FALSE,FALSE,0.032851316849548444
Adamts4,0.0032994724588942814,0.9968169471913422,0.12334763259963072,0.8874806215289917,-0.2466079916144514,0.8414422683689409,Adamts4,FALSE,FALSE,FALSE,FALSE,0.1244183655576588,FALSE,FALSE,0.03284247552241711
Frmpd1,-0.15969389157123848,0.5867646361457908,-0.08394381137859552,0.792217332733562,0.12951673216364146,0.7456238337746247,Frmpd1,FALSE,FALSE,FALSE,FALSE,0.12438481170449182,FALSE,FALSE,0.03283340298000013
Cep104,-0.09385923500228,0.5240284556725556,-0.24659855346522797,0.13561080677333512,-0.032666705537636176,0.8944089075616969,Cep104,FALSE,FALSE,FALSE,FALSE,0.12437483133504805,FALSE,FALSE,0.03283070441287387
Trpc5,0.13565762203386456,0.5872229240652977,0.038224583999395545,0.8936894496184399,0.19919584587494477,0.5464351320001115,Trpc5,FALSE,FALSE,FALSE,FALSE,0.12435935063606829,FALSE,FALSE,0.03282651862540441
Sphkap,-0.0541484509789516,0.8300092434518095,-0.18996589861842494,0.43404889266329616,-0.1289515594931725,0.7037178753758783,Sphkap,FALSE,FALSE,FALSE,FALSE,0.12435530303018301,FALSE,FALSE,0.03282542420337488
Ints5,-0.26406650089650086,0.0966456422353049,-0.06029276295654995,0.7271815693678585,-0.048603915135319475,0.8450122871971926,Ints5,FALSE,FALSE,FALSE,FALSE,0.1243210596627901,FALSE,FALSE,0.03281616522493128
March1,-0.12475161137491408,0.6144236733576175,0.11444951477035392,0.6470127627857968,0.13371299770174527,0.6825695692280814,March1,FALSE,FALSE,FALSE,FALSE,0.12430470794900443,FALSE,FALSE,0.032811743925947455
Grk3,-0.2103288028285819,0.3109573025536896,-0.10950466898123334,0.6339567122955503,-0.053062800900884,0.8796018371366592,Grk3,FALSE,FALSE,FALSE,FALSE,0.12429875757023308,FALSE,FALSE,0.03281013501791738
Pde4d,0.07070582645321277,0.6708580470931043,0.22927268870814022,0.1805877448834008,-0.07279436301721365,0.7645198466863341,Pde4d,FALSE,FALSE,FALSE,FALSE,0.12425762605952222,FALSE,FALSE,0.032799013571633936
A930003O13Rik,0.2989045132982162,0.29812323459608503,-0.06672664701267617,0.8510748577736668,-0.0070670505374672565,0.9892615744402242,A930003O13Rik,FALSE,FALSE,FALSE,FALSE,0.1242327369494532,FALSE,FALSE,0.032792283867426844
Vdr,0.05674902587425246,0.8962328475998378,0.14975005179366674,0.7144916469297542,0.166125263380835,0.76396457272146,Vdr,FALSE,FALSE,FALSE,FALSE,0.12420811368291806,FALSE,FALSE,0.03278562604398782
Nap1l5,0.05430011604060425,0.8370557006687478,0.17133213816376447,0.5043510640478902,-0.14694026486823475,0.6734996583807101,Nap1l5,FALSE,FALSE,FALSE,FALSE,0.12419083969086782,FALSE,FALSE,0.03278095537249126
Ap1m1,-0.1852099098919231,0.2603357999753488,-0.1741223418644431,0.3167458363461255,0.01316834763448771,0.9669037809700132,Ap1m1,FALSE,FALSE,FALSE,FALSE,0.12416686646361796,FALSE,FALSE,0.0327744733115484
Klhl18,-0.2807134033857426,0.2794152238702103,-0.0479006870416514,0.8712438052325617,0.04381495356783116,0.9189506147196018,Klhl18,FALSE,FALSE,FALSE,FALSE,0.12414301466507505,FALSE,FALSE,0.03276802408340983
Gm9954,-0.19696094453281382,0.7153039452917368,0.15165400319331493,0.7826009971046166,-0.023797988276665294,0.9779472793824406,Gm9954,FALSE,FALSE,FALSE,FALSE,0.12413764533426468,FALSE,FALSE,0.03276657228348433
Bcl9,0.19055960703052754,0.5717568362348998,-0.024083819877707136,0.9532535306953184,0.1577085477744955,0.7479185016252407,Bcl9,FALSE,FALSE,FALSE,FALSE,0.12411732489424339,FALSE,FALSE,0.03276107789054211
Mtx2,0.15750966188528626,0.46373931398358376,0.18754393506185174,0.40003195933596997,0.027259338403484712,0.9435981582098427,Mtx2,FALSE,FALSE,FALSE,FALSE,0.12410431178354091,FALSE,FALSE,0.03275755930809384
Asrgl1,-0.14942795060309688,0.34768666693702216,-0.14538272877295189,0.39166310194609416,-0.0774958208871297,0.7484190835594656,Asrgl1,FALSE,FALSE,FALSE,FALSE,0.12410216675439283,FALSE,FALSE,0.032756979319028656
Mast3,-0.026955026877939936,0.907724138806489,-0.23587654558610982,0.26867309693402075,0.10942939659279727,0.7125646114017681,Mast3,FALSE,FALSE,FALSE,FALSE,0.12408698968561567,FALSE,FALSE,0.03275287562937009
Notch3,-0.24317592236687346,0.14827730377363307,-0.12367655242308118,0.4841647492537692,0.005383156721355142,0.9847544527698506,Notch3,FALSE,FALSE,FALSE,FALSE,0.12407854383710326,FALSE,FALSE,0.03275059197751959
Lrrc41,-0.1638943479135957,0.25380677253519757,-0.14828157294135025,0.3329642284085123,-0.05994461240372306,0.7894084023234561,Lrrc41,FALSE,FALSE,FALSE,FALSE,0.12404017775288967,FALSE,FALSE,0.03274021826798855
Gpatch8,-0.0157024417775542,0.9214363500753927,0.21397517401949795,0.15518880905879467,0.14234222061285795,0.4479050700592937,Gpatch8,FALSE,FALSE,FALSE,FALSE,0.1240066121366367,FALSE,FALSE,0.03273114254498017
Mtmr2,0.24131104459234365,0.17649174132751855,0.11327078140837354,0.5667432356929937,0.017341313235180955,0.9603915544670435,Mtmr2,FALSE,FALSE,FALSE,FALSE,0.12397437974529939,FALSE,FALSE,0.03272242730932144
Rasef,-0.050268520174328035,0.8258098378212563,0.2423769379435412,0.24526749496738265,0.0792617148518806,0.7979277417182925,Rasef,FALSE,FALSE,FALSE,FALSE,0.12396905765658328,FALSE,FALSE,0.032720988283067624
Pcdhga1,-0.16747289011263877,0.7005820696173656,0.197640634323629,0.6373420915704183,-0.0067040842351093755,0.991777352230877,Pcdhga1,FALSE,FALSE,FALSE,FALSE,0.12393920289045905,FALSE,FALSE,0.03271291592754222
Gm15972,-0.08555272400863306,0.8903597801415203,0.2457888465071994,0.6621889454981587,0.040445506226896744,0.9674806741726476,Gm15972,FALSE,FALSE,FALSE,FALSE,0.12392902558090974,FALSE,FALSE,0.0327101641102735
Nynrin,-0.11823383586424807,0.6603156078755855,-0.22518265703941154,0.41080499918091984,0.028345020305740043,0.9525391049149642,Nynrin,FALSE,FALSE,FALSE,FALSE,0.12392050440313322,FALSE,FALSE,0.032707860090331727
Yipf3,-0.08525042753280676,0.6516676923949316,-0.21190744182258126,0.27044834847925936,-0.07450888923965948,0.7896538138296119,Yipf3,FALSE,FALSE,FALSE,FALSE,0.1238889195316825,FALSE,FALSE,0.03269931993595525
Pdgfrb,0.1088238393405696,0.7423126995069955,-0.23753812985895895,0.47614405543911403,-0.025209922749576563,0.966793721228344,Pdgfrb,FALSE,FALSE,FALSE,FALSE,0.12385729731636837,FALSE,FALSE,0.03269076968426496
Oas1a,0.2250597259814502,0.714873875909145,0.058665670263986225,0.9335864584883042,0.08782118993851268,0.9321995526081229,Oas1a,FALSE,FALSE,FALSE,FALSE,0.12384886206131636,FALSE,FALSE,0.032688488896753715
Ubr3,0.19167741723933052,0.16322623584192433,0.10743886131328928,0.47164180878981277,0.07239361843627456,0.7305987438421933,Ubr3,FALSE,FALSE,FALSE,FALSE,0.12383663232963145,FALSE,FALSE,0.03268518213019824
Hmcn1,0.3187493093661997,0.15436809474713178,0.0020991781305372825,0.9935910682824955,-0.05038160703004824,0.8976109099523567,Hmcn1,FALSE,FALSE,FALSE,FALSE,0.12374336484226174,FALSE,FALSE,0.032659963767613286
Rfx4,0.0973504066634443,0.6359890983177562,0.1677756500071812,0.4094577365584219,0.1060941671632154,0.7104396828307731,Rfx4,FALSE,FALSE,FALSE,FALSE,0.1237400746112803,FALSE,FALSE,0.0326590741302893
Uck1,-0.17785618137819093,0.33904866353014856,-0.14857213628054033,0.4522886876604721,0.04469289797900089,0.8855111438723956,Uck1,FALSE,FALSE,FALSE,FALSE,0.12370707187924405,FALSE,FALSE,0.03265015060413613
Grb7,-0.2992206266356403,0.1465123159090526,-0.06435611335510938,0.7846302515942066,-0.007489373378047226,0.9830524834077203,Grb7,FALSE,FALSE,FALSE,FALSE,0.12368870445626563,FALSE,FALSE,0.032645184282586316
Bbs12,0.15922572717729055,0.507837303507157,0.16487371932313133,0.5083655118264903,-0.04693077310627691,0.9087539655541438,Bbs12,FALSE,FALSE,FALSE,FALSE,0.1236767398688996,FALSE,FALSE,0.032641949207739926
Neu1,-0.09183378763848538,0.47077110565039465,-0.18003187712782065,0.19010834371166577,-0.09911234737431762,0.582654613205264,Neu1,FALSE,FALSE,FALSE,FALSE,0.12365933738020789,FALSE,FALSE,0.03263724379235794
Fem1b,0.07759978093583264,0.6594569477960678,0.20939165562505835,0.24837058724225328,-0.08392937574658976,0.743678248114276,Fem1b,FALSE,FALSE,FALSE,FALSE,0.12364027076916025,FALSE,FALSE,0.032632088419095234
Arl16,0.03733407878127659,0.8699747467077847,-0.15714186144609688,0.4659534529801476,-0.17629849759957583,0.5370017583540144,Arl16,FALSE,FALSE,FALSE,FALSE,0.12359147927564977,FALSE,FALSE,0.03261889580922539
Xpot,0.24907152059225002,0.09732252652266982,0.07719968990651793,0.641930071114816,0.04432460988420761,0.8579434260278233,Xpot,FALSE,FALSE,FALSE,FALSE,0.12353194012765852,FALSE,FALSE,0.03260279716794763
Xndc1,0.1495207675793322,0.5498183717171715,0.03457810484102741,0.9047836169254968,0.18645476621408963,0.5799459136414272,Xndc1,FALSE,FALSE,FALSE,FALSE,0.12351787954481641,FALSE,FALSE,0.032598995362127965
Wdr70,-0.1940077960470985,0.19907546428593345,-0.02535369666788423,0.8862981427933603,-0.1511783697184681,0.4659517455943979,Wdr70,FALSE,FALSE,FALSE,FALSE,0.12351328747781694,FALSE,FALSE,0.032597753724619837
Gm5453,-0.038631420192938776,0.9551721912568223,0.02575347214192253,0.9710276849255972,-0.30615143503752246,0.7307118549857564,Gm5453,FALSE,FALSE,FALSE,FALSE,0.12351210912412793,FALSE,FALSE,0.03259743511251372
Alcam,-0.07877494526865725,0.675598271652843,0.11950159685830464,0.5414351608189663,0.1722567125002925,0.494431138366982,Alcam,FALSE,FALSE,FALSE,FALSE,0.12351108487575146,FALSE,FALSE,0.032597158168557544
Tor1a,-0.20055395773692197,0.18975795586995067,-0.02845448852660848,0.8741414250468083,-0.14145188847695778,0.5039994923487308,Tor1a,FALSE,FALSE,FALSE,FALSE,0.12348677824682941,FALSE,FALSE,0.032590585959970594
Praf2,-0.10640212874175514,0.6474877970966701,-0.2028141976412332,0.38337401267529825,-0.061188424247484274,0.8645344729382035,Praf2,FALSE,FALSE,FALSE,FALSE,0.12346825021015755,FALSE,FALSE,0.032585576210486016
Prkd3,0.2987078646226333,0.10857798108946265,0.022612473479030726,0.9202799999657723,-0.049020300216750634,0.8765766353593536,Prkd3,FALSE,FALSE,FALSE,FALSE,0.12344687943947157,FALSE,FALSE,0.032579797821262954
Plcxd1,-0.31676728698588286,0.3254331720450501,0.023661320157452037,0.9499688776845197,0.02990286406995679,0.9578501646983947,Plcxd1,FALSE,FALSE,FALSE,FALSE,0.1234438237377639,FALSE,FALSE,0.03257897159772259
Ankrd39,-0.028939580319232494,0.9119706965798474,-0.21056644930824397,0.373121097723003,0.13082168768045666,0.6725422112642073,Ankrd39,FALSE,FALSE,FALSE,FALSE,0.12344257243597771,FALSE,FALSE,0.032578633261362976
Tasp1,0.15986895084024955,0.5742711478394857,0.11588923270091378,0.7118490705909246,-0.09455213334554013,0.8334094484524477,Tasp1,FALSE,FALSE,FALSE,FALSE,0.12343677229556782,FALSE,FALSE,0.032577064975907614
Zbtb2,-0.338606687436525,0.05422062006045754,-0.00447697965565963,0.9818107795859259,0.02717979291580619,0.9214407687266095,Zbtb2,FALSE,FALSE,FALSE,FALSE,0.12342115333599694,FALSE,FALSE,0.0325728418045028
Mast2,-0.10116791516581891,0.676491957592076,-0.0969321690276681,0.7075063510002697,-0.17216171950117332,0.6004853062189887,Mast2,FALSE,FALSE,FALSE,FALSE,0.12342060123155345,FALSE,FALSE,0.032572692522363514
Msn,-0.1533800210712064,0.34769168074372464,-0.0663588944714304,0.7182402934997928,0.15042890598147096,0.5021515070226712,Msn,FALSE,FALSE,FALSE,FALSE,0.12338927384136926,FALSE,FALSE,0.032564221987702556
Gm11696,-0.01307575980874176,0.9821710939501346,0.0214764987652043,0.9720983756525184,-0.33559952252126124,0.655342161977533,Gm11696,FALSE,FALSE,FALSE,FALSE,0.12338392703173577,FALSE,FALSE,0.03256277627722173
Peak1,0.038194357852585625,0.8367231732856693,-0.13475660134811163,0.4457668690622567,0.19713879838295867,0.3721681753359853,Peak1,FALSE,FALSE,FALSE,FALSE,0.12336325252788531,FALSE,FALSE,0.0325571861498465
Fam110c,-0.01872805661978294,0.9502335654309797,0.2221221801354587,0.37760948927014165,-0.12922529582535391,0.7303752574601557,Fam110c,FALSE,FALSE,FALSE,FALSE,0.12335851086019851,FALSE,FALSE,0.032555904062182776
Gnaq,0.20713546097035085,0.13755079258614933,0.14670726815629553,0.3255209914929424,0.0162163863179412,0.9502345154108162,Gnaq,FALSE,FALSE,FALSE,FALSE,0.12335303848152919,FALSE,FALSE,0.032554424399404494
Ercc3,-0.20229362081035607,0.1632657495320273,-0.07913436049352374,0.6165522628313845,-0.08853116844451225,0.6715182611215825,Ercc3,FALSE,FALSE,FALSE,FALSE,0.12331971658279735,FALSE,FALSE,0.032545414574566944
Strn,-0.01589462694624988,0.9124771339105935,0.23899909737292369,0.10211259847939146,0.1149368412104037,0.5015209531687027,Strn,FALSE,FALSE,FALSE,FALSE,0.12327685517652576,FALSE,FALSE,0.03253382538615048
Tes,-0.14130368662638304,0.6111961217898026,0.10137288691096114,0.7317672248982587,-0.12705814794038517,0.7504677895464228,Tes,FALSE,FALSE,FALSE,FALSE,0.12324490715924312,FALSE,FALSE,0.03252518704168098
Mocos,0.22160347108345868,0.5040569233488384,0.0435661570984911,0.9116678256914224,0.10456244125537095,0.8422929972547748,Mocos,FALSE,FALSE,FALSE,FALSE,0.12324402314577358,FALSE,FALSE,0.03252494801549047
Prss8,-0.2852921964167794,0.28690119523780777,-0.021598994758731838,0.9458523818369521,-0.06283974049029206,0.8849391110914909,Prss8,FALSE,FALSE,FALSE,FALSE,0.1232436438886011,FALSE,FALSE,0.03252484546909238
Ankrd11,-0.24004970207271636,0.09637919506105876,-0.052664348464607436,0.7477695455858158,-0.07699992605947159,0.7192697961052301,Ankrd11,FALSE,FALSE,FALSE,FALSE,0.12323799219893179,FALSE,FALSE,0.032523317322861386
Nme1,0.1314729287058949,0.5237945819067364,-0.01117367820800741,0.9653080060911616,-0.22702664052434596,0.42319479030660206,Nme1,FALSE,FALSE,FALSE,FALSE,0.12322441581274941,FALSE,FALSE,0.03251964643776523
Zfp444,-0.18488710886169013,0.30369326258172036,-0.165705518901194,0.38199299413996557,-0.018776696422865946,0.9540892383272409,Zfp444,FALSE,FALSE,FALSE,FALSE,0.12312310806191669,FALSE,FALSE,0.032492254088456636
Rpl32l,0.21381255179681222,0.6869798006052509,-0.059058792553024986,0.923109847338584,-0.09647595741883239,0.9126869243394347,Rpl32l,FALSE,FALSE,FALSE,FALSE,0.1231157672562232,FALSE,FALSE,0.03249026922636949
Acox1,-0.12808260582808106,0.2815476234092125,-0.13818764592179011,0.2848450657854645,-0.10302954891101557,0.5512759364024638,Acox1,FALSE,FALSE,FALSE,FALSE,0.12309993355362892,FALSE,FALSE,0.03248598799113579
Exosc3,0.23370577964876738,0.1613346053555143,0.10737156470602027,0.5564694112809778,-0.028152299034990946,0.9260668732862938,Exosc3,FALSE,FALSE,FALSE,FALSE,0.12307654779659287,FALSE,FALSE,0.03247966477479438
Otud7b,-0.1928992490471524,0.13357433096072718,-0.058603047072298686,0.6839337853763796,-0.1176315234131522,0.5115438366847329,Otud7b,FALSE,FALSE,FALSE,FALSE,0.12304460651086775,FALSE,FALSE,0.03247102825045388
Rbmx2,0.032079152872452,0.9292910753176787,0.0427212401079311,0.9051267104923416,0.2942931635203738,0.4618066899606207,Rbmx2,FALSE,FALSE,FALSE,FALSE,0.12303118550025231,FALSE,FALSE,0.032467399376968575
Nudt16,-0.10148957484531484,0.680484492265737,-0.22520718383873906,0.357679780772664,-0.042380020430782483,0.9145851872254943,Nudt16,FALSE,FALSE,FALSE,FALSE,0.1230255930382788,FALSE,FALSE,0.03246588724516608
Fam189b,0.07721017443041855,0.6788721708260623,-0.08782833643400334,0.6563619142693797,0.20400633146324498,0.3828501513131791,Fam189b,FALSE,FALSE,FALSE,FALSE,0.12301494744255563,FALSE,FALSE,0.032463008809170316
Slc13a3,-0.14984290466699557,0.8198504933679208,0.00939497492638175,0.9881821070421726,0.209790667215505,0.80660148337424,Slc13a3,FALSE,FALSE,FALSE,FALSE,0.12300951560296076,FALSE,FALSE,0.032461540107650955
Narf,0.20928337771600525,0.2301565478326021,-0.005398343739221545,0.9808435983780279,0.15423557276406807,0.5361264263091312,Narf,FALSE,FALSE,FALSE,FALSE,0.12297243140643162,FALSE,FALSE,0.03245151300452404
Xrn2,0.14687629743573183,0.3107252628173624,0.1737691756415911,0.26775846962328603,0.048240336185005006,0.8414422683689409,Xrn2,FALSE,FALSE,FALSE,FALSE,0.12296193642077598,FALSE,FALSE,0.03244867529160766
Capsl,-0.10233880769966897,0.5982220308419418,-0.026870789838941977,0.9014656248073077,-0.23960473031182428,0.34785514625716263,Capsl,FALSE,FALSE,FALSE,FALSE,0.12293810928347841,FALSE,FALSE,0.03244223273156152
Ttc5,-0.15593739556135588,0.3912964795828513,-0.12377795725225038,0.5245510083878417,-0.08902197682458635,0.7428128430247322,Ttc5,FALSE,FALSE,FALSE,FALSE,0.12291244321273087,FALSE,FALSE,0.032435292946900264
Kif22,0.11509578309690882,0.7628099215655073,-0.04639786500802945,0.9122570252197347,0.2072034914049683,0.6734996583807101,Kif22,FALSE,FALSE,FALSE,FALSE,0.12289904650330219,FALSE,FALSE,0.032431670644152054
Selenon,-0.1257302231293247,0.5959964841288533,-0.19499178332803613,0.4232650996929328,-0.04793396992797749,0.9039075532415295,Selenon,FALSE,FALSE,FALSE,FALSE,0.12288532546177944,FALSE,FALSE,0.0324279606460603
Nfkb2,-0.22054530300517206,0.3206788713320486,-0.10450193275758002,0.666889179368311,-0.043577258424747356,0.9057514884053787,Nfkb2,FALSE,FALSE,FALSE,FALSE,0.12287483139583315,FALSE,FALSE,0.03242512318182183
Setd3,-0.16848097994139266,0.1455376831934861,-0.11147284888650955,0.3678254631535234,-0.08859831003354124,0.5984895437631904,Setd3,FALSE,FALSE,FALSE,FALSE,0.12285071295381449,FALSE,FALSE,0.032418601856620904
Zfp503,-0.02267204817261259,0.939912260369269,-0.1808043356722817,0.5021669327377897,0.16503096028710118,0.6337270895617927,Zfp503,FALSE,FALSE,FALSE,FALSE,0.12283578137733182,FALSE,FALSE,0.032414564545009704
Nme5,-0.13887088204979814,0.7311324843150211,-0.09540545548504009,0.8236301349062729,0.13405865046476895,0.80660148337424,Nme5,FALSE,FALSE,FALSE,FALSE,0.12277832933320239,FALSE,FALSE,0.03239903023052389
Ppp6r3,0.1467126951708737,0.2051147269933494,0.10219408940855068,0.41573496719970926,0.1192559042839818,0.46682547060915397,Ppp6r3,FALSE,FALSE,FALSE,FALSE,0.12272089628780207,FALSE,FALSE,0.03238350105305691
Rsl1d1,0.12998466867829706,0.5234049748127977,0.21297935061510387,0.3169198791906148,-0.025021497749628807,0.9461690320419831,Rsl1d1,FALSE,FALSE,FALSE,FALSE,0.12266183901434324,FALSE,FALSE,0.03236753270462848
Neo1,-0.1573341397280812,0.22035883648782395,-0.11339320905590977,0.4159605946703794,-0.09721902702615726,0.606273868508198,Neo1,FALSE,FALSE,FALSE,FALSE,0.12264879193671607,FALSE,FALSE,0.032364004937948415
Jazf1,0.1613508942253601,0.6089368667724266,0.04594572394276053,0.8988135904205636,-0.16061748676136745,0.7281231251795859,Jazf1,FALSE,FALSE,FALSE,FALSE,0.12263803497649602,FALSE,FALSE,0.03236109639038493
Mphosph6,0.1649741350546523,0.35427908737642044,0.13699775177858653,0.4708689287859836,-0.06581480267693696,0.8175161614249646,Mphosph6,FALSE,FALSE,FALSE,FALSE,0.1225955631700586,FALSE,FALSE,0.03234961254489297
Slc25a19,-0.14149942822753214,0.39534838217418994,-0.14708106989352743,0.3974870377759186,-0.07919515885227524,0.7473680811939173,Slc25a19,FALSE,FALSE,FALSE,FALSE,0.12259188565777827,FALSE,FALSE,0.03234861819154743
Ehbp1l1,-0.012323538625709007,0.9651240026745121,0.09007873130152722,0.7307747515122555,0.26537267671778486,0.3896594828547996,Ehbp1l1,FALSE,FALSE,FALSE,FALSE,0.12259164888167369,FALSE,FALSE,0.03234855417024885
Nsun4,-0.03265987983078844,0.8878617398936934,-0.29524158260416655,0.18486213874014412,0.03985377865048578,0.9052165136027727,Nsun4,FALSE,FALSE,FALSE,FALSE,0.12258508036181359,FALSE,FALSE,0.03234677812459618
Fra10ac1,0.21051798449578873,0.3397424008787679,0.07172706402739548,0.7822817655187472,0.08550075675645052,0.8053760383421734,Fra10ac1,FALSE,FALSE,FALSE,FALSE,0.12258193509321158,FALSE,FALSE,0.032345927683287326
Gstz1,-0.17557611414609475,0.36167928225141477,-0.11100210360388463,0.5994768592635358,-0.08116701921640246,0.7856859702254747,Gstz1,FALSE,FALSE,FALSE,FALSE,0.12258174565546061,FALSE,FALSE,0.03234587646168775
Adam15,-0.21619773554030575,0.37020895947806565,-0.08220125984015114,0.759304582770528,-0.06928243611283058,0.8563390453873122,Adam15,FALSE,FALSE,FALSE,FALSE,0.12256047716442915,FALSE,FALSE,0.032340125727604606
Ppt1,-0.15451760014200389,0.24596472675546327,-0.13384183859183274,0.3471799216120494,-0.07929366051578324,0.6877364194780291,Ppt1,FALSE,FALSE,FALSE,FALSE,0.12255103308320663,FALSE,FALSE,0.03233757216610887
Lbhd1,0.14678167907542794,0.6297457562156447,-0.05202984838502456,0.8822645423454789,0.16869647394496012,0.6840357132739224,Lbhd1,FALSE,FALSE,FALSE,FALSE,0.12250266713513754,FALSE,FALSE,0.03232449461840635
Dock10,0.02351495891046662,0.9324458217815685,0.05226025047761018,0.846486816118696,0.291584005839721,0.3329538998193942,Dock10,FALSE,FALSE,FALSE,FALSE,0.12245307174259927,FALSE,FALSE,0.03231108464428948
AA986860,-0.3181430105605716,0.5025463729965731,0.045212659933423605,0.9312969031898305,0.0036664217054310777,0.9957254050020347,AA986860,FALSE,FALSE,FALSE,FALSE,0.12234069739980875,FALSE,FALSE,0.03228070002686643
Mcm3ap,-0.17061860513733862,0.26377567306334926,-0.11648423837205524,0.4799052081809118,0.07966285524492989,0.7298672384813677,Mcm3ap,FALSE,FALSE,FALSE,FALSE,0.12225523291810791,FALSE,FALSE,0.032257591499463695
Parp11,-0.2107772850258698,0.3668259585956747,-0.11305957513599108,0.6638724084271541,-0.04264203516693588,0.9162903148707165,Parp11,FALSE,FALSE,FALSE,FALSE,0.12215963177626558,FALSE,FALSE,0.032231742145883924
Tpcn1,-0.1473997092198891,0.2569860122601844,-0.10884228670503848,0.430784789006045,0.11015786178742992,0.5449540984258788,Tpcn1,FALSE,FALSE,FALSE,FALSE,0.12213328590411916,FALSE,FALSE,0.032224618551423063
Tsacc,0.048118349607212785,0.922485600548607,-0.31675975234902143,0.49463939507813337,0.0013932247678595244,0.9980220842750429,Tsacc,FALSE,FALSE,FALSE,FALSE,0.12209044224136457,FALSE,FALSE,0.032213034160631766
Rcan2,0.15284202519657786,0.35141145456170303,0.18927135804915007,0.2762575757281114,0.024157455724257204,0.9354270075136115,Rcan2,FALSE,FALSE,FALSE,FALSE,0.12209027965666171,FALSE,FALSE,0.0322129901997607
Gm10557,0.2696984071407693,0.5649304475034713,0.07295485554045,0.8935594227398287,-0.023589959694426232,0.9776367727529727,Gm10557,FALSE,FALSE,FALSE,FALSE,0.12208107412521518,FALSE,FALSE,0.03221050113914212
Rel,0.24050777718425653,0.36991602787607025,0.0695916662189422,0.8280833755831857,-0.05593721000701901,0.9054114982218228,Rel,FALSE,FALSE,FALSE,FALSE,0.12201221780340592,FALSE,FALSE,0.03219188325054424
Creb3l2,-0.009991440534045992,0.9729931972290168,0.245797112843551,0.34785560955803657,0.11012452367349113,0.7723392023207507,Creb3l2,FALSE,FALSE,FALSE,FALSE,0.12197102568369604,FALSE,FALSE,0.032180745416345184
Scd2,-0.044327303267207796,0.849608591745376,-0.22340663204393785,0.3180005601478314,-0.09817890506709581,0.7618521586830532,Scd2,FALSE,FALSE,FALSE,FALSE,0.12197094679274716,FALSE,FALSE,0.032180724085218874
Sgcb,0.2800485208313317,0.11086940787250146,-0.04530482806937908,0.8285460127088722,-0.04048486973000376,0.8935943976413897,Sgcb,FALSE,FALSE,FALSE,FALSE,0.12194607287690484,FALSE,FALSE,0.03217399848934072
Csde1,0.19357485291912724,0.17811428808373228,0.14082281714598288,0.364337246814455,-0.031422143892188004,0.9018918981113057,Csde1,FALSE,FALSE,FALSE,FALSE,0.12193993798576604,FALSE,FALSE,0.032172339691473206
Farsb,-0.06950689011958922,0.6334584153651857,-0.13864630402036138,0.3476848498361059,-0.1576125588214321,0.4131816999875158,Farsb,FALSE,FALSE,FALSE,FALSE,0.12192191765379423,FALSE,FALSE,0.032167467218992364
Abcg3,0.032062505761866616,0.9530768436187774,0.3331044678235101,0.46935026650160827,-5.377472578246834e-4,0.9993202233505614,Abcg3,FALSE,FALSE,FALSE,FALSE,0.12190157361440047,FALSE,FALSE,0.03216196644507486
Gtf2e1,0.03365233290188385,0.8261073225526435,0.10693758003945586,0.4626234932340416,-0.22502721633390355,0.2343813756677859,Gtf2e1,FALSE,FALSE,FALSE,FALSE,0.12187237642508109,FALSE,FALSE,0.03215407189009667
Sh3yl1,-0.16225570749402296,0.4000776294689146,-0.17281030023873267,0.38898229307412824,0.030500244138200294,0.9260668732862938,Sh3yl1,FALSE,FALSE,FALSE,FALSE,0.12185541729031864,FALSE,FALSE,0.03214948635207449
Exoc3l,-0.07657406039184012,0.8149465446815702,-0.12517424851887227,0.7020245170897639,-0.16379037985199507,0.7037601176937658,Exoc3l,FALSE,FALSE,FALSE,FALSE,0.12184622958756915,FALSE,FALSE,0.0321470021121127
Stk33,-0.09666353573947184,0.6094412731528123,-0.09085902380358668,0.6470127627857968,-0.17794468885980042,0.47763770328727306,Stk33,FALSE,FALSE,FALSE,FALSE,0.12182241613428631,FALSE,FALSE,0.03214056325205308
Fam149a,0.2557788221815471,0.1286148341640407,-0.027266296970828385,0.8936224110358286,0.0823671442401901,0.7467595677944584,Fam149a,FALSE,FALSE,FALSE,FALSE,0.12180408779752187,FALSE,FALSE,0.03213560749892688
Ppp2r2b,-0.043125925073407956,0.8330395760505054,-0.05405493770901071,0.8005953824845169,-0.26800322474734184,0.28675567789277057,Ppp2r2b,FALSE,FALSE,FALSE,FALSE,0.12172802917658683,FALSE,FALSE,0.0321150421986862
Nap1l3,0.1955296695768869,0.3511603645621388,0.1527881414893022,0.5027758108041562,0.016753207229613487,0.9674806741726476,Nap1l3,FALSE,FALSE,FALSE,FALSE,0.12169033943193419,FALSE,FALSE,0.03210485136291706
Ift43,-0.11347338203994273,0.7232373674196798,-0.123062977340056,0.7074194883017526,-0.1285154538361799,0.7723572562217261,Ift43,FALSE,FALSE,FALSE,FALSE,0.12168393773872621,FALSE,FALSE,0.03210312042510551
Raf1,-0.03803277373993019,0.8162712495354509,0.21951039768270064,0.1674152981471218,0.10744684937940452,0.6047686111283912,Raf1,FALSE,FALSE,FALSE,FALSE,0.12166334026734511,FALSE,FALSE,0.032097551126346956
Mms19,-0.11475291086402883,0.5355457981807082,-0.1602243224812696,0.4017558683435292,-0.08999246183289422,0.739229701984006,Mms19,FALSE,FALSE,FALSE,FALSE,0.12165656505939755,FALSE,FALSE,0.032095719194819385
Trappc10,-0.18768483701987648,0.12517138165318847,-0.11239133433414938,0.38491606387837085,-0.06483568068883461,0.7242727051936655,Trappc10,FALSE,FALSE,FALSE,FALSE,0.12163728401428682,FALSE,FALSE,0.0320905058412668
Ap5z1,-0.04147220121001993,0.8809187613481486,-0.061902385267939675,0.8255291120989992,0.2614490991847025,0.40608108524542064,Ap5z1,FALSE,FALSE,FALSE,FALSE,0.12160789522088737,FALSE,FALSE,0.03208255947894073
Ankk1,-0.10408195780537866,0.8676975340008758,0.11057997083834656,0.8579437884161,0.15010673285013795,0.8610201556489894,Ankk1,FALSE,FALSE,FALSE,FALSE,0.12158955383128772,FALSE,FALSE,0.03207760019649108
Ica1,-0.15330607085130232,0.45860969812259306,0.1750043576918845,0.4159605946703794,-0.036096569064334894,0.9211006069645289,Ica1,FALSE,FALSE,FALSE,FALSE,0.12146899920250724,FALSE,FALSE,0.03204500373200362
Gtdc1,0.23850951640865148,0.2208048528352017,0.046454169727059735,0.8430291126962641,0.07934429706968604,0.7973084863460969,Gtdc1,FALSE,FALSE,FALSE,FALSE,0.12143599440179909,FALSE,FALSE,0.032036079646507426
Dirc2,-0.16857518616480238,0.21829406760791734,-0.15564023094566082,0.2880764911378591,0.04001629626722192,0.8601078292105824,Dirc2,FALSE,FALSE,FALSE,FALSE,0.12141057112589504,FALSE,FALSE,0.0320292055105365
Ncoa1,0.051342724911733306,0.7232373674196798,0.12649446241055973,0.3792635441378333,0.186376773716864,0.3171196489047632,Ncoa1,FALSE,FALSE,FALSE,FALSE,0.12140465367971902,FALSE,FALSE,0.03202760550706849
Zfp672,-0.13215827932460478,0.301921871997801,0.0661499040879967,0.6433868176320512,-0.1658146212796634,0.35047883971567,Zfp672,FALSE,FALSE,FALSE,FALSE,0.12137426823075496,FALSE,FALSE,0.03201938966153762
Dpagt1,-0.00460256827436778,0.9834628624350396,-0.17496779893410208,0.3965666529384725,-0.1845280089441177,0.4960490857480976,Dpagt1,FALSE,FALSE,FALSE,FALSE,0.12136612538419585,FALSE,FALSE,0.032017187937627256
9430060I03Rik,-0.008185556570395325,0.9898254053414198,0.17278189763626722,0.7893025558874441,-0.18296066445578074,0.8464790669780483,9430060I03Rik,FALSE,FALSE,FALSE,FALSE,0.1213093728874811,FALSE,FALSE,0.032001842772016856
Ispd,0.13230435197047097,0.559125899716046,0.14143511481536342,0.5452400617349908,-0.09013521827450699,0.7934233043066964,Ispd,FALSE,FALSE,FALSE,FALSE,0.12129156168678046,FALSE,FALSE,0.03199702684601724
Tpr,0.15910530013934387,0.29969951471229106,0.1305561976907823,0.4342515895014732,0.07417571354515218,0.7558393768770647,Tpr,FALSE,FALSE,FALSE,FALSE,0.12127907045842612,FALSE,FALSE,0.031993649374031506
Pigc,-0.15946556735987105,0.4555422228938907,-0.04123950177532176,0.8663390751541239,-0.16292038101842898,0.5853460266172439,Pigc,FALSE,FALSE,FALSE,FALSE,0.1212084833845406,FALSE,FALSE,0.03197456351170951
Tcaf2,-0.15795899179722372,0.6870795375201477,-0.17707036537790577,0.6610333317521223,-0.028314954634912848,0.9672576142655462,Tcaf2,FALSE,FALSE,FALSE,FALSE,0.12111477060334745,FALSE,FALSE,0.031949224747241614
Avpi1,-0.0813565328667547,0.7200184935888113,0.10370429575310869,0.644622548564473,-0.17822048010624192,0.5464351320001115,Avpi1,FALSE,FALSE,FALSE,FALSE,0.12109376957536844,FALSE,FALSE,0.03194354633182412
Tnip1,-0.1367829271743246,0.5671087475632519,-0.21509969685708796,0.375334969264717,0.011376235362263287,0.9777503992234355,Tnip1,FALSE,FALSE,FALSE,FALSE,0.12108628646455862,FALSE,FALSE,0.03194152299221256
Rhobtb2,-0.11788146817856493,0.657700757456528,-0.20174819553055823,0.4542609475752456,0.04358960799525491,0.9222094816970842,Rhobtb2,FALSE,FALSE,FALSE,FALSE,0.12107309056812603,FALSE,FALSE,0.031937954986787996
Aldoa.1,-0.0503733937578531,0.9530768436187774,0.009158981832063984,0.9907342976464008,0.30361021753263395,0.7681228036900202,Aldoa.1,FALSE,FALSE,FALSE,FALSE,0.12104753104085035,FALSE,FALSE,0.031931044010149554
Bfsp1,0.04175374309003921,0.8785957321560053,-0.26123157549977094,0.3135800031211433,-0.060065972209472296,0.8800863548037948,Bfsp1,FALSE,FALSE,FALSE,FALSE,0.12101709693309415,FALSE,FALSE,0.0319228150078896
Akr1e1,-0.05484762202355142,0.7361341683534366,-0.15488805717780885,0.32918917960825034,-0.15322587122313003,0.46181404707892565,Akr1e1,FALSE,FALSE,FALSE,FALSE,0.1209871834748301,FALSE,FALSE,0.03191472678274333
Eml1,-0.14214066374231837,0.5193147649054364,-0.1383143327123939,0.5540528222190906,-0.08242333609184094,0.80660148337424,Eml1,FALSE,FALSE,FALSE,FALSE,0.1209594441821844,FALSE,FALSE,0.03190722642479956
Wwtr1,0.16388835217598707,0.43966601775347824,0.11311412682495092,0.6264498023849677,0.08577136259719342,0.7935418033670101,Wwtr1,FALSE,FALSE,FALSE,FALSE,0.1209246138660438,FALSE,FALSE,0.03189780874275243
Lzic,-0.2101088502090751,0.29090568387846905,0.01503650722453509,0.9499169516406907,0.1374766765704134,0.6089331033600185,Lzic,FALSE,FALSE,FALSE,FALSE,0.12087401133467453,FALSE,FALSE,0.03188412645088658
Bax,-0.20960682806651665,0.34317513953208933,-0.08154964472147208,0.7382500572178008,-0.07144208002431984,0.8369176274335286,Bax,FALSE,FALSE,FALSE,FALSE,0.12086618427076952,FALSE,FALSE,0.03188201011065807
Zfp783,0.058525372491173844,0.7758846586810002,0.19839661921268892,0.30419958122636553,0.10564741417497991,0.6968848074323105,Zfp783,FALSE,FALSE,FALSE,FALSE,0.1208564686262809,FALSE,FALSE,0.03187938312185018
Nupr1l,0.031933087907836555,0.943288408746824,-0.141825835562448,0.7384883750382453,0.1887258677500483,0.722494768535982,Nupr1l,FALSE,FALSE,FALSE,FALSE,0.12082826374011095,FALSE,FALSE,0.03187175687323814
Fam136a,0.13528525063088281,0.5860429944916169,0.04290805288189681,0.8814028564311727,-0.18427066890526955,0.5967711389593745,Fam136a,FALSE,FALSE,FALSE,FALSE,0.12082132413934972,FALSE,FALSE,0.031869880491948936
Sh3bp2,-0.17750163486105874,0.5754702456208826,-0.04479746200891621,0.8974999541186216,-0.14013601465827263,0.7540696464943686,Sh3bp2,FALSE,FALSE,FALSE,FALSE,0.1208117038427492,FALSE,FALSE,0.03186727928401798
Zfp764,-0.10829995625399302,0.565715617757127,-0.15832084854183437,0.40714394377143304,-0.0957673242050987,0.7192625320922958,Zfp764,FALSE,FALSE,FALSE,FALSE,0.1207960430003087,FALSE,FALSE,0.03186304478800883
Rab13,-0.0067900391238060465,0.983196510819163,-0.29276594425828995,0.3322453244578709,0.06262650860907204,0.8918518592021099,Rab13,FALSE,FALSE,FALSE,FALSE,0.12072749733038934,FALSE,FALSE,0.031844510895798324
Npc1,-0.16436057903558776,0.28538864458138896,-0.10671938770962175,0.5282335378098939,-0.09108954279031689,0.6937073958736841,Npc1,FALSE,FALSE,FALSE,FALSE,0.12072316984517546,FALSE,FALSE,0.0318433407978973
Msh2,-0.05909855566757827,0.6935146197180914,-0.17975527214096232,0.23582847112431857,-0.12330209969774142,0.5376152000016569,Msh2,FALSE,FALSE,FALSE,FALSE,0.120718642502094,FALSE,FALSE,0.03184211666092745
Akna,0.06829628093254358,0.8554658125220669,-0.08563384461374746,0.8291779676085799,0.20809369461434146,0.6589316533839841,Akna,FALSE,FALSE,FALSE,FALSE,0.12067460672021084,FALSE,FALSE,0.03183020993602727
Rnf169,-0.30260556178707887,0.08955399183331571,0.02284967901170365,0.9112488555938023,-0.03636031980868992,0.9023575418873587,Rnf169,FALSE,FALSE,FALSE,FALSE,0.12060518686915749,FALSE,FALSE,0.031811439676166856
Pycr2,-0.03603445289955509,0.853460813095845,-0.1908215438602392,0.3035286561811794,-0.13491250764172324,0.5905209049127902,Pycr2,FALSE,FALSE,FALSE,FALSE,0.12058950146717251,FALSE,FALSE,0.031807198539563916
Kcnip4,0.015007446003721281,0.9724901660912699,0.23227096067193198,0.5286416195015908,0.11445633197712768,0.838488109751801,Kcnip4,FALSE,FALSE,FALSE,FALSE,0.12057824621759365,FALSE,FALSE,0.03180415526078727
Myl12b,0.05225097174970772,0.8649072808192235,0.06949200714661075,0.8254896364846287,-0.2399548482074354,0.5400979195704463,Myl12b,FALSE,FALSE,FALSE,FALSE,0.12056594236791796,FALSE,FALSE,0.03180082845365369
Creb3l4,0.09879986665657814,0.8058015504921532,-0.2550337285522266,0.5282335378098939,0.007814782949676191,0.9901796608639275,Creb3l4,FALSE,FALSE,FALSE,FALSE,0.12054945938616031,FALSE,FALSE,0.0317963716614513
Spry1,-0.3115416123761694,0.11092089393835841,0.046482154573371126,0.8305600803544603,-0.0034733801379625007,0.9909334348630924,Spry1,FALSE,FALSE,FALSE,FALSE,0.12049904902916768,FALSE,FALSE,0.03178274133113439
Eef2kmt,0.20356836942436818,0.17144552870250093,-0.1108418139851759,0.4972293066377403,0.047080621675837264,0.8486489470298687,Eef2kmt,FALSE,FALSE,FALSE,FALSE,0.12049693502846044,FALSE,FALSE,0.0317821697317717
Pcdha8,0.28160523369432955,0.46699488113010057,0.07187085698278262,0.8760352751556788,0.00789706946540103,0.9903239865523328,Pcdha8,FALSE,FALSE,FALSE,FALSE,0.1204577200475044,FALSE,FALSE,0.03177156649117413
Mcur1,0.08033048683393673,0.5879984444199426,-0.1018657699270884,0.5104689363966406,0.17900953563723299,0.35432183742196827,Mcur1,FALSE,FALSE,FALSE,FALSE,0.12040193079941937,FALSE,FALSE,0.03175648177595099
Prob1,-0.0780873258502699,0.8222535538159055,-0.17783881500293686,0.6014753001028919,-0.10526499718055282,0.8305021191737519,Prob1,FALSE,FALSE,FALSE,FALSE,0.12039704601125319,FALSE,FALSE,0.03175516099029888
Zrsr2,-0.2331043808928861,0.11322208736162416,-0.029869565987045377,0.8586333019155533,-0.09818813148198124,0.6337270895617927,Zrsr2,FALSE,FALSE,FALSE,FALSE,0.1203873594539709,FALSE,FALSE,0.031752541866307944
Kndc1,-0.12920588141045464,0.5628366199416229,-0.1687267586973329,0.45759836993882463,0.06322852001848789,0.8526761600338667,Kndc1,FALSE,FALSE,FALSE,FALSE,0.12038705337542514,FALSE,FALSE,0.03175245910649566
Prpsap2,-0.13670730106583218,0.46843468573273866,-0.11655462406791184,0.5602586447242338,-0.10787768331819958,0.6893773649417326,Prpsap2,FALSE,FALSE,FALSE,FALSE,0.1203798694839812,FALSE,FALSE,0.0317505166720599
Arsg,-0.1153508898921638,0.7311324843150211,-0.16025931415557615,0.635981299849679,-0.08517849582547532,0.8657724145256687,Arsg,FALSE,FALSE,FALSE,FALSE,0.12026289995773842,FALSE,FALSE,0.03171888957447885
Hp1bp3,-0.15503493099041776,0.19823055940681342,-0.14162606847700143,0.27807676006772053,-0.06411651963668774,0.7298672384813677,Hp1bp3,FALSE,FALSE,FALSE,FALSE,0.12025917303470231,FALSE,FALSE,0.03171788186108266
Nelfa,-0.1472191610075857,0.42561958302943204,-0.1364546219674967,0.48508974643821834,-0.07700973630488583,0.7847233869529875,Nelfa,FALSE,FALSE,FALSE,FALSE,0.12022783975998941,FALSE,FALSE,0.03170940973531871
Gh,-0.10763939438640335,0.7975335888246334,-0.23621128039256511,0.5748774211853431,-0.016818615122147662,0.9812328423861192,Gh,FALSE,FALSE,FALSE,FALSE,0.12022309663370538,FALSE,FALSE,0.031708127253268534
Hist2h2ac,0.14853889364531092,0.6923015956487875,0.021655592524242984,0.9607377093652851,-0.19040674295954974,0.7246051110730207,Hist2h2ac,FALSE,FALSE,FALSE,FALSE,0.12020040970970121,FALSE,FALSE,0.031701992992642355
Clcc1,-0.08274755807698497,0.5676350040012188,-0.14518623092153327,0.3269403397181912,-0.1326580042137575,0.4970334119328333,Clcc1,FALSE,FALSE,FALSE,FALSE,0.12019726440409191,FALSE,FALSE,0.031701142541327186
Cmtr2,0.03227179827529891,0.890458544533379,0.20018322277445844,0.34158726526490535,-0.12805237654623447,0.6657237671154072,Cmtr2,FALSE,FALSE,FALSE,FALSE,0.12016913253199728,FALSE,FALSE,0.03169353603480832
Erich1,-0.027477913725814762,0.9174831664404683,0.08360006489010452,0.7366504237853894,0.24942444034769995,0.39705957723000673,Erich1,FALSE,FALSE,FALSE,FALSE,0.12016747298787307,FALSE,FALSE,0.03169308731482422
2310058D17Rik,0.1790179205906366,0.6512980068336528,-0.05776164516087717,0.8988135904205636,-0.12365904987898857,0.8433176292791431,2310058D17Rik,FALSE,FALSE,FALSE,FALSE,0.12014620521016744,FALSE,FALSE,0.03168733677361546
B4galt4,-0.18412557321887313,0.44491939761630395,0.05570587109009706,0.8353917376681411,0.12054360369257733,0.7194423563126386,B4galt4,FALSE,FALSE,FALSE,FALSE,0.12012501600051584,FALSE,FALSE,0.031681607476226274
Map3k10,-0.12546464516065559,0.44210430301591214,-0.1474639521877732,0.3888591522617153,0.0873861340445039,0.7130781784286742,Map3k10,FALSE,FALSE,FALSE,FALSE,0.12010491046431089,FALSE,FALSE,0.03167617119058934
Pqlc2,-0.09505705859494462,0.7328176765564574,-0.16829614120494574,0.5408777857251592,0.09695417454732835,0.799945612713904,Pqlc2,FALSE,FALSE,FALSE,FALSE,0.12010245811573957,FALSE,FALSE,0.031675508106194114
Srgap2,-0.2176990277749571,0.10926201413650526,-0.08710580420856395,0.5449950704792499,-0.0554772566230497,0.786939508443944,Srgap2,FALSE,FALSE,FALSE,FALSE,0.12009402953552357,FALSE,FALSE,0.03167322912347508
Adgrf5,0.07603348633577767,0.7878921420896278,-0.1829434743946079,0.5160626214823194,0.10126928796614587,0.7983917031109229,Adgrf5,FALSE,FALSE,FALSE,FALSE,0.12008208289884381,FALSE,FALSE,0.03166999890226984
Habp4,0.12766079783816853,0.4073137530555413,0.10523816161248511,0.5286028989477645,0.12711814733749716,0.5633368450471579,Habp4,FALSE,FALSE,FALSE,FALSE,0.12000570226271694,FALSE,FALSE,0.03164934653314702
Tprn,-0.30154176701462543,0.2804897715254123,-0.01025655809603876,0.9752080810850566,0.04819240764167976,0.9162533126256398,Tprn,FALSE,FALSE,FALSE,FALSE,0.11999691091744798,FALSE,FALSE,0.03164696946329283
Tma7,0.12019862669038694,0.6110922815046642,0.08285328402307623,0.7515276782071233,-0.15693292797745073,0.6372343955628968,Tma7,FALSE,FALSE,FALSE,FALSE,0.11999494623030464,FALSE,FALSE,0.031646438236451156
Dnaaf5,-0.22136949384205495,0.27470808550177783,-0.12809587565459513,0.5532604461877856,-0.010448792037942578,0.9768614968375182,Dnaaf5,FALSE,FALSE,FALSE,FALSE,0.11997138717819755,FALSE,FALSE,0.031640068163289015
Ccdc28a,0.22423912232007437,0.2596031636479659,-0.10355900863207257,0.65065090242466594,-0.03205439354088124,0.9300672288617005,Ccdc28a,FALSE,FALSE,FALSE,FALSE,0.11995084149767606,FALSE,FALSE,0.03163451286813142
Lgals9,0.3122945891008504,0.3005328168980764,0.021380293460196764,0.9559989070381627,0.026081490780235583,0.965741105261516,Lgals9,FALSE,FALSE,FALSE,FALSE,0.11991879111376091,FALSE,FALSE,0.031625846845004246
Rab4a,-0.12288713524921047,0.3206574969349575,-0.1692255391429942,0.20636785363981122,-0.0676122853359642,0.713382629184324,Rab4a,FALSE,FALSE,FALSE,FALSE,0.11990831990938962,FALSE,FALSE,0.03162301556224984
Camk2n1,0.1677138465494119,0.43973068480119726,-0.0854141409572513,0.730572780130591,0.10640747961937347,0.7475443841313373,Camk2n1,FALSE,FALSE,FALSE,FALSE,0.11984515570867889,FALSE,FALSE,0.03160593675203596
Drc3,-0.11923735776057587,0.6278769500093345,-0.20673010696836736,0.4019498734388577,-0.033403964512271234,0.934701041003514,Drc3,FALSE,FALSE,FALSE,FALSE,0.11979047641373815,FALSE,FALSE,0.03159115215426676
Dlgap1,0.114150168791876,0.7368528173158643,0.011766738961035195,0.9760303455958214,0.23334069678677505,0.5972023170730334,Dlgap1,FALSE,FALSE,FALSE,FALSE,0.11975253484656208,FALSE,FALSE,0.03158089322883549
Slc2a1,-0.166764882544431,0.30520409344108856,-0.05732237321717015,0.759304582770528,-0.13514750389949448,0.5590636066347314,Slc2a1,FALSE,FALSE,FALSE,FALSE,0.11974491988703188,FALSE,FALSE,0.031578834238978275
Fnbp4,0.03659773639393027,0.8556995833397929,0.20640715625441164,0.2746686979256006,0.11621229748785211,0.655342161977533,Fnbp4,FALSE,FALSE,FALSE,FALSE,0.11973906337873134,FALSE,FALSE,0.03157725071234997
Tmem214,-0.14384198739629728,0.42216437409888596,-0.16516913147948298,0.38648344199559537,-0.050131914467462124,0.8676876584333398,Tmem214,FALSE,FALSE,FALSE,FALSE,0.11971434444774746,FALSE,FALSE,0.031570567022439974
Fn3k,0.02744105586747736,0.9537046474287407,-0.23988297262926261,0.5908528396494197,0.09170049807538927,0.8897943050158532,Fn3k,FALSE,FALSE,FALSE,FALSE,0.11967484219070974,FALSE,FALSE,0.03155988610598135
Tmem206,-0.09339988825349277,0.6920798487230205,-0.20862459909346942,0.3739798140511676,-0.05697963230372327,0.8776414134397387,Tmem206,FALSE,FALSE,FALSE,FALSE,0.11966803988356182,FALSE,FALSE,0.031558046847168786
Rnf135,0.01652085249231572,0.9628376276257795,-0.21268699929503798,0.5102316589823156,0.12971757426556296,0.7674636081506402,Rnf135,FALSE,FALSE,FALSE,FALSE,0.11964180868430556,FALSE,FALSE,0.031550954258823816
Rccd1,-0.1252466850431755,0.7186441050114559,-0.21088313635472766,0.5428623267045604,-0.02277158541651625,0.9688448947437457,Rccd1,FALSE,FALSE,FALSE,FALSE,0.11963380227147313,FALSE,FALSE,0.0315487894248875
Gosr2,-0.07418369398695823,0.568930681869462,-0.1319483014020717,0.327361113667193,-0.15274538241449775,0.3819726935278713,Gosr2,FALSE,FALSE,FALSE,FALSE,0.1196257926011759,FALSE,FALSE,0.03154662371017342
Bag5,-0.19956570022403142,0.15101465370733244,-0.036012296063008264,0.8254676662774778,-0.12327628859592465,0.5277646212432601,Bag5,FALSE,FALSE,FALSE,FALSE,0.11961809496098812,FALSE,FALSE,0.03154454236450004
Magt1,0.2179795870983936,0.2308475748827678,0.12196270780501095,0.5457981762272467,-0.018850393977835722,0.9568917316396195,Magt1,FALSE,FALSE,FALSE,FALSE,0.11959756296041342,FALSE,FALSE,0.03153899076822904
Myo1e,-0.25632276708650004,0.25585103984517266,0.08195046408922568,0.7464293563981788,-0.02047223881842708,0.9617948868897257,Myo1e,FALSE,FALSE,FALSE,FALSE,0.11958182333138427,FALSE,FALSE,0.031534734969311286
Lss,-0.11358874116302875,0.5293003273294066,-0.20345679354610446,0.276588054916531,0.04169741593324705,0.8865604075142541,Lss,FALSE,FALSE,FALSE,FALSE,0.11958098354746009,FALSE,FALSE,0.03153450790223689
Tceanc2,-0.2062823742573343,0.2776552721020896,-0.15037290344710907,0.45054413865236315,-0.0020182077039936352,0.9946967334510257,Tceanc2,FALSE,FALSE,FALSE,FALSE,0.119557828469479,FALSE,FALSE,0.03152824705862806
Mettl21a,0.22277886277409342,0.11278311398241413,0.08800419708338003,0.5612567070495276,0.047819004284179734,0.8314774394271013,Mettl21a,FALSE,FALSE,FALSE,FALSE,0.11953402138055107,FALSE,FALSE,0.03152180991941044
Nsmaf,0.157091160247397,0.17227525854045125,0.08767703429440843,0.48160413690977955,0.11379817474710752,0.4831030718126321,Nsmaf,FALSE,FALSE,FALSE,FALSE,0.11952212309630432,FALSE,FALSE,0.0315185927720986
Deaf1,-0.11706839049011641,0.595115209924651,-0.22298444562088982,0.31938799489167524,-0.018474150474020234,0.9630893523582305,Deaf1,FALSE,FALSE,FALSE,FALSE,0.11950899552834215,FALSE,FALSE,0.031515043241838216
Tedc1,0.17093992117917933,0.6199938337748427,-0.13422386400184072,0.7248808300778413,0.05323160846803621,0.9277681321383151,Tedc1,FALSE,FALSE,FALSE,FALSE,0.11946513121635209,FALSE,FALSE,0.03150318288025348
Mcm5,0.0618740588712372,0.8273794539032523,-0.2442018133149224,0.37313199073919784,0.05225410241274542,0.9035332943027807,Mcm5,FALSE,FALSE,FALSE,FALSE,0.11944332486630167,FALSE,FALSE,0.031497286715815746
St3gal5,-0.174548283096561,0.2574120183486241,-0.15669489827018435,0.33916566617014726,-0.02702558863602178,0.9218699519079124,St3gal5,FALSE,FALSE,FALSE,FALSE,0.1194229233342557,FALSE,FALSE,0.031491770396603835
Eme2,-0.07832598388464085,0.766057040718235,-0.22665523734833126,0.3709568495465565,-0.053231548677874496,0.8940782692699701,Eme2,FALSE,FALSE,FALSE,FALSE,0.11940425663694887,FALSE,FALSE,0.03148672315501705
1110008L16Rik,-0.05104569085750654,0.8315415952589439,-0.017200076513030904,0.9472058990981208,-0.2898540694386096,0.3266081829379818,1110008L16Rik,FALSE,FALSE,FALSE,FALSE,0.11936661226971568,FALSE,FALSE,0.031476544588734834
Crtc3,-0.15431461976797856,0.4872704738011959,-0.1626365746170011,0.48247069605406645,0.041117418918759085,0.9105713371254613,Crtc3,FALSE,FALSE,FALSE,FALSE,0.11935620443457957,FALSE,FALSE,0.03147373044022941
Cntfr,-0.03043210399424412,0.9398933798151542,0.03874355082982284,0.9219323653063418,0.2888249983654507,0.5095937836321456,Cntfr,FALSE,FALSE,FALSE,FALSE,0.11933355106317256,FALSE,FALSE,0.03146760525180604
BC037034,-0.22450638459625605,0.1981251167633818,-0.07768784868652023,0.6838724475608685,-0.05570279482679741,0.8387363133611334,BC037034,FALSE,FALSE,FALSE,FALSE,0.11929900936985789,FALSE,FALSE,0.031458265609762774
Nbas,0.2661889365435046,0.10359412870492717,-0.011953106385292678,0.9532535306953184,-0.07974527276745302,0.7473680811939173,Nbas,FALSE,FALSE,FALSE,FALSE,0.11929577189875011,FALSE,FALSE,0.03145739023804904
Hs1bp3,-0.12434600660881046,0.5887938662781527,-0.18892946630828433,0.41776415011978857,-0.044494533329889396,0.9051000094912823,Hs1bp3,FALSE,FALSE,FALSE,FALSE,0.11925666874899472,FALSE,FALSE,0.03144681723521005
Rnf145,-0.13556336603581975,0.3183147685698872,-0.14217608854095243,0.3318688946113139,0.08002185117062144,0.6953877553012826,Rnf145,FALSE,FALSE,FALSE,FALSE,0.11925376858246454,FALSE,FALSE,0.03144603306643723
Baz2b,0.06308565343196548,0.6252660256867406,0.21376573558984724,0.13383531730822268,0.08090037844904963,0.656222858170358,Baz2b,FALSE,FALSE,FALSE,FALSE,0.11925058915695412,FALSE,FALSE,0.031445173389527355
Tnks,0.1301967357624907,0.30126369180377505,0.08546491009614954,0.5402033085765484,0.1420326644933585,0.4253021660866315,Tnks,FALSE,FALSE,FALSE,FALSE,0.11923143678399957,FALSE,FALSE,0.031439994827317186
Coro7,0.039115946446031113,0.8554627772228124,-0.22458093558117653,0.27887792884789947,0.09388546443312151,0.7418090888965313,Coro7,FALSE,FALSE,FALSE,FALSE,0.11919411548677639,FALSE,FALSE,0.031429903615126764
Arl8a,-0.17854615117595696,0.2662787499162009,-0.10165372059928934,0.5564694112809778,0.07720772653577956,0.7442724803559847,Arl8a,FALSE,FALSE,FALSE,FALSE,0.11913586610367528,FALSE,FALSE,0.03141415371015108
Rgl1,-0.09180127541649963,0.6084306606591646,-0.1515278707180645,0.40311398002074655,0.1139127740723902,0.6384110387527508,Rgl1,FALSE,FALSE,FALSE,FALSE,0.11908064006898478,FALSE,FALSE,0.0313992212807887
Tom1l2,-0.16216376848521996,0.3137230335457087,-0.14700789766349676,0.3991882509368793,-0.04803280524521547,0.8602356318789804,Tom1l2,FALSE,FALSE,FALSE,FALSE,0.11906815713131073,FALSE,FALSE,0.03139584605049927
Lemd2,-0.141420277037124,0.4590568102239098,-0.17469333202473525,0.3799996114011219,0.04108719958963025,0.8976109099523567,Lemd2,FALSE,FALSE,FALSE,FALSE,0.11906693621716317,FALSE,FALSE,0.03139551593057724
Brf2,-0.1362581604566837,0.6418339557112449,-0.1900381382166727,0.5190971317013834,-0.030898240098580665,0.9498958392426964,Brf2,FALSE,FALSE,FALSE,FALSE,0.11906484625731235,FALSE,FALSE,0.031394950831561574
Zfp36l2,9.63090599865879e-4,0.9965775315391365,0.14319546243837245,0.5152573519114146,0.21301018127284976,0.4510180004656422,Zfp36l2,FALSE,FALSE,FALSE,FALSE,0.1190562447703627,FALSE,FALSE,0.03139262509702338
Minpp1,0.14074409467535132,0.34875836216228345,0.19681435345680542,0.21790798383304405,0.019448421287213247,0.9434224676814397,Minpp1,FALSE,FALSE,FALSE,FALSE,0.11900228980645666,FALSE,FALSE,0.03137803634931061
Zcchc12,0.22383772277490266,0.1415761429446247,0.07586204564222232,0.6597904155114545,-0.05722476169404622,0.815237619843769,Zcchc12,FALSE,FALSE,FALSE,FALSE,0.1189748433703904,FALSE,FALSE,0.031370615176124717
Trmo,0.12217652993719463,0.6427472130904501,0.17032715495965212,0.5165833883191524,-0.06433284595565647,0.8795013884906151,Trmo,FALSE,FALSE,FALSE,FALSE,0.11894551028416774,FALSE,FALSE,0.031362683876322815
Nfe2l2,0.12698976694972597,0.34637598293104427,0.1312350497092396,0.364786695989813,0.09860561217088737,0.6170750206578537,Nfe2l2,FALSE,FALSE,FALSE,FALSE,0.11894347627661765,FALSE,FALSE,0.03136213390610978
Zfp558,0.03734810347332096,0.9276440237212119,0.2649070198497665,0.45132903775132815,0.05453330323481542,0.927918118166699,Zfp558,FALSE,FALSE,FALSE,FALSE,0.11892947551930096,FALSE,FALSE,0.03135834827636426
Ppip5k1,-0.17688166810703798,0.2318039188977369,-0.10424768265522211,0.5160626214823194,-0.07558130586770151,0.7370356053922087,Ppip5k1,FALSE,FALSE,FALSE,FALSE,0.1189035522099872,FALSE,FALSE,0.03135133893761061
Tceal9,0.14907326673562515,0.45660103898677545,0.0791571877269206,0.7283878889536912,-0.12839185079478455,0.6593689455770281,Tceal9,FALSE,FALSE,FALSE,FALSE,0.11887410175244344,FALSE,FALSE,0.03134337590207082
Lrrc73,-0.17324616140450466,0.2777568342202652,0.06761427575432277,0.699775373375869,0.11571457651903483,0.5999389162503753,Lrrc73,FALSE,FALSE,FALSE,FALSE,0.11885833789262075,FALSE,FALSE,0.031339113551449416
Wiz,-0.11677511057812939,0.6240203386586546,-0.0987284268756694,0.6984592928557883,0.1410652360415714,0.6584919313265595,Wiz,FALSE,FALSE,FALSE,FALSE,0.11885625783179006,FALSE,FALSE,0.03133855112900504
Mid1,0.03273899439741368,0.9188774291617465,-0.17342421596402713,0.5625515805634042,0.15038611632449328,0.6963753479700309,Mid1,FALSE,FALSE,FALSE,FALSE,0.11884977556197802,FALSE,FALSE,0.031336798404287096
Jak2,0.02108827258210244,0.914473219616676,0.1829552189490702,0.30238123655152926,0.15208485145864703,0.5192732798414886,Jak2,FALSE,FALSE,FALSE,FALSE,0.11870944766327322,FALSE,FALSE,0.031298855494811095
Syt14,0.07133728136510253,0.5409233270584194,0.16427709020213754,0.18815805051545068,0.1205105543503171,0.44804271071687385,Syt14,FALSE,FALSE,FALSE,FALSE,0.11870830863918573,FALSE,FALSE,0.03129854751693755
Dnajc10,0.18116455058255898,0.15561744355795837,0.08422182616861651,0.549688401546869,0.09072066675327761,0.628385690449761,Dnajc10,FALSE,FALSE,FALSE,FALSE,0.1187023478348177,FALSE,FALSE,0.03129693578995647
Zfp773,0.12995462303327532,0.6595103361771215,0.09970866338211648,0.7520079784453756,-0.12621128910124613,0.7709811420136714,Zfp773,FALSE,FALSE,FALSE,FALSE,0.11862485850554598,FALSE,FALSE,0.031275983644067806
Spats2,-0.09583240328509479,0.7904823318602572,-0.20046506640823925,0.5714830056258717,0.059545683112598,0.9120276722999594,Spats2,FALSE,FALSE,FALSE,FALSE,0.11861438426864401,FALSE,FALSE,0.031273151541355015
Slco3a1,-0.27740451114299525,0.14439715471895476,-0.0019296626363862757,0.9926578672066019,-0.07645671843106161,0.7909175001540688,Slco3a1,FALSE,FALSE,FALSE,FALSE,0.1185969640701477,FALSE,FALSE,0.031268441337463274
Sh2d3c,-0.07368189962287408,0.8602167815383553,0.057044029329760715,0.8936625040792501,0.2250489438767702,0.6559947940117007,Sh2d3c,FALSE,FALSE,FALSE,FALSE,0.11859162427646834,FALSE,FALSE,0.03126699752400874
Wdfy1,0.2572217392824365,0.08683898855533886,0.06109518213267595,0.7154804654660424,-0.037409021919946994,0.8811480874391052,Wdfy1,FALSE,FALSE,FALSE,FALSE,0.11857531444501983,FALSE,FALSE,0.03126258754948527
Rad52,-0.239268051154931,0.28577677594936973,0.0628236773867279,0.8020756894068517,-0.05361380227082169,0.8825184669752741,Rad52,FALSE,FALSE,FALSE,FALSE,0.11856851027082686,FALSE,FALSE,0.03126074778584707
Adipor2,-0.2494705861175044,0.05497083575495276,-0.0210964291649951,0.8865219460147641,-0.08499249208798165,0.6353991793414071,Adipor2,FALSE,FALSE,FALSE,FALSE,0.11851983579016039,FALSE,FALSE,0.03124758681478739
Dcp2,0.20676558910614684,0.15488289145341066,0.10223590406557292,0.5190971317013834,0.04629336115459903,0.8484868724727372,Dcp2,FALSE,FALSE,FALSE,FALSE,0.11843161810877294,FALSE,FALSE,0.031223733856609003
Psmd11,0.1293453698436542,0.3315022364267417,0.13546617394530003,0.34328433209521503,0.09044130344044543,0.6444753230168732,Psmd11,FALSE,FALSE,FALSE,FALSE,0.11841761574313321,FALSE,FALSE,0.031219947791993045
Phf2os1,-0.2451094843302481,0.6963872500158382,0.008477506623394637,0.9892279679695519,0.1016239359491464,0.9153583268218038,Phf2os1,FALSE,FALSE,FALSE,FALSE,0.11840364230092972,FALSE,FALSE,0.03121616954791265
Prkd2,-0.18782223700887357,0.34416837704971287,-0.1364952667174535,0.5194868654821532,-0.03060159155830977,0.9307249095541381,Prkd2,FALSE,FALSE,FALSE,FALSE,0.11830636509487895,FALSE,FALSE,0.031189867007524533
Cpne2,-0.11340031395589234,0.7866601252843314,-0.15657074851207198,0.7125170100056152,0.08494300198966886,0.8901827965684321,Cpne2,FALSE,FALSE,FALSE,FALSE,0.1183046881525444,FALSE,FALSE,0.03118941358328186
Fads3,-0.02585785624877812,0.9429174200290282,-0.26653894400581923,0.41014187537704033,0.062427420259386635,0.9008815372739194,Fads3,FALSE,FALSE,FALSE,FALSE,0.118274740171328,FALSE,FALSE,0.031181316023560873
Htatsf1,0.07884131758681345,0.6830244732202357,0.2072159364441175,0.2897383709366904,0.06866960212688333,0.8142363946834172,Htatsf1,FALSE,FALSE,FALSE,FALSE,0.1182422853859381,FALSE,FALSE,0.03117254065533062
Lingo4,-0.11901712193172051,0.8320688724179848,-0.05692443946433037,0.922723266923098,0.17872667589934732,0.8083932338655838,Lingo4,FALSE,FALSE,FALSE,FALSE,0.11822274576513274,FALSE,FALSE,0.03116725738614284
Ly6c1,-0.014977639403851772,0.9808131611199109,0.05273533147111065,0.9343191883598919,0.286793109802166,0.6995586078855729,Ly6c1,FALSE,FALSE,FALSE,FALSE,0.1181686935590428,FALSE,FALSE,0.031152642345359232
Rras,-0.06907565986021247,0.8488731316952847,-0.1722848510467594,0.6261946219669284,0.11308698348208024,0.8160706567923424,Rras,FALSE,FALSE,FALSE,FALSE,0.1181491647963507,FALSE,FALSE,0.031147362012069527
Tyms,0.2788526413298169,0.16818691971802888,-0.03149956995948466,0.8987263648373043,0.04404859219736634,0.9011569256770413,Tyms,FALSE,FALSE,FALSE,FALSE,0.11813360116222264,FALSE,FALSE,0.0311431537999728
Amer2,0.11914873592162678,0.51224860940643,-0.11511319567027645,0.5564694112809778,-0.1201046238869159,0.6454479404739554,Amer2,FALSE,FALSE,FALSE,FALSE,0.11812218515960637,FALSE,FALSE,0.031140067055584513
Tlk2,0.15126392232030028,0.26770381930388143,0.1533872579930362,0.2957730185554255,0.04964787166341811,0.821948704418931,Tlk2,FALSE,FALSE,FALSE,FALSE,0.11809968399225153,FALSE,FALSE,0.031133983021234043
Taok3,-0.12941811456482988,0.5281627505623109,-0.11848021642984019,0.5899921353409806,-0.10633960101601048,0.7244553840900645,Taok3,FALSE,FALSE,FALSE,FALSE,0.11807931067022685,FALSE,FALSE,0.03112847432965922
Khdrbs3,0.04236393171621433,0.7148251033053086,-0.16531565862729636,0.16879956701889143,-0.14652308712104478,0.32393586083110754,Khdrbs3,FALSE,FALSE,FALSE,FALSE,0.11806755915485183,FALSE,FALSE,0.03112529686681544
4933434E20Rik,0.19995599977235212,0.10364189856450866,0.10963264248082183,0.39857122913510196,-0.04461374944758578,0.8176230081305454,4933434E20Rik,FALSE,FALSE,FALSE,FALSE,0.11806746390025324,FALSE,FALSE,0.031125271111162825
Il1rap,0.1624890931070171,0.435213942005643,0.05317622367498398,0.8283897590655518,0.13839254071961893,0.6428558246388795,Il1rap,FALSE,FALSE,FALSE,FALSE,0.11801928583387333,FALSE,FALSE,0.03111224436432022
Gm15760,-0.028273737629678886,0.942455569745003,-0.19984049406714233,0.575721183308599,-0.12579399354379328,0.8039831148516488,Gm15760,FALSE,FALSE,FALSE,FALSE,0.11796940841353816,FALSE,FALSE,0.03109875813341289
Pank2,-0.04861921500632871,0.7548873809239046,0.1793964900716558,0.22778686367404802,0.12567640153648085,0.5212893631595337,Pank2,FALSE,FALSE,FALSE,FALSE,0.11789736887148845,FALSE,FALSE,0.031079279541857584
Car13,0.27233498755313734,0.6023359878809165,-0.039574645661991426,0.9510678042532087,0.041602958414317825,0.9668279417060299,Car13,FALSE,FALSE,FALSE,FALSE,0.11783753054314887,FALSE,FALSE,0.031063100005953893
Cyp39a1,-0.13883516078304448,0.5981607551966346,0.007714271572227371,0.9798816543002445,0.20695919849652622,0.5321513304182028,Cyp39a1,FALSE,FALSE,FALSE,FALSE,0.1178362102839327,FALSE,FALSE,0.03106274302436729
Sowahb,-0.1704769744418866,0.4767172196181538,0.07118294902468447,0.7833467388832758,0.11153625737415007,0.73647889380471665,Sowahb,FALSE,FALSE,FALSE,FALSE,0.11773206028024037,FALSE,FALSE,0.03103458216541838
Sncb,-0.08419855223863726,0.9150148399567898,-0.2582998649825593,0.7365230720102461,0.010672594130059165,0.9921288334788326,Sncb,FALSE,FALSE,FALSE,FALSE,0.11772367045041858,FALSE,FALSE,0.03103231366032149
Apba1,-0.05879581600762318,0.854259144084631,-0.24247660543168958,0.428487815611131,0.05186118964379283,0.9176970707010725,Apba1,FALSE,FALSE,FALSE,FALSE,0.11771120369436854,FALSE,FALSE,0.03102894280534089
Slc2a8,-0.09631406676706122,0.7501193757729133,-0.17209359649507983,0.5647772326255309,0.0846697414370241,0.8453615338882059,Slc2a8,FALSE,FALSE,FALSE,FALSE,0.11769246823305506,FALSE,FALSE,0.031023876970826373
C630043F03Rik,-0.009639437732105183,0.9800857367158137,0.23298667154302422,0.48946639605282133,-0.1103038701277983,0.8355044460360388,C630043F03Rik,FALSE,FALSE,FALSE,FALSE,0.11764332646764257,FALSE,FALSE,0.031010589651813216
Rpp30,-0.0732912755074735,0.7311324843150211,-0.154653634700197,0.4570935091806084,-0.12497195544284301,0.656222858170358,Rpp30,FALSE,FALSE,FALSE,FALSE,0.11763895521683783,FALSE,FALSE,0.03100940772024357
Slc30a6,0.023396575726822633,0.8936571916464815,-0.17097873671572028,0.289945661398698,-0.15853188064377788,0.450453791715306,Slc30a6,FALSE,FALSE,FALSE,FALSE,0.1176357310287736,FALSE,FALSE,0.031008535940098756
Klhdc10,-0.09012910186386858,0.4792537707310814,-0.1240149128020489,0.35589891969829507,-0.13869309647061367,0.43143168179947894,Klhdc10,FALSE,FALSE,FALSE,FALSE,0.11761237037884371,FALSE,FALSE,0.031002219512404963
Polr3d,0.02079567596596288,0.9193839231222225,-0.13230721913812538,0.4828849498616761,-0.1996004233676567,0.4129097120597232,Polr3d,FALSE,FALSE,FALSE,FALSE,0.11756777282391499,FALSE,FALSE,0.030990160891096373
Mtrf1l,0.14938248876906535,0.40252810044169246,0.1772297170662065,0.3398046376969717,0.026056008492914007,0.9353552118896193,Mtrf1l,FALSE,FALSE,FALSE,FALSE,0.11755607144272862,FALSE,FALSE,0.030986996983910442
Cd33,0.22923181371448753,0.5482248347747923,0.004440998719420497,0.9917704937079204,-0.11894505082325368,0.8492524126814698,Cd33,FALSE,FALSE,FALSE,FALSE,0.11753928775238724,FALSE,FALSE,0.030982458883866377
Mroh2a,0.08181017973766203,0.7786660635537412,0.051655215792651976,0.8678986337044908,-0.21910264013252068,0.5693221953857389,Mroh2a,FALSE,FALSE,FALSE,FALSE,0.11752267855427823,FALSE,FALSE,0.030977967964340495
Pou6f1,-0.18282597044191995,0.3708509274293706,0.11711874329231531,0.5893325025286795,0.05251307432265939,0.8751329067921741,Pou6f1,FALSE,FALSE,FALSE,FALSE,0.11748592935229822,FALSE,FALSE,0.030968031439551676
Fbn1,-0.1283800313646779,0.5883730973091799,-0.1850596590651712,0.44787638592516266,-0.039008942848560935,0.923896484494619,Fbn1,FALSE,FALSE,FALSE,FALSE,0.11748287775947001,FALSE,FALSE,0.03096720632700095
Slc39a6,-0.1408769065013491,0.30428308062826553,-0.09921922674209238,0.5052175854534585,-0.11234450841356747,0.5701369426055226,Slc39a6,FALSE,FALSE,FALSE,FALSE,0.11748021388566965,FALSE,FALSE,0.030966486048828217
Gm5464,-0.11170422975783181,0.8499394851083656,-0.015385076324942598,0.9809431568447843,-0.22509791410959193,0.7798245320615456,Gm5464,FALSE,FALSE,FALSE,FALSE,0.11739574006412211,FALSE,FALSE,0.030943645383546024
Cask,0.18528442433046255,0.13682189784979978,0.1062680813158483,0.4269012618007134,-0.060629617503632716,0.7504694413323157,Cask,FALSE,FALSE,FALSE,FALSE,0.11739404104998119,FALSE,FALSE,0.03094318599136284
Fbxl20,0.06515333010007929,0.7854884088470282,-0.2525999962192875,0.28374820564729275,-0.0343661546923979,0.9307925243383753,Fbxl20,FALSE,FALSE,FALSE,FALSE,0.11737316033725491,FALSE,FALSE,0.030937540107685537
Mfsd12,-0.12549200031937646,0.5773584187228904,-0.14189425507901055,0.5376535558284866,0.0847219944649189,0.7910311196374045,Mfsd12,FALSE,FALSE,FALSE,FALSE,0.11736941662110197,FALSE,FALSE,0.030936527853640504
Spg21,-0.11716779174573055,0.4649671080276419,-0.10543729570245564,0.5386239445905338,-0.12935088852141519,0.5671797586813652,Spg21,FALSE,FALSE,FALSE,FALSE,0.11731865865653379,FALSE,FALSE,0.030922803534580844
Nckipsd,-0.1919604089004725,0.26188903417185233,-0.14350843473509567,0.42577415139886776,0.016365441441972273,0.9588813892781387,Nckipsd,FALSE,FALSE,FALSE,FALSE,0.11727809502584681,FALSE,FALSE,0.030911835635956408
Gm10699,0.20827252971772303,0.3538102725729359,0.08200554553228834,0.7507733369242953,0.061542878929074174,0.8702121883029506,Gm10699,FALSE,FALSE,FALSE,FALSE,0.11727365139302852,FALSE,FALSE,0.030910634133195197
Alg5,0.17208358645846378,0.19662636783724557,-0.08295759105310019,0.5766528034804073,-0.09675764091891548,0.6223306271216116,Alg5,FALSE,FALSE,FALSE,FALSE,0.11726627281015982,FALSE,FALSE,0.030908639056632145
Slc25a20,-0.192277160289537,0.18160435476746536,-0.08992280215261417,0.5602586447242338,-0.06959231165599178,0.7458858123050663,Slc25a20,FALSE,FALSE,FALSE,FALSE,0.11726409136604765,FALSE,FALSE,0.03090804922141592
Cyb561d1,-0.1721239808097077,0.466503272086283,-0.1795241345737657,0.4606093556054634,-1.196436369417242e-4,0.9997319263026808,Cyb561d1,FALSE,FALSE,FALSE,FALSE,0.11725591967347171,FALSE,FALSE,0.03090583969790323
Trim2,0.19526518857091357,0.2532567817906024,0.1563183529351626,0.39790090099576464,-1.7424483131023294e-4,0.9994027379114626,Trim2,FALSE,FALSE,FALSE,FALSE,0.11725259544579547,FALSE,FALSE,0.030904940868297988
Rab9,0.18736295210277287,0.2138289748863021,0.08401188240830226,0.6167366404093115,0.08037030854952842,0.7245477375068529,Rab9,FALSE,FALSE,FALSE,FALSE,0.11724838102020119,FALSE,FALSE,0.03090380134030467
Ntrk2,-0.26127991804674,0.27198624927387655,0.04880682589549501,0.8657283681631889,-0.041518668360800426,0.9244596357348407,Ntrk2,FALSE,FALSE,FALSE,FALSE,0.11720180410101182,FALSE,FALSE,0.03089120752364537
Clstn2,-0.06651620369860689,0.8296658869355987,-0.1759982195858365,0.5565253621846682,0.1089465603047226,0.7921458943676372,Clstn2,FALSE,FALSE,FALSE,FALSE,0.11715366119638866,FALSE,FALSE,0.030878190284102214
Zdhhc15,0.24718357109419697,0.29450280464103473,-0.08149128096717462,0.772781008486405,0.02265664735662032,0.9609730014174996,Zdhhc15,FALSE,FALSE,FALSE,FALSE,0.1171104998059973,FALSE,FALSE,0.030866519983730065
Dusp23,-0.19259273912375652,0.648308321715556,-0.09601397518142951,0.8322612191148785,0.06272253229489033,0.9254249867141772,Dusp23,FALSE,FALSE,FALSE,FALSE,0.11710974886669212,FALSE,FALSE,0.030866316939129942
Setd1a,0.10318086432707085,0.5479344349952474,0.09264072770792176,0.6086404573864318,0.15542374474676324,0.4919631063517372,Setd1a,FALSE,FALSE,FALSE,FALSE,0.11708177892725195,FALSE,FALSE,0.03085875421717641
Bsn,0.04687917146652687,0.810349415308295,-0.053236189397239286,0.7989938901763755,0.2510883447108778,0.30053928198618685,Bsn,FALSE,FALSE,FALSE,FALSE,0.11706790185821465,FALSE,FALSE,0.030855002031195334
Pnma2,-0.26876740647092445,0.10029893429660307,-0.028311987968356433,0.878213322370923,-0.054082685689970766,0.8271198972942245,Pnma2,FALSE,FALSE,FALSE,FALSE,0.11705402670975056,FALSE,FALSE,0.030851250364513236
Fam181b,-0.05865762037525046,0.9121367747283534,0.2548307621693007,0.5803973290939061,0.03765899430404551,0.9644325383278765,Fam181b,FALSE,FALSE,FALSE,FALSE,0.11704912561619889,FALSE,FALSE,0.030849925170088745
Frat1,0.0042612133445349976,0.9862075249864664,-0.012763279663675409,0.962119187047126,0.3339683201806687,0.23556047760483703,Frat1,FALSE,FALSE,FALSE,FALSE,0.11699760439629303,FALSE,FALSE,0.030835994476327747
Pcdhb7,-0.20022970840494292,0.46845647961406606,-0.13457308122096734,0.6462275176953743,-0.016161048531182054,0.9726815059510626,Pcdhb7,FALSE,FALSE,FALSE,FALSE,0.11698794605236411,FALSE,FALSE,0.030833382980874843
Msmo1,-0.20692611649167514,0.252957721867264,-0.05369584468100008,0.7971996628438263,-0.09027108784530746,0.7375481966833609,Msmo1,FALSE,FALSE,FALSE,FALSE,0.1169643496726609,FALSE,FALSE,0.03082700281479736
Dnajb5,-0.15944003794454353,0.5047646070518574,0.14705512877269022,0.551259727405565,0.04435130242806373,0.910067881475037,Dnajb5,FALSE,FALSE,FALSE,FALSE,0.1169488230484325,FALSE,FALSE,0.030822804609714812
E530011L22Rik,-0.23683677926660973,0.41233774246427274,-0.0295532013457942,0.929348685155057,0.0843554128260533,0.8482340272567118,E530011L22Rik,FALSE,FALSE,FALSE,FALSE,0.11691513114615242,FALSE,FALSE,0.030813694740543487
Abcb10,-0.16413363742737408,0.28578631127162907,-0.1638331244295621,0.31244107819036887,0.022759197316837287,0.9333062118677539,Abcb10,FALSE,FALSE,FALSE,FALSE,0.11690865305792449,FALSE,FALSE,0.03081194314647361
Hdac2,0.22420194166763796,0.16638414373381513,0.07699423896489854,0.677544098543098,-0.0493800404517577,0.8562065291092719,Hdac2,FALSE,FALSE,FALSE,FALSE,0.1168587403614314,FALSE,FALSE,0.030798447377334188
Sh3kbp1,-0.1367862019158128,0.6084397070336617,-0.16072470677670392,0.5562304236423156,-0.05306410435167752,0.9011549275079148,Sh3kbp1,FALSE,FALSE,FALSE,FALSE,0.11685833768139808,FALSE,FALSE,0.03079833849768735
Prmt6,0.09479221589552722,0.6904795810961101,0.17692239811363164,0.445656637006935,-0.07878515884215265,0.8246522161754973,Prmt6,FALSE,FALSE,FALSE,FALSE,0.11683325761710384,FALSE,FALSE,0.030791557161845
Rfc5,-0.3045989498163362,0.13755079258614933,-0.027384987612910194,0.9050627448381304,-0.018492858635969167,0.9594893328008371,Rfc5,FALSE,FALSE,FALSE,FALSE,0.11682559868840518,FALSE,FALSE,0.030789486283274322
Pacsin1,-0.23369826158919693,0.3472266528476119,-0.07610126344876988,0.7915953867523502,0.040637923240797846,0.9260668732862938,Pacsin1,FALSE,FALSE,FALSE,FALSE,0.11681248275958822,FALSE,FALSE,0.030785939900093293
Rab32,0.1263276357253782,0.7750155972175784,-0.03546343523090201,0.9430094073196065,-0.1885979311771715,0.762795862805145,Rab32,FALSE,FALSE,FALSE,FALSE,0.1167963340444839,FALSE,FALSE,0.030781573489415074
Ipo9,-0.09802241056627548,0.38118059964221257,-0.15342173090805566,0.20811223222506314,-0.09888949148456305,0.5374640967791049,Ipo9,FALSE,FALSE,FALSE,FALSE,0.11677787765296473,FALSE,FALSE,0.030776583111884095
Dgka,-0.10248279181543385,0.6435270964820903,-0.137694791731382,0.5423209173789277,-0.11009312135072191,0.7241951966264828,Dgka,FALSE,FALSE,FALSE,FALSE,0.11675690163251258,FALSE,FALSE,0.030770911458189224
Poc5,0.09771396575766023,0.5215171044643421,0.1065477207039418,0.5027043279314051,0.14595327752930753,0.47763770328727306,Poc5,FALSE,FALSE,FALSE,FALSE,0.1167383213303032,FALSE,FALSE,0.030765887576756704
Hectd1,0.14709265382304437,0.17733342393221863,0.12847362820831876,0.27700485134899744,0.07457980367764172,0.6440598762475647,Hectd1,FALSE,FALSE,FALSE,FALSE,0.11671536190300162,FALSE,FALSE,0.030759679634645657
Sec22c,-0.052680687013496375,0.8365716493228382,-0.17506950844740832,0.4714705498090294,-0.12230528954837538,0.7172324160510906,Sec22c,FALSE,FALSE,FALSE,FALSE,0.11668516166976002,FALSE,FALSE,0.030751513869130626
Slc25a42,-0.07854226861554059,0.7689322304935835,0.1271932449092179,0.6221053933353167,0.1443170013748749,0.6697532047625661,Slc25a42,FALSE,FALSE,FALSE,FALSE,0.11668417163321114,FALSE,FALSE,0.030751246175624924
Mtbp,0.1200564078725157,0.7686146195915993,0.13897716668507298,0.7366504237853894,0.09099485289838327,0.8820032579883991,Mtbp,FALSE,FALSE,FALSE,FALSE,0.11667614248532399,FALSE,FALSE,0.030749075194414034
Fam78b,-0.15663488293218264,0.5880631980263497,0.03888199380041146,0.9014143393418628,0.15450572955173447,0.6839548616543273,Fam78b,FALSE,FALSE,FALSE,FALSE,0.11667420209477619,FALSE,FALSE,0.030748550537068046
P2rx7,0.05805825451078206,0.9005021969073584,0.09120661061869118,0.8416505274321359,0.2006578641675386,0.7236442719289228,P2rx7,FALSE,FALSE,FALSE,FALSE,0.11664090976567061,FALSE,FALSE,0.03073954870748777
Sp1,0.1146952726032584,0.44735348902264505,0.15211854901767285,0.3426706284403532,0.08304212202186978,0.713141200911912,Sp1,FALSE,FALSE,FALSE,FALSE,0.11661864788093368,FALSE,FALSE,0.030733529372165752
Cdh24,-0.16800556393247568,0.6830244732202357,-0.1384516166789197,0.7480482812729231,0.043357414595374566,0.9485308026156166,Cdh24,FALSE,FALSE,FALSE,FALSE,0.11660486506892331,FALSE,FALSE,0.030729802672106385
Wdyhv1,-0.07456605498653479,0.6491745045682698,-0.15906519992128887,0.3318688946113139,-0.11615628198414951,0.5983384258198506,Wdyhv1,FALSE,FALSE,FALSE,FALSE,0.11659584563065772,FALSE,FALSE,0.030727363928757457
Nhlrc1,-0.04222749115811375,0.821770751082179,-0.26356715521725205,0.16104133490501046,-0.043961218143480085,0.873330180241766,Nhlrc1,FALSE,FALSE,FALSE,FALSE,0.11658528817294862,FALSE,FALSE,0.03072450932417882
Zyx,0.01966533375109103,0.9332822314115842,0.11341595738665244,0.5934022856507757,0.21666005166361746,0.4124058764772356,Zyx,FALSE,FALSE,FALSE,FALSE,0.11658044760045365,FALSE,FALSE,0.03072320049389144
Prrc2a,-0.2340676566220541,0.29450280464103473,-0.10303480211260219,0.6905052843275589,0.012627255048563768,0.9761707433445408,Prrc2a,FALSE,FALSE,FALSE,FALSE,0.11657657126107335,FALSE,FALSE,0.030722152380183745
Hey2,0.23030910678063155,0.2714287784011912,0.08788981299811915,0.714016611582768,-0.031435183394806554,0.9352793253721059,Hey2,FALSE,FALSE,FALSE,FALSE,0.11654470105785242,FALSE,FALSE,0.030713535075663725
Mpc2,0.17705343983490973,0.39516591075510327,0.10302802918818621,0.65974588539419,0.06953786245228866,0.8384720045003939,Mpc2,FALSE,FALSE,FALSE,FALSE,0.11653977715846153,FALSE,FALSE,0.030712203714825418
Chrac1,0.15070070018618686,0.29843143854040266,-0.16349778993515285,0.30053962161296677,-0.035414493148868686,0.8868021301935464,Chrac1,FALSE,FALSE,FALSE,FALSE,0.11653766109006947,FALSE,FALSE,0.030711631556386603
2310022B05Rik,-0.043826658172525956,0.8730722716249312,-0.23479150547807626,0.3594360893888354,0.07098439679423807,0.8537132223151842,2310022B05Rik,FALSE,FALSE,FALSE,FALSE,0.11653418681494676,FALSE,FALSE,0.030710692155827682
Pcp4l1,-0.013864926310688475,0.947081902187843,-0.28659653402341956,0.15034634734748642,-0.049078170938826826,0.8655590665162797,Pcp4l1,FALSE,FALSE,FALSE,FALSE,0.11651321042431162,FALSE,FALSE,0.030705020402039956
Stard10,-0.0476968764583896,0.8450839900264019,-0.25974070382384884,0.265724484379953,0.04209818894072814,0.9096517207354082,Stard10,FALSE,FALSE,FALSE,FALSE,0.11651192307432219,FALSE,FALSE,0.03070467231869685
Ttc39aos1,-0.10070939998586537,0.873247744911699,-0.0506223433313881,0.9399613685819036,0.19816828004900428,0.8107380476605398,Ttc39aos1,FALSE,FALSE,FALSE,FALSE,0.11650000778875258,FALSE,FALSE,0.03070145057443985
Ushbp1,0.09553332469838005,0.8849074223442066,0.1783374210752574,0.7840659324761762,-0.07562257670750483,0.9421059010654802,Ushbp1,FALSE,FALSE,FALSE,FALSE,0.11649777416038076,FALSE,FALSE,0.03070084662925221
Plppr4,0.08368199003304788,0.7016867447719868,-0.16982304464923725,0.4409469485736885,-0.09590589815527029,0.7611318131220886,Plppr4,FALSE,FALSE,FALSE,FALSE,0.11647031094585181,FALSE,FALSE,0.03069342091937976
Ccdc47,-0.14867247268666972,0.2649383576481941,-0.1437605863341167,0.3184189296125935,-0.05696269257387687,0.7876307604302599,Ccdc47,FALSE,FALSE,FALSE,FALSE,0.11646525053155443,FALSE,FALSE,0.030692052646617403
Pcdhb20,-0.2697481928318495,0.28193106225076164,0.05452902569418372,0.8452673055874759,-0.025063701913907277,0.9544768480495625,Pcdhb20,FALSE,FALSE,FALSE,FALSE,0.11644697347998016,FALSE,FALSE,0.03068711076036548
Mmab,-0.10277004928740263,0.6529372623384812,-0.1945642280057558,0.39430949241089913,0.05197342669830851,0.8818918416870838,Mmab,FALSE,FALSE,FALSE,FALSE,0.11643590133048898,FALSE,FALSE,0.030684116989563477
Ldlrad4,-0.211875451495807,0.3830616499392404,-0.08808638628061694,0.745654271297486,-0.04933193720932927,0.9041100524624835,Ldlrad4,FALSE,FALSE,FALSE,FALSE,0.1164312583285844,FALSE,FALSE,0.03068286157989378
Apobec3,-0.14665944188191737,0.5762397480932356,0.11025880431713553,0.6830782282704534,0.0923182756004648,0.8055294450522087,Apobec3,FALSE,FALSE,FALSE,FALSE,0.11641217393317256,FALSE,FALSE,0.03067770139796133
Ranbp10,-0.17878094114844334,0.2796996166451496,-0.1440194658745062,0.4126787306671974,0.026377193341282634,0.9282956090663358,Ranbp10,FALSE,FALSE,FALSE,FALSE,0.11639253345474405,FALSE,FALSE,0.030672390858133135
Morc2a,0.13982586930354657,0.2649383576481941,0.15861260806742727,0.24571725306667863,0.050737708048956165,0.8005718964673141,Morc2a,FALSE,FALSE,FALSE,FALSE,0.11639206180664334,FALSE,FALSE,0.030672263330383094
Rnf10,-0.11996879060852894,0.4681107500556769,-0.15983819532640098,0.35904461095614404,-0.0692058457368887,0.786939508443944,Rnf10,FALSE,FALSE,FALSE,FALSE,0.11633761055727287,FALSE,FALSE,0.03065754039328514
Tagln2,-0.1439254587098282,0.5290467927902026,-0.029369325546866776,0.9103208635873142,-0.17566831228930502,0.5755052420945701,Tagln2,FALSE,FALSE,FALSE,FALSE,0.116321032182,FALSE,FALSE,0.030653057807868814
Clic6,-0.18628751452242476,0.4876924865185652,-0.06861606377231988,0.818455870418655,-0.0939663883301427,0.8142363946834172,Clic6,FALSE,FALSE,FALSE,FALSE,0.11628998887496245,FALSE,FALSE,0.030644664085739196
Aff1,-0.193328691017153,0.1972484035423163,-0.05348755061116872,0.7593152003805813,-0.10196763073891812,0.6430879831106097,Aff1,FALSE,FALSE,FALSE,FALSE,0.11626129078907994,FALSE,FALSE,0.030636904482090707
Lamtor5,-0.07077084181184379,0.707282233843354,-0.16454922945508166,0.37420305250646474,-0.1133570607019001,0.6547585164169194,Lamtor5,FALSE,FALSE,FALSE,FALSE,0.11622571065627518,FALSE,FALSE,0.030627284058991556
Nap1l1,0.14682147422566683,0.3279904444373116,0.14196121659251215,0.38077337648052756,0.059819965970662636,0.803504983285697,Nap1l1,FALSE,FALSE,FALSE,FALSE,0.11620088559628054,FALSE,FALSE,0.030620571673123834
Stim1,-0.1748857734550704,0.2566738893512878,-0.09924561877914773,0.5587284083485246,-0.07441149437295724,0.7532323228074294,Stim1,FALSE,FALSE,FALSE,FALSE,0.11618096220239178,FALSE,FALSE,0.03061518463649211
Gcc1,-0.22297677092246637,0.1460363857921992,-0.01646106974856476,0.9294973785552761,-0.10902911478681077,0.622580252672698,Gcc1,FALSE,FALSE,FALSE,FALSE,0.11615565181928063,FALSE,FALSE,0.030608341025321034
Herc2,-0.11307941616447614,0.41920727874807195,-0.12137338560398803,0.41955941237361744,-0.11386485392935342,0.5738864540755,Herc2,FALSE,FALSE,FALSE,FALSE,0.11610588523260586,FALSE,FALSE,0.030594884762449866
4930412C18Rik,0.055811751463966885,0.8787827600600177,-0.24550776676950026,0.4841647492537692,0.04693113322626674,0.9337510406985972,4930412C18Rik,FALSE,FALSE,FALSE,FALSE,0.11608355048657797,FALSE,FALSE,0.03058884572634566
Erlin2,-0.20570585067129166,0.11339873037737117,-0.10840847362365835,0.4311955765650924,-0.034129236976211175,0.8760402888067226,Erlin2,FALSE,FALSE,FALSE,FALSE,0.11608118709038706,FALSE,FALSE,0.03058820669356205
Mafg,-0.26822499838246916,0.11447440009932425,-0.06749507163787438,0.7182402934997928,0.012447075734460356,0.9681997036345765,Mafg,FALSE,FALSE,FALSE,FALSE,0.1160557152516013,FALSE,FALSE,0.03058131942679503
Rbp4,0.0826527473299965,0.8272071269672254,-0.1436918424236735,0.7099876685929689,-0.12174166309652223,0.8208664365227808,Rbp4,FALSE,FALSE,FALSE,FALSE,0.11602875095006408,FALSE,FALSE,0.030574028616758297
Fam102a,-0.06896941593368044,0.6845521472369391,-0.1443415200682514,0.3999505152983382,-0.1347018514502567,0.5572624935729553,Fam102a,FALSE,FALSE,FALSE,FALSE,0.11600426248406286,FALSE,FALSE,0.03056740724169841
C1qa,-0.18492147986048568,0.3163565030412476,-0.09205000726276769,0.6531570314279642,-0.07097699604481633,0.8051449877528731,C1qa,FALSE,FALSE,FALSE,FALSE,0.1159828277226899,FALSE,FALSE,0.03056161155019358
Hdac4,0.019344240543255786,0.9237768567947068,0.1749664537483424,0.33690288069696656,0.15353340554642525,0.5280789283453443,Hdac4,FALSE,FALSE,FALSE,FALSE,0.11594803327934115,FALSE,FALSE,0.0305522035677009
Plce1,-0.2453499111234123,0.10705199622741393,-0.03326541441358799,0.850504211958927,0.06922720754893952,0.759950057974078,Plce1,FALSE,FALSE,FALSE,FALSE,0.1159475110286466,FALSE,FALSE,0.0305520623576421
Pbx4,-0.15148401731283778,0.728713320116169,-0.154326752717738,0.7298544456348833,-0.04198684828176924,0.9528063179104878,Pbx4,FALSE,FALSE,FALSE,FALSE,0.11593253943744834,FALSE,FALSE,0.03054801422655206
Sox2,0.12431948481444177,0.5069129325016728,0.041768826740457676,0.8483555855756129,0.1816930289363743,0.4759927920013185,Sox2,FALSE,FALSE,FALSE,FALSE,0.11592711349709124,FALSE,FALSE,0.030546547120112844
Derl2,0.1634730978399661,0.3653899925487161,0.08214044188872016,0.6918668985944925,0.10206550319258056,0.7072864344323405,Derl2,FALSE,FALSE,FALSE,FALSE,0.11589301430708894,FALSE,FALSE,0.03053732712543321
Zfand3,-0.1355341833195256,0.3602378283990912,-0.15942276714733428,0.3151081900088303,-0.05272090789866901,0.824893794979805,Zfand3,FALSE,FALSE,FALSE,FALSE,0.1158926194551763,FALSE,FALSE,0.030537220362412344
Ufsp2,0.21005718330069278,0.13279796404577798,0.04263579496797476,0.7962672342616983,0.09495501028635722,0.6417720328427455,Ufsp2,FALSE,FALSE,FALSE,FALSE,0.11588266285167492,FALSE,FALSE,0.03053452822129979
Zfp318,0.1260076904200984,0.3596770764673184,0.04405201889709165,0.7866484802822574,0.17745224089424383,0.3524549412782498,Zfp318,FALSE,FALSE,FALSE,FALSE,0.11583731673714463,FALSE,FALSE,0.030522267198833185
Rap1gap2,-0.12169724597732401,0.6151318064537962,-0.2131914744230805,0.389662854430121,-0.012611346000859669,0.9767236837449109,Rap1gap2,FALSE,FALSE,FALSE,FALSE,0.11583335546708806,FALSE,FALSE,0.030521196120932396
Ptpmt1,0.05663550431942266,0.8039368098935173,-0.03508240844713262,0.8865162626932748,-0.2557742281059081,0.37549530152912947,Ptpmt1,FALSE,FALSE,FALSE,FALSE,0.11583071362415447,FALSE,FALSE,0.030520481799630614
Vkorc1l1,0.13743740699027285,0.4719091913203227,0.14022325305400596,0.4903432106330851,0.06979994816784973,0.816326635188023,Vkorc1l1,FALSE,FALSE,FALSE,FALSE,0.11582020273737618,FALSE,FALSE,0.03051763978724946
Cyp4f17,-0.0673739602791592,0.8483713473651401,-0.23420503064207487,0.48518110489967237,0.04567254052455283,0.9333155147750901,Cyp4f17,FALSE,FALSE,FALSE,FALSE,0.11575051048192897,FALSE,FALSE,0.030498795872646454
Ankra2,0.08215024108760893,0.807755610115124,0.24423253707691828,0.4508065995946706,0.02061785149230122,0.9703486891162046,Ankra2,FALSE,FALSE,FALSE,FALSE,0.11566687655227614,FALSE,FALSE,0.030476182303632533
Zfp143,0.1339014950367199,0.5254674496637145,0.13013700212288315,0.554474697030185,-0.08286756969608211,0.7983917031109229,Zfp143,FALSE,FALSE,FALSE,FALSE,0.11563535561856171,FALSE,FALSE,0.03046765943722062
Axl,-0.18408867046213917,0.27741517093035795,-0.1335715062618048,0.46264499632471967,0.029138490414456264,0.9233885613520322,Axl,FALSE,FALSE,FALSE,FALSE,0.11559955571280008,FALSE,FALSE,0.030457979590261457
Foxo4,-0.10232078004459932,0.5558099333947177,-0.20540553659666294,0.25243710478550013,-0.039046955313463805,0.8899258648652097,Foxo4,FALSE,FALSE,FALSE,FALSE,0.11559109065157536,FALSE,FALSE,0.03045569074353374
Pim1,-0.10500803751360532,0.7363811724772775,0.04791098633068103,0.8839648384603883,0.19380782454683754,0.6147300814706247,Pim1,FALSE,FALSE,FALSE,FALSE,0.11557561613037463,FALSE,FALSE,0.030451506626458496
Scg5,-0.05654994740628361,0.657763374481447,-0.10326488734431294,0.4290020895671713,-0.18682183764663662,0.263937480222375,Scg5,FALSE,FALSE,FALSE,FALSE,0.1155455574657444,FALSE,FALSE,0.030443379139326134
Mettl6,0.14628688590903582,0.3387813583141259,0.14845207964494733,0.35833967712507475,0.051895299476425016,0.8346485080070303,Mettl6,FALSE,FALSE,FALSE,FALSE,0.11554475501013606,FALSE,FALSE,0.03044316216536168
Tldc1,0.12316557286642471,0.45000447835870444,0.022321254759976483,0.9081327079907471,0.20109331399952657,0.3512519220548775,Tldc1,FALSE,FALSE,FALSE,FALSE,0.11552671387530926,FALSE,FALSE,0.030438284068048917
Rxrg,-0.15631342794426573,0.4515783954866474,-0.15780663413512208,0.4680094211460763,0.03245979936326027,0.9278652849628706,Rxrg,FALSE,FALSE,FALSE,FALSE,0.11552662048088269,FALSE,FALSE,0.03043825881536356
Prep,-0.16738220584357322,0.243482877244265,-0.07825473829243634,0.6180779328394369,-0.10092712079893751,0.6229032766885247,Prep,FALSE,FALSE,FALSE,FALSE,0.11552135497831569,FALSE,FALSE,0.03043683508929704
Strap,0.2169560746787056,0.30199284801494747,0.1077849993079596,0.6531643517280566,-0.02177413389786409,0.9568917316396195,Strap,FALSE,FALSE,FALSE,FALSE,0.1155050692948431,FALSE,FALSE,0.030432431644084375
Sec24b,0.03727418908076441,0.801702395243861,0.18346746302722217,0.20529880093532457,0.1257672879431997,0.5044716856398636,Sec24b,FALSE,FALSE,FALSE,FALSE,0.11550298001706209,FALSE,FALSE,0.030431866729491865
Zfp395,0.09926870795410991,0.6151318064537962,0.0641066540675963,0.7677963168227736,0.18294304426275154,0.4818397663255097,Zfp395,FALSE,FALSE,FALSE,FALSE,0.11543946876148592,FALSE,FALSE,0.03041469407998114
Taf5l,-0.15338766526635084,0.3396174463996842,4.959986285264506e-4,0.9977877400688872,-0.1924004825944463,0.3809559790994721,Taf5l,FALSE,FALSE,FALSE,FALSE,0.11542804882977453,FALSE,FALSE,0.030411606273214653
Magee1,-0.22820597503219808,0.10378170543069644,-0.11504528486616561,0.4377556445224226,-0.0029981758467005903,0.9901796608639275,Magee1,FALSE,FALSE,FALSE,FALSE,0.11541647858168809,FALSE,FALSE,0.030408477822779563
Snx25,-0.04332379577067069,0.8476941275961836,-0.20081459358495302,0.3464010624474014,-0.10195500346464659,0.7351420034823858,Snx25,FALSE,FALSE,FALSE,FALSE,0.11536446427342344,FALSE,FALSE,0.030394413804090775
Otud7a,0.10087798108183899,0.6963089082536491,-0.07240378675632941,0.8000229646145051,0.17277959693221412,0.6075547115588207,Otud7a,FALSE,FALSE,FALSE,FALSE,0.11535378825679417,FALSE,FALSE,0.03039152714266231
Glod4,-0.10995757411485307,0.36109028168554425,-0.10725914952131088,0.40690379692627965,-0.12881159507781348,0.446322972450948,Glod4,FALSE,FALSE,FALSE,FALSE,0.11534277290465915,FALSE,FALSE,0.030388548729155352
Hipk2,0.1070131171655282,0.6434702682586788,0.07313682277801536,0.7775709586798314,0.16567141062437774,0.6035606966143189,Hipk2,FALSE,FALSE,FALSE,FALSE,0.11527378352264044,FALSE,FALSE,0.03036989486274032
Gpx8,-0.22491920442040358,0.512517628627526,-0.04890293506556498,0.8976480983829508,-0.07196912717737947,0.8945125634117448,Gpx8,FALSE,FALSE,FALSE,FALSE,0.11526375555444934,FALSE,FALSE,0.03036718342550785
Phf1,-0.12230537513113227,0.4408973385391223,0.060753403273421824,0.7283878889536912,0.16255879227112402,0.44330487179065253,Phf1,FALSE,FALSE,FALSE,FALSE,0.11520585689189271,FALSE,FALSE,0.030351528350982794
Pitpnc1,-0.06037546819729034,0.7807176111123362,0.277639245347606,0.18859720229045795,-0.007594115711872185,0.9824243459527173,Pitpnc1,FALSE,FALSE,FALSE,FALSE,0.1152029430855895,FALSE,FALSE,0.030350740494185863
Elavl1,0.1406386225181384,0.3280095112094878,0.1738315952797036,0.2648061304468559,0.031080429119821673,0.9031090595112,Elavl1,FALSE,FALSE,FALSE,FALSE,0.11518354897255456,FALSE,FALSE,0.030345496568480117
Gm20735,0.03681269497051676,0.9185621471263703,-0.2689535150880007,0.41955941237361744,-0.0395874757181045,0.9423815786646674,Gm20735,FALSE,FALSE,FALSE,FALSE,0.11511789525887399,FALSE,FALSE,0.030327744625082278
Chmp4c,-0.09152961131075754,0.7316281817896525,0.13115421696639684,0.6105614142751241,0.12261807946676129,0.7259887327082117,Chmp4c,FALSE,FALSE,FALSE,FALSE,0.11510063591463855,FALSE,FALSE,0.030323077914171725
Prickle2,-0.11486192681911422,0.46236425274249504,-0.0872574070404033,0.6123582562391863,-0.1430948568595003,0.513070644662177,Prickle2,FALSE,FALSE,FALSE,FALSE,0.11507139690633927,FALSE,FALSE,0.030315172051864177
Il6ra,-0.28498542981574904,0.28381931284197925,-0.05059842433242068,0.8723102057566291,-0.009474126536351157,0.9835144308273872,Il6ra,FALSE,FALSE,FALSE,FALSE,0.11501932689484029,FALSE,FALSE,0.030301092971717212
Gm19605,0.13558938356464134,0.5863760858617937,-0.08126055761475959,0.77152820639571,0.12819600864944158,0.7125646114017681,Gm19605,FALSE,FALSE,FALSE,FALSE,0.11501531660961417,FALSE,FALSE,0.030300008640727353
1810012K16Rik,0.15465805059676163,0.8032582265235536,0.03916469471177583,0.9555239258945871,0.15117275690944157,0.8692966030428528,1810012K16Rik,FALSE,FALSE,FALSE,FALSE,0.11499850073932634,FALSE,FALSE,0.030295461839628068
Rbm22,-0.11261444668580989,0.3847303556760009,-0.10052259120892515,0.4657757852125461,-0.13184083024287307,0.46199893899746625,Rbm22,FALSE,FALSE,FALSE,FALSE,0.11499262271253603,FALSE,FALSE,0.03029387249466915
Fkrp,-0.20689155270810566,0.15560372959767968,-0.12918309852249,0.40003195933596997,0.008839254650815143,0.9733478957736887,Fkrp,FALSE,FALSE,FALSE,FALSE,0.11497130196047027,FALSE,FALSE,0.030288107629855676
Trim56,-0.16843802195430868,0.33811759098568905,-0.1549262875116737,0.4152198248266785,-0.021300322580485975,0.9483326646949312,Trim56,FALSE,FALSE,FALSE,FALSE,0.11488821068215611,FALSE,FALSE,0.030265640786979683
Gsap,-0.15530463464745337,0.6068398378608626,-0.12293308883538856,0.699775373375869,0.06633047211105136,0.8855111438723956,Gsap,FALSE,FALSE,FALSE,FALSE,0.11485606519796443,FALSE,FALSE,0.030256949049926644
Psma2,0.04831014564307701,0.8257507507992201,-0.06381219103685076,0.7832619822129238,-0.2323764779547144,0.3979923456886011,Psma2,FALSE,FALSE,FALSE,FALSE,0.11483293821154739,FALSE,FALSE,0.030250695801925544
Wtip,-0.13542092325377575,0.6358702738286552,-0.06379516575588906,0.8376266268037071,-0.14519203461708075,0.7130781784286742,Wtip,FALSE,FALSE,FALSE,FALSE,0.11480270787558185,FALSE,FALSE,0.030242521897010297
Grpel1,-0.06303725625268974,0.6292946031427311,-0.06419244594163942,0.6430258143734712,-0.21710517758014092,0.20615231993569727,Grpel1,FALSE,FALSE,FALSE,FALSE,0.1147782932581567,FALSE,FALSE,0.030235920489682145
Tbc1d24,-0.10716663436606577,0.48463112018715326,-0.17981270123454962,0.26150150905944725,-0.057332648806573516,0.80660148337424,Tbc1d24,FALSE,FALSE,FALSE,FALSE,0.11477066146906297,FALSE,FALSE,0.030233856949321347
Aff2,0.1381773956318586,0.6328198297397175,-0.20520891759242543,0.5000475176791147,9.121280767629969e-4,0.9980584126458919,Aff2,FALSE,FALSE,FALSE,FALSE,0.114766147100349,FALSE,FALSE,0.030232636320458264
Pole,0.01572456841717873,0.9721933262056326,-0.04764393861460747,0.9135415309383164,0.28092700381658076,0.5700228149435639,Pole,FALSE,FALSE,FALSE,FALSE,0.11476517028278899,FALSE,FALSE,0.03023237220120189
Npas3,0.054674208331375984,0.9229622938165143,0.19167884951643865,0.713739818599968,-0.09794152710343051,0.9052165136027727,Npas3,FALSE,FALSE,FALSE,FALSE,0.11476486165041505,FALSE,FALSE,0.0302322887508664
Gm960,-0.054886241876222486,0.8930819736134828,-0.12887688541204811,0.745654271297486,-0.16042971691401275,0.7640281829446782,Gm960,FALSE,FALSE,FALSE,FALSE,0.11473094806742778,FALSE,FALSE,0.030223118942003233
Tmem59,-0.10113571555305523,0.360628016928204,-0.13765163474633368,0.2526116737561763,-0.10539174568450527,0.5044716856398636,Tmem59,FALSE,FALSE,FALSE,FALSE,0.11472636532796472,FALSE,FALSE,0.03022187982654434
Ube2o,-0.18288452950065537,0.22356925976395906,-0.15661239351347422,0.32772077375492775,0.004603158793639928,0.9859668289537027,Ube2o,FALSE,FALSE,FALSE,FALSE,0.1147000272692565,FALSE,FALSE,0.030214758344739488
Bmyc,-0.22785475666832689,0.505477091992945,-0.05997849253060661,0.874987461291438,0.05618025947680394,0.9199110480395545,Bmyc,FALSE,FALSE,FALSE,FALSE,0.11467116955857914,FALSE,FALSE,0.03020695558054205
Btbd19,-0.17906671276354746,0.4757054581012845,-0.056807533729616555,0.8386524658038499,-0.10807566046265737,0.7674908038644882,Btbd19,FALSE,FALSE,FALSE,FALSE,0.1146499689852738,FALSE,FALSE,0.03020122321056296
Lrp8,0.2584418351389832,0.18789822276301144,0.015364004807826959,0.9512244910638996,-0.07012744686479078,0.8273208690407127,Lrp8,FALSE,FALSE,FALSE,FALSE,0.11464442893720032,FALSE,FALSE,0.03019972525082377
Lyrm2,-0.0767072652027041,0.6349661784236519,-0.15943442527032659,0.3251568267465423,-0.10764446001887862,0.623850596411069,Lyrm2,FALSE,FALSE,FALSE,FALSE,0.1145953834973031,FALSE,FALSE,0.03018646397702571
Hint1,0.19413324968024703,0.40184004814184965,0.006620201604722986,0.9821010569585602,-0.1430214555536864,0.6774700259925407,Hint1,FALSE,FALSE,FALSE,FALSE,0.11459163561288548,FALSE,FALSE,0.030185450595934016
Idh1,0.27444662614186033,0.05695946153791408,-0.05688713090396824,0.7164906566159761,-0.012359357783582325,0.9630623165232519,Idh1,FALSE,FALSE,FALSE,FALSE,0.11456437160980364,FALSE,FALSE,0.030178078750346393
Egflam,-0.2705659579190298,0.3733629877980151,-0.0394542362511241,0.9099703942147284,-0.033636746702132125,0.9493256254672628,Egflam,FALSE,FALSE,FALSE,FALSE,0.11455231362409535,FALSE,FALSE,0.03017481842175589
Syne4,-0.1578499099850097,0.6295534832188838,-0.1466849797325307,0.6685879960644382,-0.03908422039663595,0.943091298966036,Syne4,FALSE,FALSE,FALSE,FALSE,0.11453970337139212,FALSE,FALSE,0.030171408767074217
Arfgap3,0.09800904445760672,0.4953815248088925,-0.1413763375597341,0.34906179077309546,-0.1041874578716353,0.6120521966758661,Arfgap3,FALSE,FALSE,FALSE,FALSE,0.11452427996299204,FALSE,FALSE,0.030167238470261273
Zc3h13,0.11338460108443016,0.5207854314076951,0.16198997923238778,0.37699681126745543,0.06817962368972896,0.8028028246720895,Zc3h13,FALSE,FALSE,FALSE,FALSE,0.1145180680021823,FALSE,FALSE,0.030165558833718232
Agr3,-0.026269754312295834,0.921231106690488,0.28087741184164194,0.21545322800644753,-0.03634050349798024,0.9260668732862938,Agr3,FALSE,FALSE,FALSE,FALSE,0.11449588988397268,FALSE,FALSE,0.030159562147817977
Khsrp,-0.1768542232070338,0.26056510997592985,-0.10834777616636249,0.5286050363041231,0.05825119596931483,0.8167754501680708,Khsrp,FALSE,FALSE,FALSE,FALSE,0.11448439844757037,FALSE,FALSE,0.030156455007076997
Mkx,-0.09425483571935,0.6324638217082379,-0.13061227015969035,0.5181426196751328,0.11857845119508958,0.6592130259753674,Mkx,FALSE,FALSE,FALSE,FALSE,0.11448185235804331,FALSE,FALSE,0.030155766576299262
Atg12,0.15638727978114453,0.21127647127755464,0.06710240317256932,0.6333828860380917,-0.11993829923745114,0.5023491191058883,Atg12,FALSE,FALSE,FALSE,FALSE,0.11447599406372166,FALSE,FALSE,0.03015418256675318
Rab11fip5,-0.16246655562649703,0.3961020187951843,-0.1764501205725164,0.3799879433271041,-0.004373597507628446,0.9894104490465868,Rab11fip5,FALSE,FALSE,FALSE,FALSE,0.1144300912355473,FALSE,FALSE,0.03014177101587707
BC048403,0.11532168604163084,0.6493344651554038,0.15250444792895212,0.5519644918032286,0.07541423482213583,0.8458268874236498,BC048403,FALSE,FALSE,FALSE,FALSE,0.1144134562642396,FALSE,FALSE,0.03013727312760047
Nacc2,-0.09684449937050132,0.6427472130904501,-0.17499169149930172,0.40869423135588784,-0.07129988548785082,0.8208664365227808,Nacc2,FALSE,FALSE,FALSE,FALSE,0.11437869211921796,FALSE,FALSE,0.030127873337396662
Fbrsl1,-0.15855035657590655,0.31608022332207797,-0.13761811391096046,0.41278591726219876,-0.04688446736078422,0.8569500384281828,Fbrsl1,FALSE,FALSE,FALSE,FALSE,0.1143509792825504,FALSE,FALSE,0.03012038013281863
A630052C17Rik,0.14731346595513406,0.5042627801859373,-0.055567321074213805,0.8295523710557008,-0.14015279755668342,0.6594216643032691,A630052C17Rik,FALSE,FALSE,FALSE,FALSE,0.11434452819534376,FALSE,FALSE,0.03011863583948735
Akap6,0.007060872706319277,0.9836700194708712,-0.1827022685441344,0.5854031432657105,0.15325061460753675,0.7298672384813677,Akap6,FALSE,FALSE,FALSE,FALSE,0.11433791861933014,FALSE,FALSE,0.03011684869276404
Ptpra,-0.09262516786562269,0.5023707741874207,-0.15618877719418922,0.2831047720150802,-0.09412802406283216,0.635543385890926,Ptpra,FALSE,FALSE,FALSE,FALSE,0.11431398970754802,FALSE,FALSE,0.030110378614169632
Asb1,-0.12699700019358406,0.30380065994573746,-0.13176977879742147,0.32140812496899246,-0.0841176486388795,0.6440346170487203,Asb1,FALSE,FALSE,FALSE,FALSE,0.11429480920996167,FALSE,FALSE,0.030105192447410625
Pan2,-0.09312412638675083,0.6205848500758451,-0.12247544078514494,0.5220904594840464,-0.12718303713213785,0.6178394197823681,Pan2,FALSE,FALSE,FALSE,FALSE,0.11426086810134455,FALSE,FALSE,0.030096015195961265
Zfp692,0.0391249624543657,0.914473219616676,-0.2774356153289357,0.4114308077250523,-0.026159965150021502,0.9650888640384129,Zfp692,FALSE,FALSE,FALSE,FALSE,0.11424018097777429,FALSE,FALSE,0.03009042165637156
Penk,0.07270752705273198,0.8579948276473867,-0.14204151734740522,0.7335806707616292,-0.12794730388912168,0.8264314621238815,Penk,FALSE,FALSE,FALSE,FALSE,0.11423211609641963,FALSE,FALSE,0.030088241013277787
Ttc39b,0.1784704178806953,0.18320932738785858,0.10048218544575516,0.4909885333434505,0.0636978127280976,0.7598700924314729,Ttc39b,FALSE,FALSE,FALSE,FALSE,0.11421680535151602,FALSE,FALSE,0.030084101179265806
Zfp707,-0.19538681810447311,0.4094841086340377,-0.1012845641568969,0.6945771655605665,-0.04591837195607562,0.9054114982218228,Zfp707,FALSE,FALSE,FALSE,FALSE,0.11419658473914855,FALSE,FALSE,0.030078633778473165
Basp1,-0.011709792397597951,0.9731289662449863,-0.22289256863964146,0.4739298403122708,0.10782606920525062,0.8080519192583558,Basp1,FALSE,FALSE,FALSE,FALSE,0.11414281008083,FALSE,FALSE,0.03006409378313713
Irf7,0.25750293600930396,0.47832576388011555,-0.04618365455889295,0.9166546909740583,0.03871359223785653,0.9531388871026877,Irf7,FALSE,FALSE,FALSE,FALSE,0.11413339426868448,FALSE,FALSE,0.0300615478652464
Sik2,-0.10604469783971204,0.6923015956487875,0.06541009555759292,0.8258442264929822,0.1709359893195863,0.6388746135393064,Sik2,FALSE,FALSE,FALSE,FALSE,0.11413026090563043,FALSE,FALSE,0.030060700643048874
Ubap2l,0.072780354580666,0.607717444606092,0.12716239546937746,0.38177905815717583,0.14241663819172246,0.4551056381174593,Ubap2l,FALSE,FALSE,FALSE,FALSE,0.11411979608058864,FALSE,FALSE,0.030057871085185414
Zfp109,0.13143175999220924,0.5918664928114298,-0.043327531968396116,0.8782757424260742,0.16754833570702843,0.6119879632285586,Zfp109,FALSE,FALSE,FALSE,FALSE,0.11410254255587793,FALSE,FALSE,0.030053205947801597
Dnase1,0.05340857542520161,0.9018933850988162,0.1028721281799645,0.8081420796178124,-0.1859831801582419,0.7422695138078268,Dnase1,FALSE,FALSE,FALSE,FALSE,0.11408796125446934,FALSE,FALSE,0.0300492633461914
Wasf3,0.027579171178514272,0.876564150549542,0.1311352583246439,0.41955941237361744,0.18348243465257674,0.3784241570270433,Wasf3,FALSE,FALSE,FALSE,FALSE,0.11406562138524497,FALSE,FALSE,0.03004322292483892
Pik3r5,0.05871022044397828,0.9249666367759252,0.0627144825174637,0.91991979524123,0.22072389650860783,0.7775638961406637,Pik3r5,FALSE,FALSE,FALSE,FALSE,0.11404953315668327,FALSE,FALSE,0.03003887286896564
Ppp3cc,0.014603734537528723,0.9595423300103954,0.16193299405724737,0.515835169440635,0.16556890044004913,0.6188755154006613,Ppp3cc,FALSE,FALSE,FALSE,FALSE,0.11403520967827507,FALSE,FALSE,0.030034999979471535
Glis2,-0.10249246471482332,0.6672470356025885,-0.10819636667966481,0.6628552768368042,0.13130851079854455,0.6761895812752102,Glis2,FALSE,FALSE,FALSE,FALSE,0.11399911406434422,FALSE,FALSE,0.030025240176720265
Lrrc8c,0.14676640441658062,0.4935489554702369,0.09013340106802392,0.7050696408249073,0.10502329884510431,0.740701721241581,Lrrc8c,FALSE,FALSE,FALSE,FALSE,0.11397436810990295,FALSE,FALSE,0.030018549180005225
Scn1b,-0.22383889615920527,0.4287041457778725,-0.053305245276453306,0.868507553332709,0.06477166859666683,0.8855111438723956,Scn1b,FALSE,FALSE,FALSE,FALSE,0.1139719366774418,FALSE,FALSE,0.03001789175106471
Tmem104,-0.14655614819869145,0.4697741434886979,-0.054554568410647875,0.811959235721534,0.14078210079164766,0.6058900302146935,Tmem104,FALSE,FALSE,FALSE,FALSE,0.11396427246699566,FALSE,FALSE,0.030015819444375536
Diaph1,-0.1014556583479127,0.44618098683350704,-0.17754728142666476,0.21492464464069688,-0.0628896755866668,0.7556643862698174,Diaph1,FALSE,FALSE,FALSE,FALSE,0.11396420512041476,FALSE,FALSE,0.030015801234702006
Aida,0.1325833966697827,0.3401251877545111,0.09885013097743656,0.5130004881171389,0.11044753175814304,0.5826393223852652,Aida,FALSE,FALSE,FALSE,FALSE,0.11396035313512076,FALSE,FALSE,0.030014759706034778
Hdlbp,-0.03942616193936033,0.8657891417975532,-0.15206132329169897,0.49867631235529786,-0.15036114723286786,0.6188755154006613,Hdlbp,FALSE,FALSE,FALSE,FALSE,0.11394954415464238,FALSE,FALSE,0.030011837092843784
Sys1,-0.13885234453417095,0.3254331720450501,-0.1577652867984547,0.2917449702221051,-0.0452121078469192,0.8426818235002771,Sys1,FALSE,FALSE,FALSE,FALSE,0.11394324639318161,FALSE,FALSE,0.030010134256877357
Prkcb,0.25127923277342035,0.35297774416374694,0.007511512150809807,0.9827112385010984,0.08301275313574497,0.8540121048916062,Prkcb,FALSE,FALSE,FALSE,FALSE,0.11393449935332504,FALSE,FALSE,0.030007769166652792
Lsm1,0.18609718217784543,0.27422350976138793,0.13227423585897213,0.46966203163378933,-0.023228040174392728,0.9411158004473127,Lsm1,FALSE,FALSE,FALSE,FALSE,0.11386648607040344,FALSE,FALSE,0.029989379225230744
Cmtm3,0.09749549652188838,0.7463189010361165,0.14220637380230272,0.6354037668339887,-0.10180927485438573,0.816326635188023,Cmtm3,FALSE,FALSE,FALSE,FALSE,0.11383704839285895,FALSE,FALSE,0.029981419645242993
1700052K11Rik,0.09029447119171952,0.6956877795287535,-0.18691885622940108,0.4246528320637969,0.06411817461954916,0.8538124528079908,1700052K11Rik,FALSE,FALSE,FALSE,FALSE,0.11377716734688992,FALSE,FALSE,0.02996522855902634
Mrps6,-0.17408284693069342,0.4234895496867734,-0.07228745220343757,0.7651121636253747,-0.09492246511134139,0.7679830691706384,Mrps6,FALSE,FALSE,FALSE,FALSE,0.11376425474849079,FALSE,FALSE,0.02996173715384832
Abr,-0.13717441053392765,0.4881433006384558,-0.2026178899949196,0.3295078696652606,0.0014993432359098335,0.9958136259774507,Abr,FALSE,FALSE,FALSE,FALSE,0.11376388125491903,FALSE,FALSE,0.02996163616585581
Golim4,0.25279043081257946,0.11974928396515738,0.007895616287075136,0.9694101093614919,0.08037636562070549,0.7448054383370384,Golim4,FALSE,FALSE,FALSE,FALSE,0.1136874709067867,FALSE,FALSE,0.029940975762978165
Arl2bp,-0.025434560321016875,0.8649072808192235,-0.20061854623307607,0.17398351717413368,-0.11499741151109077,0.543385637353931,Arl2bp,FALSE,FALSE,FALSE,FALSE,0.1136835060217279,FALSE,FALSE,0.029939903707625972
Zbtb48,-0.191713599757795,0.4964375241669652,-0.002680074009358435,0.9927681009092825,-0.14662369937747188,0.7130781784286742,Zbtb48,FALSE,FALSE,FALSE,FALSE,0.11367245771487511,FALSE,FALSE,0.029936916383575318
Mob3c,-0.16491420358179187,0.3447405580489208,-0.12208684700522232,0.5079905841329913,-0.05400256257959768,0.8458363608252204,Mob3c,FALSE,FALSE,FALSE,FALSE,0.11366787105553729,FALSE,FALSE,0.029935676208231295
Slc26a6,0.11850858358130734,0.7463189010361165,0.1859186256351839,0.6068101416229421,0.03657075718855607,0.9526275414227284,Slc26a6,FALSE,FALSE,FALSE,FALSE,0.11366598880168244,FALSE,FALSE,0.02993516727032027
Usp37,0.10606985941088265,0.6103246279418797,0.234744719408015,0.27127208703888156,1.7897471395489362e-4,0.9994445804418027,Usp37,FALSE,FALSE,FALSE,FALSE,0.11366451784428418,FALSE,FALSE,0.02993476954182921
Cpt2,-0.05615287825763904,0.7918846025495134,-0.16076978898180716,0.4354531222215095,-0.12397260192059267,0.6584919313265595,Cpt2,FALSE,FALSE,FALSE,FALSE,0.11363175638667962,FALSE,FALSE,0.029925911253266033
Armc10,-0.06779689242621334,0.6613171711736536,-0.0373202135649402,0.8299547516681633,-0.235520334399407,0.24277942984688877,Armc10,FALSE,FALSE,FALSE,FALSE,0.11354581346352018,FALSE,FALSE,0.02990267336127421
Zfp954,0.02274529725664287,0.9157919982946158,0.06576221638879343,0.7516616578945713,-0.2520891211421379,0.32024573688721225,Zfp954,FALSE,FALSE,FALSE,FALSE,0.11353221159585807,FALSE,FALSE,0.029898995586304503
D11Wsu47e,-0.10644310247049082,0.6123797954201403,-0.1001209688013569,0.6470127627857968,-0.13398205552943265,0.6385669435786413,D11Wsu47e,FALSE,FALSE,FALSE,FALSE,0.1135153756004268,FALSE,FALSE,0.02989444334361803
Dcun1d2,-0.0806065922858128,0.5966192177147059,-0.09001479921218536,0.5719227696319286,-0.16989874495703017,0.401494863779291,Dcun1d2,FALSE,FALSE,FALSE,FALSE,0.11350671215167611,FALSE,FALSE,0.029892100855383463
Kctd3,-0.22696823577132186,0.10328778930358475,-0.08688282206200704,0.5551012229896327,0.026647105187548092,0.9087539655541438,Kctd3,FALSE,FALSE,FALSE,FALSE,0.11349938767362566,FALSE,FALSE,0.029890120408086866
Btrc,-0.20553743798567403,0.1379990968021279,-0.1101851185356324,0.4519391679526367,-0.02462194523228778,0.9196388922326018,Btrc,FALSE,FALSE,FALSE,FALSE,0.11344816725119806,FALSE,FALSE,0.029876271046203516
Zfp362,0.11983480877869823,0.5353932527278368,0.07836078111532707,0.7099876685929689,0.1421050943192177,0.5916945288512334,Zfp362,FALSE,FALSE,FALSE,FALSE,0.11343356140441434,FALSE,FALSE,0.029872321807830747
Gga1,-0.10215610461084879,0.4081374026448364,-0.1650846924498106,0.21394845851075167,0.07292213854895646,0.6848335746038174,Gga1,FALSE,FALSE,FALSE,FALSE,0.11338764520320528,FALSE,FALSE,0.02985990664105324
Isg20,0.08891283064582023,0.7498474131638094,-0.24889053626716162,0.3684358182861689,-0.002345711034801745,0.9957146771598949,Isg20,FALSE,FALSE,FALSE,FALSE,0.11338302598259453,FALSE,FALSE,0.029858657661548087
Gpr165,-0.06941967650466374,0.771034052743557,0.15509692233963346,0.49643987118298244,0.11533369789652426,0.7174855028875601,Gpr165,FALSE,FALSE,FALSE,FALSE,0.11328343224694049,FALSE,FALSE,0.029831728760515742
Nsun6,0.08283145691540872,0.699155389789513,-0.11332947650873937,0.6126713347146113,0.14368349967388472,0.6080566140115197,Nsun6,FALSE,FALSE,FALSE,FALSE,0.11328147769934427,FALSE,FALSE,0.029831200275280845
Grap,0.0761604834053703,0.8448293643075855,-0.06310140304971801,0.8787044681312496,-0.20050353348720162,0.700682613974926,Grap,FALSE,FALSE,FALSE,FALSE,0.11325513998076331,FALSE,FALSE,0.02982407888544215
Fnbp1,-0.10565740745469743,0.5861103758058167,0.019251266564181968,0.9310810377230302,0.2148444932939686,0.3836885337087907,Fnbp1,FALSE,FALSE,FALSE,FALSE,0.11325105577094934,FALSE,FALSE,0.029822974566167917
Fam174b,-0.048196139540933824,0.8168253903377042,-0.15832409480919285,0.42393424092094406,-0.13319815271622204,0.6178394197823681,Fam174b,FALSE,FALSE,FALSE,FALSE,0.11323946235544957,FALSE,FALSE,0.02981983985155389
Naca,0.08677359330540568,0.5632422377905305,0.025466157073386952,0.8851171247904628,-0.22747006461656571,0.25542934587792965,Naca,FALSE,FALSE,FALSE,FALSE,0.11323660499845278,FALSE,FALSE,0.02981906725794371
Ext1,0.16799793799704155,0.3214425877880225,0.1273959251031087,0.49020757311778435,-0.0442454593791588,0.8797388443604395,Ext1,FALSE,FALSE,FALSE,FALSE,0.11321310749310302,FALSE,FALSE,0.02981271382625531
Hsp90b1,0.16791276108052422,0.3961554401769195,0.027191189016670947,0.9104786693334908,-0.14452588078372308,0.6170081641671417,Hsp90b1,FALSE,FALSE,FALSE,FALSE,0.11320994362697274,FALSE,FALSE,0.029811858356407307
Mrpl39,-0.1742034378111943,0.32990575562727764,-0.15760502404722,0.40215747964601284,-0.007786821263950472,0.980751680065544,Mrpl39,FALSE,FALSE,FALSE,FALSE,0.11319842770745492,FALSE,FALSE,0.029808744595737968
Csf2ra,-0.14580401637747675,0.5734771888045233,0.08836828829739796,0.7427763430280383,0.10541971454000798,0.7694002439204407,Csf2ra,FALSE,FALSE,FALSE,FALSE,0.11319733973829423,FALSE,FALSE,0.029808450422478355
Dclk3,0.0874426976049707,0.8737269050830654,0.11619497361856568,0.8346823238434757,0.13577741588609626,0.8617790682297148,Dclk3,FALSE,FALSE,FALSE,FALSE,0.11313836236987755,FALSE,FALSE,0.029792503679374374
Mreg,-0.21640704437199698,0.3713314456090017,-0.09832951548826863,0.7094227051991941,0.02464867043562835,0.9530223832458393,Mreg,FALSE,FALSE,FALSE,FALSE,0.11312841009863132,FALSE,FALSE,0.029789812709649456
Exoc6b,0.06274247427132185,0.5945993711857318,0.1773834377606871,0.16043520345135412,0.09914527390409233,0.5403028485528206,Exoc6b,FALSE,FALSE,FALSE,FALSE,0.11309039531203376,FALSE,FALSE,0.029779533986601978
Pygo1,0.049731372581301336,0.7442233370984901,0.132097213770356,0.3719125192580454,0.15737579797643875,0.41473209637178665,Pygo1,FALSE,FALSE,FALSE,FALSE,0.11306812810936535,FALSE,FALSE,0.029773513213377772
Tspan15,-0.07275495834968648,0.7696967758348747,-0.18842107707472344,0.4317122488555198,-0.07802036746640528,0.8259986382223273,Tspan15,FALSE,FALSE,FALSE,FALSE,0.11306546763027174,FALSE,FALSE,0.029772793853091305
Cdc42ep2,-0.26578046657800325,0.29445694941096934,-0.0441090898188623,0.879132240091066,0.029235667971189372,0.9468014846731623,Cdc42ep2,FALSE,FALSE,FALSE,FALSE,0.11304174145601831,FALSE,FALSE,0.029766378592190095
Gm11423,0.025696115720726276,0.9501759312386758,0.08695362614871649,0.8260612260718565,-0.22631957876490838,0.6566039326491923,Gm11423,FALSE,FALSE,FALSE,FALSE,0.11298977354478372,FALSE,FALSE,0.029752327118678194
Exosc10,-0.16803814606718515,0.22035883648782395,-0.059505734503471075,0.7007861884859345,-0.11141108543406464,0.5700228149435639,Exosc10,FALSE,FALSE,FALSE,FALSE,0.11298498866824029,FALSE,FALSE,0.029751033347879822
Sufu,-0.10970717676358444,0.5783578980731556,0.010783821394570126,0.9625712852812645,0.21841785921355905,0.3739291174064062,Sufu,FALSE,FALSE,FALSE,FALSE,0.11296961912390453,FALSE,FALSE,0.02974687761523648
Tmem135,0.1351685380254164,0.4018091143975358,0.10658194219529538,0.5461012020615116,-0.09712689350421932,0.6860699920592607,Tmem135,FALSE,FALSE,FALSE,FALSE,0.11295912457497703,FALSE,FALSE,0.029744040020405926
Thsd4,-0.17001317220446843,0.42947052194579033,-0.05476748552340904,0.8266420372388056,-0.11404310586219957,0.7194534693908414,Thsd4,FALSE,FALSE,FALSE,FALSE,0.11294125453002568,FALSE,FALSE,0.029739208183656572
Mpp1,-0.08200572397910744,0.5978212233804031,-0.23167301853803135,0.16302366272243765,-0.025142485659749525,0.9245961247180302,Mpp1,FALSE,FALSE,FALSE,FALSE,0.1129404093922961,FALSE,FALSE,0.029738979668980134
Fer1l5,-0.19344800550023322,0.4415771116285815,0.07939695977929961,0.7686608449721217,-0.0658894731598969,0.8681458594612189,Fer1l5,FALSE,FALSE,FALSE,FALSE,0.11291147947980991,FALSE,FALSE,0.02973115738231623
Rit1,0.01087490148528314,0.9484795934656515,-0.1615814225654324,0.28688168484805854,-0.16625814602667255,0.3990218814716802,Rit1,FALSE,FALSE,FALSE,FALSE,0.11290482335912937,FALSE,FALSE,0.029729357650496866
Slc1a4,-0.11348495275018244,0.5495624770401788,-0.15972684796621817,0.413321606862037,-0.06549828062817831,0.8212216742936621,Slc1a4,FALSE,FALSE,FALSE,FALSE,0.11290336044819298,FALSE,FALSE,0.029728962097668503
Epn3,-0.13997932571057037,0.7199971078699032,0.028339990710616103,0.947164147420348,-0.1703835136526548,0.7503435379632916,Epn3,FALSE,FALSE,FALSE,FALSE,0.11290094335794709,FALSE,FALSE,0.029728308546683693
Gm15631,-0.00460752309748047,0.9938368010036847,-0.2221249191263141,0.7169941924759092,-0.11191823479165813,0.9038261855921822,Gm15631,FALSE,FALSE,FALSE,FALSE,0.1128835590051509,FALSE,FALSE,0.02972360803502113
Mctp1,-0.0515628621658033,0.8569240671547435,-0.10993073630026018,0.7035139164034433,0.1770869283969665,0.6230180847693864,Mctp1,FALSE,FALSE,FALSE,FALSE,0.11286017562100999,FALSE,FALSE,0.029717285460280896
Zfp385a,0.03864586325861685,0.8966581700942374,-0.139443270821197,0.6230125317585897,0.1604580367608377,0.6557869055880559,Zfp385a,FALSE,FALSE,FALSE,FALSE,0.11284905694688385,FALSE,FALSE,0.02971427910979924
AL589692.1,-0.1727080782714483,0.7888327636544916,0.07921927025143352,0.9051286410929613,-0.0866072443064912,0.9332987033616144,AL589692.1,FALSE,FALSE,FALSE,FALSE,0.11284486427645767,FALSE,FALSE,0.0297131454641314
Snx21,-0.2681694914471331,0.17539891817254175,-0.04717809665402317,0.8346913411686976,0.02312698992107798,0.9471880334209365,Snx21,FALSE,FALSE,FALSE,FALSE,0.11282485934074475,FALSE,FALSE,0.02970773637960983
Hus1,0.10925517554038322,0.5870057183008567,0.1575819182698428,0.4336886020988287,0.07155268623349009,0.8120289650916448,Hus1,FALSE,FALSE,FALSE,FALSE,0.11279659334790537,FALSE,FALSE,0.02970009360851832
C1ra,-0.039030602596732855,0.9136469621209051,-0.2840167298310414,0.3869541959426137,-0.015208113979815474,0.9776367727529727,C1ra,FALSE,FALSE,FALSE,FALSE,0.11275181546919659,FALSE,FALSE,0.02968798622991395
A830082K12Rik,0.07332640145062336,0.903306710403295,-0.15086444575853475,0.8077740712049442,0.11398109471632961,0.8943226378326226,A830082K12Rik,FALSE,FALSE,FALSE,FALSE,0.11272398064182924,FALSE,FALSE,0.02968046004057578
Tspan11,0.07389236252301412,0.939955044355493,-0.03738960839439054,0.9708370704840966,0.2267132563455112,0.8617790682297148,Tspan11,FALSE,FALSE,FALSE,FALSE,0.11266507575430529,FALSE,FALSE,0.02966453289539906
Amz1,0.13005833288728202,0.8210150920888267,-0.12607638642688743,0.8379475336311463,-0.08184513726619326,0.9301326179938325,Amz1,FALSE,FALSE,FALSE,FALSE,0.11265995219345423,FALSE,FALSE,0.02966314754859803
Tram2,0.04404357733552011,0.8881160318129836,-0.2706930072390086,0.35727230132172627,0.023195425025290817,0.9641829154012381,Tram2,FALSE,FALSE,FALSE,FALSE,0.11264400319993984,FALSE,FALSE,0.02965883514014087
Klhl8,-0.12370434472955161,0.5150492907023272,-0.1884599438369241,0.3338447393657002,0.025694560045350645,0.9361739029450005,Klhl8,FALSE,FALSE,FALSE,FALSE,0.11261961620394212,FALSE,FALSE,0.02965224120130138
Copb2,0.11293100146396817,0.4787213776555663,-0.06715487401523212,0.70836786721416245,-0.15777154078245204,0.4764475385577898,Copb2,FALSE,FALSE,FALSE,FALSE,0.11261913875388412,FALSE,FALSE,0.029652112104774624
Ash2l,-0.1706571977571949,0.15651632172959445,-0.0782692161366807,0.5501827305736446,-0.0887797063383795,0.6080537715844674,Ash2l,FALSE,FALSE,FALSE,FALSE,0.11256870674408503,FALSE,FALSE,0.029638475919809545
Mis12,0.13757226775957143,0.4751350083835653,0.17141544393817654,0.39456378075114285,-0.028636201751011114,0.9338189684089776,Mis12,FALSE,FALSE,FALSE,FALSE,0.1125413044829197,FALSE,FALSE,0.029631066690964603
Umad1,0.1952925617315544,0.3584035430100953,-0.0555787252194091,0.8288309647612446,0.0866840473123145,0.7934233043066964,Umad1,FALSE,FALSE,FALSE,FALSE,0.112518444754426,FALSE,FALSE,0.0296248857061648
Pctp,-0.002253008749411478,0.9948233448362056,-0.19732693159623205,0.5681693895409327,-0.13793562075256238,0.7754116527402235,Pctp,FALSE,FALSE,FALSE,FALSE,0.11250518703273531,FALSE,FALSE,0.029621300983963365
Zfp282,-0.07750112566030776,0.6438053168148659,-0.13548758602455369,0.422257987529084,-0.12447523243749092,0.582857512744995,Zfp282,FALSE,FALSE,FALSE,FALSE,0.11248798137411746,FALSE,FALSE,0.02961664878897265
Adcy9,-0.1555689177964119,0.4070042003449364,-0.15203616393580788,0.4408015685070598,0.02958994841694107,0.927918118166699,Adcy9,FALSE,FALSE,FALSE,FALSE,0.11239834338305361,FALSE,FALSE,0.029592411796814013
B4galt1,0.17136890273221805,0.17370813441432878,0.049663401261293316,0.7321031194769569,0.1161579298929789,0.516426073040473,B4galt1,FALSE,FALSE,FALSE,FALSE,0.11239674462883009,FALSE,FALSE,0.029591979513659078
Sars2,-0.08837005000966869,0.8562333285957483,-0.2436567988312448,0.6119448952102517,-0.005151861334008245,0.9942437822308332,Sars2,FALSE,FALSE,FALSE,FALSE,0.11239290339164058,FALSE,FALSE,0.029590940891144935
Igsf1,0.14236831522254967,0.4873510925299991,0.0754989278333067,0.7458644774828005,0.11928796168676925,0.6916480273258067,Igsf1,FALSE,FALSE,FALSE,FALSE,0.11238506824754187,FALSE,FALSE,0.029588822366133066
Efcab10,0.10924745654672163,0.7994608572652767,0.1205204389059864,0.7859831737407095,-0.10726583580785176,0.8692633620705307,Efcab10,FALSE,FALSE,FALSE,FALSE,0.11234457708685326,FALSE,FALSE,0.029577874062490198
Nhlrc3,-0.10129971483222722,0.630750086531938,-0.1916355682510016,0.364337246814455,0.043968653892880294,0.8944089075616969,Nhlrc3,FALSE,FALSE,FALSE,FALSE,0.1123013123253697,FALSE,FALSE,0.02956617581186703
Dus1l,-0.06206015855079272,0.7168334130351905,0.11527577064150263,0.48263147690823754,0.15955707629466742,0.4500968488654266,Dus1l,FALSE,FALSE,FALSE,FALSE,0.11229766849565426,FALSE,FALSE,0.029565190565865946
Clec11a,-0.06038256052922675,0.8387275877021463,-0.09222127312607586,0.7583587591147234,-0.18426129271857583,0.6282296160853685,Clec11a,FALSE,FALSE,FALSE,FALSE,0.11228837545795949,FALSE,FALSE,0.029562677844651816
Shb,0.09017005505459386,0.8257142163510742,-0.13403275003962145,0.7521380102712629,-0.11249347968183487,0.8534652626091761,Shb,FALSE,FALSE,FALSE,FALSE,0.11223209492535006,FALSE,FALSE,0.029547460292235154
Efna1,-0.020773563782071403,0.9439169991760743,-0.05167099014975696,0.8574278441440206,-0.2642292644462354,0.44505439627464977,Efna1,FALSE,FALSE,FALSE,FALSE,0.11222460612602125,FALSE,FALSE,0.029545435414519178
Cd274,-0.05266104406604777,0.8328780343588346,-0.030052800877450547,0.9084694281606961,0.25393190496212803,0.3760347021232432,Cd274,FALSE,FALSE,FALSE,FALSE,0.11221524996854211,FALSE,FALSE,0.029542905626504457
Sptbn2,-0.09371486923974803,0.7796419123952651,-0.22049642106576517,0.5055629651869231,0.022388606471839267,0.9688448947437457,Sptbn2,FALSE,FALSE,FALSE,FALSE,0.11219996559245082,FALSE,FALSE,0.029538772922289673
Dll4,0.10091383566461087,0.8320688724179848,-0.06539982398098632,0.8978256472763775,0.1701448787058788,0.7908028467656217,Dll4,FALSE,FALSE,FALSE,FALSE,0.11215284611715866,FALSE,FALSE,0.029526032405243038
Flrt3,0.1351271945990522,0.657700757456528,-0.026121876430482693,0.9421333380025724,0.17495436274404952,0.6734996583807101,Flrt3,FALSE,FALSE,FALSE,FALSE,0.11206781125786147,FALSE,FALSE,0.02950304004236725
Zfp639,0.13175356360003487,0.4108859484593561,0.15979307889544092,0.34198160347267426,0.04465624547357905,0.8674599840246023,Zfp639,FALSE,FALSE,FALSE,FALSE,0.11206762932301828,FALSE,FALSE,0.02950299084946014
Fpgs,-0.1290229734822459,0.6053119668756997,-0.16841914031594563,0.5044760442014782,0.038705920875437894,0.9245961247180302,Fpgs,FALSE,FALSE,FALSE,FALSE,0.11204934489120981,FALSE,FALSE,0.02949804696768515
Tmbim1,-0.22581395476230792,0.12653909679584624,0.05194016729108597,0.7560857798861583,-0.058379220474646054,0.7988200690067017,Tmbim1,FALSE,FALSE,FALSE,FALSE,0.11204444750934665,FALSE,FALSE,0.02949672277685483
Gon4l,-0.2243412287988935,0.11338197611208087,-0.07089696297948755,0.6453800941557466,-0.04062546428944991,0.8594400507660206,Gon4l,FALSE,FALSE,FALSE,FALSE,0.11195455202261033,FALSE,FALSE,0.029472416161085483
Ppil6,-0.11934430104272542,0.8191517342030421,-0.04438733418691765,0.9366040994114424,0.172098236840386,0.802322111232948,Ppil6,FALSE,FALSE,FALSE,FALSE,0.11194329069000969,FALSE,FALSE,0.02946937123753579
Zfp94,-0.07146173742283146,0.7744753212097959,0.04018155019109804,0.8778368642055718,0.2241382187799128,0.44700287409814893,Zfp94,FALSE,FALSE,FALSE,FALSE,0.11192716879794744,FALSE,FALSE,0.029465012079472813
Eif4e3,-0.0785968124530374,0.607717444606092,-0.13941138265422826,0.3701196560465001,-0.1176660424904199,0.575522679727916,Eif4e3,FALSE,FALSE,FALSE,FALSE,0.11189141253256185,FALSE,FALSE,0.029455344032325758
Mier2,-0.19014394998583617,0.33706373328586775,-0.1250028110809165,0.5545917275512358,-0.020398134626032238,0.9541368407788252,Mier2,FALSE,FALSE,FALSE,FALSE,0.11184829856426164,FALSE,FALSE,0.029443686554294198
Gatd1,-0.10149984726470151,0.5896002676688915,-0.20175690379786282,0.2940906381589807,0.03228216672519757,0.9189506147196018,Gatd1,FALSE,FALSE,FALSE,FALSE,0.11184630592925397,FALSE,FALSE,0.0294431477706994
Ccdc126,-0.14285185376957177,0.5695955101920388,-0.11893785467399498,0.6514051108750648,-0.07371771229343516,0.847353523501195,Ccdc126,FALSE,FALSE,FALSE,FALSE,0.11183580691233397,FALSE,FALSE,0.029440308967779525
Upf3a,-0.2063685157339301,0.20020337030432506,-0.1122046721814467,0.5071837315744592,-0.01682904618034975,0.9528063179104878,Upf3a,FALSE,FALSE,FALSE,FALSE,0.11180074469857552,FALSE,FALSE,0.02943082858351564
Gzf1,0.10034074232295698,0.4729586290747756,0.21410558731902185,0.1604599190035687,0.020820533505266248,0.9337036850760244,Gzf1,FALSE,FALSE,FALSE,FALSE,0.1117556210490817,FALSE,FALSE,0.02941862771281371
Cx3cl1,-0.2911204900206199,0.09489402688256474,-0.01064763416796577,0.9605288308845616,0.03348898023397329,0.9100554618787647,Cx3cl1,FALSE,FALSE,FALSE,FALSE,0.11175236814085299,FALSE,FALSE,0.02941774816709547
Wdr17,0.2383800086868706,0.2810120363146574,0.061813070122503255,0.8163478855955826,0.03490654236789892,0.931263490362234,Wdr17,FALSE,FALSE,FALSE,FALSE,0.11169987372575758,FALSE,FALSE,0.029403554333521785
Atp1b1,0.1409382576440148,0.21864932117356495,0.14365933733349134,0.25059213224598464,0.05048983975985344,0.7812560291012437,Atp1b1,FALSE,FALSE,FALSE,FALSE,0.11169581157911986,FALSE,FALSE,0.02940245597985458
Rab31,0.15897763905002238,0.43114157132303904,-0.13252453919202845,0.5517516515019051,-0.04356429443113674,0.9010205866862774,Rab31,FALSE,FALSE,FALSE,FALSE,0.11168882422439586,FALSE,FALSE,0.02940056668649085
Gm12174,-0.12036024292199737,0.7854884088470282,-0.05043379461060654,0.9148045333997679,0.16422575154968594,0.7777182267114287,Gm12174,FALSE,FALSE,FALSE,FALSE,0.11167326302742996,FALSE,FALSE,0.029396359133372296
Nrbp1,-0.1516436067020095,0.15592506646303034,-0.07522404996706822,0.5159303382213982,-0.1081363409978211,0.47010750268267826,Nrbp1,FALSE,FALSE,FALSE,FALSE,0.1116679992222996,FALSE,FALSE,0.02939493586627143
Dhx32,-0.10571600782426138,0.5400075935198375,-0.10425381061683847,0.5692777897186341,-0.12502750650549732,0.604382858141787,Dhx32,FALSE,FALSE,FALSE,FALSE,0.11166577498219905,FALSE,FALSE,0.029394334459554968
Gm13421,0.24639743089975386,0.41238946574218793,0.04502751136234262,0.8999761075087186,0.043543735143809936,0.9356595057239877,Gm13421,FALSE,FALSE,FALSE,FALSE,0.11165622580196881,FALSE,FALSE,0.029391752480601458
Frem1,0.2088084930755345,0.43264856401666524,-0.07611739743687629,0.8107620698009115,-0.050029644094812475,0.9153583268218038,Frem1,FALSE,FALSE,FALSE,FALSE,0.11165184486907442,FALSE,FALSE,0.029390567931115812
Epha7,0.29381721714791187,0.05629101488213036,-0.005236303081725957,0.9777575155972512,-0.03573740572075934,0.886296082228495,Epha7,FALSE,FALSE,FALSE,FALSE,0.11159697531679906,FALSE,FALSE,0.02937573189014186
E2f3,0.15948397709503848,0.4115332881334707,0.061448296182812,0.7849265742127978,0.11381566656640896,0.685151250479267,E2f3,FALSE,FALSE,FALSE,FALSE,0.11158264661475314,FALSE,FALSE,0.029371857588241422
Sh3rf2,-0.25995779273588093,0.46140824124991064,-0.00875500247970562,0.9829610655541074,-0.06603336293210305,0.9071726619101126,Sh3rf2,FALSE,FALSE,FALSE,FALSE,0.11158205271589654,FALSE,FALSE,0.029371697005415327
Nqo2,0.2666118575727272,0.1403196427259379,0.053698244483284086,0.8020756894068517,-0.014161934773470719,0.9677541211626071,Nqo2,FALSE,FALSE,FALSE,FALSE,0.11149067894316067,FALSE,FALSE,0.029346990679592753
Nptxr,-0.191629771518655,0.33720758849763866,-0.1037546996634946,0.6466550016025093,-0.03907171260682851,0.9114466250413109,Nptxr,FALSE,FALSE,FALSE,FALSE,0.11148539459632605,FALSE,FALSE,0.02934556185827186
Sntg1,-0.08913849977950905,0.759131502924979,0.0804023594402139,0.7887622630473909,0.16484851003987,0.655013758459252,Sntg1,FALSE,FALSE,FALSE,FALSE,0.11146312308653099,FALSE,FALSE,0.02933953992045445
Eif2b1,-0.09028113033391261,0.5435821267463511,-0.10559631113972223,0.4923145824033823,-0.13849719509014946,0.4895290636965754,Eif2b1,FALSE,FALSE,FALSE,FALSE,0.1114582121879281,FALSE,FALSE,0.029338212074866688
Coq4,0.051993507424378915,0.8164361700975572,-0.22724361659613468,0.29502931741606503,-0.055106216219548365,0.8684654798069841,Coq4,FALSE,FALSE,FALSE,FALSE,0.11144778008002065,FALSE,FALSE,0.029335391363307338
Eif3a,0.14954799827910037,0.35464723201829274,0.1598963336383168,0.35939719686548494,0.02477951412759616,0.9337036850760244,Eif3a,FALSE,FALSE,FALSE,FALSE,0.1114079486816711,FALSE,FALSE,0.02932462145115281
Klf9,0.07566259641279771,0.7267243349044055,0.17011399984677755,0.4277891128602332,0.0884242503992736,0.7772761832863695,Klf9,FALSE,FALSE,FALSE,FALSE,0.11140028221961629,FALSE,FALSE,0.029322548535656807
Acsl6,0.03230222714593989,0.8689474085400951,-0.15263348484156136,0.4094562210635092,-0.1492207598193369,0.5454577825795583,Acsl6,FALSE,FALSE,FALSE,FALSE,0.11138549060227938,FALSE,FALSE,0.0293185490672489
Cdca7,-0.16153360330165428,0.7835449617721909,0.15723514488203993,0.7888955832554326,-0.01531835477629681,0.986445719232866,Cdca7,FALSE,FALSE,FALSE,FALSE,0.11136236765333034,FALSE,FALSE,0.02931229691092867
Adnp2,-0.07490770254426238,0.5574852063031313,-0.13788712485357735,0.29414667814736606,-0.12127020509067865,0.4831030718126321,Adnp2,FALSE,FALSE,FALSE,FALSE,0.11135501082950612,FALSE,FALSE,0.029310307717739223
Snx4,0.17027456771256588,0.31093161125665897,0.06633216541914155,0.7327506704315352,-0.09733617180324128,0.7024748625539515,Snx4,FALSE,FALSE,FALSE,FALSE,0.1113143016449829,FALSE,FALSE,0.029299300463177136
Fam129c,-0.0224422738483544,0.9726832840184402,-0.2705377764387969,0.6577906926225174,-0.04090820720991972,0.9677541211626071,Fam129c,FALSE,FALSE,FALSE,FALSE,0.111296085832357,FALSE,FALSE,0.029294375135171264
Klhl22,-0.11988770455916864,0.41073064602331016,-0.13060829101352134,0.40003195933596997,-0.08328805973590026,0.7010848870401137,Klhl22,FALSE,FALSE,FALSE,FALSE,0.11126135176953007,FALSE,FALSE,0.029284983478816824
Ngdn,-0.08570533722277762,0.6306507524532603,-0.14330898627962974,0.424866983021221,-0.1047277274887799,0.6692229348201579,Ngdn,FALSE,FALSE,FALSE,FALSE,0.11124735033039575,FALSE,FALSE,0.029281197664716343
Naa25,-0.18514201572868316,0.31810419213136715,-0.014483789897344224,0.9499688776845197,-0.13407633455423262,0.6148362710341319,Naa25,FALSE,FALSE,FALSE,FALSE,0.11123404672675334,FALSE,FALSE,0.029277600536608765
Epb41l4a,0.020193997520710383,0.9411172237689934,0.2900117346457982,0.2234191368567493,0.023430891802129317,0.9559520763514823,Epb41l4a,FALSE,FALSE,FALSE,FALSE,0.11121220798954597,FALSE,FALSE,0.029271695615088685
Pmp22,-0.04464913940501436,0.9107012652078031,0.2545321505441187,0.45932034358992596,-0.03422483829985268,0.9561166086653877,Pmp22,FALSE,FALSE,FALSE,FALSE,0.11113537608299524,FALSE,FALSE,0.02925092122808489
Cmpk2,-0.08188039101243128,0.8154612905548455,-0.15490936137593536,0.6592298262613572,0.09660552656392873,0.8482340272567118,Cmpk2,FALSE,FALSE,FALSE,FALSE,0.11113175965076512,FALSE,FALSE,0.029249943390021325
Gm28875,-0.06778794456681392,0.8217200381236427,-0.040800189868296366,0.8960844905744875,-0.22461511252070054,0.5561186750210293,Gm28875,FALSE,FALSE,FALSE,FALSE,0.11106774898527028,FALSE,FALSE,0.029232635706312054
Gm15506,-0.14713571945532267,0.7050385573993008,-0.026059749708595925,0.9521149159489263,-0.15987524727740432,0.7681228036900202,Gm15506,FALSE,FALSE,FALSE,FALSE,0.11102357214710763,FALSE,FALSE,0.029220690841557345
Serinc1,0.15195447951659702,0.337222593318201,0.13741167018671163,0.42365217690547763,-0.04361023606390013,0.8722920238991596,Serinc1,FALSE,FALSE,FALSE,FALSE,0.1109921285890696,FALSE,FALSE,0.029212188896561003
Kcnc3,-0.049538978823299384,0.8538149053732029,0.028490633774045815,0.919690607841681,0.25492647527379697,0.4169495874309355,Kcnc3,FALSE,FALSE,FALSE,FALSE,0.11098536262371406,FALSE,FALSE,0.029210359464114762
Myo5b,-0.13567223145861362,0.482727839709849,0.002332098576362185,0.991078925493891,-0.19487742013641807,0.45520489533214187,Myo5b,FALSE,FALSE,FALSE,FALSE,0.11096058339046462,FALSE,FALSE,0.029203659469226036
Itga6,-0.0064846213974947275,0.9758673318786475,-0.149952842563426,0.43931875063671105,-0.17643472094763002,0.4876608243615787,Itga6,FALSE,FALSE,FALSE,FALSE,0.11095739496951691,FALSE,FALSE,0.02920279736006238
Ppp2r5a,0.17641907523389122,0.26042307811205206,0.14790177955083905,0.382364344874784,0.00852928235379391,0.9769481402429396,Ppp2r5a,FALSE,FALSE,FALSE,FALSE,0.1109500457128414,FALSE,FALSE,0.029200810212935337
Syde1,0.12487716971643703,0.6841201472802957,-0.020881846851643182,0.9539267901805041,0.18708048157897084,0.6442905195745641,Syde1,FALSE,FALSE,FALSE,FALSE,0.11094649938235035,FALSE,FALSE,0.029199851329505627
E2f6,-0.09565709111887255,0.49229243828290303,-0.1030368631350127,0.48056410465284405,-0.13409674858061393,0.48169379908916454,E2f6,FALSE,FALSE,FALSE,FALSE,0.1109302342781664,FALSE,FALSE,0.029195453448675333
Zdhhc1,-0.013573346767370431,0.9442140420600879,-0.23037253884638265,0.1939335321703388,0.08879782699567329,0.7073184443163845,Zdhhc1,FALSE,FALSE,FALSE,FALSE,0.11091457086980878,FALSE,FALSE,0.029191218258874274
Ppox,-0.21080490661054796,0.3031056126959264,-0.005384460629786592,0.9826311089050495,0.1163916655783579,0.6813412246544414,Ppox,FALSE,FALSE,FALSE,FALSE,0.11086034427289748,FALSE,FALSE,0.029176556064992747
Eps15l1,-0.1815620100119073,0.2237172447123888,-0.025701151379863063,0.8855609359849729,-0.12530088603514855,0.5565333345722198,Eps15l1,FALSE,FALSE,FALSE,FALSE,0.11085468247563963,FALSE,FALSE,0.029175025185796174
Eif2s3x,0.18674932817075085,0.19898396096163018,0.09395949622140698,0.5596168206625742,-0.05184005942977876,0.8270837424081617,Eif2s3x,FALSE,FALSE,FALSE,FALSE,0.11084962794064553,FALSE,FALSE,0.02917365850272392
Klhl3,-0.1683097428194924,0.506209843803816,0.08522089174258163,0.7498567332253536,0.07898256760513078,0.8335231857119645,Klhl3,FALSE,FALSE,FALSE,FALSE,0.11083773405573494,FALSE,FALSE,0.02917044254493758
Dip2b,-0.11070343233483548,0.46141933848147676,0.11850446210315102,0.45643475083599144,0.10326735305398937,0.6333888823215602,Dip2b,FALSE,FALSE,FALSE,FALSE,0.1108250824973253,FALSE,FALSE,0.029167021721709284
Tep1,-0.10299947211998095,0.6332083558094601,-0.20901261329098464,0.33916566617014726,-0.020341916537576665,0.9579336101530627,Tep1,FALSE,FALSE,FALSE,FALSE,0.11078466731618075,FALSE,FALSE,0.029156093961985256
Blnk,0.011863491519053766,0.9823894257807623,-0.1756965780084967,0.741001139627449,0.1447625239598243,0.8415933332012977,Blnk,FALSE,FALSE,FALSE,FALSE,0.11077419782912493,FALSE,FALSE,0.029153263143571487
Gm38250,-0.01981525103079909,0.974553971430298,-0.2837035498500181,0.6303478156667416,-0.028601204638910693,0.9761657850122093,Gm38250,FALSE,FALSE,FALSE,FALSE,0.11070666850657597,FALSE,FALSE,0.02913500405898389
Smim4,-0.05227825935068786,0.8209128023710125,-0.19007044350076407,0.3858407534922026,-0.08974977645063031,0.7744854460682712,Smim4,FALSE,FALSE,FALSE,FALSE,0.11069949310069409,FALSE,FALSE,0.02913306391893802
Cpeb1,-0.22144068367701397,0.1978132493586304,-0.08314223361803741,0.6615693758698573,-0.027482158989963423,0.9277681321383151,Cpeb1,FALSE,FALSE,FALSE,FALSE,0.1106883587616716,FALSE,FALSE,0.029130053332864225
Pamr1,-0.2034728412168496,0.4706774996342055,0.07723728565284693,0.8006693975376402,-0.051110495296029956,0.910470174554671,Pamr1,FALSE,FALSE,FALSE,FALSE,0.11060687405524217,FALSE,FALSE,0.02910802088694102
Dusp19,0.27430265105198703,0.10703016093461684,0.0438401409997784,0.827084357705483,0.01352868400442242,0.9672576142655462,Dusp19,FALSE,FALSE,FALSE,FALSE,0.11055715868539595,FALSE,FALSE,0.029094578472459998
Ggact,-0.10434471713693316,0.4915814071499203,-0.14972514909619772,0.339108139858088,-0.07740838110627912,0.726722031562358,Ggact,FALSE,FALSE,FALSE,FALSE,0.11049274911313667,FALSE,FALSE,0.029077162929348623
Enc1,-0.24765852595287363,0.6018819027756449,0.07913137416487981,0.8855609359849729,0.004622725237592995,0.9951983438494716,Enc1,FALSE,FALSE,FALSE,FALSE,0.11047087511844882,FALSE,FALSE,0.0290712484746466
4931428F04Rik,-0.060686492545467985,0.7930415241869376,-0.24827772759260425,0.26940814973282334,-0.022371442391676766,0.9527816940550564,4931428F04Rik,FALSE,FALSE,FALSE,FALSE,0.11044522084324966,FALSE,FALSE,0.029064311879354158
Kcnk1,-0.0772024370280171,0.6209960298551142,-0.055242268652549775,0.745654271297486,-0.19887609875482415,0.33208358919457537,Kcnk1,FALSE,FALSE,FALSE,FALSE,0.11044026814513035,FALSE,FALSE,0.029062972731699718
Epdr1,-0.15893542463681243,0.2189150618098767,-0.06613454237899052,0.6455017359358495,-0.10619687141340606,0.5646653194218775,Epdr1,FALSE,FALSE,FALSE,FALSE,0.110422279476403,FALSE,FALSE,0.02905810882056433
Cyp7b1,0.2672074102055615,0.12697838175455864,0.03391416600406583,0.8723102057566291,-0.03009971982741,0.9245961247180302,Cyp7b1,FALSE,FALSE,FALSE,FALSE,0.11040709867901244,FALSE,FALSE,0.02905400412273532
Ptk2b,-0.15240332464923778,0.4132366265740364,-0.1003026087411838,0.6270254883117656,0.07847491560829489,0.7857274676140475,Ptk2b,FALSE,FALSE,FALSE,FALSE,0.1103936163329055,FALSE,FALSE,0.02905035866489991
Fam187b,0.14690745129472216,0.560313854898811,0.12863875876771536,0.6275883291249957,0.055409951875863506,0.8933521959354477,Fam187b,FALSE,FALSE,FALSE,FALSE,0.11031872064610034,FALSE,FALSE,0.029030107807509326
Tmem221,-0.19389437081391314,0.5397203218461512,-0.13136765459208521,0.6964751149096574,-0.005664871454887255,0.9907500529601377,Tmem221,FALSE,FALSE,FALSE,FALSE,0.1103089656202952,FALSE,FALSE,0.029027470170485778
Shq1,0.008939682883866595,0.9756008457573667,0.21614823060563415,0.38630021104558643,0.10581766508655654,0.7715123606389467,Shq1,FALSE,FALSE,FALSE,FALSE,0.11030185952535243,FALSE,FALSE,0.029025548771251346
Fam49a,-0.17818612674381473,0.5679268503492629,0.08323695574961842,0.8145471908623207,0.069473387400933,0.8924615868500377,Fam49a,FALSE,FALSE,FALSE,FALSE,0.11029882329812206,FALSE,FALSE,0.029024727813366177
Tomm40l,0.0991195219034573,0.7386245914506329,-0.1548885418824093,0.6132303951816417,-0.0768482871996512,0.8662045680027711,Tomm40l,FALSE,FALSE,FALSE,FALSE,0.11028545032850594,FALSE,FALSE,0.0290211119295665
Fam20a,-0.1481428028639249,0.7506537407884682,-0.03857677483153665,0.9395143393964577,0.14412056430812759,0.8199714266724727,Fam20a,FALSE,FALSE,FALSE,FALSE,0.11028004733452972,FALSE,FALSE,0.029019651027541803
Rpusd2,-0.11979389356500292,0.6232713718518228,0.09246015821786724,0.7124597435383896,0.11852845889725039,0.7186756725575926,Rpusd2,FALSE,FALSE,FALSE,FALSE,0.11026083689337352,FALSE,FALSE,0.029014456764415855
1810055G02Rik,-0.2353639612968066,0.3005328168980764,-0.09163784860037971,0.7141999537481748,-0.003776216423032608,0.9917750559713899,1810055G02Rik,FALSE,FALSE,FALSE,FALSE,0.11025934210673964,FALSE,FALSE,0.029014052592797393
Kcna5,-0.1967141145882927,0.4172516226243193,-0.10726001481105385,0.6910959912237041,-0.02660920750623763,0.9515620989493591,Kcna5,FALSE,FALSE,FALSE,FALSE,0.11019444563519472,FALSE,FALSE,0.028996505398206238
Pcgf2,-0.06639273553164582,0.8407980023963064,-0.18563857914630333,0.5590016582283192,0.07843436535584392,0.867943175252127,Pcgf2,FALSE,FALSE,FALSE,FALSE,0.11015522667793103,FALSE,FALSE,0.028985901082464793
Anapc1,0.20127508903857372,0.06367836414668322,0.12264733750904622,0.2714301298889309,-0.00653431164552476,0.9729700390588504,Anapc1,FALSE,FALSE,FALSE,FALSE,0.11015224606438156,FALSE,FALSE,0.02898509516182368
Itga11,0.060123571418979616,0.9092822503522294,0.06481292980028153,0.901248016762729,0.20547129088125082,0.7520055843307022,Itga11,FALSE,FALSE,FALSE,FALSE,0.11013593070017065,FALSE,FALSE,0.02898068369131043
Cyp2j6,-0.1731596911483777,0.2790020594040811,-0.048059909699460945,0.7962672342616983,-0.10906116921500875,0.636280606630473,Cyp2j6,FALSE,FALSE,FALSE,FALSE,0.11009359002094914,FALSE,FALSE,0.02896923530097834
Hist1h2bf,-0.020604985757682104,0.9731126653806509,-0.25346834738730056,0.6563051496349276,0.05609427719222926,0.9499608093582547,Hist1h2bf,FALSE,FALSE,FALSE,FALSE,0.11005587011240398,FALSE,FALSE,0.028959036309269763
Mcu,-0.10564417581620322,0.5817448939622113,-0.15647488118160702,0.4214881453342139,0.06792582816618165,0.8093324509467632,Mcu,FALSE,FALSE,FALSE,FALSE,0.11001496172133063,FALSE,FALSE,0.02894797519174694
Thap1,0.17663228337911763,0.35948128256158224,0.05890336504993554,0.7957559000448516,-0.09447288665417641,0.7504694413323157,Thap1,FALSE,FALSE,FALSE,FALSE,0.1100028450277432,FALSE,FALSE,0.028944698989279864
Agbl2,-0.06608358505636391,0.86864484415317,-0.1536582611087367,0.6955152281165257,0.11026614763352827,0.8384720045003939,Agbl2,FALSE,FALSE,FALSE,FALSE,0.11000266459954296,FALSE,FALSE,0.028944650203750172
Ginm1,0.1559588044035456,0.24341885961996748,0.15708272302245696,0.27608790719879345,-0.016962801476498868,0.945951707454794,Ginm1,FALSE,FALSE,FALSE,FALSE,0.11000144296750047,FALSE,FALSE,0.02894431988971833
Zbtb40,-0.1795315105673554,0.5392388743872143,-0.1297067132968226,0.6788784622976508,0.02075564114143047,0.9681997036345765,Zbtb40,FALSE,FALSE,FALSE,FALSE,0.10999795500186949,FALSE,FALSE,0.028943376787417124
Macc1,-0.15305241251328328,0.4534813946333668,0.1551056432714364,0.4457908304305333,-0.021786660298398264,0.9515620989493591,Macc1,FALSE,FALSE,FALSE,FALSE,0.10998157202770598,FALSE,FALSE,0.028938947036017928
Cars,0.24130147585245076,0.08069222662746288,-0.04036590628170522,0.8004806351439318,0.04824971811516843,0.8218866922150716,Cars,FALSE,FALSE,FALSE,FALSE,0.1099723667497748,FALSE,FALSE,0.028936458043946733
Nsdhl,-0.04840065368744728,0.8484879655813623,-0.1277333542966801,0.6021318974349379,-0.15375424151690176,0.635161059465654,Nsdhl,FALSE,FALSE,FALSE,FALSE,0.10996274983367638,FALSE,FALSE,0.028933857750061277
Arcn1,0.18448618242329218,0.20137369065624622,0.08691348224833284,0.5911937728608474,0.058429420544280575,0.8007407999651911,Arcn1,FALSE,FALSE,FALSE,FALSE,0.10994302840530186,FALSE,FALSE,0.028928525322379696
Vps26a,0.061593247140208085,0.6925227140034008,0.20216466629320262,0.19766075019097482,0.06600859781638935,0.7681846443972209,Vps26a,FALSE,FALSE,FALSE,FALSE,0.10992217041660002,FALSE,FALSE,0.028922885582994513
Slc27a3,0.055468232782763804,0.906416110411275,0.1795007354510043,0.6785964146388381,0.09478264475173948,0.8855111438723956,Slc27a3,FALSE,FALSE,FALSE,FALSE,0.10991720432850254,FALSE,FALSE,0.02892154281485737
Lztr1,0.006156716893112701,0.9685335581423167,-0.1560068651302764,0.2652140139262616,-0.1675831112105568,0.3528985693680156,Lztr1,FALSE,FALSE,FALSE,FALSE,0.1099155644113153,FALSE,FALSE,0.028921099401751655
Naa20,0.05773547579276883,0.8210520293980635,0.20996712316097188,0.3827062710914622,-0.06204399444732456,0.8722920238991596,Naa20,FALSE,FALSE,FALSE,FALSE,0.10991553113368842,FALSE,FALSE,0.028921090403897374
Jade1,-0.12936930301435812,0.5456286899980014,0.04636926439539124,0.851990126759122,-0.15398310636067336,0.610563642235448,Jade1,FALSE,FALSE,FALSE,FALSE,0.1099072245901409,FALSE,FALSE,0.028918844418367833
Atg13,0.12529505175382027,0.5100098820009438,-0.15873031985449693,0.4282273238255555,0.045612756159695955,0.8855111438723956,Atg13,FALSE,FALSE,FALSE,FALSE,0.10987937592267105,FALSE,FALSE,0.028911314486838972
Fbxl7,0.12032642793455084,0.6138694415283549,0.09362935649949966,0.7125170100056152,0.11565389621102895,0.7305843520392913,Fbxl7,FALSE,FALSE,FALSE,FALSE,0.10986989354835981,FALSE,FALSE,0.028908750571370774
Irs1,0.09543329267911727,0.5746656146107236,0.10658259919650792,0.549688401546869,0.12749214830245137,0.5853460266172439,Irs1,FALSE,FALSE,FALSE,FALSE,0.10983601339269218,FALSE,FALSE,0.028899589800836942
Dzip1,-0.18437140125118212,0.33028938129255075,-0.13502286231304161,0.5072195943728978,0.009975456047409459,0.976966099936478,Dzip1,FALSE,FALSE,FALSE,FALSE,0.10978990653721106,FALSE,FALSE,0.028887123083527765
Ssh1,-0.15220567618902958,0.3727214242048716,-0.07450914334116909,0.699775373375869,0.10252614213106082,0.6798775658232017,Ssh1,FALSE,FALSE,FALSE,FALSE,0.10974698722041983,FALSE,FALSE,0.028875518236830763
Bbs10,0.06896365605686139,0.7494695707149152,0.15640678848036194,0.4480029463750585,0.10384472200321859,0.7208082484563206,Bbs10,FALSE,FALSE,FALSE,FALSE,0.10973838884681397,FALSE,FALSE,0.02887319334410181
Pkdcc,-0.02586641552126956,0.9476998884576602,-0.23919500711117658,0.5036982732364664,-0.0640719942913548,0.9094238797334332,Pkdcc,FALSE,FALSE,FALSE,FALSE,0.10971113897460032,FALSE,FALSE,0.028865825319324287
Wbp4,0.18539537348311708,0.26418495607371817,0.137556172296752,0.4429463232819023,0.006164316685455695,0.9834660328109647,Wbp4,FALSE,FALSE,FALSE,FALSE,0.10970528748844159,FALSE,FALSE,0.028864243150620344
Brd9,-0.23146804772302465,0.10109111612978348,-0.054810899016096926,0.7196056122681362,0.042657214506259145,0.8449886751922291,Brd9,FALSE,FALSE,FALSE,FALSE,0.10964538708179357,FALSE,FALSE,0.028848046829518133
Col6a3,0.03490504824438023,0.932975337670708,-0.14525055166705458,0.7145886090153538,0.1487580801583861,0.7751107135393539,Col6a3,FALSE,FALSE,FALSE,FALSE,0.10963789335660697,FALSE,FALSE,0.028846020619911792
Plekha8,0.15762808573535292,0.3326708494606196,0.1409901567178249,0.41627221295743794,0.03003299177730323,0.9176970707010725,Plekha8,FALSE,FALSE,FALSE,FALSE,0.10955041141016035,FALSE,FALSE,0.028822366595263486
Map9,0.056908626820688646,0.8441334246821182,0.17481963169007475,0.5348846582234641,-0.09686579725914424,0.8150451072659399,Map9,FALSE,FALSE,FALSE,FALSE,0.10953135192330254,FALSE,FALSE,0.028817213148292643
Gins4,-0.11946484327061713,0.4677557415538738,-0.1985702099702853,0.24827602106359467,0.010534496455073317,0.9703846237918002,Gins4,FALSE,FALSE,FALSE,FALSE,0.10952318323199191,FALSE,FALSE,0.028815004436284573
Lpin1,-0.03637680978333524,0.8712230288540134,0.1536028991992744,0.47055238789528037,0.13856372524633986,0.6315698427673231,Lpin1,FALSE,FALSE,FALSE,FALSE,0.1095144780763165,FALSE,FALSE,0.028812650671018965
Slc30a5,0.15577092286782257,0.3293645978079973,0.11999504853243703,0.4917535289775416,0.052660422549084984,0.8432135897879016,Slc30a5,FALSE,FALSE,FALSE,FALSE,0.10947546464978153,FALSE,FALSE,0.02880210192821709
Dgkk,0.08647403730745529,0.8493475642814383,0.10695404751701787,0.8214840466763171,-0.13487565190143158,0.8400009053122465,Dgkk,FALSE,FALSE,FALSE,FALSE,0.10943457890863491,FALSE,FALSE,0.028791046934951287
Lmbrd1,0.11058503589345126,0.36625925883748894,0.163180088763772,0.22208983626105852,0.05445497600685645,0.777596168840177,Lmbrd1,FALSE,FALSE,FALSE,FALSE,0.1094067002213599,FALSE,FALSE,0.028783508886442412
Slc9a2,-0.02804519853675469,0.9105334986525147,0.20498030139884493,0.34355671112135244,0.09516634386525213,0.7639596208252041,Slc9a2,FALSE,FALSE,FALSE,FALSE,0.10939728126695059,FALSE,FALSE,0.02878096211892284
Cd59a,0.19595057465006693,0.16427288782113653,0.07769792104519979,0.6215512971602353,-0.05448794470386353,0.8087018480553254,Cd59a,FALSE,FALSE,FALSE,FALSE,0.10937881346637675,FALSE,FALSE,0.028775968656526114
Lilra5,0.07393106324605803,0.8883210495609691,-0.07199150383918307,0.8945927217387593,-0.18218039437150862,0.8003085718339934,Lilra5,FALSE,FALSE,FALSE,FALSE,0.10936765381891657,FALSE,FALSE,0.028772951227367168
Zfp583,0.07297762724758972,0.7911630098361667,0.210366105334586,0.41155459333640315,0.04473421770210351,0.9180054098727569,Zfp583,FALSE,FALSE,FALSE,FALSE,0.1093593167614264,FALSE,FALSE,0.02877069699124901
Slc52a3,0.10427044351578885,0.8297772377578909,0.17411924139863766,0.714016611582768,0.049649648011124814,0.9493256254672628,Slc52a3,FALSE,FALSE,FALSE,FALSE,0.1093464443085171,FALSE,FALSE,0.028767216440909557
Cep112,0.06973164654291653,0.762829344586034,0.12266982840735707,0.5880432490339391,0.13562990956215604,0.6492804483178485,Cep112,FALSE,FALSE,FALSE,FALSE,0.10934379483747654,FALSE,FALSE,0.028766500057063014
Rnf112,0.016524520570539103,0.9593465048460244,-0.2808648936911591,0.3376670826751022,-0.030565874576605978,0.9507355800574848,Rnf112,FALSE,FALSE,FALSE,FALSE,0.10931842961276805,FALSE,FALSE,0.028759641617409633
Xxylt1,-0.10543200886735749,0.6560137404052379,-0.13987880353267768,0.561590851431319,0.08261179504663163,0.8073285178626909,Xxylt1,FALSE,FALSE,FALSE,FALSE,0.10930753581555559,FALSE,FALSE,0.028756696070834097
Calm1,-0.046426305531509726,0.7570421471537232,-0.16265351906418957,0.272120583713831,-0.11881684946411752,0.5493344887056425,Calm1,FALSE,FALSE,FALSE,FALSE,0.10929889135327227,FALSE,FALSE,0.02875435871630294
3000002C10Rik,-0.09404728866163503,0.8004726259704883,-0.1555936942366325,0.6763380777220083,0.07814386856648214,0.8847013015726573,3000002C10Rik,FALSE,FALSE,FALSE,FALSE,0.10926161715491656,FALSE,FALSE,0.02874428023905747
Dclre1b,-0.22992874220340953,0.2668169967634221,-0.057202485899040756,0.8079622808752335,-0.040399881772671176,0.9056897818093801,Dclre1b,FALSE,FALSE,FALSE,FALSE,0.10917703662504048,FALSE,FALSE,0.02872141072117727
Zranb3,-0.11933806714932338,0.6537281806856046,-0.09197858465426201,0.7458644774828005,0.11616137933522452,0.7518364729918922,Zranb3,FALSE,FALSE,FALSE,FALSE,0.10915934371293663,FALSE,FALSE,0.028716626778935425
Cbx4,-0.1652981228695607,0.5201911948592036,-0.04695900467087677,0.8721026360392119,0.11517074156258023,0.7504694413323157,Cbx4,FALSE,FALSE,FALSE,FALSE,0.10914262303433923,FALSE,FALSE,0.02871210571647918
Rassf8,-0.026752888662532115,0.9271157056173112,0.2049535029137095,0.42690539384908505,0.09570846039773162,0.8028263885382418,Rassf8,FALSE,FALSE,FALSE,FALSE,0.10913828399132441,FALSE,FALSE,0.028710932493493276
Gja1,-0.016308326494914205,0.9625735945590306,-0.07800381968930026,0.8216035230814268,0.23309358505634048,0.5699274646592661,Gja1,FALSE,FALSE,FALSE,FALSE,0.10913524374685164,FALSE,FALSE,0.028710110449395986
Edrf1,0.013021786365093213,0.9509273906477277,0.07303872107130704,0.7169914595171422,-0.2412692783324255,0.32743415582017643,Edrf1,FALSE,FALSE,FALSE,FALSE,0.10910992858960859,FALSE,FALSE,0.028703265547359334
Psd,-0.1285444891306433,0.49438128547223886,-0.0695958399135268,0.741001139627449,0.12912861356531646,0.6282296160853685,Psd,FALSE,FALSE,FALSE,FALSE,0.10908964753649553,FALSE,FALSE,0.028697781804144694
Tpd52l1,-0.059400287744449054,0.9000934404799463,0.16457016438550998,0.705860334460487,-0.1032785661126927,0.8772262019750194,Tpd52l1,FALSE,FALSE,FALSE,FALSE,0.10908300608088391,FALSE,FALSE,0.028695986037576632
Hacd2,-0.11907435982504078,0.5023707741874207,0.16831280235533086,0.3381379308953537,0.03984887776388746,0.889043988425133,Hacd2,FALSE,FALSE,FALSE,FALSE,0.1090786799814197,FALSE,FALSE,0.028694816314364997
AC114585.1,0.001990256497735071,0.9971257782099412,-0.25609445529434816,0.6881475586101748,0.06914262149406761,0.9435981582098427,AC114585.1,FALSE,FALSE,FALSE,FALSE,0.10907577776205028,FALSE,FALSE,0.028694031590530113
Gucy1b1,0.12999037487168064,0.5391503316086514,-0.00316768486613217,0.9892279679695519,0.19406173592387788,0.49291607618660116,Gucy1b1,FALSE,FALSE,FALSE,FALSE,0.10907326522056356,FALSE,FALSE,0.028693352230723078
Preb,-0.07004004617033388,0.7423126995069955,-0.13596071564118262,0.5234296848102983,-0.1212132550692564,0.6753156391320772,Preb,FALSE,FALSE,FALSE,FALSE,0.10907133896025763,FALSE,FALSE,0.028692831394017834
Oard1,0.1332948951335009,0.4555422228938907,-0.11810477989659773,0.5435136061456896,-0.075568948255885,0.7847233869529875,Oard1,FALSE,FALSE,FALSE,FALSE,0.10898954109532788,FALSE,FALSE,0.02867071427395115
Inpp5b,-0.06143199072157124,0.7991415099784679,-0.23175123537266984,0.31880725521200803,-0.03376894706602762,0.9308707838816256,Inpp5b,FALSE,FALSE,FALSE,FALSE,0.10898405772008957,FALSE,FALSE,0.028669231637838088
Itgb1bp1,-0.08544845770422249,0.6708833917839006,-0.15048269190264119,0.4536964246583487,-0.090710735601649,0.7483363789172696,Itgb1bp1,FALSE,FALSE,FALSE,FALSE,0.10888062840283756,FALSE,FALSE,0.02864126564349285
Msi1,-0.15196933069576968,0.519078220802629,-0.17043275707366057,0.48937004533249495,-0.004219147234953979,0.9910557379524035,Msi1,FALSE,FALSE,FALSE,FALSE,0.10887374500146141,FALSE,FALSE,0.028639404457814783
Armcx2,-0.16841722886463995,0.1927429401101406,-0.04188345560874307,0.7852770384073723,-0.11632014120078349,0.5326523293572504,Armcx2,FALSE,FALSE,FALSE,FALSE,0.1088736085580555,FALSE,FALSE,0.028639367565223596
Poli,-0.16203197275629488,0.4100217372260786,-0.03263329389332936,0.8861730890954622,-0.1319194121706393,0.6353991793414071,Poli,FALSE,FALSE,FALSE,FALSE,0.10886155960675452,FALSE,FALSE,0.028636109679423885
Dusp22,0.15843737941873037,0.28193106225076164,0.1429512460932827,0.3622818372529231,0.02516622592376727,0.9251554786967159,Dusp22,FALSE,FALSE,FALSE,FALSE,0.10885161714526011,FALSE,FALSE,0.02863342136213322
Git1,-0.17882028426182384,0.25252219382908553,-0.14186718578979374,0.3965666529384725,0.005855048255824613,0.9830524834077203,Git1,FALSE,FALSE,FALSE,FALSE,0.10884750610248073,FALSE,FALSE,0.028632309787560595
Cacfd1,0.1430561973943787,0.2670996433457333,0.04187161722949995,0.7846302515942066,0.14158215074450364,0.4364099649809756,Cacfd1,FALSE,FALSE,FALSE,FALSE,0.1088366551227941,FALSE,FALSE,0.02862937581830875
Dnajc27,-0.1288097973383655,0.47022690406140194,-0.1085120922419307,0.5656675978904805,-0.08915383695716539,0.7319772271745298,Dnajc27,FALSE,FALSE,FALSE,FALSE,0.10882524217915386,FALSE,FALSE,0.02862628990102934
Slc36a4,0.2114826077727292,0.13616613548163556,0.1047761416001034,0.4950898554474392,-0.010191552439936302,0.9692575353705227,Slc36a4,FALSE,FALSE,FALSE,FALSE,0.10881676727092297,FALSE,FALSE,0.028623998391794258
Ell,-0.10395666782524149,0.531885255385049,-0.15312326742539462,0.36972390158245344,-0.06934778621610516,0.7802960687397313,Ell,FALSE,FALSE,FALSE,FALSE,0.10880924048891376,FALSE,FALSE,0.028621963244036347
Tmem219,-0.06913627462968375,0.7013909236318444,-0.14882110171143648,0.40438065323359035,-0.1084264516182536,0.656098549630265,Tmem219,FALSE,FALSE,FALSE,FALSE,0.10879460931979128,FALSE,FALSE,0.02861800715881975
Cnot2,0.12470030314268499,0.2755201072403284,0.13488128769261198,0.2766426696538072,0.0666486598072753,0.700682613974926,Cnot2,FALSE,FALSE,FALSE,FALSE,0.10874341688085742,FALSE,FALSE,0.028604165363323268
Trpv6,-0.11600375557709541,0.8890879382070981,-0.15214239372331828,0.8565157334484094,-0.05800136983551857,0.9663612842230114,Trpv6,FALSE,FALSE,FALSE,FALSE,0.10871583971197742,FALSE,FALSE,0.028596708841618915
Trnau1ap,-0.03837176911216833,0.8978816938872811,-0.13066800391129263,0.6468688775570784,-0.15709957425853016,0.6747720848864652,Trnau1ap,FALSE,FALSE,FALSE,FALSE,0.10871311576066371,FALSE,FALSE,0.028595972319237644
Ppm1m,-0.1226287703525053,0.7244235440442419,-0.14987347197328282,0.67181018903405465,0.05361740240803048,0.9217800069562034,Ppm1m,FALSE,FALSE,FALSE,FALSE,0.1087065482446062,FALSE,FALSE,0.02859419654500064
H2-T24,0.10068325569394787,0.8011211474490387,0.12187985180259009,0.7647251419714011,0.1034999306274278,0.8591382897520142,H2-T24,FALSE,FALSE,FALSE,FALSE,0.10868767937465525,FALSE,FALSE,0.028589094638458382
Phykpl,0.11293773989646594,0.5598884883994224,0.10652322127342773,0.6012231743579348,-0.10654570913109662,0.7037178753758783,Phykpl,FALSE,FALSE,FALSE,FALSE,0.1086688901003301,FALSE,FALSE,0.028584014253578264
Ltbp1,0.03711297734805408,0.9081630137162336,0.01449657073329691,0.96646171554254,0.2743493035612752,0.45494671291493827,Ltbp1,FALSE,FALSE,FALSE,FALSE,0.10865295054754205,FALSE,FALSE,0.028579704397775484
Smim8,0.3183740100042094,0.25243478821234944,3.366785116449833e-4,0.9991741718728333,-0.007244252093306702,0.9884467585024499,Smim8,FALSE,FALSE,FALSE,FALSE,0.10865164686972036,FALSE,FALSE,0.028579351899590655
Rbmxl1,-0.10496860148558618,0.599036924689284,-0.03822561674690039,0.8645941784485743,-0.18275774555697621,0.4918152224753389,Rbmxl1,FALSE,FALSE,FALSE,FALSE,0.1086506545964876,FALSE,FALSE,0.02857908360131359
Upb1,-0.051461444700374503,0.875313631287156,-0.2270226564487725,0.4612028757846156,-0.04738382576757427,0.9251554786967159,Upb1,FALSE,FALSE,FALSE,FALSE,0.10862264230557377,FALSE,FALSE,0.028571509428051048
5730455P16Rik,0.11716658193407081,0.3528564734964401,-0.17423960416351303,0.20771293151680123,-0.03428472032417851,0.873330180241766,5730455P16Rik,FALSE,FALSE,FALSE,FALSE,0.10856363547392078,FALSE,FALSE,0.028555554718456312
Snap25,0.04798742936642686,0.8140593339642462,0.15686407282059722,0.4279980542176923,0.12069220141319725,0.6567154068593041,Snap25,FALSE,FALSE,FALSE,FALSE,0.10851456786674045,FALSE,FALSE,0.028542287450902024
Dnajc24,0.1653586368548372,0.44850533051285796,-0.03672792973085537,0.8881199380227645,0.12343522865065903,0.6942405801583496,Dnajc24,FALSE,FALSE,FALSE,FALSE,0.10850726507878387,FALSE,FALSE,0.028540312868335648
Mapk11,-0.1724387476597895,0.740462153612328,0.031024636641167835,0.9562048148024761,0.12195635177157538,0.8693309728817805,Mapk11,FALSE,FALSE,FALSE,FALSE,0.1084732453575109,FALSE,FALSE,0.028531114361006936
Bbs1,-0.17546557791823947,0.3151760752452161,-0.14921579694282094,0.4216851685322027,-6.836222942112613e-4,0.9978307566791529,Bbs1,FALSE,FALSE,FALSE,FALSE,0.10845499905175722,FALSE,FALSE,0.02852618078804052
Gabrg1,-0.12097104028673211,0.8210150920888267,-0.14510484335149965,0.7930078403520193,0.05927902722980338,0.9427296633325991,Gabrg1,FALSE,FALSE,FALSE,FALSE,0.10845163695601172,FALSE,FALSE,0.028525271719382767
Pex12,0.12552915848150548,0.3951051668032133,0.18260255400282777,0.2413254016255362,-0.017159242079597625,0.9496150391622402,Pex12,FALSE,FALSE,FALSE,FALSE,0.10843031818797695,FALSE,FALSE,0.028519507391026475
Herpud1,-0.15082259031407563,0.5529350279848263,0.09464140815749023,0.7387410555018676,0.07982023383346348,0.8450392230973814,Herpud1,FALSE,FALSE,FALSE,FALSE,0.10842807743500978,FALSE,FALSE,0.028518901519437315
Coro2b,-0.13081329969091193,0.6962325693644429,-0.1647127420030241,0.634444985819605,0.029704482081498007,0.9596489487040052,Coro2b,FALSE,FALSE,FALSE,FALSE,0.10841017459181135,FALSE,FALSE,0.028514060814451986
Pcna,-0.1354093388248252,0.34804328078823954,0.011155607558411162,0.9505151305917118,-0.1786237978732279,0.3676932033235882,Pcna,FALSE,FALSE,FALSE,FALSE,0.10839624808548809,FALSE,FALSE,0.02851029526124683
Fdxacb1,0.19264047188866473,0.6140180063321437,0.13131225599196417,0.7498999684757057,-0.0011359921104439064,0.9982049596371056,Fdxacb1,FALSE,FALSE,FALSE,FALSE,0.10836290666369093,FALSE,FALSE,0.028501280157616497
Acvr2b,-0.1023478769794397,0.7083403856311645,-0.07654275154726387,0.7922411131818494,0.1460693068020089,0.6778902958241598,Acvr2b,FALSE,FALSE,FALSE,FALSE,0.10831997844290416,FALSE,FALSE,0.028489672903390415
Nek10,-0.11347483407059666,0.7351095227422849,0.08293763486501637,0.8118906065363594,0.12854626267161606,0.7751107135393539,Nek10,FALSE,FALSE,FALSE,FALSE,0.1083195772024097,FALSE,FALSE,0.028489564412976894
Castor2,-0.20319363668223467,0.23849388117951692,-0.06734265780814841,0.7337224407776441,0.05437413009939984,0.8492144809060136,Castor2,FALSE,FALSE,FALSE,FALSE,0.10830347486326097,FALSE,FALSE,0.028485210541777287
Sdc2,0.11641887635550496,0.5732740793675543,-0.004743939553920384,0.9848019905188304,-0.20374153942590123,0.46750574491071817,Sdc2,FALSE,FALSE,FALSE,FALSE,0.10830145177844219,FALSE,FALSE,0.02848466352493424
Prdm5,0.12327952020396182,0.5628366199416229,0.056522087175025604,0.8168605199454517,-0.14509692360164816,0.6315698427673231,Prdm5,FALSE,FALSE,FALSE,FALSE,0.10829951032687853,FALSE,FALSE,0.02848413858070282
Rnf219,0.21178010814485226,0.2126040711364037,0.10618157622019542,0.5705495655215812,-0.006916166049603767,0.9819012385882667,Rnf219,FALSE,FALSE,FALSE,FALSE,0.10829261680488382,FALSE,FALSE,0.028482274658536023
Syt11,-0.10415507540135582,0.5472546049519316,-0.20774797323423044,0.2513821012500558,-0.012956990083081266,0.9679918690348478,Syt11,FALSE,FALSE,FALSE,FALSE,0.10828667957288918,FALSE,FALSE,0.028480669305230015
Pdgfrl,-0.005373487462033477,0.9885205236558865,-0.20083674785340921,0.585708869837165,0.11863216371788243,0.8156459934397056,Pdgfrl,FALSE,FALSE,FALSE,FALSE,0.10828079967777504,FALSE,FALSE,0.02847907945509969
Cops5,0.16945139371321716,0.276751097839357,0.09972327783418589,0.5625981891134837,-0.05562157716522087,0.8270837424081617,Cops5,FALSE,FALSE,FALSE,FALSE,0.10826541623754131,FALSE,FALSE,0.02847491996517926
Znrf2,0.24460995804578634,0.1300662545597608,0.06537873265794136,0.7232640495313246,0.0147399449753296,0.9626497932202875,Znrf2,FALSE,FALSE,FALSE,FALSE,0.10824287855968577,FALSE,FALSE,0.028468826058845844
Nrde2,-0.1865786078203726,0.47940907441598724,-0.13481543340929125,0.629127352599274,-0.0033198428739624752,0.9938582123698092,Nrde2,FALSE,FALSE,FALSE,FALSE,0.10823796136787545,FALSE,FALSE,0.028467496511653465
Pex10,-0.25053280326230754,0.2163957271968903,0.04850696765573925,0.8300192045761773,0.02563958655840537,0.9408306343998061,Pex10,FALSE,FALSE,FALSE,FALSE,0.10822645249215072,FALSE,FALSE,0.028464384655537724
Edc3,-0.16688460253748394,0.2984733177330512,-0.03867970208194915,0.8346913411686976,-0.11908142896560214,0.599568053331678,Edc3,FALSE,FALSE,FALSE,FALSE,0.10821524452834508,FALSE,FALSE,0.028461354162242998
Trim66,-0.2837889877659743,0.14054727383340215,0.03911654476586435,0.8655906073549144,-0.0016965015719252463,0.9957254050020347,Trim66,FALSE,FALSE,FALSE,FALSE,0.10820067803458795,FALSE,FALSE,0.028457415564436643
Prr14,-0.12539995090938838,0.5322352240678339,-0.056636290082932916,0.8030268825815636,0.14252971764084243,0.60351082939343,Prr14,FALSE,FALSE,FALSE,FALSE,0.10818865287772124,FALSE,FALSE,0.028454164112354484
Tbc1d31,-0.025687946620713387,0.9215924135166762,0.1424013936572477,0.5359638342033833,0.1564738499272713,0.6069750093960921,Tbc1d31,FALSE,FALSE,FALSE,FALSE,0.1081877300684108,FALSE,FALSE,0.028453914596253606
Cdkal1,0.22720508402133177,0.12634934880657314,0.06295257464850579,0.7079546049838367,-0.03429764630948551,0.8935943976413897,Cdkal1,FALSE,FALSE,FALSE,FALSE,0.10815176832644102,FALSE,FALSE,0.028444190990806986
Virma,0.14661816628493085,0.24588137371188792,0.11089997316303801,0.4178293789786641,0.06688949659223553,0.7303752574601557,Virma,FALSE,FALSE,FALSE,FALSE,0.10813587868006813,FALSE,FALSE,0.02843989462907495
Nfic,0.04426263491977256,0.8477320141658284,-0.12138503717037175,0.5939819545387827,0.15865282705722628,0.5939113230126288,Nfic,FALSE,FALSE,FALSE,FALSE,0.10810016638245686,FALSE,FALSE,0.028430238470264397
Rfng,-0.06418367901886057,0.8210150920888267,-0.21277336152780446,0.4314246849788073,0.04733798669948941,0.9104295434466736,Rfng,FALSE,FALSE,FALSE,FALSE,0.10809834241538481,FALSE,FALSE,0.02842974529237076
Saal1,0.07544446448179665,0.6205196794344027,-0.1417860019081858,0.3631160403044044,-0.10695186969831605,0.6104686544306196,Saal1,FALSE,FALSE,FALSE,FALSE,0.1080607786960995,FALSE,FALSE,0.02841958853228542
Pou2f1,0.19073467088111862,0.2542198300741111,-0.009849829193229631,0.9632062155822276,0.12358556145978472,0.6127452749404696,Pou2f1,FALSE,FALSE,FALSE,FALSE,0.10805668717804433,FALSE,FALSE,0.028418482236954132
Snn,-0.08457643073689791,0.6240203386586546,-0.1522731850349981,0.3812937141209572,0.08721656443980219,0.7169337932983537,Snn,FALSE,FALSE,FALSE,FALSE,0.10802206007056607,FALSE,FALSE,0.028409119499988852
Zfp335,-0.17778310887087923,0.33387092585123734,-0.12820034426454852,0.5103235813214593,-0.018033124702979464,0.9568917316396195,Zfp335,FALSE,FALSE,FALSE,FALSE,0.10800552594613573,FALSE,FALSE,0.028404648879447138
Cacnb2,0.14667411332431168,0.38705330002757193,0.036183020495862195,0.8582494917951843,-0.14107090744409057,0.5664672280681943,Cacnb2,FALSE,FALSE,FALSE,FALSE,0.10797601375475481,FALSE,FALSE,0.02839666915184956
Ppp1cc,0.17518613733996702,0.25871637524934893,0.014976508230876817,0.9390588037784628,-0.13374652317972746,0.552359896973369,Ppp1cc,FALSE,FALSE,FALSE,FALSE,0.1079697229168571,FALSE,FALSE,0.028394968187928027
Sike1,0.1307807768740501,0.3133701945739294,0.08689027329688503,0.5415594607352369,0.10622394334393181,0.5701369426055226,Sike1,FALSE,FALSE,FALSE,FALSE,0.10796499783828899,FALSE,FALSE,0.028393690585754607
Tmem120b,-0.16795233094324669,0.49036780995074974,-0.042787750879802466,0.8764196653597753,-0.1131532032955258,0.7464469040878334,Tmem120b,FALSE,FALSE,FALSE,FALSE,0.10796442837285831,FALSE,FALSE,0.028393536609421427
4930578M01Rik,0.0760158626221088,0.8082986401329526,0.14473167983708235,0.6342105031479075,-0.10312739217617484,0.8171979380423273,4930578M01Rik,FALSE,FALSE,FALSE,FALSE,0.10795831154512199,FALSE,FALSE,0.028391882695672117
Kdm3a,0.14164922365380406,0.320613146783861,0.15661310604204992,0.30420835237932414,0.02547393515273555,0.9217800069562034,Kdm3a,FALSE,FALSE,FALSE,FALSE,0.10791208828286318,FALSE,FALSE,0.028379384503425534
Togaram2,-0.18092896241106837,0.6018395957920653,-0.12775920130335416,0.7260984285256967,0.014972511546071487,0.9790346417318468,Togaram2,FALSE,FALSE,FALSE,FALSE,0.10788689175349801,FALSE,FALSE,0.028372571676884013
Slamf9,-0.14048892267394064,0.8009768588537822,-0.046297524576784876,0.9383725037711669,-0.1368371136421646,0.8665832855839324,Slamf9,FALSE,FALSE,FALSE,FALSE,0.10787452029763005,FALSE,FALSE,0.028369226589881235
Saysd1,0.08893271276120007,0.6091158779316402,-0.09533229188526082,0.6053715644405009,-0.13921892350518306,0.5585891880472061,Saysd1,FALSE,FALSE,FALSE,FALSE,0.10782797605054799,FALSE,FALSE,0.028356641607351293
Gm31597,0.11913469007023728,0.8367165391909643,-0.19974976250962356,0.7383907655901691,-0.004577627829727204,0.9957254050020347,Gm31597,FALSE,FALSE,FALSE,FALSE,0.10782069346986269,FALSE,FALSE,0.028354672488578446
Zfp512,-0.15748600003279645,0.29100372569428373,-0.1343830981789429,0.40058165076520125,-0.03153734567910149,0.9039075532415295,Zfp512,FALSE,FALSE,FALSE,FALSE,0.1078021479636136,FALSE,FALSE,0.028349658015538584
Gcsh,0.11818964046152214,0.5040074333439966,0.041233421637342005,0.8401854626982291,-0.16377181977367705,0.505370131228942,Gcsh,FALSE,FALSE,FALSE,FALSE,0.10773162729084707,FALSE,FALSE,0.02833059010724904
Polr3g,-0.045491338144349136,0.844542994941728,0.22227732033963576,0.28181494943200647,0.05530752108709125,0.8674599840246023,Polr3g,FALSE,FALSE,FALSE,FALSE,0.10769205985702539,FALSE,FALSE,0.028319891567802853
Cpne7,-0.00801771869240242,0.9889873011389633,0.22950641781651537,0.6815455212986915,0.08543493253947165,0.9245961247180302,Cpne7,FALSE,FALSE,FALSE,FALSE,0.10765302301612982,FALSE,FALSE,0.02830933649405059
Camkmt,-0.05533235165548733,0.8243237277524919,-0.18278396048126444,0.43933916662298306,-0.08476947164436144,0.8052249974798057,Camkmt,FALSE,FALSE,FALSE,FALSE,0.1076285945937044,FALSE,FALSE,0.02830273135402295
Gm17690,-0.13434005035484553,0.6535017176876432,0.0809394796687628,0.7978345312163524,-0.10760489626858849,0.8036409510142775,Gm17690,FALSE,FALSE,FALSE,FALSE,0.10762814209739895,FALSE,FALSE,0.02830260900467892
B3galnt2,0.15462583853386835,0.3150418023495739,0.1451650014404775,0.37470699748392033,0.023042851378553664,0.934701041003514,B3galnt2,FALSE,FALSE,FALSE,FALSE,0.1076112304509665,FALSE,FALSE,0.028298036306907495
Sacm1l,0.11167352074526349,0.48913409278680386,0.1534176961559952,0.3639392076898473,0.05769607528322496,0.8199714266724727,Sacm1l,FALSE,FALSE,FALSE,FALSE,0.10759576406149456,FALSE,FALSE,0.028293854388550053
Polr2g,-0.05488119056729612,0.6682709474208157,-0.17456690892202964,0.18892649190333088,-0.0931733510744861,0.5936632522255639,Polr2g,FALSE,FALSE,FALSE,FALSE,0.10754048352127062,FALSE,FALSE,0.028278907221572846
Stk36,-0.0415010326283598,0.8769222511571145,0.08289724185756242,0.7495376678860718,0.19816300990524338,0.5293244089977212,Stk36,FALSE,FALSE,FALSE,FALSE,0.10752042813038853,FALSE,FALSE,0.028273484494604307
Rcbtb1,0.19452238043622128,0.1219729285727996,0.12051058215812294,0.36622907760129353,-0.007363602507067135,0.9751963425512756,Rcbtb1,FALSE,FALSE,FALSE,FALSE,0.10746552170047045,FALSE,FALSE,0.028258638482376797
Cnp,-0.16228304670749782,0.6031938044168917,-0.13693937336193285,0.6800199417726256,-0.023138654509160084,0.9672576142655462,Cnp,FALSE,FALSE,FALSE,FALSE,0.10745369152619692,FALSE,FALSE,0.02825543975115023
Gm5176,0.11787042797066644,0.876564150549542,0.10576104123366614,0.8926910544863524,-0.09849673851013985,0.934701041003514,Gm5176,FALSE,FALSE,FALSE,FALSE,0.10737606923815747,FALSE,FALSE,0.028234451654872976
Ldb3,0.034621592726921335,0.9432224631433643,-0.028776536213961812,0.953983518850285,-0.25868920220751823,0.6669593238445536,Ldb3,FALSE,FALSE,FALSE,FALSE,0.10736244371613379,FALSE,FALSE,0.02823076748405962
Zswim6,-0.17670075163770882,0.3823555085778218,0.10872265983747997,0.6163536860807328,-0.03662573760974741,0.9162903148707165,Zswim6,FALSE,FALSE,FALSE,FALSE,0.1073497163616454,FALSE,FALSE,0.02822732616651921
Rev1,-0.026957334764028396,0.8787827600600177,0.10973505418397433,0.5027850893999091,0.18530514423297895,0.3730024733180667,Rev1,FALSE,FALSE,FALSE,FALSE,0.10733251106032722,FALSE,FALSE,0.028222674068137856
Tshb,-0.029076625675332757,0.9263028099327926,-0.03026376645297102,0.9263631264040177,-0.26259023395212466,0.4856421306484975,Tshb,FALSE,FALSE,FALSE,FALSE,0.10731020869347614,FALSE,FALSE,0.028216643786958265
Cenpo,0.2288390683917414,0.2761392437559263,0.04132472019671196,0.8716988695810617,0.051723842296264255,0.8855111438723956,Cenpo,FALSE,FALSE,FALSE,FALSE,0.10729587696157254,FALSE,FALSE,0.028212768665822185
Psmd14,0.19476499497804411,0.3107553589268698,0.10166923951494944,0.6402450799683179,0.02539554271656197,0.9430701955918814,Psmd14,FALSE,FALSE,FALSE,FALSE,0.10727659240318517,FALSE,FALSE,0.02820755436232352
Cstf2t,0.07787434827911799,0.5321638678470437,0.16318144351919361,0.215670205533633,0.080693261875667055,0.6513501362326488,Cstf2t,FALSE,FALSE,FALSE,FALSE,0.10724968455799289,FALSE,FALSE,0.02820027881737666
Socs1,-0.047784706057127924,0.9085482754112036,-0.1874659585239138,0.6339856567426926,-0.08644627550607265,0.8828299988786049,Socs1,FALSE,FALSE,FALSE,FALSE,0.10723231336237145,FALSE,FALSE,0.028195581863249667
Acot6,0.1437896814348507,0.5266417643166158,-0.027039212470695517,0.9200342992975193,0.15083887393774642,0.6291388369633084,Acot6,FALSE,FALSE,FALSE,FALSE,0.10722258928109756,FALSE,FALSE,0.02819295259324051
Rab11fip1,-0.21175794616318644,0.20903138111428268,0.038126571527983266,0.848562780682977,-0.07159623035619589,0.7855642808198008,Rab11fip1,FALSE,FALSE,FALSE,FALSE,0.10716024934912187,FALSE,FALSE,0.02817609665498785
Bphl,-0.12199471924486449,0.4643447937067614,-0.09427456613782415,0.5989366948472119,-0.10489981746818611,0.6583556371597667,Bphl,FALSE,FALSE,FALSE,FALSE,0.10705636761695825,FALSE,FALSE,0.028148008333306454
Timmdc1,-0.046297401804349825,0.7620320671815575,-0.09411604727759482,0.5320354014517017,-0.18075114055312547,0.3460113497139144,Timmdc1,FALSE,FALSE,FALSE,FALSE,0.10705486321169004,FALSE,FALSE,0.028147601560929516
Ubtd1,-0.09096228148944885,0.748798720003871,-0.14551135498026868,0.6089701937573223,-0.08457013335147678,0.8384720045003939,Ubtd1,FALSE,FALSE,FALSE,FALSE,0.1070145899403981,FALSE,FALSE,0.028136712171855524
Prkd1,0.14418325505042962,0.6627760435408313,0.04273140175819723,0.9096415338719408,0.13396147811853165,0.7772761832863695,Prkd1,FALSE,FALSE,FALSE,FALSE,0.10695871164238617,FALSE,FALSE,0.028121603378645416
Stx4a,-0.07023082979196271,0.6436069173740091,-0.1732953159444124,0.2591057418763741,-0.07718492081497796,0.7171371266066036,Stx4a,FALSE,FALSE,FALSE,FALSE,0.10690368885045103,FALSE,FALSE,0.028106725903583214
Rela,-0.10641330327090515,0.45442499122027186,-0.09362896973956403,0.537257153427501,-0.1205017681010343,0.5439689791681656,Rela,FALSE,FALSE,FALSE,FALSE,0.1068480137038345,FALSE,FALSE,0.028091672039970688
Gabra3,-0.010147284776567567,0.977443001888163,0.0729381277528538,0.8379475336311463,0.23738213538047237,0.5717700232104327,Gabra3,FALSE,FALSE,FALSE,FALSE,0.10682251596996457,FALSE,FALSE,0.028084777771496643
Gmppb,0.013532730442650909,0.9598640230896464,-0.1309544386463326,0.6008618731952897,-0.17594142343149333,0.5905854956963476,Gmppb,FALSE,FALSE,FALSE,FALSE,0.10680953084015894,FALSE,FALSE,0.028081266754733072
Hivep2,-0.09554256697123265,0.7152418831495841,0.15569394109562484,0.5596060479534326,0.06916647311860658,0.8663957700954842,Hivep2,FALSE,FALSE,FALSE,FALSE,0.10680099372848802,FALSE,FALSE,0.02807895842646545
Tctn3,0.047487758865612406,0.8110365137931854,0.15334888941382818,0.40908526894345243,0.11947205390363891,0.6382133901190171,Tctn3,FALSE,FALSE,FALSE,FALSE,0.10676956739435983,FALSE,FALSE,0.028070461138599002
Foxj2,-0.0883347109983994,0.6840277796246751,-0.08312515279010135,0.7171224544981343,0.1488470504731545,0.6028231689488245,Foxj2,FALSE,FALSE,FALSE,FALSE,0.10676897142055175,FALSE,FALSE,0.028070299994731967
Chmp3,-0.0437233987411485,0.7675395732573366,-0.09698091923764807,0.5084276327928834,-0.17958913311716707,0.3351526116781136,Chmp3,FALSE,FALSE,FALSE,FALSE,0.10676448369865454,FALSE,FALSE,0.028069086570835004
Mkl1,0.05326707233967376,0.7888327636544916,0.05856350181976033,0.7777704636352119,0.20838677521354665,0.3860813966588629,Mkl1,FALSE,FALSE,FALSE,FALSE,0.10673911645766025,FALSE,FALSE,0.028062227586003147
Tead2,0.032489116569725196,0.9331586152887693,-0.06429052631319698,0.867026927673757,-0.2233928429998835,0.640954211863209,Tead2,FALSE,FALSE,FALSE,FALSE,0.10672416196093522,FALSE,FALSE,0.028058184077044957
Irf3,-0.2037968070241729,0.29157575283377024,-0.10635894230016607,0.613115116299828,-0.009962339530680708,0.9771143533526007,Irf3,FALSE,FALSE,FALSE,FALSE,0.1067060296183399,FALSE,FALSE,0.028053281318291837
Usp13,0.016928719975885187,0.943288408746824,0.26488464614261664,0.20062913786703848,0.03817531057020629,0.9097323162867696,Usp13,FALSE,FALSE,FALSE,FALSE,0.10666289222956937,FALSE,FALSE,0.028041617507657896
Ptpn11,-0.1503951293534973,0.24596472675546327,-0.11555606695453147,0.4104327891914651,-0.05402234160807673,0.7936895045475404,Ptpn11,FALSE,FALSE,FALSE,FALSE,0.10665784597203516,FALSE,FALSE,0.02804025306270732
Iffo2,-0.13579151239837017,0.5626333651825364,-0.17302652027457244,0.4683193697997959,-0.011114396898162848,0.9777503992234355,Iffo2,FALSE,FALSE,FALSE,FALSE,0.10664414319036848,FALSE,FALSE,0.02803654800185237
Nicn1,-0.15391076607680798,0.5469348184585057,-0.11770785884670953,0.6678274457855454,-0.048209475120644996,0.908966810542714,Nicn1,FALSE,FALSE,FALSE,FALSE,0.1066093666813875,FALSE,FALSE,0.028027144868588524
Fxyd1,-0.16676930120162092,0.5970696620235586,0.00938734125279339,0.9795535404816008,-0.14363155127550575,0.7460856492790526,Fxyd1,FALSE,FALSE,FALSE,FALSE,0.10659606457664002,FALSE,FALSE,0.028023548145763393
Dhrs3,0.06914305076160288,0.8819226446177186,-0.22619508321745085,0.6211312282162286,-0.024421497604442344,0.9735962397793568,Dhrs3,FALSE,FALSE,FALSE,FALSE,0.10658654386116535,FALSE,FALSE,0.028020973863323934
Rad50,0.08327534075411869,0.6713248828370114,0.03477578748402976,0.8745575630081998,0.20168055656984052,0.4223545362683043,Rad50,FALSE,FALSE,FALSE,FALSE,0.10657722826932965,FALSE,FALSE,0.028018455043752062
Pafah2,-0.2662945149107818,0.17899971344806234,-0.011597974426719837,0.9607323099305475,-0.041814100419216516,0.898223220301182,Pafah2,FALSE,FALSE,FALSE,FALSE,0.1065688632522394,FALSE,FALSE,0.028016193247707582
Tbc1d13,-0.10205932494735404,0.4970923262064293,-0.14256711937172817,0.359477374962766,-0.07492098819884152,0.7340837446735566,Tbc1d13,FALSE,FALSE,FALSE,FALSE,0.1065158108393079,FALSE,FALSE,0.02800184853849493
Cul4a,-0.06669450807545019,0.6231550234397554,-0.14079482424188328,0.3113563276657368,-0.11202902915011848,0.5479508898137534,Cul4a,FALSE,FALSE,FALSE,FALSE,0.10650612048915065,FALSE,FALSE,0.027999228388958013
Tmem186,-0.19723147059165314,0.2321921901416615,-0.06076772146732434,0.7440747948656004,-0.06147129717623834,0.8110123400508147,Tmem186,FALSE,FALSE,FALSE,FALSE,0.10649016307840527,FALSE,FALSE,0.027994913704586826
4933431E20Rik,0.022266726034211537,0.9385615787595581,-0.21899712838985952,0.3983432675788574,-0.07817926434333344,0.8414764610206322,4933431E20Rik,FALSE,FALSE,FALSE,FALSE,0.10648103958913484,FALSE,FALSE,0.027992446827147
Stard6,0.1840742364384278,0.6466935961916682,0.13184003096824282,0.7615796780205838,0.0034705489090205432,0.9957254050020347,Stard6,FALSE,FALSE,FALSE,FALSE,0.10646160543856371,FALSE,FALSE,0.027987192075792002
Ncstn,-0.12280977452349795,0.35578198531888544,-0.12017152293993227,0.40268986646752275,-0.07635029579362751,0.7037601176937658,Ncstn,FALSE,FALSE,FALSE,FALSE,0.10644386441901925,FALSE,FALSE,0.027982395125899638
Nfkb1,-0.17017888784222723,0.3503270594788203,-0.04521459713702658,0.8341660890330189,-0.10390685992847892,0.7018838911735175,Nfkb1,FALSE,FALSE,FALSE,FALSE,0.10643344830257757,FALSE,FALSE,0.02797957873823271
Ift81,0.12601499299248609,0.2603357999753488,0.08528214188583494,0.48263147690823754,0.10789544282648134,0.49545057943175097,Ift81,FALSE,FALSE,FALSE,FALSE,0.10639752590160079,FALSE,FALSE,0.027969865770098766
Dgkb,-7.874852939036003e-4,0.9969228940490537,0.007915806519365631,0.9736906363038094,0.31046630815399556,0.22613175626772028,Dgkb,FALSE,FALSE,FALSE,FALSE,0.10638986665575494,FALSE,FALSE,0.02796779480577545
Snx24,0.054049217338163924,0.7936847096420291,-0.18931351493842774,0.34711013538464913,-0.0757895284946164,0.7955229439764211,Snx24,FALSE,FALSE,FALSE,FALSE,0.10638408692373602,FALSE,FALSE,0.02796623203849387
Snhg20,0.06090673240112299,0.8520989700064379,0.23638455720572038,0.424866983021221,0.021840976092492692,0.9679665286152154,Snhg20,FALSE,FALSE,FALSE,FALSE,0.10637742189977868,FALSE,FALSE,0.027964429899339765
Aar2,-0.15639130083335306,0.2542198300741111,-0.08160272570741878,0.586652948745576,-0.08106230016239468,0.6867045081950023,Aar2,FALSE,FALSE,FALSE,FALSE,0.10635210890105551,FALSE,FALSE,0.027957585580939904
Nsmce1,4.799719213979259e-4,0.9973228184973149,-0.23115951729659034,0.15070753687778124,-0.08737864742818946,0.6731341676663086,Nsmce1,FALSE,FALSE,FALSE,FALSE,0.10633937888205924,FALSE,FALSE,0.027954143542949873
Edn3,0.2859214532838772,0.60856748718858,0.015420070757298454,0.9819587992238926,-0.01763694133934024,0.9849781273352237,Edn3,FALSE,FALSE,FALSE,FALSE,0.10632615512683863,FALSE,FALSE,0.027950568004857308
Clcn5,-0.12651296751193097,0.54037613442583,-0.06004419758130641,0.7994862609187663,-0.1323704610100167,0.651771917552634,Clcn5,FALSE,FALSE,FALSE,FALSE,0.10630920870108469,FALSE,FALSE,0.02794598590319215
Gm26685,0.09478005707534151,0.917149939154565,0.1201297620624052,0.8940635981028069,0.10401230618728663,0.9394642690434595,Gm26685,FALSE,FALSE,FALSE,FALSE,0.10630737510834444,FALSE,FALSE,0.027945490122638167
Acat3,-0.15993869459543864,0.8493756595153925,-0.11093452721771835,0.8986859222962887,0.04803421300622779,0.9703171669614905,Acat3,FALSE,FALSE,FALSE,FALSE,0.10630247827312826,FALSE,FALSE,0.027944166079614353
Kif3b,-0.20469261169222808,0.10798826053926212,-0.04845015172801226,0.7334637466454861,-0.06572060240762667,0.7277650765318794,Kif3b,FALSE,FALSE,FALSE,FALSE,0.106287788609289,FALSE,FALSE,0.02794019417815762
Sgf29,-0.2538141884325573,0.3516612235230555,-0.05697891512801423,0.8525375618151357,0.007993288599479342,0.9856077629477604,Sgf29,FALSE,FALSE,FALSE,FALSE,0.10626213072001696,FALSE,FALSE,0.02793325660566505
Fcor,0.024816659907855754,0.960186528786309,-0.2384635044377727,0.6119448952102517,0.055499978161673735,0.9395305302721263,Fcor,FALSE,FALSE,FALSE,FALSE,0.10626004750243406,FALSE,FALSE,0.027932693329674345
Mtmr11,0.12826562152618237,0.6159052027045356,-0.08729458679528568,0.7590272452283131,-0.10303774536595167,0.787969696283249,Mtmr11,FALSE,FALSE,FALSE,FALSE,0.10619931789580657,FALSE,FALSE,0.027916272803264072
Serinc3,0.1625630533575091,0.19868403932235806,0.13128104567703858,0.33658992524122394,0.024730402737992208,0.9117584032268705,Serinc3,FALSE,FALSE,FALSE,FALSE,0.10619150059084663,FALSE,FALSE,0.02791415910173231
Ern1,-0.09037421362998366,0.7980240698499961,-0.011276437691321917,0.9780742577866532,-0.21679581592080854,0.6444753230168732,Ern1,FALSE,FALSE,FALSE,FALSE,0.10614882241403804,FALSE,FALSE,0.02790261945627196
Zfp637,-0.11951675787459415,0.38883047403543297,-0.03734875367786472,0.8179500099031246,-0.16146230330083267,0.3979923456886011,Zfp637,FALSE,FALSE,FALSE,FALSE,0.10610927161776385,FALSE,FALSE,0.027891925415410617
Gm11266,0.22262279642101446,0.5548537087561551,-0.05126879234647619,0.9091514552170742,-0.04443129189879336,0.9478628528790193,Gm11266,FALSE,FALSE,FALSE,FALSE,0.10610762688876134,FALSE,FALSE,0.027891480701250207
Scyl1,-0.0705179546242789,0.7106313293516024,-0.1693308574745398,0.36972390158245344,-0.07836354323733996,0.7761454715989462,Scyl1,FALSE,FALSE,FALSE,FALSE,0.10607078511205288,FALSE,FALSE,0.02788151914541216
Qsox2,-0.12000787479640795,0.3246679124792669,-0.10752263043723431,0.4156653040339261,-0.09063494500574087,0.6124675218793688,Qsox2,FALSE,FALSE,FALSE,FALSE,0.10605515007979438,FALSE,FALSE,0.027877291628153552
AC113595.1,-0.0922198075541818,0.9215119513509249,-0.017983402979587337,0.9848019905188304,0.2078963057942309,0.8676210552722486,AC113595.1,FALSE,FALSE,FALSE,FALSE,0.10603317210933334,FALSE,FALSE,0.02787134905970233
Ak3,0.07557256163081671,0.620613934030823,0.14479584316051053,0.3493230007215329,0.09749402979776445,0.6464833231663049,Ak3,FALSE,FALSE,FALSE,FALSE,0.10595414486303056,FALSE,FALSE,0.027849981080275005
1700112J16Rik,0.06222348063731875,0.8243772483304339,-0.12453021657276797,0.660341635892519,0.1311057979065826,0.7186756725575926,1700112J16Rik,FALSE,FALSE,FALSE,FALSE,0.10595316503888978,FALSE,FALSE,0.02784971614807678
Nup205,-0.05174216187548897,0.6945930591904032,-0.12957448481794032,0.32672056488550855,-0.13638873060716605,0.43143168179947894,Nup205,FALSE,FALSE,FALSE,FALSE,0.10590179243353177,FALSE,FALSE,0.027835825637831588
Gba2,-0.09486335433502724,0.5895343400133741,-0.21446911751311948,0.23686773843319203,-0.008344565301233509,0.9779166711917642,Gba2,FALSE,FALSE,FALSE,FALSE,0.10589234571646007,FALSE,FALSE,0.027833271363635184
Akap13,0.016848803374292842,0.9182033401493397,0.1937393018261373,0.20242631026084787,0.10706861399364964,0.5972023170730334,Akap13,FALSE,FALSE,FALSE,FALSE,0.10588557306469326,FALSE,FALSE,0.02783144012326693
Tgm2,-0.008049277922554943,0.9744807484623376,-0.2509082099907056,0.26969980592758636,-0.058610819241856404,0.8676876584333398,Tgm2,FALSE,FALSE,FALSE,FALSE,0.105856102385039,FALSE,FALSE,0.027823471619921273
Cyth4,-0.19862691350857298,0.5371839698448174,-0.0915113427705283,0.795590233840571,-0.02735841794624272,0.9615865207700058,Cyth4,FALSE,FALSE,FALSE,FALSE,0.10583222474178133,FALSE,FALSE,0.027817015403694936
Srr,-0.0984356421655792,0.5806521809352628,-0.2013547552476762,0.26940814973282334,-0.01755847832249735,0.9553553424533673,Srr,FALSE,FALSE,FALSE,FALSE,0.10578295857858426,FALSE,FALSE,0.027803694449076006
Zfp334,-0.13698735063969458,0.28522344798768023,-0.07276265998402742,0.6119448952102517,-0.10753549283566866,0.5599787778067897,Zfp334,FALSE,FALSE,FALSE,FALSE,0.10576183448646355,FALSE,FALSE,0.0277979827586531
Tmem50b,-0.08146378262801601,0.5824652450499517,-0.18029478373864727,0.24030717601435664,-0.05552516149673714,0.8049986712399015,Tmem50b,FALSE,FALSE,FALSE,FALSE,0.10576124262113347,FALSE,FALSE,0.027797822725667155
Zfp248,0.18552351949780777,0.30155022529483394,0.13010010646431303,0.5013562170457906,-0.0015975562700663026,0.9957254050020347,Zfp248,FALSE,FALSE,FALSE,FALSE,0.1057403940773957,FALSE,FALSE,0.02779218554008218
Nup43,-0.035768696163061,0.8809187613481486,-0.1389173492537914,0.5368140108916819,-0.142432563143426,0.6338206025371669,Nup43,FALSE,FALSE,FALSE,FALSE,0.10570620285342613,FALSE,FALSE,0.027782940660568377
Nmd3,0.08437791468499345,0.7106313293516024,0.21436119512978546,0.33387950487869505,-0.01831578009298962,0.9645496544366667,Nmd3,FALSE,FALSE,FALSE,FALSE,0.10568496330258952,FALSE,FALSE,0.027777197751552116
Slco2b1,0.12650903935342295,0.7207278065533224,-0.02719953811312914,0.9469783047149088,0.163324692007772,0.7340837446735566,Slco2b1,FALSE,FALSE,FALSE,FALSE,0.10567775649144136,FALSE,FALSE,0.027775249119914865
Cdk16,-0.044659064686813466,0.8140593339642462,-0.2065132353072512,0.2623751462623895,-0.06577633965618546,0.8089251918493282,Cdk16,FALSE,FALSE,FALSE,FALSE,0.10564954655008336,FALSE,FALSE,0.02776762150444318
Kmt2b,-0.08669490621400833,0.6303902252989841,0.04601403174960961,0.8216035230814268,0.18421215848216743,0.4402397158624042,Kmt2b,FALSE,FALSE,FALSE,FALSE,0.10564036548192846,FALSE,FALSE,0.027765139058392823
Akr1b10,-0.1945642697651251,0.35204848679353967,-0.08956755685379525,0.6989128057096087,0.03276704923358631,0.9277681321383151,Akr1b10,FALSE,FALSE,FALSE,FALSE,0.10563295861750222,FALSE,FALSE,0.02776313633485018
Ccdc149,0.03424759603196392,0.8488787298557628,-0.1722181902438873,0.3158703676436332,-0.11039809475289974,0.6374176418551903,Ccdc149,FALSE,FALSE,FALSE,FALSE,0.10562129367625032,FALSE,FALSE,0.02775998228056697
Fuca2,-0.0525675448371814,0.742183552187002,-0.0649538858463341,0.6982360254032232,-0.19932039436401006,0.3253600376290708,Fuca2,FALSE,FALSE,FALSE,FALSE,0.10561394168250852,FALSE,FALSE,0.027757994393371423
Pdlim7,-0.07008691566289249,0.7590120907739849,-0.14493327135326384,0.5166884607199653,-0.10175804990885506,0.7442724803559847,Pdlim7,FALSE,FALSE,FALSE,FALSE,0.10559274564167047,FALSE,FALSE,0.027752263248914825
Dtx3l,-0.17871149868863068,0.4170197233592223,-0.11704421138134169,0.6277629986764559,-0.021014451569590697,0.95952034892732,Dtx3l,FALSE,FALSE,FALSE,FALSE,0.10559005387985436,FALSE,FALSE,0.02775153543017128
Chpf2,-0.08477985507474273,0.707282233843354,-0.18414722740678968,0.4126787306671974,-0.04772303318380633,0.8945125634117448,Chpf2,FALSE,FALSE,FALSE,FALSE,0.10555003855511291,FALSE,FALSE,0.02774071578661978
Abcc5,-0.10527836288466919,0.37112793987689713,-0.07624027855934656,0.5563457863933586,-0.13505863262685391,0.4124058764772356,Abcc5,FALSE,FALSE,FALSE,FALSE,0.10552575802362323,FALSE,FALSE,0.027734150634452278
Bcl3,-0.15615387852551854,0.732054532178614,-0.01785740669165614,0.9716612846935505,-0.14256555023784068,0.8277324910071763,Bcl3,FALSE,FALSE,FALSE,FALSE,0.10552561181833846,FALSE,FALSE,0.02773411110237109
Srp72,0.21415520462845983,0.11458601665812902,0.0732081584578328,0.6270780814471709,-0.029206309782338735,0.9018918981113057,Srp72,FALSE,FALSE,FALSE,FALSE,0.10552322428954379,FALSE,FALSE,0.02773346554443312
A430046D13Rik,-0.12176868150105702,0.7180323472770587,0.0693020554106547,0.8440823836373537,0.1253562482479733,0.7839033333427435,A430046D13Rik,FALSE,FALSE,FALSE,FALSE,0.10547566171989502,FALSE,FALSE,0.027720605220211875
Heyl,0.0810610047890874,0.7868961031953048,-0.13180712399216743,0.670230258530161,-0.10337808386477221,0.8108395839306232,Heyl,FALSE,FALSE,FALSE,FALSE,0.10541540421534235,FALSE,FALSE,0.02770431234430057
Stambpl1,-0.07787121598773616,0.7283721763963631,-0.0643005476003422,0.7858103425597206,-0.17396755923239482,0.549748580608299,Stambpl1,FALSE,FALSE,FALSE,FALSE,0.10537977427349106,FALSE,FALSE,0.027694678453457935
C730034F03Rik,0.1787020816204013,0.7466429711425173,0.07431882762646763,0.901549607007382,0.06309459848078725,0.9455439565038282,C730034F03Rik,FALSE,FALSE,FALSE,FALSE,0.10537183590921873,FALSE,FALSE,0.027692532019001546
Cntnap2,-0.017788934009103308,0.9254669318154669,-0.29247517823821134,0.1229331759077892,-0.005845325429610249,0.9835144308273872,Cntnap2,FALSE,FALSE,FALSE,FALSE,0.10536981255897497,FALSE,FALSE,0.0276919849303909
Tns2,-0.12790187016568222,0.30184409103071336,-0.0026668432088632343,0.9855221778760572,0.18542181644509004,0.27304631794842027,Tns2,FALSE,FALSE,FALSE,FALSE,0.10533017660654516,FALSE,FALSE,0.027681267864369672
Rbm14,-0.22730872420389225,0.34962302212599916,0.015009001051760507,0.9594125152473906,-0.07363912967857189,0.8515673023102216,Rbm14,FALSE,FALSE,FALSE,FALSE,0.10531895164474155,FALSE,FALSE,0.0276782327750288
Btaf1,0.1057685967355999,0.640438866670138,0.1661284562606138,0.4761350041389679,-0.04403502148087579,0.9068543727518614,Btaf1,FALSE,FALSE,FALSE,FALSE,0.10531069149236316,FALSE,FALSE,0.027675999333091426
Itsn1,-0.1361925435801652,0.46871026643707037,-0.15939405203836987,0.4176978600652677,-0.020084816480252066,0.9527816940550564,Itsn1,FALSE,FALSE,FALSE,FALSE,0.10522380403292904,FALSE,FALSE,0.027652506050299213
Iqcc,-0.12981164182916638,0.469197463477026,-0.1711258215762954,0.35224985266492087,-0.014513091594295258,0.9652311294692906,Iqcc,FALSE,FALSE,FALSE,FALSE,0.10515018499991902,FALSE,FALSE,0.027632600384134523
Ttll4,0.12030961204061175,0.33028938129255075,0.09710985053640275,0.4657757852125461,0.09801128766731004,0.582654613205264,Ttll4,FALSE,FALSE,FALSE,FALSE,0.10514358341477485,FALSE,FALSE,0.027630815398042415
Pex5,-0.1617739447550619,0.2748811685181213,0.043554652336322164,0.8029102429403568,-0.11009426561619673,0.6082944726950605,Pex5,FALSE,FALSE,FALSE,FALSE,0.10514095423586027,FALSE,FALSE,0.02763010450093305
Lacc1,0.11413459829655448,0.7975335888246334,0.07694333007980436,0.8718012910451449,0.1243289302491194,0.8465534528085829,Lacc1,FALSE,FALSE,FALSE,FALSE,0.10513561954182608,FALSE,FALSE,0.027628662066358816
Cog4,-0.13618959518796725,0.2929261335110689,-0.0964691566733018,0.4923145824033823,-0.08274246422988796,0.6646370375322505,Cog4,FALSE,FALSE,FALSE,FALSE,0.10513373869705234,FALSE,FALSE,0.027628153509445707
Capn6,-0.048699188224007095,0.8628550450045804,-0.04567277504753431,0.8780141508133086,-0.22092746092805804,0.5351792545190366,Capn6,FALSE,FALSE,FALSE,FALSE,0.10509980806653314,FALSE,FALSE,0.02761897909114303
Dlat,0.19329033100719784,0.23227715421863201,0.10856576844620491,0.5441656692238099,0.013428244113208976,0.9669037809700132,Dlat,FALSE,FALSE,FALSE,FALSE,0.10509478118887057,FALSE,FALSE,0.02761761988626746
Osmr,-0.20234874522114765,0.6945930591904032,-0.04121807944339961,0.9427620825899151,0.07162223040338578,0.929640695099024,Osmr,FALSE,FALSE,FALSE,FALSE,0.10506301835597769,FALSE,FALSE,0.02760903161334184
Armcx3,0.11272816028600552,0.5374639920880215,0.08177587074490411,0.6877374292481085,-0.12043258028048776,0.6447532630885081,Armcx3,FALSE,FALSE,FALSE,FALSE,0.10497887043713246,FALSE,FALSE,0.027586279068076015
Mthfsd,0.00389994026603091,0.9834098473163652,-0.1270310557207761,0.4655529144851161,-0.18381724818464118,0.4162248277285684,Mthfsd,FALSE,FALSE,FALSE,FALSE,0.10491608139048274,FALSE,FALSE,0.027569301694830184
Ttc27,0.08662129043540556,0.5961866564926702,-0.05703569367130967,0.7525450178459824,-0.17097658076811673,0.43795994411519684,Ttc27,FALSE,FALSE,FALSE,FALSE,0.10487785495827733,FALSE,FALSE,0.02755896574545627
Zcchc4,0.048125298551989104,0.8375979520404853,0.17728472585072197,0.40908526894345243,0.08885378469966909,0.7777182267114287,Zcchc4,FALSE,FALSE,FALSE,FALSE,0.10475460303412672,FALSE,FALSE,0.027525639966021438
5330416C01Rik,0.2272260767560601,0.2100922963535276,0.059314760799388466,0.7830762775888619,0.02758269602201935,0.9338189684089776,5330416C01Rik,FALSE,FALSE,FALSE,FALSE,0.10470784452582264,FALSE,FALSE,0.02751299704993569
Nfam1,0.09039488260294637,0.8488731316952847,0.1008584202736954,0.836272945289041,-0.12276143367125902,0.8617068038132876,Nfam1,FALSE,FALSE,FALSE,FALSE,0.10467157884930027,FALSE,FALSE,0.02750319126438574
Ghrhr,-0.1291807442360673,0.6552583709601572,-0.06733564456354735,0.8346823238434757,0.11734261157632897,0.7797672901863856,Ghrhr,FALSE,FALSE,FALSE,FALSE,0.1046196667919812,FALSE,FALSE,0.02748915489307433
Mocs1,-0.1112435965150671,0.6537281806856046,-0.05159877795818213,0.8490628365393353,0.1510049853265536,0.6406490021383661,Mocs1,FALSE,FALSE,FALSE,FALSE,0.10461578659993427,FALSE,FALSE,0.02748810573765374
Zfp579,-0.17037986170850106,0.6435270964820903,-0.06986955883665713,0.8614217231810403,-0.07359110274432101,0.8996403925711909,Zfp579,FALSE,FALSE,FALSE,FALSE,0.10461350776315974,FALSE,FALSE,0.027487489568679184
Eif2s1,0.13206918872384854,0.5918764204889623,0.1425049776010825,0.585708869837165,-0.03924846519547387,0.9273792890499064,Eif2s1,FALSE,FALSE,FALSE,FALSE,0.10460754384013497,FALSE,FALSE,0.027485876998452313
1500015O10Rik,0.052798962955246775,0.8978816938872811,-0.19174516664548547,0.6290779745420544,0.06927826351897481,0.9071726619101126,1500015O10Rik,FALSE,FALSE,FALSE,FALSE,0.10460746437323569,FALSE,FALSE,0.027485855511596217
Rragb,0.19227205427785599,0.17143743739900377,0.10768914194830526,0.4785925952176268,-0.013843491515011408,0.959301037166555,Rragb,FALSE,FALSE,FALSE,FALSE,0.10460156258039088,FALSE,FALSE,0.027484259740593278
Vezt,0.10241535357087894,0.5122080612634937,0.1830377359949198,0.2602770032416475,0.028317146784683445,0.9162903148707165,Vezt,FALSE,FALSE,FALSE,FALSE,0.10459007878349406,FALSE,FALSE,0.027481154665479072
5730405O15Rik,0.10498655584197047,0.6107541257347405,-0.06417164827050437,0.7816343948017811,-0.144575899839825,0.6140787433215946,5730405O15Rik,FALSE,FALSE,FALSE,FALSE,0.10457803465076661,FALSE,FALSE,0.027477898082561403
Afg1l,0.11117947291650188,0.5833205242063618,-0.013043511343990843,0.9571889931022003,0.18947322534389777,0.4718179228133177,Afg1l,FALSE,FALSE,FALSE,FALSE,0.1045654032014635,FALSE,FALSE,0.027474482696584115
Tex264,-0.1766820578907753,0.4791799618925318,-0.0772924736264935,0.7830762775888619,0.059665306210608726,0.8817102844923025,Tex264,FALSE,FALSE,FALSE,FALSE,0.10454661257595917,FALSE,FALSE,0.027469401946362035
Cd200,0.12531374075525914,0.4316477172276337,0.02060692121718688,0.9148045333997679,0.1677045602721261,0.44505439627464977,Cd200,FALSE,FALSE,FALSE,FALSE,0.10454174074819071,FALSE,FALSE,0.02746808466503945
Tom1,-0.11510700414869701,0.693682131033224,-0.10033803695560728,0.7440118166914804,-0.09814406587055569,0.8172120753385824,Tom1,FALSE,FALSE,FALSE,FALSE,0.10452970232495333,FALSE,FALSE,0.02746482962589652
2310009B15Rik,-0.12034959402096046,0.6449720702939051,-0.14570149896555318,0.5871032442946637,-0.04747946585271645,0.9091516254990306,2310009B15Rik,FALSE,FALSE,FALSE,FALSE,0.10451018627974336,FALSE,FALSE,0.027459552731254996
Pitpnm2,-0.09903432954227487,0.6211648446710795,-0.08043682375963268,0.710411053746016,0.1339961506619236,0.6266708418912065,Pitpnm2,FALSE,FALSE,FALSE,FALSE,0.10448910132127705,FALSE,FALSE,0.027453851622083
Elk4,0.06981470762271513,0.675598271652843,0.13623803017045422,0.41904335788362607,0.10735883457794326,0.6412728794517194,Elk4,FALSE,FALSE,FALSE,FALSE,0.10447052412370421,FALSE,FALSE,0.027448828580105392
Nek11,-0.21202216841812938,0.5743473854734306,-0.03024961691050798,0.9438439721079032,-0.07113061099080986,0.9054114982218228,Nek11,FALSE,FALSE,FALSE,FALSE,0.10446746543981573,FALSE,FALSE,0.02744800155022062
Ube2j2,-0.10270650890454025,0.40355574698622565,-0.10535160964550627,0.4188607132097017,-0.10532606485671003,0.5434975380249459,Ube2j2,FALSE,FALSE,FALSE,FALSE,0.10446139446891885,FALSE,FALSE,0.027446360035587408
Txlna,-0.11630138707728399,0.5392985634963247,-0.13865035441103046,0.4883376901917768,-0.05841230028189148,0.8489937238886875,Txlna,FALSE,FALSE,FALSE,FALSE,0.10445468059006864,FALSE,FALSE,0.027444544686681043
Agfg2,-0.10673455144850141,0.502015592458992,-0.08792561682637423,0.6061801196703899,0.1187010199362506,0.5869831066754727,Agfg2,FALSE,FALSE,FALSE,FALSE,0.10445372940370874,FALSE,FALSE,0.02744428749778075
Acot11,0.07288789350056124,0.7875817437453299,-0.18800189842117376,0.4819946230699872,-0.052385560717548074,0.903169279293507,Acot11,FALSE,FALSE,FALSE,FALSE,0.10442511754642769,FALSE,FALSE,0.027436551209268092
Macrod1,-0.15833323061246496,0.5173933266669674,-0.11975362065884321,0.6431140731300897,-0.03511809728969206,0.9329040340017658,Macrod1,FALSE,FALSE,FALSE,FALSE,0.10440164952033341,FALSE,FALSE,0.027430205748401833
Dennd4b,-0.14368436878136537,0.5411980840328888,-0.14089016197275717,0.5645937130587171,0.02863012862738268,0.9427296633325991,Dennd4b,FALSE,FALSE,FALSE,FALSE,0.10440155312716841,FALSE,FALSE,0.02743017968489509
Cipc,0.016855455728840063,0.919575534218477,0.14934026173192905,0.31782067671432296,0.14699555567721845,0.452850748654826,Cipc,FALSE,FALSE,FALSE,FALSE,0.10439709104599586,FALSE,FALSE,0.02742897319392952
Sc5d,0.1835088988249023,0.17483610962229562,-0.01610660016810339,0.922723266923098,0.11353998958821165,0.5572624935729553,Sc5d,FALSE,FALSE,FALSE,FALSE,0.10438516286040578,FALSE,FALSE,0.027425747961668263
Exoc4,0.12201348327499417,0.4593812396154772,0.1065455192612772,0.5522968471855105,0.08455308493634117,0.7340642108006468,Exoc4,FALSE,FALSE,FALSE,FALSE,0.10437069582420418,FALSE,FALSE,0.027421836255941533
Dhcr7,0.08653555089736464,0.6943731350391027,-0.08415785033949685,0.7209323358201674,0.14222387536637449,0.6305444785347456,Dhcr7,FALSE,FALSE,FALSE,FALSE,0.10430575886774533,FALSE,FALSE,0.027404278114735784
Mrps14,0.1504123056554647,0.40133958595963354,-0.05382381190179597,0.80049564219859,-0.10857523984553374,0.6840212938582317,Mrps14,FALSE,FALSE,FALSE,FALSE,0.10427045246759814,FALSE,FALSE,0.027394731705525123
Nif3l1,-0.06304120771279376,0.7463189010361165,0.1615499650212584,0.38018836993166266,-0.08821445809461359,0.7421271610555319,Nif3l1,FALSE,FALSE,FALSE,FALSE,0.10426854360955524,FALSE,FALSE,0.027394215574174246
Stradb,0.04979072022545861,0.8140593339642462,0.10181076863530203,0.6214360821771369,0.161124826751458,0.5374018530908179,Stradb,FALSE,FALSE,FALSE,FALSE,0.10424210520407289,FALSE,FALSE,0.02738706695985617
Fmo1,-0.007977666011160789,0.9778268491414054,0.2176509210381763,0.39822710980222986,0.08704477677729372,0.823618339460721,Fmo1,FALSE,FALSE,FALSE,FALSE,0.10422445460887693,FALSE,FALSE,0.027382294459577187
Gm42067,-0.053685995119046925,0.9168197154749603,-0.062453506441994766,0.9024394321892699,0.19651149316561545,0.7504694413323157,Gm42067,FALSE,FALSE,FALSE,FALSE,0.10421699824221904,FALSE,FALSE,0.027380278351249964
Mal,0.015315320809250466,0.9608908006792275,0.19704909886068922,0.46935026650160827,0.10017307208346571,0.8034181599254954,Mal,FALSE,FALSE,FALSE,FALSE,0.1041791639178018,FALSE,FALSE,0.027370048422919967
Cers4,-0.14809613962758306,0.4021536428411168,-0.0832919962501455,0.6760263723998524,0.08103223602862286,0.7645885036112059,Cers4,FALSE,FALSE,FALSE,FALSE,0.1041401239687838,FALSE,FALSE,0.027359492508770254
Elp4,0.23356965239119365,0.1947099387081272,0.05230576102578777,0.8081420796178124,0.02648502834667177,0.9355932313450519,Elp4,FALSE,FALSE,FALSE,FALSE,0.10412014725455106,FALSE,FALSE,0.027354091054984108
Abl2,-0.1708460558931737,0.19627329670579088,-0.09532738425826448,0.5066444581287473,-0.04595467400027875,0.8302427508569435,Abl2,FALSE,FALSE,FALSE,FALSE,0.10404270471723898,FALSE,FALSE,0.02733315156105635
Trim8,0.037235879243062264,0.8611134231601018,-0.12558629337476912,0.5449703696522222,0.14930460368972565,0.5812266198561633,Trim8,FALSE,FALSE,FALSE,FALSE,0.10404225876918567,FALSE,FALSE,0.027333030982277833
Mrpl3,0.1908520709616326,0.28222339563444887,0.10890821676244133,0.5803841686813418,-0.012343246052425982,0.9702827424909112,Mrpl3,FALSE,FALSE,FALSE,FALSE,0.1040345112588333,FALSE,FALSE,0.02733093615233541
Fez1,0.008417370153917858,0.9560617570108378,-0.24140831733724877,0.11601268445501388,-0.0622434490584407,0.7506370650099988,Fez1,FALSE,FALSE,FALSE,FALSE,0.10402304551653578,FALSE,FALSE,0.027327835958959143
Kbtbd2,0.13271766246311412,0.3112394929370943,0.15861756482482114,0.2648061304468559,0.02073207613413608,0.9314539144018982,Kbtbd2,FALSE,FALSE,FALSE,FALSE,0.10402243447402378,FALSE,FALSE,0.027327670740702952
Gm16365,0.11506463523916527,0.8511031983160617,0.15844101643735514,0.8007538151329715,0.03853852537177521,0.9692575353705227,Gm16365,FALSE,FALSE,FALSE,FALSE,0.10401472568276521,FALSE,FALSE,0.02732558637991944
Hspb6,-0.030804646193197005,0.9212427994085054,-0.20382401056175636,0.4711929112969407,0.07737666354554573,0.8528203949192884,Hspb6,FALSE,FALSE,FALSE,FALSE,0.1040017734334997,FALSE,FALSE,0.027322084253642853
Heatr1,-0.17140670669975933,0.4645680265765894,-0.02335117578402368,0.9339334819333573,-0.11718818518229313,0.7361398167309516,Heatr1,FALSE,FALSE,FALSE,FALSE,0.10398202255535871,FALSE,FALSE,0.02731674386311259
Clptm1l,-0.005262750671899852,0.9724274395141818,-0.1508453730254402,0.2613387705651277,-0.1558226741939226,0.3674681188904697,Clptm1l,FALSE,FALSE,FALSE,FALSE,0.10397693263042089,FALSE,FALSE,0.02731536761104199
Nupl2,-0.07646260473991262,0.73965985810742,-0.08669391676671401,0.7118589554567504,0.14869710500468747,0.6040510624745276,Nupl2,FALSE,FALSE,FALSE,FALSE,0.1039512088371047,FALSE,FALSE,0.027308412218919793
Samhd1,-0.09646202005748084,0.6290449578601445,-0.0717432319676492,0.7370471796739361,0.1436434534357227,0.5859851927703087,Samhd1,FALSE,FALSE,FALSE,FALSE,0.10394956848695092,FALSE,FALSE,0.027307968688745337
Lpcat1,-0.019568377496891998,0.9276047774433451,-0.2762869663767402,0.1751640242634439,-0.01595866555038583,0.9645037666394128,Lpcat1,FALSE,FALSE,FALSE,FALSE,0.10393800314133934,FALSE,FALSE,0.02730484156387816
Sdcbp2,0.05951435419600587,0.9131371310943561,0.16404341225844002,0.7480035801301211,0.08820314190898278,0.9096517207354082,Sdcbp2,FALSE,FALSE,FALSE,FALSE,0.10392030278780956,FALSE,FALSE,0.02730005560956777
Zfp445,0.11921076742845926,0.3285352347654419,0.1745581418166804,0.1951463739665055,-0.017785616179455843,0.9361739029450005,Zfp445,FALSE,FALSE,FALSE,FALSE,0.10385150847486517,FALSE,FALSE,0.02728145448739175
Smg9,-0.0759599665737456,0.7837828367219589,-0.19955943180476288,0.4550195787082011,-0.035997767190918406,0.9352793253721059,Smg9,FALSE,FALSE,FALSE,FALSE,0.10383905518980896,FALSE,FALSE,0.02727808727479947
Sarnp,0.02361609349736149,0.8946282996740045,0.2182246148711453,0.18655845112302147,-0.06966772295221979,0.7681228036900202,Sarnp,FALSE,FALSE,FALSE,FALSE,0.10383614377357553,FALSE,FALSE,0.02727730006424753
Cdkn1a,-0.03852182916422464,0.9314706384072392,0.0949630927384888,0.8255291120989992,-0.17798305396098746,0.7552179118008397,Cdkn1a,FALSE,FALSE,FALSE,FALSE,0.10382265862123363,FALSE,FALSE,0.02727365384764127
Elovl7,0.13602876482348636,0.6187931181214384,0.01883330109886483,0.9539267901805041,-0.15657344590279898,0.6870962481459709,Elovl7,FALSE,FALSE,FALSE,FALSE,0.10381183727505006,FALSE,FALSE,0.027270727890918185
Mtg2,-0.06265746850154708,0.7830913863242546,-0.15338288491423002,0.486811347631257,0.09536343872336239,0.7520055843307022,Mtg2,FALSE,FALSE,FALSE,FALSE,0.10380126404637983,FALSE,FALSE,0.027267869022068826
Zkscan4,-0.12721002829135042,0.5810350219735706,0.06363243408823571,0.7971587405697481,-0.12039305300710224,0.7068203574972085,Zkscan4,FALSE,FALSE,FALSE,FALSE,0.1037451717955628,FALSE,FALSE,0.027252702378694985
Mbd2,-0.06153762723544354,0.6692988264823946,-0.060361832198964294,0.6980562540870696,-0.1893334204539867,0.31504231908507296,Mbd2,FALSE,FALSE,FALSE,FALSE,0.10374429329613151,FALSE,FALSE,0.02725246484343148
Trub2,0.08589967387740494,0.6395042856778482,-0.06584698028995417,0.7414303676954953,0.1594136897656142,0.5052860783650747,Trub2,FALSE,FALSE,FALSE,FALSE,0.10372011464432444,FALSE,FALSE,0.027245927238256494
Cyp20a1,0.08569314250077209,0.4955352892245412,-0.1370998619491166,0.29913348655956795,-0.08835641644119896,0.622580252672698,Cyp20a1,FALSE,FALSE,FALSE,FALSE,0.10371647363036256,FALSE,FALSE,0.027244942753599975
Rragc,0.23274249401184388,0.057866366417955666,0.06940575260303117,0.5907624388561629,-0.008974670309774169,0.9681061830354413,Rragc,FALSE,FALSE,FALSE,FALSE,0.10370763897488307,FALSE,FALSE,0.02724255397320631
Tubgcp3,-0.09048792688404905,0.5537207406420382,0.07765225476119841,0.6336757906420161,-0.14297983540394643,0.4895290636965754,Tubgcp3,FALSE,FALSE,FALSE,FALSE,0.1037066723497313,FALSE,FALSE,0.027242292609849707
Atp7a,0.10407367301157322,0.40062538926817554,0.1622358291139525,0.22400941280741085,0.04473212212853728,0.8214965224027786,Atp7a,FALSE,FALSE,FALSE,FALSE,0.10368054141802101,FALSE,FALSE,0.027235227132595657
Dynlt1a,-0.1113927748638941,0.7802552183404643,-0.048369861805283465,0.9090563289084757,-0.15125095589965065,0.7846285800956893,Dynlt1a,FALSE,FALSE,FALSE,FALSE,0.10367119752294274,FALSE,FALSE,0.027232700660180832
Cyp4f13,-0.21383259438183178,0.3061002106765895,-0.07856539899674386,0.7337224407776441,0.018562762305916358,0.9615068296976624,Cyp4f13,FALSE,FALSE,FALSE,FALSE,0.103653585228164,FALSE,FALSE,0.027227938515855844
Gm42918,-0.09498503038334138,0.8527738080803908,0.0849035959908433,0.8698949210695819,-0.13098182804626152,0.8600778942286497,Gm42918,FALSE,FALSE,FALSE,FALSE,0.1036234848068154,FALSE,FALSE,0.027219799738228866
Hacl1,-0.04525947656809981,0.9235439818867548,-0.13247731127346185,0.7741778754463488,0.1330861091170188,0.8259986382223273,Hacl1,FALSE,FALSE,FALSE,FALSE,0.10360763231952681,FALSE,FALSE,0.02721551342384868
Pigp,0.14851740192058838,0.4737727062848372,0.15386732381670853,0.48263147690823754,0.008435466268984726,0.9816918226492667,Pigp,FALSE,FALSE,FALSE,FALSE,0.10360673066876054,FALSE,FALSE,0.027215269628753622
Serpina3g,0.0819882841973753,0.8819226446177186,-0.07945461534256351,0.8903669425551053,0.14936174692792503,0.8439428898523196,Serpina3g,FALSE,FALSE,FALSE,FALSE,0.10360154882262128,FALSE,FALSE,0.027213868522339323
Igtp,0.22447791610641277,0.38084648173524976,-0.07735479222999952,0.801201460370492,0.008932313951395265,0.9841845632352854,Igtp,FALSE,FALSE,FALSE,FALSE,0.10358834076260252,FALSE,FALSE,0.027210297228033125
Mettl5,0.18793378101757385,0.3039455846767392,-1.437025324921848e-4,0.9994605431128115,-0.12268394591765475,0.6547536462708212,Mettl5,FALSE,FALSE,FALSE,FALSE,0.10358714315590693,FALSE,FALSE,0.027209973410154725
Nup188,-0.20103177387518922,0.2501881189648092,-0.044164284534641496,0.8288309647612446,0.0655363999440075,0.8078027986058567,Nup188,FALSE,FALSE,FALSE,FALSE,0.10357748611794608,FALSE,FALSE,0.027207362267819262
Arl6,0.17187566842115043,0.370351083661657,0.1338953853132594,0.5192990433562524,-0.004720013880340268,0.9890612592287737,Arl6,FALSE,FALSE,FALSE,FALSE,0.10349702253825004,FALSE,FALSE,0.02718560592179897
Map2k3,0.1465338449325051,0.333984713954729,0.025911039782765766,0.8872416621722781,0.1379213967018602,0.5142216748241247,Map2k3,FALSE,FALSE,FALSE,FALSE,0.1034554271390437,FALSE,FALSE,0.027174359045865737
Rps6kb2,-0.09071115516232675,0.6649793256369729,-0.14681849160190152,0.4841647492537692,0.07272771056678806,0.80660148337424,Rps6kb2,FALSE,FALSE,FALSE,FALSE,0.10341911911033878,FALSE,FALSE,0.027164541808815102
Pcdha12,-0.12388283664814015,0.7180726455235084,-0.17975977908080676,0.6014181023355679,0.006492726906004442,0.9901796608639275,Pcdha12,FALSE,FALSE,FALSE,FALSE,0.10337844754498378,FALSE,FALSE,0.027153544726005795
Rnf141,0.12951496326290357,0.37746655878233704,0.1285481061460949,0.4126787306671974,0.05205196529402478,0.8258753707350825,Rnf141,FALSE,FALSE,FALSE,FALSE,0.10337167823434108,FALSE,FALSE,0.027151714389035735
Dlec1,0.0807429691934769,0.8069461294106717,0.11706058428480315,0.7215004392314425,0.11226099978936865,0.8057146470903024,Dlec1,FALSE,FALSE,FALSE,FALSE,0.10335485108921623,FALSE,FALSE,0.02714716453936147
Maoa,0.12912978406718612,0.4094747933699351,-0.06243097665366726,0.7278480665995208,-0.11847811436908628,0.6018000001898766,Maoa,FALSE,FALSE,FALSE,FALSE,0.10334629169664655,FALSE,FALSE,0.027144850186617376
Ccdc171,0.07189355476929604,0.7996610439740564,-0.06928679156320161,0.8189733022569107,0.1688361218652501,0.6353991793414071,Ccdc171,FALSE,FALSE,FALSE,FALSE,0.10333882273258259,FALSE,FALSE,0.02714283067210904
Mpzl1,-0.05600443655500964,0.7651600347200143,-0.19698190730022658,0.2779049686673471,-0.05697997359234375,0.8328401526503639,Mpzl1,FALSE,FALSE,FALSE,FALSE,0.10332210581585999,FALSE,FALSE,0.02713831062681671
Laptm5,-0.20291980583120672,0.5640492287377168,0.059410191939778034,0.8760775826566706,0.0475176770055219,0.934080055478921,Laptm5,FALSE,FALSE,FALSE,FALSE,0.10328255825883555,FALSE,FALSE,0.027127617461808
Pcdhb6,0.03958841990463746,0.8938990604939785,0.2515532842437147,0.3320611692150102,0.018306789554423553,0.9688448947437457,Pcdhb6,FALSE,FALSE,FALSE,FALSE,0.10314949790092524,FALSE,FALSE,0.0270916396045064
Rell1,-0.07017556783883716,0.7099890722902513,-0.05826969522952963,0.7712043895681555,-0.18089632877632456,0.45565692452552997,Rell1,FALSE,FALSE,FALSE,FALSE,0.10311386394823045,FALSE,FALSE,0.02708200462918182
Btbd9,-0.19896103755385042,0.3897886104041697,0.06974003000010054,0.7959881785526419,0.0403873281313718,0.9217800069562034,Btbd9,FALSE,FALSE,FALSE,FALSE,0.10302946522844092,FALSE,FALSE,0.027059184270476093
Pkd1,-0.2185996687666245,0.11457196459410644,-0.07068348087270326,0.6475870316534664,0.019742659770781046,0.9365508379727022,Pkd1,FALSE,FALSE,FALSE,FALSE,0.10300860313670294,FALSE,FALSE,0.027053543421681234
Snapc2,-0.09909754639369872,0.6211562876459801,-0.14350255829669312,0.48160413690977955,-0.06642558636634988,0.8258753707350825,Snapc2,FALSE,FALSE,FALSE,FALSE,0.10300856368558058,FALSE,FALSE,0.02705353275459095
Dnajc7,-0.15429589575648706,0.2841428510751924,-0.07021372952576677,0.6669891299989024,-0.08451335259403692,0.6942284718936174,Dnajc7,FALSE,FALSE,FALSE,FALSE,0.10300765929209692,FALSE,FALSE,0.0270532882178994
Utrn,0.24624232909411692,0.2699191968648171,0.02286679941863312,0.9347547225667081,-0.03981861498756345,0.9222766556048866,Utrn,FALSE,FALSE,FALSE,FALSE,0.1029759145001045,FALSE,FALSE,0.027044704823007724
Rab6a,0.09160764896608509,0.7118419401726043,0.1490610006219537,0.5565253621846682,-0.06817260616696164,0.8603825908891904,Rab6a,FALSE,FALSE,FALSE,FALSE,0.1029470852516668,FALSE,FALSE,0.027036909754644064
Katna1,-0.07237711091916754,0.6452754020383616,-0.08244154373349133,0.6145721394423471,-0.15400128821786296,0.4556086002842108,Katna1,FALSE,FALSE,FALSE,FALSE,0.10293998095684061,FALSE,FALSE,0.027034988842138646
Trim65,0.06757247239485098,0.7338814827534901,0.016439855440420814,0.9414937342746121,0.22474675687563694,0.35047883971567,Trim65,FALSE,FALSE,FALSE,FALSE,0.10291969490363624,FALSE,FALSE,0.02702950374696183
Sun1,-0.06774958736744185,0.5348247530232209,-0.12347612092815385,0.28039620021617995,-0.1174602403873406,0.43208725836388395,Sun1,FALSE,FALSE,FALSE,FALSE,0.10289531622764543,FALSE,FALSE,0.027022912057748195
Ppp2r2d,-0.1312650818659895,0.3318701903801222,-0.060686270120820396,0.6910959912237041,-0.11667234160091766,0.5421683506515712,Ppp2r2d,FALSE,FALSE,FALSE,FALSE,0.10287456452924253,FALSE,FALSE,0.02701730105793104
Slc2a12,-0.21402221264045762,0.6845521472369391,-0.0666700573247565,0.9062166178490747,0.027924256175404727,0.9737125519878691,Slc2a12,FALSE,FALSE,FALSE,FALSE,0.10287217538020628,FALSE,FALSE,0.027016655061900003
Exosc7,-0.17074296805706668,0.35692465623582365,-0.12283181654456543,0.5335605159546664,-0.015033062022638433,0.9661443300099136,Exosc7,FALSE,FALSE,FALSE,FALSE,0.10286928220809018,FALSE,FALSE,0.027015872784329306
Gm6136,0.0248872973985928,0.9560617570108378,-0.12298499880065517,0.7824221621069427,-0.1606441733226222,0.786939508443944,Gm6136,FALSE,FALSE,FALSE,FALSE,0.10283882317395672,FALSE,FALSE,0.027007637042288563
Arfgap1,-0.06875092926129778,0.646364616627892,-0.11540603850653763,0.4518305609076963,-0.12414336153583516,0.5432299667654307,Arfgap1,FALSE,FALSE,FALSE,FALSE,0.10276677643455685,FALSE,FALSE,0.026988156504659758
Arg1,0.09942583080361889,0.8320612127944227,0.2083289567073452,0.643862690278799,5.343125547283556e-4,0.9993202233505614,Arg1,FALSE,FALSE,FALSE,FALSE,0.1027630333552308,FALSE,FALSE,0.026987144422804754
Mlycd,-0.17985196898603917,0.3519467886395709,-0.11902133462105535,0.5690972937922605,-0.009385826816784792,0.9781783313210822,Mlycd,FALSE,FALSE,FALSE,FALSE,0.10275304347462644,FALSE,FALSE,0.026984443283979573
Mrrf,0.1357252212703539,0.36490432222025126,0.1438949842653443,0.3628061062450673,-0.02860236503224023,0.9137155754780841,Mrrf,FALSE,FALSE,FALSE,FALSE,0.10274085685597949,FALSE,FALSE,0.026981148174650582
Relb,-0.0785434972687713,0.7875817437453299,-0.09204287707966174,0.7572573926102713,-0.1376163143930067,0.7243555493447833,Relb,FALSE,FALSE,FALSE,FALSE,0.10273422958047991,FALSE,FALSE,0.02697935624220754
Ints11,-0.06050332614586473,0.7423126995069955,-0.221854102485461,0.22364151860818116,0.02553780428942609,0.9318250142076757,Ints11,FALSE,FALSE,FALSE,FALSE,0.10263174430691728,FALSE,FALSE,0.026951645505473784
Rab5if,-0.019393084866837995,0.942455569745003,-0.14147716099042373,0.5575451484424442,0.1468989163694987,0.6333888823215602,Rab5if,FALSE,FALSE,FALSE,FALSE,0.10258972074225348,FALSE,FALSE,0.026940282858953637
Mcfd2,-0.13172575155792732,0.4299628560633974,-0.07634055321067468,0.6830782282704534,-0.0996979776423288,0.6818589317860393,Mcfd2,FALSE,FALSE,FALSE,FALSE,0.10258809413697693,FALSE,FALSE,0.02693984304522215
Arid5b,-0.14486616819857723,0.5909597654183383,0.10528760419780969,0.7224581151382411,-0.0575914144976446,0.8988443503559427,Arid5b,FALSE,FALSE,FALSE,FALSE,0.10258172896467717,FALSE,FALSE,0.02693812198220761
Chst9,0.20123624916045357,0.6729031099873789,-0.049608056078068063,0.9294050761188649,-0.05675702909910019,0.945951707454794,Chst9,FALSE,FALSE,FALSE,FALSE,0.10253377811254061,FALSE,FALSE,0.026925156671255848
Txndc16,0.07642084666004312,0.6189978437324404,0.15047087210051924,0.33837911559107026,0.08051036994591687,0.7174920010603905,Txndc16,FALSE,FALSE,FALSE,FALSE,0.10246736290215974,FALSE,FALSE,0.026907198828670237
Crb3,-0.2048688946181021,0.3351672131109847,0.08227316824289943,0.7197704229697133,0.02024313468269412,0.9578501646983947,Crb3,FALSE,FALSE,FALSE,FALSE,0.10246173251456521,FALSE,FALSE,0.02690567644225395
Zfp940,0.0068712737003262525,0.9817669632929185,0.19778874335537644,0.45282030447178295,-0.10270497779361465,0.7983917031109229,Zfp940,FALSE,FALSE,FALSE,FALSE,0.10245499828310578,FALSE,FALSE,0.026903855590256494
Med30,-0.008080965755205227,0.9731126653806509,0.12866800683635748,0.5358321647793869,0.17054395228771835,0.5243802984022411,Med30,FALSE,FALSE,FALSE,FALSE,0.10243097495976035,FALSE,FALSE,0.026897359983955666
Slc35c2,-0.00803938503191537,0.9767421997051944,-0.2648390650715795,0.2886643730751487,-0.03440115076330885,0.9337036850760244,Slc35c2,FALSE,FALSE,FALSE,FALSE,0.1024265336222679,FALSE,FALSE,0.02689615910182187
Gm49125,0.2141878714000221,0.8051698915885332,-0.017453874011088666,0.9853747491583585,-0.07553036702859295,0.9609730014174996,Gm49125,FALSE,FALSE,FALSE,FALSE,0.10239070414656791,FALSE,FALSE,0.02688647125952105
Commd2,0.1571697092364408,0.4825783561632966,0.10456845697776185,0.6695351175393927,-0.045372967021914956,0.9052165136027727,Commd2,FALSE,FALSE,FALSE,FALSE,0.10237037774537254,FALSE,FALSE,0.02688097525475188
Ankzf1,0.14185509253979056,0.35057256195358977,0.011564471173710178,0.9519017744519109,0.1536455452136174,0.46074046765928167,Ankzf1,FALSE,FALSE,FALSE,FALSE,0.10235503630903937,FALSE,FALSE,0.026876827122161044
Camkk2,0.2578664902880776,0.20181497156590247,-0.043147104614758014,0.8607833554022071,-0.005921644758694278,0.987007007124099,Camkk2,FALSE,FALSE,FALSE,FALSE,0.1023117465538433,FALSE,FALSE,0.026865122113550473
Cd109,-0.06538656499058293,0.8542377990673647,0.17715606092154568,0.5898251138003908,0.06429944396742959,0.9027211894510595,Cd109,FALSE,FALSE,FALSE,FALSE,0.10228068995985273,FALSE,FALSE,0.02685672479879487
Lrrc9,-0.10051302624280689,0.7304381087414794,0.04745376700011228,0.8778368642055718,0.15884210577276958,0.6672326125389431,Lrrc9,FALSE,FALSE,FALSE,FALSE,0.10226963300522958,FALSE,FALSE,0.026853735136495218
Gjb1,-0.2595373336556016,0.6609032538616135,-0.04076239817344027,0.951423638440474,0.006455869187111468,0.9942437822308332,Gjb1,FALSE,FALSE,FALSE,FALSE,0.10225186700538445,FALSE,FALSE,0.026848931432241853
Slc16a9,-0.17837178723682756,0.6953129151678763,-0.09985964568134609,0.8379475336311463,0.02839655404017405,0.9695215245494374,Slc16a9,FALSE,FALSE,FALSE,FALSE,0.1022093289861159,FALSE,FALSE,0.026837429683628126
Hmbs,-0.1736066884904499,0.27328870393819177,-0.09109516727859157,0.5934022856507757,0.04188669502240838,0.8695236165927276,Hmbs,FALSE,FALSE,FALSE,FALSE,0.10219618359714995,FALSE,FALSE,0.02683387533479111
Ppp2ca,0.09298184972572088,0.6211562876459801,0.1077170383502759,0.589876077614054,-0.10583712985300853,0.693855170501762,Ppp2ca,FALSE,FALSE,FALSE,FALSE,0.10217867264300177,FALSE,FALSE,0.026829140591705703
Recql,0.07761433522192629,0.6602695957228838,-0.053134589171807356,0.7864317939540669,-0.1757436567501678,0.45548065032224644,Recql,FALSE,FALSE,FALSE,FALSE,0.10216419371463381,FALSE,FALSE,0.026825225670485862
Heatr3,0.06893147902196706,0.6973792971964393,0.18061177291924668,0.29908404379738784,0.056911555036534445,0.8303516551246484,Heatr3,FALSE,FALSE,FALSE,FALSE,0.10215160232591607,FALSE,FALSE,0.026821821116390032
Mark1,-0.21896718051742958,0.1632657495320273,-0.060174892271829705,0.7341050851433204,-0.027137961276290312,0.9222094816970842,Mark1,FALSE,FALSE,FALSE,FALSE,0.10209334468851654,FALSE,FALSE,0.026806068979555245
Zdhhc18,-0.09376250453660084,0.7308152997469148,-0.1635763214855519,0.5451582183572474,-0.048895510765962324,0.9079347796936053,Zdhhc18,FALSE,FALSE,FALSE,FALSE,0.10207811226270502,FALSE,FALSE,0.026801950322046648
Dtymk,-0.1469353690740567,0.49814035426450665,-0.0066514951827274515,0.9798446982244164,-0.15262177526898846,0.6126397595250853,Dtymk,FALSE,FALSE,FALSE,FALSE,0.10206954650859086,FALSE,FALSE,0.026799634249220453
Pard3b,0.1646205224334336,0.29492097827987857,0.08175260115624017,0.6433230091500648,0.05983384598848307,0.81107878657535,Pard3b,FALSE,FALSE,FALSE,FALSE,0.10206898985938562,FALSE,FALSE,0.026799483738234403
Phrf1,-0.22519054579176245,0.21520570837494363,-0.023863392306666675,0.9144518276974233,-0.05712384951451632,0.850414967492888,Phrf1,FALSE,FALSE,FALSE,FALSE,0.10205926253764848,FALSE,FALSE,0.026796853592044496
Tor1b,-0.022575631840014765,0.897794983120712,-0.1830230292275088,0.25973685125454143,-0.10055096855250145,0.649894386994797,Tor1b,FALSE,FALSE,FALSE,FALSE,0.10204987654000834,FALSE,FALSE,0.026794315735623294
Lpgat1,0.10801448315931239,0.5598417213152777,0.14301462776153784,0.46020108232073376,-0.05511641413039747,0.8537132223151842,Lpgat1,FALSE,FALSE,FALSE,FALSE,0.1020485083504159,FALSE,FALSE,0.02679394579426216
Mafb,-0.04759247008950718,0.8699747467077847,-0.222144295010283,0.4161128414042933,-0.03637897373628718,0.9354266259998649,Mafb,FALSE,FALSE,FALSE,FALSE,0.10203857961202578,FALSE,FALSE,0.02679126118752733
Zyg11b,0.15488147496641513,0.19319798464481458,0.0950390032588384,0.46311975435763264,0.05618636728717252,0.7631589856259438,Zyg11b,FALSE,FALSE,FALSE,FALSE,0.10203561517080868,FALSE,FALSE,0.02679045963968271
Ddr2,0.16728160108187318,0.688747382246159,0.076026560807124,0.8721026360392119,0.06270776750794216,0.9294950688482757,Ddr2,FALSE,FALSE,FALSE,FALSE,0.10200530979897977,FALSE,FALSE,0.026782265446008077
Tomm22,0.004897185589253894,0.976817449956721,-0.12196156770681021,0.4227596678268231,-0.1791266578322972,0.36266984049165635,Tomm22,FALSE,FALSE,FALSE,FALSE,0.1019951370427871,FALSE,FALSE,0.026779514859910074
Inafm2,0.09521677777695992,0.546056010071717,0.090976706950614,0.5849612336448108,0.11974627723646858,0.5806814573102527,Inafm2,FALSE,FALSE,FALSE,FALSE,0.10197992065468083,FALSE,FALSE,0.026775400538796474
Golm1,0.048164578089569865,0.8312357612494871,-0.1693838368051046,0.43465157100224333,0.0883312509410783,0.7714245997647146,Golm1,FALSE,FALSE,FALSE,FALSE,0.10195988861191758,FALSE,FALSE,0.02676998412486738
Scaper,0.08627653825813741,0.5861348825388208,0.17171156609159866,0.2929967336439495,0.04787342351729329,0.8507520340074548,Scaper,FALSE,FALSE,FALSE,FALSE,0.10195384262234312,FALSE,FALSE,0.026768349364871442
Atp6v0b,0.0030726065146504666,0.9859160350636175,-0.13870326774427966,0.40044267623456986,-0.16405489589949163,0.4470568290620826,Atp6v0b,FALSE,FALSE,FALSE,FALSE,0.10194359005280725,FALSE,FALSE,0.026765577198243233
Thyn1,-0.13682701123759777,0.3957830372504935,0.03039455262354629,0.8737697771255699,-0.13858013515615042,0.5436953257203301,Thyn1,FALSE,FALSE,FALSE,FALSE,0.1019338996724315,FALSE,FALSE,0.026762957040535613
Dag1,-0.15725578381350758,0.17335852188337034,-0.07118350456051648,0.5789165065037811,-0.07726897522338572,0.650562486798973,Dag1,FALSE,FALSE,FALSE,FALSE,0.10190275453246993,FALSE,FALSE,0.026754535784056423
Tmem204,-0.07589695741029434,0.8258894733784179,-0.1970229499528342,0.5564694112809778,-0.03274272060731853,0.9526275414227284,Tmem204,FALSE,FALSE,FALSE,FALSE,0.1018875426568157,FALSE,FALSE,0.026750422683053443
Dmac1,-0.09666454143017056,0.6249028283542646,-0.14741766602761475,0.4596626512161526,-0.061495821958829744,0.8376562359892641,Dmac1,FALSE,FALSE,FALSE,FALSE,0.10185934313887168,FALSE,FALSE,0.02674279788594259
Tada2a,-0.14019577624672008,0.5155516723620035,-0.11473611888041768,0.615189635608164,0.05053976111217118,0.882278110317206,Tada2a,FALSE,FALSE,FALSE,FALSE,0.10182388541310299,FALSE,FALSE,0.026733210560175694
Gfra4,0.10668831286090796,0.8881160318129836,-0.047592810587977485,0.9534726804743918,-0.151128742603444,0.8942686713611929,Gfra4,FALSE,FALSE,FALSE,FALSE,0.10180328868410982,FALSE,FALSE,0.026727641462149555
Sf3b4,-0.243279062599131,0.24509405961338815,-0.029500028101549614,0.9020054132818716,-0.03262151490082399,0.9277681321383151,Sf3b4,FALSE,FALSE,FALSE,FALSE,0.1018002018671682,FALSE,FALSE,0.026726806825438924
Fam219b,-0.1441713729912788,0.3145214601676718,-0.11977337136650146,0.43360466186563257,-0.04144472467809823,0.8617068038132876,Fam219b,FALSE,FALSE,FALSE,FALSE,0.10179648967862616,FALSE,FALSE,0.02672580309606573
Mtmr7,0.17086730498492742,0.1685647534163031,0.032307648960745006,0.8277868395420931,0.10218227641445488,0.5675819772094107,Mtmr7,FALSE,FALSE,FALSE,FALSE,0.10178574345337577,FALSE,FALSE,0.026722897451103837
Ppp1r21,-0.17490983302500407,0.4120782745808552,0.11596307178929433,0.6174446114520438,-0.014425417593872503,0.9702827424909112,Ppp1r21,FALSE,FALSE,FALSE,FALSE,0.1017661074693903,FALSE,FALSE,0.026717588126516856
Myo1h,0.03570076591472238,0.9280098964440857,0.13208193996667728,0.7195145255311175,0.13749029010367764,0.7850435928194189,Myo1h,FALSE,FALSE,FALSE,FALSE,0.1017576653283591,FALSE,FALSE,0.026715305477122923
Gm12655,-0.08176334568959565,0.7462894770347138,-0.10525831854609002,0.6836418179779201,-0.11816157623349532,0.7306377235054289,Gm12655,FALSE,FALSE,FALSE,FALSE,0.10172774682306034,FALSE,FALSE,0.026707215887321566
Calb1,-0.08798427176234025,0.7696937676576064,0.10139835403589892,0.7498999684757057,-0.11579688155346712,0.787969696283249,Calb1,FALSE,FALSE,FALSE,FALSE,0.10172650245056876,FALSE,FALSE,0.026706879424556584
Xrcc2,-0.14511848008995054,0.486060824648174,-0.023371185867782973,0.9221829979444641,-0.1366744849603081,0.6367574325962324,Xrcc2,FALSE,FALSE,FALSE,FALSE,0.1017213836393472,FALSE,FALSE,0.026705495361995988
Cwc15,-0.0509849278729817,0.6920798487230205,-0.10973045284079141,0.3953697596400647,-0.14440524507735208,0.3889473934382578,Cwc15,FALSE,FALSE,FALSE,FALSE,0.1017068752637084,FALSE,FALSE,0.026701572478602255
St3gal2,-0.10098952048588572,0.640483777235101,-0.18321912863058287,0.3999505152983382,0.020850041910867922,0.9561016607246711,St3gal2,FALSE,FALSE,FALSE,FALSE,0.1016862303424455,FALSE,FALSE,0.026695990349988864
Polh,-0.025145049879870207,0.9147547171574769,-0.1801018090547739,0.3963159916616535,-0.09978353833501696,0.7375481966833609,Polh,FALSE,FALSE,FALSE,FALSE,0.10167679908988703,FALSE,FALSE,0.026693440257203504
Purg,0.08107590965891598,0.6633453914217281,0.05248874483742716,0.797580974491119,-0.1713387078885602,0.4918152224753389,Purg,FALSE,FALSE,FALSE,FALSE,0.10163445412830112,FALSE,FALSE,0.02668199070897362
Rbm24,-0.2454201343262093,0.6082788381761383,0.04376058541322003,0.9336263925065086,-0.01571146566328152,0.9834660328109647,Rbm24,FALSE,FALSE,FALSE,FALSE,0.10163072846757028,FALSE,FALSE,0.026680983336888998
Ift172,-0.04456929907912066,0.8261073225526435,-0.17260590010788146,0.3739832869093867,-0.08771487013832235,0.7521285657952722,Ift172,FALSE,FALSE,FALSE,FALSE,0.10163002310844149,FALSE,FALSE,0.026680792616598746
Immt,-0.07212269541315841,0.5220106095898016,-0.12924918707567468,0.2746686979256006,-0.1034586554434016,0.5074203544472747,Immt,FALSE,FALSE,FALSE,FALSE,0.1016101793107449,FALSE,FALSE,0.026675427101782296
Rab40b,0.23984692568448907,0.2729832178311922,-0.041235392749487065,0.8781640176836818,0.02361119965285141,0.9540892383272409,Rab40b,FALSE,FALSE,FALSE,FALSE,0.10156450602894251,FALSE,FALSE,0.026663077617375453
Hnrnph2,0.12902215767143854,0.5868477856872472,0.1660871104850381,0.5034150234998475,-0.009523654742903176,0.9816918226492667,Hnrnph2,FALSE,FALSE,FALSE,FALSE,0.10154430763312661,FALSE,FALSE,0.026657616223660613
Polg,-0.2098714315557828,0.12928019049070805,-0.07598840464196677,0.6132303951816417,-0.018720182780966432,0.938907882023053,Polg,FALSE,FALSE,FALSE,FALSE,0.10152667299290534,FALSE,FALSE,0.02665284803740732
6330403L08Rik,0.016158964657278174,0.9758444915187687,-0.20695324844263108,0.6872384322201636,0.08132578938334767,0.9142886791501028,6330403L08Rik,FALSE,FALSE,FALSE,FALSE,0.10147933416108564,FALSE,FALSE,0.02664004820909796
Pced1b,-0.1731683996471518,0.6343544019876021,-0.1270904555995176,0.7388122709308612,0.0037926717872469595,0.9944579342792622,Pced1b,FALSE,FALSE,FALSE,FALSE,0.10135050901130545,FALSE,FALSE,0.026605215499127546
Phf2,-0.16972598930706617,0.2858136325704664,-0.12234971094625813,0.47960663127126457,-0.011733993528022957,0.9688448947437457,Phf2,FALSE,FALSE,FALSE,FALSE,0.10126989792711576,FALSE,FALSE,0.026583419269736227
Eps8l1,0.011857908475038759,0.9859160350636175,0.1115112194771477,0.8706329840401553,0.1803018835070569,0.8458363608252204,Eps8l1,FALSE,FALSE,FALSE,FALSE,0.10122367048641445,FALSE,FALSE,0.02657091994769103
Gfm2,-0.03565268255330345,0.8304040396315492,0.16089836685104952,0.29828776400111556,0.10705257796069922,0.6112742687111031,Gfm2,FALSE,FALSE,FALSE,FALSE,0.10120120912168407,FALSE,FALSE,0.026564846675472615
Ctdp1,-0.15803445171581387,0.3949905264122039,-0.047448243270781454,0.8254896364846287,0.09812009059071602,0.713382629184324,Ctdp1,FALSE,FALSE,FALSE,FALSE,0.10120092852577045,FALSE,FALSE,0.026564770805845492
Ceacam10,-0.19690359165833682,0.566804764486785,-0.013459899325860558,0.9731052859816911,0.0931679162875465,0.8553592214548933,Ceacam10,FALSE,FALSE,FALSE,FALSE,0.10117713575724796,FALSE,FALSE,0.026558337538686468
Ap2a2,-0.0786388285164259,0.5659475437646017,-0.094712237262363,0.5110923295653009,-0.13010527791814486,0.48674723371082446,Ap2a2,FALSE,FALSE,FALSE,FALSE,0.10115211456564459,FALSE,FALSE,0.02655157212128372
Tpd52l2,0.1323793586193336,0.5015951813529742,0.12972548131652406,0.5393494646097449,-0.04133182448342687,0.903169279293507,Tpd52l2,FALSE,FALSE,FALSE,FALSE,0.10114555480642817,FALSE,FALSE,0.026549798444399583
Paip2b,0.2288873199420598,0.0869271043608238,-0.04429170793553183,0.7717225723664386,0.030217202209070315,0.8938736805176936,Paip2b,FALSE,FALSE,FALSE,FALSE,0.10113207669555398,FALSE,FALSE,0.02654615413171816
Map2k5,0.08246755323598531,0.6470541358795969,0.07584187437780265,0.6934321841329113,0.14502328925020258,0.5432299667654307,Map2k5,FALSE,FALSE,FALSE,FALSE,0.10111090562133018,FALSE,FALSE,0.026540429737921933
Polb,0.10291118094281071,0.5759201835172267,0.0602602030498991,0.7685889375436256,-0.14011080518603425,0.5853460266172439,Polb,FALSE,FALSE,FALSE,FALSE,0.10109406305958135,FALSE,FALSE,0.026535875719785284
St8sia3,-0.15908836746191568,0.3525611357597994,-0.08353738709158698,0.6679840142791484,-0.06064285372735512,0.8276548912549092,St8sia3,FALSE,FALSE,FALSE,FALSE,0.10108953609361926,FALSE,FALSE,0.026534651684783788
Brip1os,-0.15529656995404917,0.3536808054477896,-0.058808727683135054,0.7593994648691753,-0.08915697508975384,0.7219038246908102,Brip1os,FALSE,FALSE,FALSE,FALSE,0.10108742424231269,FALSE,FALSE,0.026534080666592172
Gpr153,0.1531770732378428,0.5879984444199426,-0.1248396781206429,0.6886197269319565,0.025214960573682887,0.9619986731049294,Gpr153,FALSE,FALSE,FALSE,FALSE,0.10107723731072286,FALSE,FALSE,0.02653132624764399
Phkg2,-0.017968447242679986,0.9439169991760743,-0.17996144700396854,0.4273965674505399,0.10524970056390037,0.7340837446735566,Phkg2,FALSE,FALSE,FALSE,FALSE,0.10105986493684964,FALSE,FALSE,0.02652662897493244
Stk38,-0.14721417691281324,0.3115497891074705,-0.10620751027623854,0.4976992996967757,-0.04973620128557332,0.8321133926766517,Stk38,FALSE,FALSE,FALSE,FALSE,0.1010526294915417,FALSE,FALSE,0.02652467260097636
Lmnb1,0.06349909484114669,0.7436259240095232,-0.012556457946241384,0.9549263233738063,0.2270130242210202,0.3351526116781136,Lmnb1,FALSE,FALSE,FALSE,FALSE,0.10102285900280276,FALSE,FALSE,0.026516623033002326
Lrrk1,0.004376588041723473,0.9862667192428324,-0.07367907606488266,0.7777489411762407,0.22497039785391548,0.451022809908874,Lrrk1,FALSE,FALSE,FALSE,FALSE,0.10100868732017387,FALSE,FALSE,0.026512791187189244
Pde7b,0.15832096778745086,0.5599465441303217,0.11931318713240469,0.6910959912237041,0.025354410411078554,0.9603915544670435,Pde7b,FALSE,FALSE,FALSE,FALSE,0.1009961884436447,FALSE,FALSE,0.026509411647232646
Cdk2ap1,-0.026345456233577202,0.9012512273764252,-0.15675426653389302,0.4195877643053903,-0.11980587409385812,0.6508208796659132,Cdk2ap1,FALSE,FALSE,FALSE,FALSE,0.10096853228710945,FALSE,FALSE,0.026501933768253792
Nelfb,-0.12936831179427521,0.39068031590017394,-0.1196101555621194,0.4582561395784914,-0.053829561933069314,0.822200494301463,Nelfb,FALSE,FALSE,FALSE,FALSE,0.10093600976315464,FALSE,FALSE,0.02649314008436244
Ranbp1,0.15757107353704392,0.529340586329999,0.0879039119158822,0.75485631515033,-0.05707637067865434,0.8923244820420421,Ranbp1,FALSE,FALSE,FALSE,FALSE,0.10085045204386016,FALSE,FALSE,0.026470006346680005
Klhl5,0.04621482473247873,0.8369694763428169,-0.21111050393390673,0.3259296206221766,-0.04519013179251541,0.8945125634117448,Klhl5,FALSE,FALSE,FALSE,FALSE,0.10083848681963363,FALSE,FALSE,0.026466771099634495
Gm16023,0.16344952939534907,0.5729684312850295,0.11928565175456396,0.7031997317423567,0.019635174221691143,0.9693327774166479,Gm16023,FALSE,FALSE,FALSE,FALSE,0.10079011845720139,FALSE,FALSE,0.02645369289911836
Nt5c3,0.08644809964289646,0.6199938337748427,0.21413082498997404,0.22362541810982733,0.0017797116910838184,0.9946967334510257,Nt5c3,FALSE,FALSE,FALSE,FALSE,0.10078621210798477,FALSE,FALSE,0.026452636671126097
Tox2,0.043590650211267956,0.9174831664404683,-0.09527787561134238,0.8219258048129209,0.16339976800275613,0.7542311804984544,Tox2,FALSE,FALSE,FALSE,FALSE,0.10075609794178882,FALSE,FALSE,0.026444494177064227
Ndst2,-0.13110462386831667,0.4938800405661042,-0.07833294069977859,0.705860334460487,0.09280833312921066,0.7320522012263125,Ndst2,FALSE,FALSE,FALSE,FALSE,0.10074863256576864,FALSE,FALSE,0.02644247563271808
Pold4,-0.07405947488255782,0.7350915465714858,-0.15055068222814638,0.48263147690823754,-0.0775371053106646,0.8034181599254954,Pold4,FALSE,FALSE,FALSE,FALSE,0.10071575414045626,FALSE,FALSE,0.026433585717548995
Gsdmd,-0.043172903404521845,0.903306710403295,-0.0630540427844235,0.8580321352249851,-0.19589700924165765,0.6559364401879924,Gsdmd,FALSE,FALSE,FALSE,FALSE,0.10070798514353434,FALSE,FALSE,0.026431485077906783
Nfx1,-0.1888094505245972,0.1427753077892368,-0.030063272774370375,0.8450600311788423,-0.08321919605939954,0.6592706280377182,Nfx1,FALSE,FALSE,FALSE,FALSE,0.10069730645278903,FALSE,FALSE,0.026428597693430773
Sh2b3,-0.09560093602357478,0.5753513535735558,-0.10966149314961893,0.5321630262945011,0.09674418544331775,0.6758588626152562,Sh2b3,FALSE,FALSE,FALSE,FALSE,0.10066887153883715,FALSE,FALSE,0.026420909248182235
Ccdc80,0.17235143487369697,0.3280679759518509,-0.07450640458895474,0.7141012749114338,-0.05511133577249794,0.8523293301643531,Ccdc80,FALSE,FALSE,FALSE,FALSE,0.10065639174504988,FALSE,FALSE,0.026417534867960484
Sugp2,-0.19415780410481265,0.25401195166177476,-0.07591059153971136,0.6876483781419743,-0.03184716600733495,0.9114466250413109,Sugp2,FALSE,FALSE,FALSE,FALSE,0.10063852055061966,FALSE,FALSE,0.026412702720406415
Dennd2d,0.2754661217728591,0.06774750306869566,0.013583820770986854,0.9401684026673452,0.01269865886137822,0.9645037666394128,Dennd2d,FALSE,FALSE,FALSE,FALSE,0.10058286713507474,FALSE,FALSE,0.026397654732603977
Ap1ar,-0.05241426070572164,0.6662273611226006,-0.09446202842614948,0.445656637006935,-0.1548675572477496,0.33027604597753646,Ap1ar,FALSE,FALSE,FALSE,FALSE,0.10058128212654023,FALSE,FALSE,0.02639722616611151
Gm16008,0.1271115000006994,0.7810579329237062,-0.11133373059938045,0.8239842523489218,-0.06316774246268125,0.9337036850760244,Gm16008,FALSE,FALSE,FALSE,FALSE,0.10053765768758703,FALSE,FALSE,0.02638543066319712
Gm16835,-0.028700956020342172,0.9357226785473247,0.05589993606402932,0.8721026360392119,0.21700459476696543,0.5924489176653674,Gm16835,FALSE,FALSE,FALSE,FALSE,0.10053516228377897,FALSE,FALSE,0.026384755937204147
Mat2a,0.018388512662328438,0.9432224631433643,0.17748717836558914,0.4414045628840372,-0.10572384351185171,0.7480324067598075,Mat2a,FALSE,FALSE,FALSE,FALSE,0.10053317817992309,FALSE,FALSE,0.02638421946032614
Smarcd2,-0.0925723083478287,0.5005213644353727,-0.150084022941388,0.2950610007860362,-0.05890689325016041,0.777596168840177,Smarcd2,FALSE,FALSE,FALSE,FALSE,0.10052107484645904,FALSE,FALSE,0.0263809468702694
2810410L24Rik,-0.15921532629758262,0.6478117303549761,-0.09424315785291038,0.8013437573175883,-0.04804178949173665,0.9332987033616144,2810410L24Rik,FALSE,FALSE,FALSE,FALSE,0.10050009121407655,FALSE,FALSE,0.026375273158403725
Acad9,-0.17467056139834902,0.19824289541461182,-0.06037289021680081,0.693021111561041,-0.06625043036430167,0.7458570462849016,Acad9,FALSE,FALSE,FALSE,FALSE,0.1004312939931505,FALSE,FALSE,0.026356671249945816
Jakmip3,-0.17058512381804292,0.48515546949762506,-0.04515640975984958,0.8698303168458945,-0.08543517801114886,0.8160706567923424,Jakmip3,FALSE,FALSE,FALSE,FALSE,0.10039223719634711,FALSE,FALSE,0.02634611078036556
Dedd,-0.02129561629079424,0.9479779316423793,0.025061276260724963,0.9395433308034551,0.2547847553498568,0.4802323611650335,Dedd,FALSE,FALSE,FALSE,FALSE,0.10038054930045866,FALSE,FALSE,0.026342950519435596
Eif4ebp2,-0.1471539350357407,0.3868687036028147,-0.11202517571409754,0.5497627217708252,-0.04194733541884421,0.8855111438723956,Eif4ebp2,FALSE,FALSE,FALSE,FALSE,0.10037548205622748,FALSE,FALSE,0.026341580399944525
Ncoa3,-0.15156457587325622,0.34592891319379604,-0.08369116604023041,0.6430746313939055,-0.0658337571706582,0.7955229439764211,Ncoa3,FALSE,FALSE,FALSE,FALSE,0.10036316636138161,FALSE,FALSE,0.026338250390025016
Pik3cb,0.01871285842050252,0.9286053520495887,0.10397039474809411,0.5827825220019222,0.17840163837847856,0.4509368830138765,Pik3cb,FALSE,FALSE,FALSE,FALSE,0.10036163051569173,FALSE,FALSE,0.026337835116551116
Erp44,0.22992492135512865,0.1955492077558948,0.021804735969513267,0.9212074202617869,0.049251466129241805,0.8712455382111127,Erp44,FALSE,FALSE,FALSE,FALSE,0.10032704115129458,FALSE,FALSE,0.02632848258484312
Alkbh1,0.14241082346199274,0.5023951181814799,0.12238749098138513,0.5926502571107555,-0.03615490806972588,0.9235091117472538,Alkbh1,FALSE,FALSE,FALSE,FALSE,0.10031774083770124,FALSE,FALSE,0.026325967896316978
1700030J22Rik,0.037041251825521204,0.9093140390038695,-0.14899087507998177,0.6278914657024361,0.11490625779804065,0.7813173530431106,1700030J22Rik,FALSE,FALSE,FALSE,FALSE,0.10031279490118121,FALSE,FALSE,0.026324630576914452
Tmem37,-0.20912942599544315,0.6855146617679467,0.02182620907341115,0.9697468508330094,0.06998141537397196,0.931263490362234,Tmem37,FALSE,FALSE,FALSE,FALSE,0.10031235014760875,FALSE,FALSE,0.02632451032110862
Sema3a,-0.13363930022419535,0.6123274323603858,-0.08362755686713808,0.7741319504536657,-0.0834727429451041,0.8383691582713656,Sema3a,FALSE,FALSE,FALSE,FALSE,0.10024653334547917,FALSE,FALSE,0.02630671428063305
A130010J15Rik,0.10419683922732226,0.6287488602347076,0.12305445694138495,0.5762799937415853,-0.07313447418965291,0.8230203492629159,A130010J15Rik,FALSE,FALSE,FALSE,FALSE,0.10012859011945337,FALSE,FALSE,0.026274823906803548
Amotl2,-0.08428579298017169,0.8071929614458009,-0.08438665158660408,0.816722259916504,-0.13163885691113197,0.7842605570445812,Amotl2,FALSE,FALSE,FALSE,FALSE,0.10010376715930258,FALSE,FALSE,0.026268112088707354
Arhgap32,0.14212028816504318,0.19012871029833042,0.08472098421595131,0.47366301306790326,0.07346799550669125,0.6475588759678969,Arhgap32,FALSE,FALSE,FALSE,FALSE,0.10010308929589525,FALSE,FALSE,0.026267928802916438
Arhgef1,-0.09217465328069974,0.6137171291181474,-0.17554650778372682,0.34309134688518905,0.032567347575576555,0.9137998771714123,Arhgef1,FALSE,FALSE,FALSE,FALSE,0.10009616954666771,FALSE,FALSE,0.026266057789233768
Klhdc2,0.205120200773381,0.15213312005025234,0.06396283510688239,0.6978770466752047,-0.031175211727950902,0.9018780066162755,Klhdc2,FALSE,FALSE,FALSE,FALSE,0.10008608253607143,FALSE,FALSE,0.02626333038767306
Acss3,-0.0781849843523923,0.6634469474002096,0.1564963439321021,0.36667307488301826,0.06553659036259285,0.8004408393466139,Acss3,FALSE,FALSE,FALSE,FALSE,0.10007263954902908,FALSE,FALSE,0.026259695572036664
Gm19531,0.004112972281017591,0.993034223219651,0.21344910824598817,0.6269784858933712,0.08265008772677496,0.9052165136027727,Gm19531,FALSE,FALSE,FALSE,FALSE,0.10007072275126024,FALSE,FALSE,0.026259177293883152
Camta1,0.20895431326050495,0.2659068008479491,0.0070409103754212055,0.9767718632845939,0.084192947879834,0.7763097371755873,Camta1,FALSE,FALSE,FALSE,FALSE,0.10006272383858672,FALSE,FALSE,0.02625701448789604
Gm9725,0.23398881350649625,0.7168334130351905,-0.02969064162634716,0.9691464904600477,0.03647045740777455,0.9735962397793568,Gm9725,FALSE,FALSE,FALSE,FALSE,0.10004997084687266,FALSE,FALSE,0.026253566238370316
Cdc42,0.12338034210023885,0.40866181731745793,0.0940745849254423,0.5681811902270523,-0.08262588610793209,0.7139269885462226,Cdc42,FALSE,FALSE,FALSE,FALSE,0.10002693771120441,FALSE,FALSE,0.026247338366438396
Casc3,-0.15024214290413074,0.29261602184413443,-0.08041034949029413,0.6123927598429412,-0.06934961428945208,0.7503192744090388,Casc3,FALSE,FALSE,FALSE,FALSE,0.10000070222795898,FALSE,FALSE,0.026240244619756315
Ado,0.18414521997452393,0.2373231008383007,0.08645390577069634,0.6197825330511085,0.02935063294489737,0.9159566589401138,Ado,FALSE,FALSE,FALSE,FALSE,0.09998325289670588,FALSE,FALSE,0.026235526538731346
Ppp4r1l-ps,0.006055506039039038,0.9738374364559376,0.10568055530887621,0.5146051871899816,0.18816761124361792,0.357719004277161,Ppp4r1l-ps,FALSE,FALSE,FALSE,FALSE,0.09996789086384439,FALSE,FALSE,0.02623137283709674
Nxf1,-0.0965216324713829,0.4556573744414577,0.06140422220591901,0.6707297673955169,-0.1419166846290052,0.42702964431525425,Nxf1,FALSE,FALSE,FALSE,FALSE,0.09994751310210237,FALSE,FALSE,0.026225862945077852
Dcbld2,-0.17683727971712493,0.2667595249656209,-0.10361802319484603,0.5501827305736446,-0.019353620596673338,0.9469484676118174,Dcbld2,FALSE,FALSE,FALSE,FALSE,0.09993630783621477,FALSE,FALSE,0.026222833181266433
Nras,0.14175718190313003,0.2680785449878621,0.11851261693353532,0.38821411432038894,0.039466429565558236,0.8537132223151842,Nras,FALSE,FALSE,FALSE,FALSE,0.09991207613407453,FALSE,FALSE,0.02621628123194458
Stat6,-0.1712620541192953,0.28577677594936973,-0.11037111326474047,0.5257710777889754,-0.01803622304371455,0.9515620989493591,Stat6,FALSE,FALSE,FALSE,FALSE,0.0998897968092501,FALSE,FALSE,0.02621025718104093
Tpgs2,0.1258844501330989,0.4496579332989549,0.07729492080460254,0.6754788425696675,0.09648167587610867,0.6870962481459709,Tpgs2,FALSE,FALSE,FALSE,FALSE,0.09988701560460338,FALSE,FALSE,0.02620950517807417
Dock2,0.043903028457094706,0.8883812186611214,-0.043345405236851375,0.8930084528290193,0.21240804938977953,0.564869940815699,Dock2,FALSE,FALSE,FALSE,FALSE,0.09988549436124187,FALSE,FALSE,0.026209093852887312
Cpsf7,-0.15119132070640084,0.22780248019602164,-0.03431780081617841,0.8176377296611491,-0.11410244134730352,0.5207451948596056,Cpsf7,FALSE,FALSE,FALSE,FALSE,0.09987052095662759,FALSE,FALSE,0.026205045231472244
Wdr13,-0.14337655818443373,0.42098138940339436,-0.132752584701592,0.4886390980596435,0.023305609010642492,0.9425879863784445,Wdr13,FALSE,FALSE,FALSE,FALSE,0.09981158396555607,FALSE,FALSE,0.026189109405897613
Crabp2,-0.043387848886813796,0.9331586152887693,-0.0740119085129125,0.8851171247904628,0.18189067887930044,0.773395553269444,Crabp2,FALSE,FALSE,FALSE,FALSE,0.09976347875967558,FALSE,FALSE,0.026176102359623175
Gm3365,-0.1719258052035053,0.6656018974587538,-0.04047740583283577,0.9264847218925997,-0.08687763182269426,0.8872434035113,Gm3365,FALSE,FALSE,FALSE,FALSE,0.09976028095301177,FALSE,FALSE,0.02617523771267922
Map1a,-0.01277034533146626,0.9608908006792275,-0.16663371689293527,0.4845802561257755,0.11976020196705406,0.7192625320922958,Map1a,FALSE,FALSE,FALSE,FALSE,0.09972142139715186,FALSE,FALSE,0.026164730574584235
Pdik1l,0.15734938154082645,0.3385947758914329,0.09553097176960268,0.6000284141557308,-0.04627718936347236,0.8681458594612189,Pdik1l,FALSE,FALSE,FALSE,FALSE,0.0997191808913005,FALSE,FALSE,0.026164124769812103
Abhd5,0.0018766402230312451,0.9924297603190252,0.23361392180007634,0.20423494948495502,-0.06364723806888861,0.8173728883132579,Abhd5,FALSE,FALSE,FALSE,FALSE,0.0997126000306654,FALSE,FALSE,0.026162345387368155
Traf2,0.046333649955806244,0.8018287659293367,-0.07619312628484831,0.6859312716247307,0.17661011623368772,0.43245528704756403,Traf2,FALSE,FALSE,FALSE,FALSE,0.09971229749144743,FALSE,FALSE,0.02616226358454586
Dcun1d4,0.11549560897103284,0.568930681869462,0.1550455322932054,0.46092903069368607,0.02853869754588967,0.9356595057239877,Dcun1d4,FALSE,FALSE,FALSE,FALSE,0.09969327960337597,FALSE,FALSE,0.026157121385366796
Tedc2,0.05017213124008313,0.8533357305155481,0.14205643690528857,0.5769425815314325,0.10683873333377747,0.7656749554956809,Tedc2,FALSE,FALSE,FALSE,FALSE,0.09968910049304973,FALSE,FALSE,0.026155991406180457
Zfp142,-0.15584569342565846,0.4521751395116581,-0.09759416263800436,0.6702062210645332,-0.04557251942883056,0.8966648998907782,Zfp142,FALSE,FALSE,FALSE,FALSE,0.09967079183083112,FALSE,FALSE,0.02615104097280549
Map7d1,0.03225192592875015,0.8395610345717026,-0.13423288497572106,0.3750746676459814,0.13248976285570713,0.5025520612379829,Map7d1,FALSE,FALSE,FALSE,FALSE,0.09965819125339277,FALSE,FALSE,0.026147633934194486
Cd81,-0.1458943963610828,0.21829406760791734,-0.09393254271056062,0.46806886616059445,-0.05896509460038413,0.7480324067598075,Cd81,FALSE,FALSE,FALSE,FALSE,0.09959734455734252,FALSE,FALSE,0.026131181748268114
Cep63,0.16351067124144247,0.28007482840002856,-0.08818623119730606,0.6054919970111269,0.047092527669219564,0.8523293301643531,Cep63,FALSE,FALSE,FALSE,FALSE,0.09959647670265603,FALSE,FALSE,0.026130947091210523
Fbxw7,-0.05503306785671569,0.7236206001326034,-0.12956460759356325,0.40021680507302654,-0.1141638613715763,0.582654613205264,Fbxw7,FALSE,FALSE,FALSE,FALSE,0.09958717894061841,FALSE,FALSE,0.026128433092593148
Fbxl2,-0.17607197247047557,0.4492905384623004,-0.03363171216349237,0.8986046361246904,-0.08898659838202194,0.7988200690067017,Fbxl2,FALSE,FALSE,FALSE,FALSE,0.09956342767199662,FALSE,FALSE,0.026122011046488456
Atmin,-0.1605765324875934,0.33576881212762866,-0.11896836011897172,0.5111467256490784,-0.01912235317976041,0.9507355800574848,Atmin,FALSE,FALSE,FALSE,FALSE,0.09955574859544185,FALSE,FALSE,0.026119934720189364
Myl6b,-0.021601050609082795,0.9695136500736794,-0.19664880266062634,0.7099876685929689,-0.08039482907516277,0.9219475965455693,Myl6b,FALSE,FALSE,FALSE,FALSE,0.09954822744829063,FALSE,FALSE,0.026117901096026613
Jmy,0.18533073630082253,0.28540891283387415,0.05038626169857796,0.8096706103950065,-0.06291005730818178,0.8240112034228307,Jmy,FALSE,FALSE,FALSE,FALSE,0.09954235176919408,FALSE,FALSE,0.026116312385854736
Pprc1,-0.1221486239030467,0.6313710080435871,0.015862424313120016,0.9580525550660921,-0.16049594505239906,0.6487935489672398,Pprc1,FALSE,FALSE,FALSE,FALSE,0.09950233108952193,FALSE,FALSE,0.026105491294396915
Fam214a,-0.09676235617546336,0.6270805350890241,0.008861425035171067,0.9704608973683532,0.19287601226825934,0.4681791423427732,Fam214a,FALSE,FALSE,FALSE,FALSE,0.09949993115963125,FALSE,FALSE,0.02610484238335762
Atxn2l,0.02196824176930523,0.9154425240062541,-0.07185859498974967,0.7199553871424751,0.20465087691926787,0.39648884399324824,Atxn2l,FALSE,FALSE,FALSE,FALSE,0.09949257122610759,FALSE,FALSE,0.026102852349344317
Ttll11,-0.07403863511722397,0.7879724576122523,0.07733046569191293,0.7826073533691658,0.14704543714578122,0.6697532047625661,Ttll11,FALSE,FALSE,FALSE,FALSE,0.09947151265163938,FALSE,FALSE,0.026097158374075564
Gak,-0.22402555599350293,0.09114126133249267,-0.05053551225601893,0.732112861774429,-0.023729124143834213,0.9178856859800993,Gak,FALSE,FALSE,FALSE,FALSE,0.0994300641311187,FALSE,FALSE,0.026085951212302706
Acat1,-0.017556443428613733,0.9047328302991072,-0.19991408279306544,0.1556318666823573,-0.08065254835458813,0.6617071207654013,Acat1,FALSE,FALSE,FALSE,FALSE,0.0993743581920891,FALSE,FALSE,0.026070889022806645
Glce,-0.20127763950308175,0.30062298895565814,-0.08354938945004342,0.7050696408249073,-0.013234663281596504,0.9702827424909112,Glce,FALSE,FALSE,FALSE,FALSE,0.0993538974115739,FALSE,FALSE,0.02606535668354936
Tha1,-0.035320417766855794,0.8668866252694751,-0.14733224287407332,0.4559256376324312,-0.11537672386831321,0.6666122328750366,Tha1,FALSE,FALSE,FALSE,FALSE,0.09934312816974744,FALSE,FALSE,0.02606244481519305
Dcakd,-0.07033063925240945,0.7265706758193763,-0.1705003794622173,0.38425307361578426,0.057148083185768694,0.8465534528085829,Dcakd,FALSE,FALSE,FALSE,FALSE,0.09932636730013182,FALSE,FALSE,0.02605791288558793
Brd3os,-0.10609294009750281,0.5113767481715399,-0.12082673369801622,0.46882454947993346,-0.07104644600769161,0.765140144037045,Brd3os,FALSE,FALSE,FALSE,FALSE,0.09932203993440354,FALSE,FALSE,0.02605674281999432
Usp47,0.1333165669873475,0.2882167808872177,0.1324475147836086,0.32999285281338153,0.03209026647081359,0.8825184669752741,Usp47,FALSE,FALSE,FALSE,FALSE,0.09928478274725656,FALSE,FALSE,0.02604666894236702
Aacs,-0.19293658916989465,0.19615665569109011,-0.09822545933215654,0.5381005011619233,0.006672717962097785,0.9799428752071496,Aacs,FALSE,FALSE,FALSE,FALSE,0.09927825548804965,FALSE,FALSE,0.026044904053079146
Invs,-0.1537028642340239,0.20708270968486384,-0.07522773718532516,0.5756380775359133,-0.06883732642064544,0.7068203574972085,Invs,FALSE,FALSE,FALSE,FALSE,0.09925597594666484,FALSE,FALSE,0.026038879943620277
Gmds,0.046108492318494676,0.7877875844818477,-0.1499863067193079,0.36667307488301826,-0.10162958652162368,0.6553420686848732,Gmds,FALSE,FALSE,FALSE,FALSE,0.09924146185314209,FALSE,FALSE,0.026034955514182202
D230025D16Rik,0.09907465110772096,0.5316697820048768,-0.03717960285761768,0.8385585553666047,0.16145169760812017,0.4411571550032388,D230025D16Rik,FALSE,FALSE,FALSE,FALSE,0.09923531719115293,FALSE,FALSE,0.026033294074398902
Riok2,0.07665239787568812,0.7280504609086527,0.099585267203393,0.6597638456442861,0.12140662911081179,0.6813412246544414,Riok2,FALSE,FALSE,FALSE,FALSE,0.09921476472996431,FALSE,FALSE,0.02602773694583369
Trerf1,0.10508709669770333,0.6978160762358788,-0.12564058612222784,0.662003008727939,0.06687966977611826,0.8755497727608008,Trerf1,FALSE,FALSE,FALSE,FALSE,0.0992024508653498,FALSE,FALSE,0.026024407430785858
Nol10,-0.15424785512336525,0.5883730973091799,0.04304923647236292,0.8918933140428124,-0.10021861583811065,0.8130255736438954,Nol10,FALSE,FALSE,FALSE,FALSE,0.09917190247794627,FALSE,FALSE,0.026016147528737953
Tmem167b,-0.011765242678171361,0.9389480435685105,-0.14918534199683364,0.27896838057530504,-0.1365480278064215,0.4477408596315399,Tmem167b,FALSE,FALSE,FALSE,FALSE,0.0991662041604755,FALSE,FALSE,0.02601460677493237
2410004B18Rik,-0.122314942482594,0.5966474984526148,0.013780208042368347,0.9591287217553103,-0.16138978183771613,0.6071956733394005,2410004B18Rik,FALSE,FALSE,FALSE,FALSE,0.09916164412089283,FALSE,FALSE,0.02601337379723735
Hjurp,-0.005041253038312377,0.9803602382106905,0.0978154300665377,0.6211312282162286,0.1945729033788508,0.43245528704756403,Hjurp,FALSE,FALSE,FALSE,FALSE,0.09914319549456696,FALSE,FALSE,0.026008385519317563
Reep1,0.1656237133165872,0.5188054037002217,-0.029036724071033415,0.9241295332298025,0.10273624100415946,0.7888595233079527,Reep1,FALSE,FALSE,FALSE,FALSE,0.09913222613059336,FALSE,FALSE,0.026005419540434525
E4f1,-0.12272934879222053,0.5252126878128847,-0.05345297201102461,0.8038686047489358,0.12119443670961783,0.6410240806979091,E4f1,FALSE,FALSE,FALSE,FALSE,0.09912558583762099,FALSE,FALSE,0.02600362408822958
Ywhah,0.12636107582160516,0.360422737141935,-0.054770260705957696,0.7317811736495726,-0.11623157407308327,0.5608143643025837,Ywhah,FALSE,FALSE,FALSE,FALSE,0.09912097020021537,FALSE,FALSE,0.0260023760775783
Cd36,0.010542774760960771,0.9862469151647206,0.25559050763687563,0.6545882553555903,0.0311177236684983,0.9741767548920484,Cd36,FALSE,FALSE,FALSE,FALSE,0.09908366868877823,FALSE,FALSE,0.025992290215217068
Ppm1a,0.11487038921280313,0.38775070412596485,0.13193467980337026,0.3556806336004694,0.050394164693226884,0.8138144980183368,Ppm1a,FALSE,FALSE,FALSE,FALSE,0.09906641123646676,FALSE,FALSE,0.025987624015859103
Plrg1,-0.11803033785854478,0.28669486356279067,-0.04351834260825349,0.7317747189779196,-0.13555974747953758,0.37725262627817446,Plrg1,FALSE,FALSE,FALSE,FALSE,0.09903614264877862,FALSE,FALSE,0.025979439768156278
Ncald,0.026724491557120977,0.9271157056173112,0.2518052211072481,0.3377935447903002,-0.018446946263150465,0.9688372780310917,Ncald,FALSE,FALSE,FALSE,FALSE,0.09899221964250653,FALSE,FALSE,0.02596756353637145
Pcdhgc5,-0.10661113294021973,0.7429251706391102,-0.13922193960788354,0.6749529825412734,0.05113447721959474,0.9211006069645289,Pcdhgc5,FALSE,FALSE,FALSE,FALSE,0.09898918325589934,FALSE,FALSE,0.025966742535392783
Wdr19,-0.08954352523136677,0.6452754020383616,-0.16670184760453743,0.3991882509368793,-0.04062164860988471,0.8995004980731192,Wdr19,FALSE,FALSE,FALSE,FALSE,0.09895567381526298,FALSE,FALSE,0.025957682001568845
Abhd6,0.08693837629724843,0.5188054037002217,0.1323932689123284,0.3384321880896333,0.07753203287078492,0.6868188557589587,Abhd6,FALSE,FALSE,FALSE,FALSE,0.09895455936012058,FALSE,FALSE,0.025957380666830898
Slc25a4,0.020292363902666644,0.9000934404799463,-0.08644662694451899,0.5724842026287694,-0.1901214643588025,0.32201455206454216,Slc25a4,FALSE,FALSE,FALSE,FALSE,0.09895348506866271,FALSE,FALSE,0.025957090191851134
Sub1,0.021886398441064436,0.922485600548607,0.07580098815344893,0.7295666167592216,-0.19914549749779287,0.45733891190486914,Sub1,FALSE,FALSE,FALSE,FALSE,0.09894429469743542,FALSE,FALSE,0.025954605230366308
Gm527,0.12966267302784984,0.6020331752512053,0.1358062036466794,0.5966697850779621,-0.031234182323456983,0.9423815786646674,Gm527,FALSE,FALSE,FALSE,FALSE,0.0989010196659954,FALSE,FALSE,0.025942904202875303
Rwdd1,0.1677145381885632,0.3482031888289707,0.05274164009204618,0.8029102429403568,-0.07610482944684538,0.787019880890773,Rwdd1,FALSE,FALSE,FALSE,FALSE,0.09885366924248491,FALSE,FALSE,0.02593010124031767
Arhgdib,-0.21332807762335326,0.49187712760623997,-0.04375322462467457,0.8988057615398991,0.039443286465877136,0.9385998901210657,Arhgdib,FALSE,FALSE,FALSE,FALSE,0.09884152957130166,FALSE,FALSE,0.02592681882499594
Vps45,0.05329128950869766,0.7818015406837895,-0.08460970194971118,0.6685967658174912,-0.15856572837627336,0.5246862319255815,Vps45,FALSE,FALSE,FALSE,FALSE,0.09882223994489407,FALSE,FALSE,0.02592160315116797
Rptor,-0.08427766357750688,0.5173933266669674,-0.17184770584487197,0.2136427845489922,-0.040287093670825946,0.8487941233651061,Rptor,FALSE,FALSE,FALSE,FALSE,0.0988041543644016,FALSE,FALSE,0.025916713036302854
Hid1,-0.12965493228047986,0.538595353260202,-0.09422236116826266,0.6882159051994365,-0.07235629800969257,0.8280085864109522,Hid1,FALSE,FALSE,FALSE,FALSE,0.09874453048614502,FALSE,FALSE,0.02590059148502062
Nrf1,-0.15179878592019147,0.39699873401287084,0.09325194270384962,0.6271755108295645,-0.05116533084043784,0.8602812591895372,Nrf1,FALSE,FALSE,FALSE,FALSE,0.09873868648815964,FALSE,FALSE,0.025899011341025138
Lcmt1,-0.05966769698305807,0.7373448328720285,-0.11586957198147108,0.5097180556217675,-0.12067141744167209,0.607142310233242,Lcmt1,FALSE,FALSE,FALSE,FALSE,0.09873622880206707,FALSE,FALSE,0.025898346813430898
Drg1,-0.10180813243007414,0.4202555489664857,-0.08866041132487368,0.5151919689157541,-0.1055144927817393,0.5572624935729553,Drg1,FALSE,FALSE,FALSE,FALSE,0.09866101217889571,FALSE,FALSE,0.025878009178859136
Ndufa4,0.13390187149708055,0.4617687745960432,0.014777769876492819,0.9477376772432287,-0.14729196692987845,0.5706128222283228,Ndufa4,FALSE,FALSE,FALSE,FALSE,0.09865720276781727,FALSE,FALSE,0.025876979161727546
Cops7b,-0.07616489825783024,0.678982118388542,0.16731661287062316,0.33594850158703615,-0.052489644374221545,0.8499803372028568,Cops7b,FALSE,FALSE,FALSE,FALSE,0.09865705183422498,FALSE,FALSE,0.02587693835117111
Abca9,0.0706959537750187,0.8541962363638702,-0.07857476662076479,0.8473666711859299,0.14669746952599372,0.7792352091504645,Abca9,FALSE,FALSE,FALSE,FALSE,0.09865606330725907,FALSE,FALSE,0.025876671065837773
Acad8,0.06511857496204954,0.7290133066080676,0.07560824552332601,0.699311634496391,0.15522679188559252,0.5199875314711312,Acad8,FALSE,FALSE,FALSE,FALSE,0.09865120412365602,FALSE,FALSE,0.025875357203339444
Zkscan2,0.1731049148607937,0.4005449285051863,0.06390581874301215,0.7913431805479165,0.058931068534333164,0.8639879293071249,Zkscan2,FALSE,FALSE,FALSE,FALSE,0.09864726737937968,FALSE,FALSE,0.025874292756903016
Amer3,-0.03613262008093665,0.9195777638738377,-0.16928911966511428,0.6122038674116347,0.09045692400851069,0.8511190888576822,Amer3,FALSE,FALSE,FALSE,FALSE,0.09862622125152054,FALSE,FALSE,0.025868602147041755
Rnf31,-0.10057810267630618,0.5518389151454377,-0.1329122271697969,0.443311430446393,0.06222063092849073,0.8049986712399015,Rnf31,FALSE,FALSE,FALSE,FALSE,0.09857032025819794,FALSE,FALSE,0.02585348721730337
Alg1,-0.013830453574686707,0.945814376067984,-0.21053124395493583,0.24918558108032418,-0.07123943865975768,0.7856859702254747,Alg1,FALSE,FALSE,FALSE,FALSE,0.09853371206312674,FALSE,FALSE,0.025843588819019873
Tdg,-0.20381231794636223,0.2658036960292288,0.024682593118802387,0.9081389728739968,-0.06708575518865567,0.8126019780198526,Tdg,FALSE,FALSE,FALSE,FALSE,0.09852688875127343,FALSE,FALSE,0.025841743880797567
P3h1,0.16854756431257645,0.38922931991691695,-0.12101420218752956,0.5776368878164898,0.00584182372229769,0.986647693216973,P3h1,FALSE,FALSE,FALSE,FALSE,0.0984678634074679,FALSE,FALSE,0.025825784165748215
Rnf121,0.1353887186456788,0.3028031373507463,-0.03759771914646404,0.811959235721534,-0.12232117550259325,0.516426073040473,Rnf121,FALSE,FALSE,FALSE,FALSE,0.09843587109824536,FALSE,FALSE,0.02581713384529189
Dpysl3,-0.07449242306621162,0.7201999535157129,0.04577812675654469,0.8365990960802034,-0.1750210911741905,0.515204497401229,Dpysl3,FALSE,FALSE,FALSE,FALSE,0.09843054699898228,FALSE,FALSE,0.025815694275411312
Sfmbt2,-0.18429151604385297,0.5538900977870772,-0.01863936144404743,0.9587402038115811,0.09229687301828671,0.8414422683689409,Sfmbt2,FALSE,FALSE,FALSE,FALSE,0.09840925016872903,FALSE,FALSE,0.025809935878756882
Itgb4,-0.2143777068612711,0.5390967971377622,0.004544948870897514,0.9899337335692144,0.07623489024099461,0.8861188674909986,Itgb4,FALSE,FALSE,FALSE,FALSE,0.09838584865772108,FALSE,FALSE,0.025803608402738418
Pdia5,0.18940943422778522,0.36362824395948107,-0.06748309380400963,0.785690269630288,0.03824502640262839,0.9181661016154155,Pdia5,FALSE,FALSE,FALSE,FALSE,0.09837918481147441,FALSE,FALSE,0.02580180658202256
Supv3l1,-0.2361048952969096,0.14206634980027263,-0.013187655757646244,0.944866651972727,-0.045643468770344864,0.8581694672546996,Supv3l1,FALSE,FALSE,FALSE,FALSE,0.09831200660830024,FALSE,FALSE,0.02578364243572432
4831440E17Rik,0.06739649786272255,0.9104536015627139,0.11906926207302074,0.839194635004544,0.1083894104844567,0.8995803947888638,4831440E17Rik,FALSE,FALSE,FALSE,FALSE,0.09828505680673333,FALSE,FALSE,0.02577635554629829
Yap1,-0.2003096829388662,0.20153019454907575,-0.06050625157260825,0.7304726537533603,0.03389225590723388,0.8981524804246742,Yap1,FALSE,FALSE,FALSE,FALSE,0.09823606347290277,FALSE,FALSE,0.02576310836132924
Brf1,-0.09165981926307598,0.5129112840015371,-0.09399885144869735,0.5228355153568465,-0.10894334730711641,0.5769058286558412,Brf1,FALSE,FALSE,FALSE,FALSE,0.09820067267296324,FALSE,FALSE,0.02575353913146987
Gm43205,0.19810884745081125,0.7015117408559508,-0.01869010948504546,0.9756444034416015,0.0777186673858124,0.927918118166699,Gm43205,FALSE,FALSE,FALSE,FALSE,0.09817254144055637,FALSE,FALSE,0.025745932797914574
Rab2a,0.2047773589918762,0.07012066486598523,0.059298973752584416,0.6265406428326629,-0.030345203416440647,0.8692202551491869,Rab2a,FALSE,FALSE,FALSE,FALSE,0.09814051205363376,FALSE,FALSE,0.025737272452111683
Sptlc2,-0.12660268263323804,0.26855528868289563,-0.11044961830992417,0.3662223528404213,-0.05734570324821675,0.7424085677028015,Sptlc2,FALSE,FALSE,FALSE,FALSE,0.09813266806379299,FALSE,FALSE,0.02573515153532175
Ttc7,-0.1681780270049673,0.35412889620762944,-0.0875481620137748,0.6592298262613572,0.03847403205719768,0.8983653363537589,Ttc7,FALSE,FALSE,FALSE,FALSE,0.0980667403586466,FALSE,FALSE,0.025717325508056905
Wdr75,0.04538714180046455,0.8825153956726235,0.13986791136094734,0.6367402110584254,-0.10893951378991407,0.7968804256512336,Wdr75,FALSE,FALSE,FALSE,FALSE,0.09806485565044198,FALSE,FALSE,0.025716815906520387
A530083I20Rik,0.17869429463283615,0.6485341041539865,0.06196917346064057,0.8889568575349824,0.053310737563187716,0.9356595057239877,A530083I20Rik,FALSE,FALSE,FALSE,FALSE,0.09799140188555482,FALSE,FALSE,0.02569695492678999
Stk39,0.16194970485960347,0.360964133103067,0.11850706464800176,0.5443820201580065,-0.013480486767973865,0.9685911939333444,Stk39,FALSE,FALSE,FALSE,FALSE,0.09797908542519303,FALSE,FALSE,0.025693624709884545
Zfp598,-0.17518892620883708,0.17922133350942143,0.01909113658835171,0.9004455400334885,0.09958328100496772,0.5858642364755349,Zfp598,FALSE,FALSE,FALSE,FALSE,0.09795444793405217,FALSE,FALSE,0.025686963040289966
Zzz3,0.18121756472299388,0.08437355803376635,0.08594856818306784,0.43347034503099363,0.026642299995313756,0.8789662119215467,Zzz3,FALSE,FALSE,FALSE,FALSE,0.0979361443004585,FALSE,FALSE,0.025682013966592313
Pxdn,0.08813577948810014,0.6496433532367052,-0.08824279520056333,0.6742485894349861,-0.11726567246263286,0.6666122328750366,Pxdn,FALSE,FALSE,FALSE,FALSE,0.09788141571709878,FALSE,FALSE,0.025667216041850807
Dennd1a,0.05830037768173302,0.7402006781793407,0.0815010909703533,0.6512984585583316,0.15383969045311474,0.49355081591555405,Dennd1a,FALSE,FALSE,FALSE,FALSE,0.09788038636840035,FALSE,FALSE,0.025666937718831332
Rbpj,0.03987986106437358,0.8061266001281695,0.1278894937449646,0.4114315134543845,0.12586705823775102,0.5443375022543332,Rbpj,FALSE,FALSE,FALSE,FALSE,0.09787880434902974,FALSE,FALSE,0.02566650996057141
Zscan21,-0.020614751574943746,0.8841918224656006,-0.10380295153986285,0.4277996573131044,-0.16915699279802965,0.3181263298645706,Zscan21,FALSE,FALSE,FALSE,FALSE,0.09785823197094541,FALSE,FALSE,0.025660947446726593
9130019O22Rik,0.0775483887030406,0.7962923131373877,0.13189899460123833,0.6562984567409238,0.08407454091703492,0.8465733945695251,9130019O22Rik,FALSE,FALSE,FALSE,FALSE,0.09784064140710462,FALSE,FALSE,0.025656191178175556
Jam3,0.06115583439448713,0.7166041256253038,-0.06702791892601123,0.7050696408249073,0.1653060492550349,0.43656495353774216,Jam3,FALSE,FALSE,FALSE,FALSE,0.09782993419184442,FALSE,FALSE,0.025653296081027323
Sfxn1,0.11218730746106242,0.4145430701863716,-0.0331389704895928,0.8391994805081338,-0.14808052854026688,0.44239952771113394,Sfxn1,FALSE,FALSE,FALSE,FALSE,0.09780226883030736,FALSE,FALSE,0.02564581571313106
Angel1,-0.08091117244855273,0.7773227578994487,-0.11745060669276208,0.6846174850043838,-0.09496143398156409,0.8142363946834172,Angel1,FALSE,FALSE,FALSE,FALSE,0.09777440437429297,FALSE,FALSE,0.02563828151257714
Mboat7,-0.23800996804367092,0.13513635580134564,-0.032398175282565056,0.8631449694373656,0.02276634468742955,0.9356595057239877,Mboat7,FALSE,FALSE,FALSE,FALSE,0.09772482933788851,FALSE,FALSE,0.025624877042504362
Chia1,0.033283291396916326,0.9560617570108378,-0.07601744569434654,0.8999158369190376,0.18381573782661298,0.8110123400508147,Chia1,FALSE,FALSE,FALSE,FALSE,0.09770549163929194,FALSE,FALSE,0.025619648370557475
Bpgm,-0.10383622886305144,0.5466848044325701,-0.14653290660821128,0.41188857385359084,-0.0426554342642147,0.8801662231380971,Bpgm,FALSE,FALSE,FALSE,FALSE,0.09767485657849247,FALSE,FALSE,0.02561136503310687
Specc1l,-0.1318994514458991,0.35491077991980624,-0.08347222977150448,0.600749241235631,-0.07748763862652286,0.722494768535982,Specc1l,FALSE,FALSE,FALSE,FALSE,0.09761977328130882,FALSE,FALSE,0.025596471198181887
Inpp4a,0.07876879550982618,0.5783408039562166,-0.014995645606290964,0.9291232150696664,0.19905787738968073,0.28849619760025713,Inpp4a,FALSE,FALSE,FALSE,FALSE,0.09760743950193262,FALSE,FALSE,0.025593136298431463
Arpc5l,-0.0512174950720361,0.6709968953165908,-0.09035325355975043,0.46012724314473574,-0.1512261671421138,0.33445835175497035,Arpc5l,FALSE,FALSE,FALSE,FALSE,0.09759897192463345,FALSE,FALSE,0.025590846771388665
Adal,-0.05128013358085415,0.7823813563255155,0.08382160924119386,0.6464530752578788,0.15765578361508137,0.4866211846644283,Adal,FALSE,FALSE,FALSE,FALSE,0.0975858421457098,FALSE,FALSE,0.025587296643311937
Cdon,0.21810832136087832,0.3505902213312712,-0.05862156228563542,0.8349805759856664,0.015940365940342538,0.9703486891162046,Cdon,FALSE,FALSE,FALSE,FALSE,0.09755674986228542,FALSE,FALSE,0.02557943045357626
Osbpl1a,0.06992853249818332,0.6601697541736404,-0.053009345439757105,0.7622017209520391,0.1696770336926905,0.4131804812393705,Osbpl1a,FALSE,FALSE,FALSE,FALSE,0.09753830387687697,FALSE,FALSE,0.025574442889727527
Nubp1,0.23251836057319508,0.24651399871505014,0.049606496741967376,0.836355244475692,-0.010476609070718013,0.9777382153537937,Nubp1,FALSE,FALSE,FALSE,FALSE,0.09753382212862682,FALSE,FALSE,0.025573231081030046
Syt9,-0.107173724190333,0.6332154481114567,-0.0717365858809682,0.770359469935185,-0.11365139746213071,0.7223346718647643,Syt9,FALSE,FALSE,FALSE,FALSE,0.09752056917781064,FALSE,FALSE,0.025569647648813434
Ago2,-0.17905283663306815,0.4615475033854416,0.10526716604954878,0.7023333915531896,-0.008151480716657389,0.9847097751008489,Ago2,FALSE,FALSE,FALSE,FALSE,0.09749049446642477,FALSE,FALSE,0.02556151582283896
Inpp5e,-0.20897176561049324,0.24403407636137223,-0.07494122494332167,0.7069242283072018,-0.008554418961230326,0.9784781346671818,Inpp5e,FALSE,FALSE,FALSE,FALSE,0.09748913650501508,FALSE,FALSE,0.02556114864705057
Rspo4,-0.11005080841806536,0.8774030754755996,0.10429614200603687,0.8826070518232378,-0.07810011576153664,0.9428746150327464,Rspo4,FALSE,FALSE,FALSE,FALSE,0.09748235539521295,FALSE,FALSE,0.025559315119735308
Mapk1,0.1072711979812686,0.36991602787607025,0.11473605543953092,0.373121097723003,0.0703858592153237,0.6957542657590534,Mapk1,FALSE,FALSE,FALSE,FALSE,0.09746437087870774,FALSE,FALSE,0.025554452331308878
Nup214,-0.0947733241509745,0.5603253031715548,-0.1558470072705953,0.35180044945176336,-0.04174769330862027,0.8748433176847077,Nup214,FALSE,FALSE,FALSE,FALSE,0.09745600824339669,FALSE,FALSE,0.025552191179267717
Tmem255a,-0.018867992937178002,0.9480780697955055,0.2712663759787217,0.28039620021617995,0.002228008204633092,0.9956812519502132,Tmem255a,FALSE,FALSE,FALSE,FALSE,0.09745412570684427,FALSE,FALSE,0.025551682164918803
Nploc4,-0.21132197543435005,0.18848508033326775,-0.05387041056784447,0.775077823904969,-0.027099835103151726,0.9260668732862938,Nploc4,FALSE,FALSE,FALSE,FALSE,0.09743074036844875,FALSE,FALSE,0.025545359061772552
Pde11a,0.002647839466684898,0.996428769858434,-0.24689148500565183,0.68333416064542,0.04274246547436,0.9661443300099136,Pde11a,FALSE,FALSE,FALSE,FALSE,0.09742726331556557,FALSE,FALSE,0.02554441891014193
Mrps22,0.14966864464364793,0.47553092681705655,0.08442415145524862,0.7166628903274198,-0.05809008691853146,0.8670046508474297,Mrps22,FALSE,FALSE,FALSE,FALSE,0.09739429433914266,FALSE,FALSE,0.025535504511084602
Amigo2,-0.0473042231157601,0.8439929115260811,0.19426295169537866,0.3797389554011533,0.05059427607876543,0.886950220176868,Amigo2,FALSE,FALSE,FALSE,FALSE,0.09738715029663474,FALSE,FALSE,0.025533572851302956
Kctd18,0.10722858205479957,0.6068929673860473,0.1373042135160456,0.5144660339404934,0.04759184135056982,0.886296082228495,Kctd18,FALSE,FALSE,FALSE,FALSE,0.09737487897380499,FALSE,FALSE,0.025530254839021882
Robo4,0.05351993784103115,0.8912042046105786,-0.11638923002372747,0.7666917260213334,0.1221864776007171,0.8133735059283488,Robo4,FALSE,FALSE,FALSE,FALSE,0.09736521515515857,FALSE,FALSE,0.02552764186327381
Cd302,0.14204113406213015,0.7560113847740695,0.08682565338887738,0.8593813388889676,0.06311313765661408,0.9326243889060757,Cd302,FALSE,FALSE,FALSE,FALSE,0.09732664170254053,FALSE,FALSE,0.025517212083918658
Mast1,0.02839222383326856,0.929493362073535,-0.0015429628203800227,0.995720636624395,0.2620278429365901,0.4663281569668116,Mast1,FALSE,FALSE,FALSE,FALSE,0.0973210098634129,FALSE,FALSE,0.025515689305025967
Stard7,-0.059084928490173105,0.7070476942949123,-0.16801304255197902,0.28571533007865735,-0.06477025969220396,0.7772761832863695,Stard7,FALSE,FALSE,FALSE,FALSE,0.09728941024478537,FALSE,FALSE,0.025507145163197242
Dyrk2,0.17247201502119758,0.3387813583141259,-0.026263753257358857,0.9046034190699515,0.09307155794260957,0.7340760635387051,Dyrk2,FALSE,FALSE,FALSE,FALSE,0.09726910874038867,FALSE,FALSE,0.025501655890211188
Daam2,-0.06496113699372019,0.8334695206249759,-0.12155392792538322,0.6940418258485637,-0.10527186788249665,0.8046383185846361,Daam2,FALSE,FALSE,FALSE,FALSE,0.09726231093386668,FALSE,FALSE,0.02549981784831161
Prom1,-0.19657386094865492,0.6379665655456936,-0.014622491256448544,0.9752080810850566,-0.08054547106783749,0.9018918981113057,Prom1,FALSE,FALSE,FALSE,FALSE,0.09724727442431365,FALSE,FALSE,0.02549575216411002
Anxa4,-0.1647245662535024,0.27470808550177783,-0.06636500799935874,0.6994065930080751,-0.060650968239035485,0.7983917031109229,Anxa4,FALSE,FALSE,FALSE,FALSE,0.09724684749729888,FALSE,FALSE,0.02549563672838253
Mcat,-0.09053261870092788,0.657700757456528,-0.16360202870010054,0.4232650996929328,-0.03756868633259147,0.9084785564055964,Mcat,FALSE,FALSE,FALSE,FALSE,0.0972344445778733,FALSE,FALSE,0.02549228313402712
Wdr61,0.010265367329100883,0.9560617570108378,-0.09037120080508831,0.605061029389076,-0.19102168354295923,0.3816241290350389,Wdr61,FALSE,FALSE,FALSE,FALSE,0.09721941722571614,FALSE,FALSE,0.025488219925870897
Csnk2a2,0.15642816215433353,0.21212083695996495,0.07919438877390572,0.5657490681512304,0.055913157303130845,0.7749891809461196,Csnk2a2,FALSE,FALSE,FALSE,FALSE,0.0971785694104567,FALSE,FALSE,0.025477175187290854
Pltp,0.054239114550962864,0.8771848029584649,0.2150905553854514,0.4954684728931843,-0.022119623451339443,0.9688448947437457,Pltp,FALSE,FALSE,FALSE,FALSE,0.09714976446258457,FALSE,FALSE,0.025469386689496325
Dip2c,0.10267141684779357,0.36053211047042844,0.1348537964020542,0.2656916563150812,0.053874607388096685,0.7556432408764484,Dip2c,FALSE,FALSE,FALSE,FALSE,0.09713327354598149,FALSE,FALSE,0.02546492775181093
Bet1l,-0.05666666491301875,0.6341026603477155,-0.07871944378879192,0.5200831294274967,-0.15601256736741842,0.3181176268354457,Bet1l,FALSE,FALSE,FALSE,FALSE,0.09713289202307636,FALSE,FALSE,0.02546482459278706
Syce2,0.08996770187241454,0.8258098378212563,0.14878326094312744,0.7108406600455706,-0.05259928865304486,0.9356595057239877,Syce2,FALSE,FALSE,FALSE,FALSE,0.09711675048952895,FALSE,FALSE,0.025460460123912045
Ubl4a,-0.09783869495037312,0.4169415205684344,-0.07058241625033723,0.5902398069616274,-0.12290975008870486,0.460023447495747,Ubl4a,FALSE,FALSE,FALSE,FALSE,0.09711028709647174,FALSE,FALSE,0.025458712503232613
Cr1l,0.12392845528556773,0.3686511813573925,0.1155989283301313,0.4367033286374905,-0.05176939301188721,0.8160706567923424,Cr1l,FALSE,FALSE,FALSE,FALSE,0.09709892554252875,FALSE,FALSE,0.025455640481084885
Scarf2,0.13008051282375988,0.6649503449739561,-0.009704579218338338,0.9787043886510046,0.1515029863078774,0.714375522940781,Scarf2,FALSE,FALSE,FALSE,FALSE,0.09709602611665853,FALSE,FALSE,0.025454856512577256
Gimap1,-0.2235116030544239,0.5113767481715399,0.023880024232438957,0.951698186228786,0.04373576590666872,0.9375991236176563,Gimap1,FALSE,FALSE,FALSE,FALSE,0.09704246439784386,FALSE,FALSE,0.02544037409342097
Ostf1,-0.11971861394272576,0.5947976225105759,-0.04871650401882199,0.8469898985307894,-0.1226599446911294,0.698330754984072,Ostf1,FALSE,FALSE,FALSE,FALSE,0.09703168755089238,FALSE,FALSE,0.025437460168733925
Myl12a,-0.11025124369259487,0.49174137500403353,0.019152700789345722,0.9176424755942652,-0.16169088325621894,0.4536368012641883,Myl12a,FALSE,FALSE,FALSE,FALSE,0.09703160924605318,FALSE,FALSE,0.02543743899608435
Inpp5f,-0.04344405896107961,0.8326677062641759,0.15374937060603333,0.4354079662461137,-0.09383360082640024,0.7376116363550428,Inpp5f,FALSE,FALSE,FALSE,FALSE,0.09700901013117107,FALSE,FALSE,0.025431328477947015
Ednrb,-0.08175904992490057,0.677371533231212,0.05313831975466865,0.8094114979020215,-0.1561131408179559,0.5572624935729553,Ednrb,FALSE,FALSE,FALSE,FALSE,0.09700350349917504,FALSE,FALSE,0.02542983955349741
Zfp667,0.0922305287449241,0.570998161759337,0.11044670178113503,0.514781433204728,-0.08813997330296885,0.7086847097238209,Zfp667,FALSE,FALSE,FALSE,FALSE,0.09693906794300933,FALSE,FALSE,0.02541241698466258
Ifngr2,0.18373150847045094,0.26188903417185233,0.036003195077079386,0.8538145259083793,0.07093772052478453,0.7809806787939988,Ifngr2,FALSE,FALSE,FALSE,FALSE,0.09689080802410495,FALSE,FALSE,0.025399368105920656
Lurap1l,0.15640747756233786,0.48960901351229885,0.020881438276202147,0.9399079381696848,0.11327208287116974,0.7361398167309516,Lurap1l,FALSE,FALSE,FALSE,FALSE,0.09685366623656992,FALSE,FALSE,0.02538932543090574
Cbx3,0.093680207689812,0.5018948022842705,0.0708080581823829,0.6430552841026449,0.1260040494153838,0.5121412167612258,Cbx3,FALSE,FALSE,FALSE,FALSE,0.09683077176252623,FALSE,FALSE,0.0253831350513436
Pdlim5,-0.2400653008205227,0.09234083147374085,0.04309366574563622,0.7913431805479165,0.007311063018673458,0.9772217118927953,Pdlim5,FALSE,FALSE,FALSE,FALSE,0.09682334319494412,FALSE,FALSE,0.025381126459538935
Aox1,-0.20802814869188557,0.2440419280196545,-0.05132980061207704,0.8013437573175883,-0.03093237902884738,0.9200398195298214,Aox1,FALSE,FALSE,FALSE,FALSE,0.09676344277760333,FALSE,FALSE,0.02536493013554553
Sel1l,0.1652276163615376,0.2528307954929607,0.05839581806914129,0.7268803051152575,0.06662481876918314,0.7682559787096986,Sel1l,FALSE,FALSE,FALSE,FALSE,0.09674941773328734,FALSE,FALSE,0.02536113793889903
Zfp772,0.08704198714224232,0.6913263923432644,0.016826608121357722,0.947164147420348,-0.18635200631813964,0.5259441197500968,Zfp772,FALSE,FALSE,FALSE,FALSE,0.09674020052724656,FALSE,FALSE,0.02535864572161612
Fig4,-0.1471660592335402,0.27387558069900236,-0.11623407720101486,0.41285146266558786,-0.02678775100288089,0.9063411176352346,Fig4,FALSE,FALSE,FALSE,FALSE,0.09672929581247865,FALSE,FALSE,0.025355697223070076
Aox2,0.14219583338613118,0.791340047143454,0.027019537801193705,0.9644348985476884,-0.12088916929437488,0.8853567689753741,Aox2,FALSE,FALSE,FALSE,FALSE,0.09670151349389992,FALSE,FALSE,0.025348185231451905
Prrc2c,-0.07358194731694923,0.7319059843033192,-0.023389763963814758,0.9231176776746093,-0.19290660231574108,0.4918152224753389,Prrc2c,FALSE,FALSE,FALSE,FALSE,0.09662610453216836,FALSE,FALSE,0.025327795590938017
Ckap4,0.22916260271293076,0.26418495607371817,-0.021943655216943192,0.9317178228283753,0.03870806186840969,0.9162903148707165,Ckap4,FALSE,FALSE,FALSE,FALSE,0.09660477326609455,FALSE,FALSE,0.025322027883268216
Ttc8,0.1050917525233066,0.42353152331141225,0.13228707529369288,0.3381379308953537,0.05227248238587556,0.7988200690067017,Ttc8,FALSE,FALSE,FALSE,FALSE,0.09655043673429169,FALSE,FALSE,0.02530733596436638
Nudt5,0.22497043301172326,0.1344012592340709,0.0369078789108741,0.836355244475692,-0.027730549845401242,0.9176970707010725,Nudt5,FALSE,FALSE,FALSE,FALSE,0.09653628725599954,FALSE,FALSE,0.02530351012232836
Mtfmt,0.11005640514099291,0.558082507575594,0.058785688855700347,0.7793190894987692,-0.12071516840371022,0.650562486798973,Mtfmt,FALSE,FALSE,FALSE,FALSE,0.09651908746680116,FALSE,FALSE,0.02529885951435529
Slc7a6,-0.17010137444084972,0.43855651213002894,-0.022187976738982762,0.9320434270727405,-0.09725960532582878,0.7669696688057195,Slc7a6,FALSE,FALSE,FALSE,FALSE,0.09651631883522042,FALSE,FALSE,0.025298110910988394
Fam173b,-0.14936097598498588,0.50076852907239,-0.05813321256402526,0.8165610232210896,-0.0819451867229617,0.8057877290525062,Fam173b,FALSE,FALSE,FALSE,FALSE,0.09647979175732428,FALSE,FALSE,0.02528823444577493
Tkfc,0.026798999268968338,0.922485600548607,-0.12734403625176816,0.6233611295951359,0.13519327319812868,0.685151250479267,Tkfc,FALSE,FALSE,FALSE,FALSE,0.09644543623962172,FALSE,FALSE,0.025278945143289672
Slc39a1,-0.13995852089730487,0.2882167808872177,-0.1453559421579067,0.3033116815553314,-0.004020793670692413,0.9862931053380365,Slc39a1,FALSE,FALSE,FALSE,FALSE,0.09644508557530133,FALSE,FALSE,0.025278850328041332
Vav2,-0.19257168728282803,0.5162629894676763,-0.04941217034317802,0.8839529713942246,-0.04734775594230811,0.9254249867141772,Vav2,FALSE,FALSE,FALSE,FALSE,0.09644387118943805,FALSE,FALSE,0.02527852197328576
Notch2,-0.18143712682706514,0.20181497156590247,-0.10085622977912312,0.5183569673176912,-0.007031369498816886,0.978663373619145,Notch2,FALSE,FALSE,FALSE,FALSE,0.09644157536833504,FALSE,FALSE,0.025277901211961114
Caml,0.09865011216037978,0.5188054037002217,0.1264725730447971,0.4241294155053554,0.06420106065493414,0.7818766192177168,Caml,FALSE,FALSE,FALSE,FALSE,0.096441248620037,FALSE,FALSE,0.025277812863306225
Gna13,0.223759474096485,0.07316820675868278,0.027126106079647272,0.8510875420381889,0.038331322637325194,0.8484868724727372,Gna13,FALSE,FALSE,FALSE,FALSE,0.0964056342711525,FALSE,FALSE,0.025268183188606866
Sdhaf2,-0.06650845404935346,0.6649377507892575,-0.0936314060071437,0.5540398345052084,-0.1290754733773296,0.5300077547124187,Sdhaf2,FALSE,FALSE,FALSE,FALSE,0.09640511114460892,FALSE,FALSE,0.025268041741729443
Gng5,0.09749766802111193,0.6152396066476561,0.11353233936596396,0.5743607173002687,-0.07816820266289959,0.7878367634479774,Gng5,FALSE,FALSE,FALSE,FALSE,0.09639940334999182,FALSE,FALSE,0.025266498425421974
Samd10,-0.1580466332088286,0.5598884883994224,-0.11860836922211915,0.6805641887394249,0.012521585120028877,0.9779166711917642,Samd10,FALSE,FALSE,FALSE,FALSE,0.09639219585032555,FALSE,FALSE,0.02526454960761803
Spsb3,0.0979732525683148,0.7390264069076042,0.1700645838497108,0.5505764368694176,-0.021126014628898737,0.9674806741726476,Spsb3,FALSE,FALSE,FALSE,FALSE,0.09638795034897478,FALSE,FALSE,0.02526340167712866
Clcn3,-0.08904579554622316,0.4532005287077241,-0.0771935194260065,0.551259727405565,-0.12290607698566713,0.45724309170924887,Clcn3,FALSE,FALSE,FALSE,FALSE,0.09638179731929893,FALSE,FALSE,0.025261737974827485
Med8,-0.1787950776687901,0.3171534250471686,0.013798109050377594,0.9492086314580075,-0.0965167736079251,0.710607504289994,Med8,FALSE,FALSE,FALSE,FALSE,0.0963699867756976,FALSE,FALSE,0.025258544551489265
Dicer1,0.06301456661901206,0.6331681487423856,0.12194086488002576,0.36501148845679404,0.10413933943322373,0.5667740765018143,Dicer1,FALSE,FALSE,FALSE,FALSE,0.09636492364408718,FALSE,FALSE,0.025257175543999432
Dhps,-0.13639502639507128,0.5755480233701452,-0.10680098791025161,0.6808053454377988,-0.04587770023648119,0.9071726619101126,Dhps,FALSE,FALSE,FALSE,FALSE,0.09635790484726803,FALSE,FALSE,0.02525527774908625
1700021F05Rik,-0.1299228653013964,0.5202995007468073,-0.14464621253167786,0.48544695290127693,-0.014352113706097125,0.9681997036345765,1700021F05Rik,FALSE,FALSE,FALSE,FALSE,0.09630706384639047,FALSE,FALSE,0.025241530978046624
Acsl1,0.06857336973388772,0.7397492130634379,-0.03666960281863396,0.8724318517670432,-0.18356632526455652,0.49414775035592157,Acsl1,FALSE,FALSE,FALSE,FALSE,0.09626976593902607,FALSE,FALSE,0.025231446090181606
Acsf2,0.09738683281808846,0.7148140867141795,0.029290812518801612,0.9219323653063418,0.16198161800930233,0.6449283407648905,Acsf2,FALSE,FALSE,FALSE,FALSE,0.09621975444873081,FALSE,FALSE,0.025217923608433165
Rbm11,0.10929271517360695,0.6692727743447368,-0.08789813566751459,0.7534250567953827,-0.09138526722976614,0.8115913687677656,Rbm11,FALSE,FALSE,FALSE,FALSE,0.09619203935696256,FALSE,FALSE,0.025210429794104098
Psmd7,-0.0755096067480574,0.5336257698865168,-0.09338897844361416,0.462463537965876,-0.11956273337167733,0.47054585492486795,Psmd7,FALSE,FALSE,FALSE,FALSE,0.09615377285444963,FALSE,FALSE,0.02520008301021998
Pecam1,-0.07431527896535162,0.8429541279204588,-0.18057482169664585,0.6227094338532371,-0.0335286713068661,0.9561166086653877,Pecam1,FALSE,FALSE,FALSE,FALSE,0.09613959065628785,FALSE,FALSE,0.025196248321138266
Cacna1b,0.01680926246675085,0.9363959726265174,0.04231672655700702,0.8389006746770182,0.22917894389106586,0.33603587949649616,Cacna1b,FALSE,FALSE,FALSE,FALSE,0.09610164430494124,FALSE,FALSE,0.02518598810212709
Stt3a,0.10824668749071087,0.5558024179175302,-0.04595928709785646,0.8296106173126047,-0.13406307852052457,0.6045988377560206,Stt3a,FALSE,FALSE,FALSE,FALSE,0.0960896843696973,FALSE,FALSE,0.02518275428515635
Ncoa4,-0.08193701765580741,0.5749401716377526,-0.08376035182976782,0.5895720841113913,-0.12251664974783516,0.541217482229437,Ncoa4,FALSE,FALSE,FALSE,FALSE,0.09607133974447013,FALSE,FALSE,0.025177794127833466
Wdfy2,-0.13643059310927974,0.29600620029904406,-0.1479640593949867,0.29379583179015617,-0.0037808724005223837,0.987007007124099,Wdfy2,FALSE,FALSE,FALSE,FALSE,0.09605850830159628,FALSE,FALSE,0.025174324666094906
Cd1d1,-0.12586386991874088,0.7233083362086358,0.08693541957317841,0.8140314828254995,-0.07534963489787572,0.8897586469058416,Cd1d1,FALSE,FALSE,FALSE,FALSE,0.096049641463265,FALSE,FALSE,0.02517192718386046
AW209491,-0.03970688673896916,0.8505095738654841,0.04875170305996246,0.8255291120989992,-0.1996244526093678,0.44653217569857523,AW209491,FALSE,FALSE,FALSE,FALSE,0.09602768080276647,FALSE,FALSE,0.025165989295806695
Tgtp1,0.0767486718202135,0.8539988703181723,0.208631561746768,0.5931606560446048,-0.0025770083421119416,0.9960124879643014,Tgtp1,FALSE,FALSE,FALSE,FALSE,0.09598574730303115,FALSE,FALSE,0.025154651001717248
Eif2ak2,0.2011888410081566,0.18189819316873368,-0.08499184508142221,0.617179088592604,0.0016451145270703904,0.9946967334510257,Eif2ak2,FALSE,FALSE,FALSE,FALSE,0.09594193353888307,FALSE,FALSE,0.025142804307637046
4833413G10Rik,-0.04976182759101855,0.9088206169943011,0.19111794080305566,0.6212931461420719,0.046792398330472995,0.9423815786646674,4833413G10Rik,FALSE,FALSE,FALSE,FALSE,0.09589072224151574,FALSE,FALSE,0.02512895741305591
Kctd17,-0.11262797220396781,0.5476613379461585,-0.1279601682364664,0.5085710250779707,0.047036879483935756,0.8746853483053136,Kctd17,FALSE,FALSE,FALSE,FALSE,0.09587500664145665,FALSE,FALSE,0.02512470811127126
Chmp5,0.18396803628939384,0.1750970250705473,0.06658354521976051,0.666898344515187,-0.037055749876071964,0.8729927060896193,Chmp5,FALSE,FALSE,FALSE,FALSE,0.09586911046174211,FALSE,FALSE,0.025123113857988568
Alkbh4,-0.13382308800416487,0.6146997718391347,0.12058724644128116,0.6521802338323999,-0.03315977993035624,0.9401402264877434,Alkbh4,FALSE,FALSE,FALSE,FALSE,0.09585670479193409,FALSE,FALSE,0.025119759519964133
Cdpf1,0.06808037996308114,0.7635138772855129,-0.16776952682449364,0.452770310186716,-0.05162711178742008,0.8817102844923025,Cdpf1,FALSE,FALSE,FALSE,FALSE,0.09582567285833161,FALSE,FALSE,0.025111368873069168
Dis3l,-0.03320356886924891,0.8520116517019637,-0.18464072877075743,0.2751346941568714,0.0696116788752601,0.7715123606389467,Dis3l,FALSE,FALSE,FALSE,FALSE,0.09581865883842215,FALSE,FALSE,0.025109472369772647
Cep89,-0.15280116486683282,0.31235942272853856,-0.01916949355230102,0.9147623711099597,0.11529542026366091,0.5806814573102527,Cep89,FALSE,FALSE,FALSE,FALSE,0.09575535956093158,FALSE,FALSE,0.025092357036486188
4930481B07Rik,-0.025032521521442752,0.9568208614148047,-0.17199809671409272,0.6984382307941902,-0.09006238742989625,0.8901827965684321,4930481B07Rik,FALSE,FALSE,FALSE,FALSE,0.0956976685551439,FALSE,FALSE,0.025076758109755404
Ddx18,-0.1613938903815635,0.26353424912105594,-0.05685909531452715,0.7262077842806272,-0.06879739517442829,0.7509233153528079,Ddx18,FALSE,FALSE,FALSE,FALSE,0.09568346029017298,FALSE,FALSE,0.025072916372534376
N4bp1,-0.19960507196168553,0.10553434984789055,-0.037380337333456026,0.7952074876949027,-0.050055310470049186,0.793830874849862,N4bp1,FALSE,FALSE,FALSE,FALSE,0.09568023992173025,FALSE,FALSE,0.02507204562516746
Epb41l4aos,-0.04299032555564075,0.9043493953105763,0.1708975480209327,0.5920647156706419,-0.07313114263838472,0.8847013015726573,Epb41l4aos,FALSE,FALSE,FALSE,FALSE,0.09567300540498606,FALSE,FALSE,0.02507008950228341
4921507P07Rik,0.14901171659151102,0.7750155972175784,-0.03281085940780093,0.9562048148024761,0.10515169196701679,0.8945125634117448,4921507P07Rik,FALSE,FALSE,FALSE,FALSE,0.09565808932210958,FALSE,FALSE,0.025066056379949627
Senp1,0.011793979443125657,0.9564290705755953,0.12448190380342261,0.5198482712702149,0.1505070282472767,0.5545142201158864,Senp1,FALSE,FALSE,FALSE,FALSE,0.09559430383127498,FALSE,FALSE,0.025048809580653426
Synj2,-0.08452515354558532,0.7480278532919311,-0.1806525602325033,0.4824314537667972,0.02159459788827567,0.9615748313912464,Synj2,FALSE,FALSE,FALSE,FALSE,0.09559077055545477,FALSE,FALSE,0.025047854227043507
Tmed8,0.1268112785607407,0.2846973791500504,0.0905013786270521,0.48567480556692516,0.06945335778742212,0.6981727016371085,Tmed8,FALSE,FALSE,FALSE,FALSE,0.09558867165840497,FALSE,FALSE,0.02504728671152097
Hdac1,-0.13137528985229707,0.3223441385496898,-0.11629161026703372,0.41386508386770854,-0.039050382119171445,0.8601078292105824,Hdac1,FALSE,FALSE,FALSE,FALSE,0.09557242741283407,FALSE,FALSE,0.025042894470598875
Epc2,0.09482190802916346,0.5214021532733033,0.1324760047504121,0.3924702884395137,0.059010313313464735,0.7967235382429682,Epc2,FALSE,FALSE,FALSE,FALSE,0.09543607536434677,FALSE,FALSE,0.025006026581316898
Kdelr1,0.0020165472519719785,0.9899278673773672,-0.20460705445951088,0.19629209746034135,-0.07961124377600992,0.7158198493268959,Kdelr1,FALSE,FALSE,FALSE,FALSE,0.09541161516249759,FALSE,FALSE,0.024999412848530373
Prr15,0.07742979091029012,0.8453387348116612,-0.06647711508300436,0.8745575630081998,-0.14228579896076132,0.7988200690067017,Prr15,FALSE,FALSE,FALSE,FALSE,0.0953975683180186,FALSE,FALSE,0.02499561475739234
Tnpo3,-0.07222422843646736,0.512599081262458,-0.11960489589173395,0.3002520393752789,-0.09424414694896655,0.5421267097788403,Tnpo3,FALSE,FALSE,FALSE,FALSE,0.09535775709238929,FALSE,FALSE,0.024984850299689176
Gcnt2,-0.03493070312650559,0.8600433117794445,0.021535714406940798,0.9185012388200036,-0.2294492405419466,0.3442090373090335,Gcnt2,FALSE,FALSE,FALSE,FALSE,0.09530521935846432,FALSE,FALSE,0.024970644753245536
B3galt5,0.014586338761444217,0.9760644966215054,-0.09774628873178925,0.8391994805081338,-0.17341661426329158,0.785580993589389,B3galt5,FALSE,FALSE,FALSE,FALSE,0.09524974725217501,FALSE,FALSE,0.02495564578919915
Zfp28,0.05260408018798657,0.8011211474490387,0.10515659545496892,0.6064051968538479,0.12794979963693232,0.6323557545391051,Zfp28,FALSE,FALSE,FALSE,FALSE,0.09523682509329594,FALSE,FALSE,0.024952151798986875
Phax,-0.1435875067243506,0.21095598717099145,-0.011099673147284328,0.9376324836556821,-0.13096340998678535,0.4105879206882688,Phax,FALSE,FALSE,FALSE,FALSE,0.0952168632861401,FALSE,FALSE,0.02494675437588796
2500004C02Rik,0.042947723106133484,0.8913172835587665,-0.09899072548018983,0.7507733369242953,-0.14367036469193062,0.7259214717680071,2500004C02Rik,FALSE,FALSE,FALSE,FALSE,0.09520293775941797,FALSE,FALSE,0.02494298908755471
Cyb561a3,-0.1594584085703521,0.5020345317882818,-0.12358508029497317,0.6217242095325088,0.002528587478987099,0.994519264776717,Cyb561a3,FALSE,FALSE,FALSE,FALSE,0.09519069211477078,FALSE,FALSE,0.02493967801833318
Tor4a,-0.18960375976340327,0.363220689831113,-0.07206210752139341,0.7630325004159757,-0.023843117988492146,0.9498958392426964,Tor4a,FALSE,FALSE,FALSE,FALSE,0.09516966175776294,FALSE,FALSE,0.024933991672712943
Med31,-0.04576651221460226,0.8450839900264019,0.20044011629235348,0.33898154090022253,0.039269512476888924,0.9098223736276299,Med31,FALSE,FALSE,FALSE,FALSE,0.09515871366128155,FALSE,FALSE,0.02493103144429392
Mapkap1,-0.031951342965141016,0.8440704168314536,-0.07539747941412411,0.6373671491546423,-0.17810525056662296,0.37073415209366395,Mapkap1,FALSE,FALSE,FALSE,FALSE,0.09515135764862936,FALSE,FALSE,0.024929042470435248
Pcdhb4,-0.10018315515425424,0.7434586526670185,0.1693813971818967,0.5607632117547293,-0.015878143355531726,0.9751963425512756,Pcdhb4,FALSE,FALSE,FALSE,FALSE,0.0951475652305609,FALSE,FALSE,0.02492801704800111
Zfp687,-0.06016728456524856,0.7489196985365771,-0.13253205439499105,0.4765961014572298,0.09261089809108825,0.7193704169192845,Zfp687,FALSE,FALSE,FALSE,FALSE,0.09510341235044262,FALSE,FALSE,0.024916078661202084
Dctn4,0.12802468730489558,0.26418495607371817,0.11179037031118355,0.36615190631786254,0.045452365740421996,0.8050490042132009,Dctn4,FALSE,FALSE,FALSE,FALSE,0.09508914111883371,FALSE,FALSE,0.024912219898589334
Slc25a15,0.18193156386574127,0.4005449285051863,0.052840454646204904,0.836355244475692,0.050476397342679835,0.8910037462041454,Slc25a15,FALSE,FALSE,FALSE,FALSE,0.09508280528487534,FALSE,FALSE,0.024910506768295527
4930577N17Rik,0.12408764730843436,0.8090685656702088,0.10471101859077103,0.8459802943694728,0.05625908239715516,0.9465656818331815,4930577N17Rik,FALSE,FALSE,FALSE,FALSE,0.09501924943212019,FALSE,FALSE,0.024893322060265146
Isg20l2,-0.08183977935656017,0.6671137689749406,0.12941751890710584,0.49237836122158024,-0.07364489749734204,0.790781522904457,Isg20l2,FALSE,FALSE,FALSE,FALSE,0.09496739858700269,FALSE,FALSE,0.024879302239967788
Tubb4a,-0.11682554391114941,0.6418339557112449,-0.0923230633835539,0.7317811736495726,0.07548048127204687,0.8439428898523196,Tubb4a,FALSE,FALSE,FALSE,FALSE,0.09487636285558339,FALSE,FALSE,0.024854687316291132
Nupr1,0.09112023974015582,0.8476956836025533,0.15407348254625108,0.7404329912018836,0.03913064240090347,0.9607489754353197,Nupr1,FALSE,FALSE,FALSE,FALSE,0.09477478822910346,FALSE,FALSE,0.02482722280714392
Tmem138,0.026528773166771824,0.905666198244304,0.13955007453482837,0.47786153931169584,0.1182023444621434,0.6577656820609833,Tmem138,FALSE,FALSE,FALSE,FALSE,0.09476039738791453,FALSE,FALSE,0.024823331703596054
Cpq,0.013700883362823824,0.9196229985378553,-0.10735650055179669,0.38630021104558643,-0.16316882511178044,0.307334844189582,Cpq,FALSE,FALSE,FALSE,FALSE,0.09474206967546699,FALSE,FALSE,0.02481837611927734
Emc7,-0.0014717335558698252,0.9910989229712858,-0.09503247911232737,0.452770310186716,-0.18771964151708698,0.2466190834549254,Emc7,FALSE,FALSE,FALSE,FALSE,0.09474128472842806,FALSE,FALSE,0.02481816387941117
Sema6d,-0.11352542104912278,0.44302567479447247,0.12324970124558732,0.4185226004338818,0.04733283627074325,0.8400009053122465,Sema6d,FALSE,FALSE,FALSE,FALSE,0.09470265285515111,FALSE,FALSE,0.024807718303840206
Lsamp,0.0785765065868933,0.7423126995069955,-0.10823261371837845,0.6640404771741942,0.09717656708725553,0.773070050915554,Lsamp,FALSE,FALSE,FALSE,FALSE,0.0946618957975091,FALSE,FALSE,0.02479669810498529
Pcdhga7,-0.0487302880465994,0.8562387334763809,0.10971854857756647,0.6781987475119365,-0.12549792838547358,0.7281231251795859,Pcdhga7,FALSE,FALSE,FALSE,FALSE,0.09464892166987982,FALSE,FALSE,0.02479319006307266
Clasp2,0.1206137511346439,0.36424463474145363,0.1440085591135265,0.31613366222995454,-0.019314314250353348,0.9364760785169263,Clasp2,FALSE,FALSE,FALSE,FALSE,0.09464554149950792,FALSE,FALSE,0.024792276107261892
Bri3bp,-0.14493834787470927,0.3622699178918077,-0.11360083043709945,0.5064692428720812,0.025319197155761586,0.9285669311230674,Bri3bp,FALSE,FALSE,FALSE,FALSE,0.09461945848919011,FALSE,FALSE,0.024785223587353272
Sox5,-0.12210489232565536,0.40057038066042333,-0.046110217050590485,0.7826009971046166,0.11562260152304571,0.564869940815699,Sox5,FALSE,FALSE,FALSE,FALSE,0.09461257029976385,FALSE,FALSE,0.024783361107046317
Taf1a,-0.01546334863209875,0.9505736296357664,-0.08737201349852386,0.7101035887036341,-0.18098882482421574,0.5418864966167546,Taf1a,FALSE,FALSE,FALSE,FALSE,0.09460806231827945,FALSE,FALSE,0.024782142205210255
Prim1,0.15881774028683848,0.4624180385394778,2.0395488758850888e-4,0.9993224926527218,-0.12480122908427127,0.6963101447968865,Prim1,FALSE,FALSE,FALSE,FALSE,0.09460764141956608,FALSE,FALSE,0.024782028399460098
Nrk,0.1379977668351666,0.8201414989784024,-0.04541857213147735,0.9469783047149088,0.10039889000979774,0.9141851175332956,Nrk,FALSE,FALSE,FALSE,FALSE,0.09460507632548056,FALSE,FALSE,0.024781334830087345
Ift88,0.1663054031155431,0.2994042920797169,0.09776316636996452,0.5812234312215124,-0.019610509402889775,0.9478530429673544,Ift88,FALSE,FALSE,FALSE,FALSE,0.09455969296279913,FALSE,FALSE,0.024769063736186335
Fam104a,-0.19882069121014379,0.24180960458682804,-0.0736245183446047,0.6941711597365163,0.01120032666314108,0.9702827424909112,Fam104a,FALSE,FALSE,FALSE,FALSE,0.09454851207262986,FALSE,FALSE,0.02476604056326442
1810014B01Rik,0.1314249493541384,0.6252499655652758,0.04867678021907196,0.8729325978184398,-0.10346705805445433,0.7988200690067017,1810014B01Rik,FALSE,FALSE,FALSE,FALSE,0.09452292920922156,FALSE,FALSE,0.024759123276827458
Rita1,-0.1543949657092374,0.4790454280783367,0.06427803671974752,0.7869858960350626,0.06486351900648701,0.8450608388222353,Rita1,FALSE,FALSE,FALSE,FALSE,0.09451217381182397,FALSE,FALSE,0.024756215151831632
Rer1,0.07546164408732903,0.5377176786355589,-0.0578006090414398,0.6688760420848795,-0.15019434798504872,0.36456401969128355,Rer1,FALSE,FALSE,FALSE,FALSE,0.09448553370460584,FALSE,FALSE,0.02474901199988581
Fhod3,-0.03349124296444428,0.8871202450442085,0.15025005359057664,0.4777945044165687,-0.09971375989708697,0.7442724803559847,Fhod3,FALSE,FALSE,FALSE,FALSE,0.0944850188173693,FALSE,FALSE,0.024748872780814002
Wbp1l,-0.255048242123709,0.13051103071494416,-0.020666497875869716,0.9195131546577934,0.007634306751166164,0.9801587789061141,Wbp1l,FALSE,FALSE,FALSE,FALSE,0.0944496822502483,FALSE,FALSE,0.02473931821483076
Ccdc60,-0.06727000086427659,0.853460813095845,-0.19399277429451112,0.5838436657290207,0.0219852744112774,0.9693175565461654,Ccdc60,FALSE,FALSE,FALSE,FALSE,0.09441601652335503,FALSE,FALSE,0.024730215423156794
Usf1,-0.08789273644012319,0.5726682847335088,-0.15737250305158224,0.3246309803128976,-0.03784195473556995,0.8811890703489162,Usf1,FALSE,FALSE,FALSE,FALSE,0.09436906474242512,FALSE,FALSE,0.024717520248569252
Serac1,0.027421052331051854,0.9271157056173112,0.1752331155546627,0.5027758108041562,0.08015464583159693,0.8414422683689409,Serac1,FALSE,FALSE,FALSE,FALSE,0.09426960457243716,FALSE,FALSE,0.02469062746202322
Snx2,0.15695050667004384,0.19267289317210942,0.0745844927908168,0.5773444234373483,-0.0512690920308847,0.787969696283249,Snx2,FALSE,FALSE,FALSE,FALSE,0.09426803049724845,FALSE,FALSE,0.02469020185177077
Sept10,0.1667726054558054,0.46416473336962727,0.03842717969386111,0.8866624061289303,0.0774722819714615,0.8292240862242014,Sept10,FALSE,FALSE,FALSE,FALSE,0.09422402237370935,FALSE,FALSE,0.024678302605341054
Tfpi,0.13575550544997617,0.7081523246617254,0.14277777812154246,0.7035139164034433,0.0040821170397631334,0.9942437822308332,Tfpi,FALSE,FALSE,FALSE,FALSE,0.09420513353709392,FALSE,FALSE,0.024673195300062338
Mark2,-0.1986693898995764,0.1751186250441943,-0.05197925600155262,0.7586196494396727,0.031832067226560845,0.9003041788310395,Mark2,FALSE,FALSE,FALSE,FALSE,0.09416023770922995,FALSE,FALSE,0.024661056029480967
Rgs22,0.14985334598183275,0.6600877451471866,0.1016225368080712,0.7851891732756221,0.03099983923741112,0.9596093611085934,Rgs22,FALSE,FALSE,FALSE,FALSE,0.09415857400910503,FALSE,FALSE,0.024660606185766227
Rab3il1,-0.122152409014471,0.7277613888930629,-0.07630682543521061,0.8370266146171776,0.08399657267012017,0.8698817228013657,Rab3il1,FALSE,FALSE,FALSE,FALSE,0.09415193570660059,FALSE,FALSE,0.024658811271758927
Adgra2,-0.010095281954886737,0.9735428783984378,-0.02672881539083871,0.9299602754519214,0.24556032100367897,0.46824183031075606,Adgra2,FALSE,FALSE,FALSE,FALSE,0.09412813944980147,FALSE,FALSE,0.024652377061413513
Synpo,-0.0656286592041102,0.7477538341053566,-0.041033791585103785,0.8535397313253528,0.1757028787144881,0.503181504385544,Synpo,FALSE,FALSE,FALSE,FALSE,0.09412177650123403,FALSE,FALSE,0.02465065659966839
Fxn,-0.21547448723259732,0.457981032328329,0.06268833669901852,0.8437751604409903,0.004171649407372691,0.9924539573195911,Fxn,FALSE,FALSE,FALSE,FALSE,0.09411149111299617,FALSE,FALSE,0.024647875559273454
Serpinf1,-0.06896674680235826,0.9023130329707341,-0.10396272617395974,0.8526282878000772,0.10929092579300059,0.8885832666711767,Serpinf1,FALSE,FALSE,FALSE,FALSE,0.09407346625643953,FALSE,FALSE,0.024637594113434934
Stt3b,0.1331577189164337,0.2867029681822396,0.14022734827669048,0.3003618630769628,0.008780348034256313,0.9702827424909112,Stt3b,FALSE,FALSE,FALSE,FALSE,0.09405513840912683,FALSE,FALSE,0.02463263849265037
Cyb5b,-0.09507119894272087,0.5188054037002217,-0.1108452112164624,0.4775544032259063,-0.0762087752949876,0.7287233337446296,Cyb5b,FALSE,FALSE,FALSE,FALSE,0.09404172848472363,FALSE,FALSE,0.02462901261673826
Lrch1,-0.1854834346630323,0.2776552721020896,0.06632879802549585,0.7268803051152575,0.030267783671878767,0.9189506147196018,Lrch1,FALSE,FALSE,FALSE,FALSE,0.09402667212013564,FALSE,FALSE,0.024624941563983444
Degs1,-0.09548132591908143,0.3979069015468455,-0.08168797735489264,0.5044760442014782,-0.10490852017629404,0.5115438366847329,Degs1,FALSE,FALSE,FALSE,FALSE,0.09402594115008937,FALSE,FALSE,0.024624743918821284
Tbc1d7,0.15566829001735005,0.5452242168761199,-5.748131432490311e-4,0.9983422141627847,-0.12582515585552878,0.7424085677028015,Tbc1d7,FALSE,FALSE,FALSE,FALSE,0.09402275300537595,FALSE,FALSE,0.024623881884347925
Acot13,0.12536769734737874,0.5165641291792222,-0.03974799500905091,0.8596343845805394,-0.116779312866933,0.6764299654257518,Acot13,FALSE,FALSE,FALSE,FALSE,0.09396500174112088,FALSE,FALSE,0.024608266664480887
5830417I10Rik,0.032178791979523336,0.8819226446177186,0.16985263255297411,0.3797389554011533,0.0798263246720965,0.7798302632672283,5830417I10Rik,FALSE,FALSE,FALSE,FALSE,0.09395258306819798,FALSE,FALSE,0.024604908810576746
Ptpn9,-0.11222128565029355,0.4120307219845897,0.003402554656153356,0.9842139940914723,0.1661179980819334,0.36698460031113583,Ptpn9,FALSE,FALSE,FALSE,FALSE,0.0939139461294601,FALSE,FALSE,0.02459446186536847
Ccdc137,-0.01960983923712778,0.9073294170911785,-0.13227636681842458,0.38491606387837085,-0.1297616454146251,0.5207451948596056,Ccdc137,FALSE,FALSE,FALSE,FALSE,0.09388261715672581,FALSE,FALSE,0.024585990902805756
Wdr90,0.17114646596062588,0.4718160501123627,-0.06479627557021939,0.8174432684988895,-0.045672566511193224,0.910620138769427,Wdr90,FALSE,FALSE,FALSE,FALSE,0.09387176934734616,FALSE,FALSE,0.024583057790765285
Jun,0.11594869978808298,0.6456561125482785,-0.13629467819391738,0.6116523013722733,-0.02922024719524785,0.9473905421678069,Jun,FALSE,FALSE,FALSE,FALSE,0.09382120839241608,FALSE,FALSE,0.024569386740648812
Zfp518b,-0.14550348673973357,0.4882178125765555,-0.024069947389532942,0.9221829979444641,-0.11187087013830599,0.7130781784286742,Zfp518b,FALSE,FALSE,FALSE,FALSE,0.09381476808919083,FALSE,FALSE,0.024567645363171284
Lsm12,-0.0894546106827736,0.6401694376695074,0.054099546085552674,0.7963895527560025,-0.13785387468262833,0.5950207078559016,Lsm12,FALSE,FALSE,FALSE,FALSE,0.0938026771503182,FALSE,FALSE,0.024564376124457114
Ing2,0.11633137201435906,0.4831920670354922,0.118802118894485,0.4910922569308603,0.04622912764236098,0.8639879293071249,Ing2,FALSE,FALSE,FALSE,FALSE,0.09378753951706835,FALSE,FALSE,0.024560283097672123
Fbxo7,0.05691116322467149,0.7174789507202409,0.12922690269154735,0.3965253386387812,0.0951852698544009,0.6487905668716706,Fbxo7,FALSE,FALSE,FALSE,FALSE,0.09377444525687324,FALSE,FALSE,0.02455674257341555
Lpin3,0.11154466436089505,0.7322834429532201,-0.16718971335934496,0.6212931461420719,-0.002569391984318159,0.9957254050020347,Lpin3,FALSE,FALSE,FALSE,FALSE,0.09376792323485272,FALSE,FALSE,0.024554979100197404
Pacrg,-0.18170940211949738,0.5312865295551388,0.01889523356112477,0.9550259589497245,-0.08067101120492914,0.8579434260278233,Pacrg,FALSE,FALSE,FALSE,FALSE,0.09375854896185043,FALSE,FALSE,0.024552444413971697
Vash2,0.24227392067745773,0.6724981360081108,0.023914247989167692,0.9723078356342592,-0.015010720876859257,0.987543739206185,Vash2,FALSE,FALSE,FALSE,FALSE,0.09373296318116156,FALSE,FALSE,0.02454552633873854
Apba3,-0.11167745222008874,0.6313899283499158,-0.06345097702657654,0.8041224024098037,0.10606463030802882,0.7434434732912165,Apba3,FALSE,FALSE,FALSE,FALSE,0.09373101985156469,FALSE,FALSE,0.02454500088671042
Mia3,0.11402803193401656,0.568930681869462,0.10860607406966061,0.6160626445580645,-0.05851934807263959,0.8568420482154497,Mia3,FALSE,FALSE,FALSE,FALSE,0.09371781802543892,FALSE,FALSE,0.02454143127797095
Slc38a1,-0.06566934039274486,0.7176972006771015,0.17366607179216853,0.33635281591868654,0.04180926589701173,0.8850584084286085,Slc38a1,FALSE,FALSE,FALSE,FALSE,0.09371489269397504,FALSE,FALSE,0.024540640304914662
Pgr,0.2012499453600265,0.6267950367283558,0.07668843364317013,0.8723102057566291,0.0031851898084083174,0.9958136259774507,Pgr,FALSE,FALSE,FALSE,FALSE,0.09370785627053498,FALSE,FALSE,0.024538737743983546
Rnaseh2b,0.08512951523146306,0.7283628610122603,0.028273277366628324,0.9168970272986405,0.16765782131748086,0.5932787828900294,Rnaseh2b,FALSE,FALSE,FALSE,FALSE,0.09368687130519075,FALSE,FALSE,0.024533063671701685
Acvrl1,-0.04033872930074378,0.9137280155000618,-0.08181776057837675,0.8251250029368248,0.15888977895946055,0.7261025790197663,Acvrl1,FALSE,FALSE,FALSE,FALSE,0.09368208961286036,FALSE,FALSE,0.024531770761874707
Bbs7,0.09924909936407644,0.5075088935126107,0.15500418705064956,0.315400578610557,0.026760292540349617,0.91791123849792855,Bbs7,FALSE,FALSE,FALSE,FALSE,0.0936711929850252,FALSE,FALSE,0.02452882444993418
Aptx,-0.07395633719002159,0.6297224862571819,-0.13001841130440628,0.40003195933596997,-0.07689446847505899,0.7241951966264828,Aptx,FALSE,FALSE,FALSE,FALSE,0.09362307232316229,FALSE,FALSE,0.024515813224555323
Plekha4,-0.1019744492395831,0.7425611617020924,-0.10288398225646267,0.7478621365624923,-0.07598922650027662,0.869867816764941,Plekha4,FALSE,FALSE,FALSE,FALSE,0.09361588599877413,FALSE,FALSE,0.024513870132281856
Uggt1,0.09419550980350877,0.5190718582422089,-0.08189761340368751,0.6082011402170788,-0.10474405264991926,0.6150505511268062,Uggt1,FALSE,FALSE,FALSE,FALSE,0.09361239195237185,FALSE,FALSE,0.024512925385816113
Arxes1,0.14231989077688256,0.43827908299530194,-0.0037777446063711473,0.9858639497018152,-0.13469073959466105,0.6127248895804871,Arxes1,FALSE,FALSE,FALSE,FALSE,0.09359612499263825,FALSE,FALSE,0.02450852700326839
Hist1h1c,0.051410290822651916,0.8653732979576041,0.004791396877471321,0.9876699410958792,0.2245669276490414,0.5577698675073678,Hist1h1c,FALSE,FALSE,FALSE,FALSE,0.09358953844972155,FALSE,FALSE,0.024506746084406533
Ccdc43,0.14826454731772376,0.28690119523780777,0.08142698403581239,0.5975235283814393,-0.05096008901811988,0.8204718255310779,Ccdc43,FALSE,FALSE,FALSE,FALSE,0.09355054012388535,FALSE,FALSE,0.024496201424644818
Trmu,-3.2618227945135914e-4,0.9989705020060504,0.13598014809357295,0.5884121068211401,0.14423891086116303,0.6636501990468356,Trmu,FALSE,FALSE,FALSE,FALSE,0.09351508041139578,FALSE,FALSE,0.024486613561693436
Nubpl,-0.11363946173102146,0.6006915443764385,-0.07700343926922715,0.7384753908227154,-0.08988244919327926,0.7723392023207507,Nubpl,FALSE,FALSE,FALSE,FALSE,0.0935084500645093,FALSE,FALSE,0.024484820798785775
Ramp1,-0.15558472773114285,0.6722921355469221,0.01701056794599687,0.9675284878721768,0.10781933871555882,0.8393488267253515,Ramp1,FALSE,FALSE,FALSE,FALSE,0.09347154479756618,FALSE,FALSE,0.024474842075982006
Lrrc49,-0.16106192273095576,0.23698801908046546,-0.043757590915323163,0.7840659324761762,-0.07553582952990823,0.7112300114706978,Lrrc49,FALSE,FALSE,FALSE,FALSE,0.09345178105872905,FALSE,FALSE,0.024469498208080285
Leo1,0.04965562550164915,0.830759120158053,-0.03839471426468144,0.8770725658124283,-0.19229241769574834,0.5128926163287819,Leo1,FALSE,FALSE,FALSE,FALSE,0.09344758582069297,FALSE,FALSE,0.024468363868162833
Fam168a,0.12160431921338688,0.3685784782035619,0.0775898498425871,0.6089448205627352,0.08110121373483636,0.6877364194780291,Fam168a,FALSE,FALSE,FALSE,FALSE,0.09343179426360344,FALSE,FALSE,0.024464094028546737
Zfp30,-0.14201138675036562,0.42541741049139953,-0.042129573080081695,0.836355244475692,-0.0961254970214811,0.708955624199614,Zfp30,FALSE,FALSE,FALSE,FALSE,0.09342215228397614,FALSE,FALSE,0.02446148695779641
Smad2,-0.0759030910904901,0.5945516468934541,-0.15804135819025955,0.2791077619226269,-0.046291769740041566,0.833965400118035,Smad2,FALSE,FALSE,FALSE,FALSE,0.0934120730069304,FALSE,FALSE,0.024458761647291088
Dvl2,-0.19961056018040058,0.22205406453220564,0.006628526834267845,0.9736835584731226,0.0739354832087189,0.7600450755051409,Dvl2,FALSE,FALSE,FALSE,FALSE,0.09339152340779577,FALSE,FALSE,0.024453205292589493
Phactr2,-0.15260087351094764,0.31778535729367524,-0.04531861986315988,0.8026321141503341,0.08210673388631307,0.7235207038937208,Phactr2,FALSE,FALSE,FALSE,FALSE,0.09334207575347353,FALSE,FALSE,0.024439835265039258
Taf12,-0.19152668129194073,0.3458845534318927,-0.06852072194461734,0.7640744257225257,-0.019950444806828393,0.9568917316396195,Taf12,FALSE,FALSE,FALSE,FALSE,0.09333261601446215,FALSE,FALSE,0.024437277469873165
Ing1,-0.11615286425421445,0.3906539414610001,-0.11420234358686265,0.42668992667471567,-0.04958625513732784,0.8161539988179538,Ing1,FALSE,FALSE,FALSE,FALSE,0.09331382099280165,FALSE,FALSE,0.024432195530985416
Cnot3,-0.06842011903237477,0.7300133641357293,0.00389476435694025,0.9854372391431151,0.20757321966419173,0.39648884399324824,Cnot3,FALSE,FALSE,FALSE,FALSE,0.09329603435116891,FALSE,FALSE,0.02442738624545074
Slc22a21,-0.11833407841279736,0.8780804192509922,0.13338411128262517,0.8614217231810403,0.02814152401956621,0.9812328423861192,Slc22a21,FALSE,FALSE,FALSE,FALSE,0.09328657123832958,FALSE,FALSE,0.02442482753804374
Eef1akmt1,-0.07779026753889307,0.6892329600327808,-0.111917807667544,0.5683818667144263,-0.09008345809410434,0.7388469460895963,Eef1akmt1,FALSE,FALSE,FALSE,FALSE,0.0932638444335138,FALSE,FALSE,0.024418682494144684
Tsc1,-0.19355332198376995,0.22546594879076537,-0.05303502353051037,0.7788737204185253,-0.0331723002515254,0.9054114982218228,Tsc1,FALSE,FALSE,FALSE,FALSE,0.09325354858860191,FALSE,FALSE,0.024415898626395812
Cdk6,-0.007268231384857771,0.9764927696515135,0.10987625221504338,0.6262464918892972,0.16259495093290965,0.5747579581649425,Cdk6,FALSE,FALSE,FALSE,FALSE,0.0932464781776036,FALSE,FALSE,0.02441398687565385
Lamtor3,-0.13573236243160292,0.3548839691861632,-0.0013106522513401941,0.9936408291678288,-0.1424709908095121,0.48481238182758035,Lamtor3,FALSE,FALSE,FALSE,FALSE,0.09317133516415173,FALSE,FALSE,0.024393669144229992
Kcnj8,0.09652397042064198,0.7706282875595524,-0.08569765723473788,0.8115014529003158,-0.097259370731412,0.8445246801033858,Kcnj8,FALSE,FALSE,FALSE,FALSE,0.09316033279559728,FALSE,FALSE,0.024390694241320905
Neurl1a,-0.18004503217891799,0.24594599666601705,-0.055264852409605325,0.7615388908601943,0.043984049742102904,0.8676876584333398,Neurl1a,FALSE,FALSE,FALSE,FALSE,0.09309797811020874,FALSE,FALSE,0.024373834313929855
Trrap,-0.126293869224126,0.40252810044169246,-0.09335588856413146,0.5767965930130585,-0.05960594910824035,0.8049391584543171,Trrap,FALSE,FALSE,FALSE,FALSE,0.09308523563216593,FALSE,FALSE,0.024370388907169395
Bspry,-0.14404482940837804,0.57534689913143,0.027228875412569575,0.9240117744751412,-0.10797032467110146,0.7691879629745485,Bspry,FALSE,FALSE,FALSE,FALSE,0.09308134316401635,FALSE,FALSE,0.02436933643244412
Dpy19l1,0.24478974602499548,0.19128181303744113,0.02436287909766044,0.9159366344120757,0.009930794701493717,0.9773137750178806,Dpy19l1,FALSE,FALSE,FALSE,FALSE,0.09302780660804988,FALSE,FALSE,0.02435486081700741
Kif13a,-0.11687313658664333,0.4702105301630788,-0.08198732444786483,0.6431031653429987,-0.08019430136801109,0.7380908778766705,Kif13a,FALSE,FALSE,FALSE,FALSE,0.09301825413417308,FALSE,FALSE,0.024352277947493044
Pms2,0.24933923996960772,0.19490713897859338,-0.023278447162252913,0.9222699718503002,-0.006428394963526429,0.9847544527698506,Pms2,FALSE,FALSE,FALSE,FALSE,0.09301536069846235,FALSE,FALSE,0.024351495598649655
Atf6,-0.07324906021132538,0.7080635416237471,-0.09829425665837999,0.6298620562472056,-0.10734246796680047,0.6930940634580646,Atf6,FALSE,FALSE,FALSE,FALSE,0.09296192827883527,FALSE,FALSE,0.024337048140377238
Tbc1d22b,-0.08576658248389757,0.6816034332634318,-0.18927871890703507,0.3613019561175827,0.003778000077457655,0.9907500529601377,Tbc1d22b,FALSE,FALSE,FALSE,FALSE,0.09294110048946343,FALSE,FALSE,0.02433141656651334
Pgrmc2,-0.059121118719233756,0.6692918725757526,-0.11010590736979786,0.4338565578503683,-0.10957476375126252,0.5597978228199663,Pgrmc2,FALSE,FALSE,FALSE,FALSE,0.0929339299467647,FALSE,FALSE,0.024329477741411403
Mtap,0.07942664255706733,0.6167473705286388,-0.022936748100616633,0.8987263648373043,-0.17637619759501888,0.40608108524542064,Mtap,FALSE,FALSE,FALSE,FALSE,0.09291319608423428,FALSE,FALSE,0.024323871564191184
Brpf3,-0.15944712070343758,0.42619525303768435,-0.11274045716538872,0.6037496200998685,0.006509088700136445,0.9847097751008489,Brpf3,FALSE,FALSE,FALSE,FALSE,0.09289888885632092,FALSE,FALSE,0.024320003068627725
BC017158,0.16266998484998663,0.285206479842378,-0.0485715137677003,0.7891659619139906,0.06745329843151637,0.7772761832863695,BC017158,FALSE,FALSE,FALSE,FALSE,0.09289826568306776,FALSE,FALSE,0.02431983457037078
Csad,-0.04646551511046759,0.7760746346377853,-0.10915667448227495,0.49550754682124337,0.12280832608202719,0.5579214693935273,Csad,FALSE,FALSE,FALSE,FALSE,0.09281017189158991,FALSE,FALSE,0.024296015110475116
Hnrnph3,0.03244405167922171,0.8448293643075855,0.11976155099040131,0.44079540053320576,0.12621051985947496,0.541217482229437,Hnrnph3,FALSE,FALSE,FALSE,FALSE,0.09280537417636599,FALSE,FALSE,0.024294717868258042
Zscan20,-0.15876541904530495,0.42317110014276893,-0.07073662543968373,0.7470688574067161,-0.04878681980868471,0.8797388443604395,Zscan20,FALSE,FALSE,FALSE,FALSE,0.0927629547645578,FALSE,FALSE,0.024283248189618807
Phf8,-0.20347718072519605,0.14870819481826322,-0.03156983959363924,0.8504990027270904,0.04305108256756629,0.8529927168448074,Phf8,FALSE,FALSE,FALSE,FALSE,0.09269936762880053,FALSE,FALSE,0.024266055023055743
Srek1ip1,0.08008694042703413,0.6697499480110877,0.13084354582404778,0.4828849498616761,0.06702806930163252,0.8070621249225792,Srek1ip1,FALSE,FALSE,FALSE,FALSE,0.09265285185090481,FALSE,FALSE,0.024253477738237876
Htatip2,-0.013075432482215987,0.9647529566687915,0.012152792180723182,0.9691106884438507,-0.25264854758118815,0.4737056104533744,Htatip2,FALSE,FALSE,FALSE,FALSE,0.09262559074804244,FALSE,FALSE,0.02424610667683334
Zcrb1,0.14473496886074244,0.46107432553819283,0.11244893886814378,0.5965491641927472,0.020602206497321696,0.9541532121311634,Zcrb1,FALSE,FALSE,FALSE,FALSE,0.09259537140873597,FALSE,FALSE,0.024237935745277227
Naa40,-0.1286114772519702,0.3821822041995109,-0.12736093650543134,0.41017720938594016,-0.02180833515356273,0.9333155147750901,Naa40,FALSE,FALSE,FALSE,FALSE,0.09259358297032143,FALSE,FALSE,0.02423745217388841
Ptprm,-0.1425069186465553,0.5785348847728321,-0.09067809126132786,0.7472872088541492,0.04457750087848744,0.9178856859800993,Ptprm,FALSE,FALSE,FALSE,FALSE,0.09258750359545687,FALSE,FALSE,0.0242358083869274
Smpdl3a,0.09569941606973309,0.6257568524711992,0.0015209569177141447,0.9940961273865506,-0.18053046721682087,0.4957275844541114,Smpdl3a,FALSE,FALSE,FALSE,FALSE,0.0925836134014227,FALSE,FALSE,0.024234756527094503
March5,-0.06747226989185062,0.6314419319129407,0.033270368937846406,0.8335050937809211,-0.17683241877350842,0.33665848390929565,March5,FALSE,FALSE,FALSE,FALSE,0.09252501920106848,FALSE,FALSE,0.02421891338784437
Slbp,0.13983440440805062,0.40062538926817554,0.09734070302228037,0.5922783401389444,0.04034836143850118,0.8856245666017052,Slbp,FALSE,FALSE,FALSE,FALSE,0.0925078229562774,FALSE,FALSE,0.024214263738234723
Pkhd1,-0.004722174001291268,0.9921818889031109,0.2078727957499935,0.6470860114501704,0.06484672824482685,0.9307249095541381,Pkhd1,FALSE,FALSE,FALSE,FALSE,0.09248056599870387,FALSE,FALSE,0.024206893797664466
Tbc1d2b,-0.1639311015872602,0.32843275788007364,0.007383773225254409,0.9715945613352186,-0.10580773390942344,0.6620874860537207,Tbc1d2b,FALSE,FALSE,FALSE,FALSE,0.09237420290731269,FALSE,FALSE,0.024178134547469084
Spen,-0.18831039352068846,0.32830545573785497,-0.07419941491087378,0.7398961249089367,0.014552797076618162,0.9688372780310917,Spen,FALSE,FALSE,FALSE,FALSE,0.09235420183606013,FALSE,FALSE,0.024172726507849285
Nup107,-0.14074711440853882,0.37308874364006567,-0.0874791682570466,0.6142769593600323,-0.0487920567968807,0.8498603036335272,Nup107,FALSE,FALSE,FALSE,FALSE,0.09233944648748871,FALSE,FALSE,0.024168736846062144
Rnf34,0.054154614057200234,0.715476144347135,0.09176039444814599,0.5391643330978957,-0.13109091119400507,0.5010569257892595,Rnf34,FALSE,FALSE,FALSE,FALSE,0.09233530656645043,FALSE,FALSE,0.024167617463169342
Med23,-0.030931886652841634,0.8201568212657384,-0.15258461262772194,0.24547939059756288,-0.0934670046344026,0.5948197670713311,Med23,FALSE,FALSE,FALSE,FALSE,0.09232783463832206,FALSE,FALSE,0.024165597147215046
Fbxo9,-0.12116586498145487,0.46498131210416305,-0.06461904964471099,0.7283353957531761,-0.09113021754336259,0.7086847097238209,Fbxo9,FALSE,FALSE,FALSE,FALSE,0.09230504405650948,FALSE,FALSE,0.02415943485881337
Med28,-0.11368052066538059,0.39843833669739614,-0.10651656015734456,0.4607676814828954,-0.05669180260860873,0.787019880890773,Med28,FALSE,FALSE,FALSE,FALSE,0.0922962944771113,FALSE,FALSE,0.0241570690819285
Ercc6,0.05422347442194386,0.7696967758348747,0.16912375359140164,0.3436395519281621,-0.05347178518166196,0.8482340272567118,Ercc6,FALSE,FALSE,FALSE,FALSE,0.09227300439833581,FALSE,FALSE,0.024150771735792602
Inmt,0.1480793306533581,0.7431247268779382,0.07853511869731111,0.8750946034672803,0.05017568358637714,0.9478628528790193,Inmt,FALSE,FALSE,FALSE,FALSE,0.09226337764568211,FALSE,FALSE,0.024148168782225574
Setbp1,-0.08501344331834293,0.5883730973091799,-0.031953269299165754,0.857517584056431,0.15978175985219512,0.43912165132607406,Setbp1,FALSE,FALSE,FALSE,FALSE,0.0922494908232346,FALSE,FALSE,0.024144413959044306
Zmpste24,0.12238662771237241,0.4873510925299991,0.1205098829430229,0.5213437303939021,-0.033840959739041665,0.9104295434466736,Zmpste24,FALSE,FALSE,FALSE,FALSE,0.09224582346481232,FALSE,FALSE,0.024143422351175045
Dnah5,-0.08785392195579034,0.7875817437453299,0.01606944139800559,0.9644348985476884,-0.1727930623679912,0.688946889329134,Dnah5,FALSE,FALSE,FALSE,FALSE,0.09223880857392903,FALSE,FALSE,0.024141525612378093
Fbxo46,-0.2478511566343342,0.16934021004675914,-0.01719423041999857,0.9356672148728545,0.011658243415529235,0.9703486891162046,Fbxo46,FALSE,FALSE,FALSE,FALSE,0.09223454348995401,FALSE,FALSE,0.02414037238699194
Lrba,-0.07256847133521038,0.5196205767138289,-0.05854825690428722,0.6365657379562748,-0.1455681400687281,0.33970326308949406,Lrba,FALSE,FALSE,FALSE,FALSE,0.09222828943607524,FALSE,FALSE,0.024138681369009266
Noa1,0.17455318809735632,0.3332219481793242,0.049663112783459695,0.8173954428888863,0.05243746081023559,0.8615990199697596,Noa1,FALSE,FALSE,FALSE,FALSE,0.09221792056368387,FALSE,FALSE,0.024135877755542913
Polr3b,-0.017620426869028982,0.9168126233254212,-0.10424458790653546,0.4996673935063679,-0.15476415035335567,0.4392757096142808,Polr3b,FALSE,FALSE,FALSE,FALSE,0.09220972170964004,FALSE,FALSE,0.02413366088790887
Ppfia2,0.14827029357199795,0.38473750597843387,0.0997625919791485,0.5989366948472119,-0.028588234081534658,0.9263975981729248,Ppfia2,FALSE,FALSE,FALSE,FALSE,0.09220703987756036,FALSE,FALSE,0.024132935754041917
Fuk,-0.09070781875902556,0.6572933915047979,-0.15103587749270275,0.4610835337252275,-0.03486599479820551,0.9162903148707165,Fuk,FALSE,FALSE,FALSE,FALSE,0.09220323034997795,FALSE,FALSE,0.024131905705409108
Ikbke,-0.04291494870431145,0.9212427994085054,0.17118497719881476,0.6607375605903182,0.062471290628594245,0.9214197386018574,Ikbke,FALSE,FALSE,FALSE,FALSE,0.09219040551057349,FALSE,FALSE,0.024128438029166116
Zfp382,-0.09825178041406302,0.6638624723119881,0.051998385039806916,0.8305600803544603,0.1262870332637167,0.6678083853727145,Zfp382,FALSE,FALSE,FALSE,FALSE,0.09217906623919554,FALSE,FALSE,0.024125372031945404
A030001D20Rik,-0.031863339597747675,0.9257340885058463,-0.13566147363712888,0.6740509030448327,0.1089655080486911,0.8007407999651911,A030001D20Rik,FALSE,FALSE,FALSE,FALSE,0.09216344042785589,FALSE,FALSE,0.024121147007907975
Sned1,0.08583646892219576,0.6406622737499478,0.05625012124575157,0.7824344771669626,0.13438051932077322,0.5876378064461576,Sned1,FALSE,FALSE,FALSE,FALSE,0.09215570316290685,FALSE,FALSE,0.024119054948194527
5033430I15Rik,0.057598629194343984,0.9255463729324149,0.044017227357798096,0.944863613634565,0.1746412543314275,0.8273824662594182,5033430I15Rik,FALSE,FALSE,FALSE,FALSE,0.09208570362785652,FALSE,FALSE,0.024100127949028355
Anp32e,-0.14384336343106074,0.3536808054477896,-0.033438546719207096,0.8576644857804365,-0.09886571657434207,0.666921174024828,Anp32e,FALSE,FALSE,FALSE,FALSE,0.0920492089082033,FALSE,FALSE,0.024090260233079246
Als2,-0.09245810091165652,0.6110274183296582,-0.11500178880187217,0.5398689817927806,-0.06864115406690008,0.7992157107143911,Als2,FALSE,FALSE,FALSE,FALSE,0.09203368126014293,FALSE,FALSE,0.02408606175116533
Gm6658,0.11132787189669235,0.7152418831495841,0.08151203056998613,0.8025212852836409,0.08316407892002253,0.8554929245165155,Gm6658,FALSE,FALSE,FALSE,FALSE,0.09200132712890034,FALSE,FALSE,0.024077313598558164
Hdac9,0.21142572379207536,0.42868234585410087,0.044823224138534457,0.8885405066575393,-0.019614386949831086,0.9688448947437457,Hdac9,FALSE,FALSE,FALSE,FALSE,0.09195444496014697,FALSE,FALSE,0.024064637246232888
Nptn,0.12019076533962902,0.4295524422201087,0.0691269917248114,0.6904613463848431,0.0865184435560824,0.7037178753758783,Nptn,FALSE,FALSE,FALSE,FALSE,0.09194540020684094,FALSE,FALSE,0.024062191658013505
C2cd2l,0.05144940984818813,0.7758846586810002,-0.1021120268111737,0.573707793485806,0.12217767659549317,0.605636193622495,C2cd2l,FALSE,FALSE,FALSE,FALSE,0.09191303775161834,FALSE,FALSE,0.02405344125470621
Zfp691,-0.1819142277933028,0.5251568381669737,0.08693855598668465,0.7752766817391893,0.0068294207988519595,0.988242021606551,Zfp691,FALSE,FALSE,FALSE,FALSE,0.09189406819294647,FALSE,FALSE,0.024048312123192594
Uba2,-0.08324394761212073,0.477695479279796,-0.06465002678253295,0.6158165850122637,-0.12766680431370148,0.4299892282557376,Uba2,FALSE,FALSE,FALSE,FALSE,0.09185359290278505,FALSE,FALSE,0.024037368110741867
Tcf7l1,0.015662663312422054,0.977443001888163,0.05155503760336699,0.9274982901201057,0.2082054699998751,0.7640855421063019,Tcf7l1,FALSE,FALSE,FALSE,FALSE,0.09180772363855472,FALSE,FALSE,0.024024965635136616
Cdkn1c,-0.04012605386669188,0.9000934404799463,-0.03632470801332888,0.9105014314033899,0.1989504030420548,0.5944368572799373,Cdkn1c,FALSE,FALSE,FALSE,FALSE,0.09180038830735852,FALSE,FALSE,0.02402298225328509
Hepacam,-0.14746654000087744,0.6609607754186918,-0.07782125592801226,0.8310215491155629,0.050036133366938795,0.9260668732862938,Hepacam,FALSE,FALSE,FALSE,FALSE,0.0917746430986095,FALSE,FALSE,0.024016021070697585
Rab27b,0.1925749018559486,0.4311747051654735,0.05001693092872017,0.8643750241598225,-0.032555960472639534,0.9421114768290293,Rab27b,FALSE,FALSE,FALSE,FALSE,0.09171593108576943,FALSE,FALSE,0.02400014607642413
Ythdf2,0.08858764076941394,0.595189387743676,0.13227397341267721,0.44130599887640193,-0.05420174397226862,0.8369176274335286,Ythdf2,FALSE,FALSE,FALSE,FALSE,0.09168778605145327,FALSE,FALSE,0.023992536011005112
Lrrc45,-0.08927326515836098,0.7267243349044055,-0.11460917822172867,0.6592298262613572,-0.0711330722708805,0.8513275863241275,Lrrc45,FALSE,FALSE,FALSE,FALSE,0.09167183855032339,FALSE,FALSE,0.023988224006070067
Adgrb3,0.11944421419905105,0.5202995007468073,0.10397055975196245,0.6004568036783674,0.05156623876423083,0.8645344729382035,Adgrb3,FALSE,FALSE,FALSE,FALSE,0.09166033757174812,FALSE,FALSE,0.02398511428524481
Bcat1,0.2216882616216851,0.4133053829691868,-0.005656262054112293,0.9858639497018152,0.047556478540857317,0.9218570737779013,Bcat1,FALSE,FALSE,FALSE,FALSE,0.09163366740555157,FALSE,FALSE,0.02397790300572701
Marf1,0.1957690833985959,0.07863734002970973,0.04762913758117371,0.699775373375869,0.031469382506134735,0.862224744822196,Marf1,FALSE,FALSE,FALSE,FALSE,0.09162253449530144,FALSE,FALSE,0.023974892805975402
Lsm8,-0.07041580176257423,0.6905901887726353,-0.03066938186868917,0.8752763825986378,-0.1737559469924599,0.4478475769295595,Lsm8,FALSE,FALSE,FALSE,FALSE,0.09161371020790776,FALSE,FALSE,0.023972506828982523
Ift52,-0.10254090088952506,0.5382432888232154,-0.1141806911250427,0.5119592553526683,-0.058110100363564676,0.8201978572378688,Ift52,FALSE,FALSE,FALSE,FALSE,0.09161056412604414,FALSE,FALSE,0.023971656167777893
Mtrf1,0.15301819316632237,0.5836092609373206,0.09804800144297321,0.7458644774828005,0.02375163132268554,0.9630623165232519,Mtrf1,FALSE,FALSE,FALSE,FALSE,0.09160594197732704,FALSE,FALSE,0.02397040639654939
Fmc1,-0.14205547123769557,0.5382799843304378,-0.021962409753070844,0.9342129477385314,-0.11074010314317828,0.7373544762288389,Fmc1,FALSE,FALSE,FALSE,FALSE,0.0915859947113149,FALSE,FALSE,0.023965012905193945
Ap3b1,-0.11153682871023829,0.34637598293104427,-0.0524194854817841,0.6991317112895579,-0.1106994150081908,0.5091507602564904,Ap3b1,FALSE,FALSE,FALSE,FALSE,0.0915519097334044,FALSE,FALSE,0.023955796753286258
Abhd2,-0.10061616031446263,0.5669577760180218,-0.14153854107644115,0.4387769768151994,0.03243620805149927,0.9137155754780841,Abhd2,FALSE,FALSE,FALSE,FALSE,0.09153030314746768,FALSE,FALSE,0.023949954602567484
Spg11,-0.1285409574187364,0.305033259634278,-0.08024896253737879,0.5606700111008929,-0.06579785373416858,0.7305843520392913,Spg11,FALSE,FALSE,FALSE,FALSE,0.09152925789676125,FALSE,FALSE,0.02394967197984385
Sp3os,0.11720468659335115,0.7856669933607635,-0.008496868416548287,0.9853747491583585,0.148872647457302,0.8034181599254954,Sp3os,FALSE,FALSE,FALSE,FALSE,0.09152473415573381,FALSE,FALSE,0.02394844881682437
Zmynd15,-0.12840804434689657,0.7946247819031381,-0.09311845147211885,0.8565157334484094,-0.05292951243796208,0.9467569751207735,Zmynd15,FALSE,FALSE,FALSE,FALSE,0.09148533608565916,FALSE,FALSE,0.02393779607121805
Zfyve9,0.16384577560081226,0.2399105130969267,0.09207476601672582,0.5501827305736446,0.0184936432019267,0.9427296633325991,Zfyve9,FALSE,FALSE,FALSE,FALSE,0.0914713949398216,FALSE,FALSE,0.023934026559671247
Kctd15,0.18566458837721322,0.45458776968495745,-0.08626483696599152,0.7645143298512636,0.0023390235961526784,0.9955812232743381,Kctd15,FALSE,FALSE,FALSE,FALSE,0.09142281631311915,FALSE,FALSE,0.023920891506325107
Gm13033,0.07367259187056269,0.9079752144443256,0.06646356794969438,0.9183157947800061,-0.1341072782135283,0.8845296362698789,Gm13033,FALSE,FALSE,FALSE,FALSE,0.09141447934459512,FALSE,FALSE,0.02391863729426228
Thbs2,0.11414262935139607,0.7842760076465174,-0.10506817178946992,0.8174432684988895,0.055022397345999785,0.9354270075136115,Thbs2,FALSE,FALSE,FALSE,FALSE,0.0914110661622886,FALSE,FALSE,0.02391771441243709
Antxr2,-0.06385472420615557,0.6965880535610615,-0.1430833745350375,0.37882872142062746,-0.0672660127325484,0.7751107135393539,Antxr2,FALSE,FALSE,FALSE,FALSE,0.09140137049124715,FALSE,FALSE,0.02391509282419961
Cops3,0.15159192495709917,0.2528536321507708,0.03601377269575945,0.8216035230814268,-0.0865978541245731,0.6592130259753674,Cops3,FALSE,FALSE,FALSE,FALSE,0.09140118392581058,FALSE,FALSE,0.023915042379237944
Lxn,0.038898514683477714,0.8596765401347293,0.09956663751930561,0.6372150136917447,-0.13568689945346257,0.6323909429312146,Lxn,FALSE,FALSE,FALSE,FALSE,0.09138401721874863,FALSE,FALSE,0.023910400716260983
Patl1,0.07821970829969649,0.6403466715649899,0.17481145194500325,0.2913687912323456,0.020997385632227417,0.9416213037648641,Patl1,FALSE,FALSE,FALSE,FALSE,0.09134284862564239,FALSE,FALSE,0.023899269243361426
Tuft1,-0.16553975503342055,0.4030986271871822,0.004217281981555576,0.9853747491583585,-0.10421868452494598,0.7186756725575926,Tuft1,FALSE,FALSE,FALSE,FALSE,0.09132524051330737,FALSE,FALSE,0.023894508229916935
Hnrnpc,0.09220572519252368,0.634333419720694,0.13694827004645838,0.49505095041987646,-0.04481240528210506,0.8878276030249511,Hnrnpc,FALSE,FALSE,FALSE,FALSE,0.09132213350702904,FALSE,FALSE,0.023893668134262056
Tead3,0.03885552703026751,0.9124771339105935,0.11006814488739558,0.7391865893271716,0.125039344770415,0.780035268336391,Tead3,FALSE,FALSE,FALSE,FALSE,0.0913210055626927,FALSE,FALSE,0.0238933631522147
Fastk,-0.0879489117759551,0.6435270964820903,-0.1745884476380235,0.36028169857970405,-0.011402569903512294,0.9718762176510317,Fastk,FALSE,FALSE,FALSE,FALSE,0.09131330977249696,FALSE,FALSE,0.023891282306756044
Zfp511,0.13847105523081815,0.5947413419377787,-0.07591500229018022,0.7971996628438263,0.05953671000033811,0.8862571904879157,Zfp511,FALSE,FALSE,FALSE,FALSE,0.09130758917377883,FALSE,FALSE,0.023889735528379728
Sipa1,-0.043695374781558716,0.8735079107473803,-0.22524291254427187,0.37988511910752965,0.0049729645632008435,0.9901796608639275,Sipa1,FALSE,FALSE,FALSE,FALSE,0.09130375062967715,FALSE,FALSE,0.02388869763404286
Nmi,0.12446420976324912,0.6010459641726194,-0.12130456479509766,0.6369174033292522,-0.028119888853879615,0.9465656818331815,Nmi,FALSE,FALSE,FALSE,FALSE,0.0912962211374088,FALSE,FALSE,0.023886661753464766
9330162012Rik,-0.13908787005924794,0.7470811179483355,-0.09961317381062029,0.8262631180585953,0.03518628685194347,0.9609730014174996,9330162012Rik,FALSE,FALSE,FALSE,FALSE,0.09129577690727057,FALSE,FALSE,0.023886541639189008
Elovl5,-0.12509232714133223,0.42452591286839153,0.024586326148170023,0.8960844905744875,-0.12409027609851098,0.5830726208887027,Elovl5,FALSE,FALSE,FALSE,FALSE,0.09125630979600441,FALSE,FALSE,0.023875870225707634
Atrip,0.15308617661377744,0.354432773771635,0.09620424441537612,0.595792253704677,0.024350850976969873,0.9352793253721059,Atrip,FALSE,FALSE,FALSE,FALSE,0.09121375733537447,FALSE,FALSE,0.02386436457233033
Fbxl16,-0.05246240363575705,0.7753174359057148,-0.208344829369163,0.24992576654657644,0.01274252883740612,0.9685600982853065,Fbxl16,FALSE,FALSE,FALSE,FALSE,0.09118325394744205,FALSE,FALSE,0.023856116837576845
Arhgap10,0.11322800650587395,0.6841201472802957,0.08730193023615618,0.7707411945231147,0.07284626946383987,0.8662045680027711,Arhgap10,FALSE,FALSE,FALSE,FALSE,0.09112540206862334,FALSE,FALSE,0.02384047441278965
Recql4,-0.11593422975012511,0.9154425240062541,-0.11980869264734996,0.9122659930934655,-0.03761016198772495,0.9814938883311297,Recql4,FALSE,FALSE,FALSE,FALSE,0.09111769479506668,FALSE,FALSE,0.02383839046237376
Cdk2,0.019673486700340304,0.950301486290721,-0.19339386897473188,0.500516448214487,0.06023540310497144,0.8901443658277652,Cdk2,FALSE,FALSE,FALSE,FALSE,0.09110091959334787,FALSE,FALSE,0.023833854657547112
Ush1c,0.04387528450233358,0.9136818576567579,-0.11062782364849477,0.7830762775888619,-0.11879351990388365,0.8293289451412067,Ush1c,FALSE,FALSE,FALSE,FALSE,0.09109887601823734,FALSE,FALSE,0.023833302100385336
Rnf4,-0.1224612076418552,0.3913050318739336,-0.04470093043797707,0.7919839496727736,-0.1060393093676284,0.6105192888508725,Rnf4,FALSE,FALSE,FALSE,FALSE,0.09106714914915355,FALSE,FALSE,0.023824723551624082
Lims2,0.09369092913970478,0.841040933133632,0.1648466848267942,0.7182738584514538,0.01458766560439373,0.9835987005967498,Lims2,FALSE,FALSE,FALSE,FALSE,0.09104175985696424,FALSE,FALSE,0.02381785860442477
Mob2,0.09891190846099551,0.4910187119174907,0.06425426606846507,0.6864259574577461,-0.10993833109860596,0.5893845247537338,Mob2,FALSE,FALSE,FALSE,FALSE,0.09103483520935551,FALSE,FALSE,0.023815986266281067
Svil,-0.08145085388089068,0.6435270964820903,0.05768296407246698,0.7613938597388709,0.13395500390840898,0.5664672280681943,Svil,FALSE,FALSE,FALSE,FALSE,0.09102960728725555,FALSE,FALSE,0.023814572701503018
Nxt1,-0.14670089476468728,0.5499779760550091,0.007143928591071269,0.9804441993613267,-0.1191572086879531,0.7335286310836299,Nxt1,FALSE,FALSE,FALSE,FALSE,0.09100067734790389,FALSE,FALSE,0.023806750407575027
Rab40c,-0.16247294613428975,0.348627340034023,0.07382565655257345,0.6971030876141238,0.036700886951757106,0.8991532345747939,Rab40c,FALSE,FALSE,FALSE,FALSE,0.0909998298795401,FALSE,FALSE,0.023806521262724232
Tcaim,0.14799534641980205,0.27040764079008545,0.017387632783854023,0.9159366344120757,0.10761541994822288,0.5763545844674421,Tcaim,FALSE,FALSE,FALSE,FALSE,0.09099946638395966,FALSE,FALSE,0.023806422978063586
Dip2a,-0.03135119687155008,0.9063615970553854,-0.18526926330258675,0.445696426275844,-0.056341574153842444,0.8825184669752741,Dip2a,FALSE,FALSE,FALSE,FALSE,0.09098734477599309,FALSE,FALSE,0.023803145446809826
Aqp3,-0.020299580058666278,0.9608908006792275,-0.22010718204073831,0.5656675978904805,-0.03253316790438454,0.9599037646835457,Aqp3,FALSE,FALSE,FALSE,FALSE,0.09097997666792972,FALSE,FALSE,0.023801153202503183
March8,-0.08229259875219253,0.47034106455810043,-0.10719040059575491,0.373121097723003,-0.08340227711761017,0.6105192888508725,March8,FALSE,FALSE,FALSE,FALSE,0.09096175882185253,FALSE,FALSE,0.023796227324677503
Rnf20,0.1487782001631821,0.206644238336218,0.1170139430043351,0.35727230132172627,-0.00706613304616166,0.9749787126069684,Rnf20,FALSE,FALSE,FALSE,FALSE,0.09095275873789295,FALSE,FALSE,0.023793793814490958
Zbtb3,-0.01557523736478017,0.9719743915308761,0.1075343127920656,0.7895411538990473,0.14972415275294693,0.7754282463131087,Zbtb3,FALSE,FALSE,FALSE,FALSE,0.09094456763659757,FALSE,FALSE,0.02379157904310317
Oxct1,0.0906471793595891,0.6174926722308833,0.0922027476741869,0.6362974791531366,-0.08986652927639494,0.7346430624746948,Oxct1,FALSE,FALSE,FALSE,FALSE,0.09090548543672365,FALSE,FALSE,0.023781011704850225
Gm10399,-0.16539307314351476,0.8130903205975774,-0.08070679851873179,0.9122659930934655,-0.026538582058863752,0.9812050334728056,Gm10399,FALSE,FALSE,FALSE,FALSE,0.09087948457370343,FALSE,FALSE,0.02377398139654389
Anks1,-0.2242590682190544,0.23032196285758985,-0.01815793008095845,0.93681398748505,0.03013578754905044,0.9277681321383151,Anks1,FALSE,FALSE,FALSE,FALSE,0.09085092861635442,FALSE,FALSE,0.02376626022267402
Mdp1,-0.015050751811815033,0.9426091671310957,-0.15566162058890853,0.40003195933596997,-0.10162798604164891,0.6899230014989193,Mdp1,FALSE,FALSE,FALSE,FALSE,0.09078011948079083,FALSE,FALSE,0.02374711431765042
Arhgef9,-0.12892000736254783,0.4580741392205307,-0.027095320898899544,0.8947830203555054,0.11624353288281686,0.6402854243732261,Arhgef9,FALSE,FALSE,FALSE,FALSE,0.09075295371475474,FALSE,FALSE,0.023739769034131837
Xpo7,0.14808722803047658,0.2053251331266015,0.03116032039892236,0.8254676662774778,0.09288952438085918,0.5868023634850494,Xpo7,FALSE,FALSE,FALSE,FALSE,0.09071235760341938,FALSE,FALSE,0.023728792353146143
Ccdc134,-0.01838005135031917,0.9450128526901628,-0.13939080140854498,0.5613059731890369,-0.11421864862929176,0.7298672384813677,Ccdc134,FALSE,FALSE,FALSE,FALSE,0.09066316712938531,FALSE,FALSE,0.023715491863930648
Entpd1,-0.05138754789310562,0.8753789558946559,0.15013562283957826,0.621271188646712,0.070381346939965,0.8800863548037948,Entpd1,FALSE,FALSE,FALSE,FALSE,0.0906348392242163,FALSE,FALSE,0.02370783235251921
Xpr1,0.13488382836359936,0.30985913267891996,0.02665934525996949,0.8691258805087952,0.11035451929662976,0.5686131970566686,Xpr1,FALSE,FALSE,FALSE,FALSE,0.09063256430673287,FALSE,FALSE,0.02370721724327197
Clmn,-0.1304983942132587,0.5377176786355589,0.016988234315812534,0.9472058990981208,0.12431440512849523,0.6813412246544414,Clmn,FALSE,FALSE,FALSE,FALSE,0.09060034455252215,FALSE,FALSE,0.023698505424534288
Stk32c,-0.09671737796507163,0.6470541358795969,-0.09938014001962969,0.6562119658927279,0.07569139954282278,0.80660148337424,Stk32c,FALSE,FALSE,FALSE,FALSE,0.09059630584250804,FALSE,FALSE,0.02369741340783711
Znrf1,-0.05422997589214962,0.8058870851194422,-0.13458907130545494,0.5310605433386275,0.08283282444399998,0.7846564495789521,Znrf1,FALSE,FALSE,FALSE,FALSE,0.09055062388053485,FALSE,FALSE,0.0236850615764206
Fam241b,-0.06807704568025885,0.8096304740750989,-0.17713634294594005,0.5151919689157541,-0.026322319178932574,0.9538085229725968,Fam241b,FALSE,FALSE,FALSE,FALSE,0.09051190260171049,FALSE,FALSE,0.023674591826707336
Ocln,-0.07385280962033836,0.5696064585814861,0.087414661514015,0.5122341668553888,-0.11024066214372841,0.5339263492828855,Ocln,FALSE,FALSE,FALSE,FALSE,0.09050271109269392,FALSE,FALSE,0.023672106557578513
Sema4d,0.09765570648473965,0.6388105464442552,-0.11846781333170942,0.5895761891312384,0.05521880346139785,0.8676876584333398,Sema4d,FALSE,FALSE,FALSE,FALSE,0.09044744109261564,FALSE,FALSE,0.023657162240524922
Rpusd4,-0.14553184436100164,0.5322352240678339,0.03966068359197106,0.8781640176836818,-0.08614774409623704,0.803029212156125,Rpusd4,FALSE,FALSE,FALSE,FALSE,0.09044675734973658,FALSE,FALSE,0.023656977364998354
Uckl1os,0.09873242563879775,0.854259144084631,0.0355846507649476,0.9525417802851575,-0.13696122797665766,0.8662045680027711,Uckl1os,FALSE,FALSE,FALSE,FALSE,0.09042610146013434,FALSE,FALSE,0.023651392270683125
Cryzl1,0.19048262264886695,0.31887915303485187,0.07848012019014661,0.7205614597949848,-0.0022471834027415483,0.9944579342792622,Cryzl1,FALSE,FALSE,FALSE,FALSE,0.0904033087472517,FALSE,FALSE,0.02364522940606675
Glis3,-0.06997473486242711,0.7414434472550718,0.07620183410981607,0.7269679762537836,0.12499179821015982,0.6547536462708212,Glis3,FALSE,FALSE,FALSE,FALSE,0.09038945572746766,FALSE,FALSE,0.023641483722703093
Stmn2,-0.04233986487649011,0.9241443502002049,-0.1302616655903761,0.7628367461172533,0.09846318893931771,0.8712455382111127,Stmn2,FALSE,FALSE,FALSE,FALSE,0.09035490646872797,FALSE,FALSE,0.023632142035063485
Mamdc4,-0.11713017654450142,0.8139073441303787,0.04182337250746171,0.9365471350258728,-0.11207258939220699,0.8780961547788988,Mamdc4,FALSE,FALSE,FALSE,FALSE,0.0903420461480567,FALSE,FALSE,0.023628664765129523
Tcp1,-0.020331494279429485,0.8850298697537772,-0.07342092966819003,0.5891887982485912,-0.17724758551068565,0.2942863396999911,Tcp1,FALSE,FALSE,FALSE,FALSE,0.09033333648610171,FALSE,FALSE,0.023626309781422255
Txnl4b,-0.13757768048390062,0.5915121638563757,-0.052546455956462346,0.8521273059230045,-0.08082240905485882,0.833965400118035,Txnl4b,FALSE,FALSE,FALSE,FALSE,0.09031551516507393,FALSE,FALSE,0.023621491119012704
Plcd3,0.1093961179651497,0.7361341683534366,-0.12405059668400242,0.7163836545880186,-0.037365364938794166,0.9454537559727518,Plcd3,FALSE,FALSE,FALSE,FALSE,0.09027069319598209,FALSE,FALSE,0.02360937181891996
Upp2,0.13926152558258398,0.453021852151237,0.06191414143291141,0.7697642298172486,0.06960656024783063,0.8083932338655838,Upp2,FALSE,FALSE,FALSE,FALSE,0.09026074242110867,FALSE,FALSE,0.02360668125379554
Dusp7,0.06191415459921146,0.7463189010361165,-0.05672157097961339,0.7830762775888619,0.15213942762334653,0.5340572342099397,Dusp7,FALSE,FALSE,FALSE,FALSE,0.0902583844007238,FALSE,FALSE,0.023606043674562677
Cc2d2a,-0.06118128825881808,0.7822494887273695,-0.1489726580860875,0.4954684728931843,-0.06061661995349166,0.8576407486952974,Cc2d2a,FALSE,FALSE,FALSE,FALSE,0.09025685543279909,FALSE,FALSE,0.023605630260750493
Prr3,-0.21157938779193364,0.21320515512452795,-0.021542990307426457,0.9137819294902204,0.03762201158397982,0.893205284691947,Prr3,FALSE,FALSE,FALSE,FALSE,0.09024812989444664,FALSE,FALSE,0.023603270984263836
Srd5a3,0.21056485349927456,0.12246930755035247,0.013391160548214653,0.9362890229726406,-0.046674687516715,0.8324731027487047,Srd5a3,FALSE,FALSE,FALSE,FALSE,0.09021023385473474,FALSE,FALSE,0.02359302436888971
1700017B05Rik,-0.026905568599624896,0.92386524533313,-0.11200266353238941,0.6748391554059051,0.13171115082310836,0.7010848870401137,1700017B05Rik,FALSE,FALSE,FALSE,FALSE,0.09020646098504088,FALSE,FALSE,0.023592004232091682
Fbxl12,0.07027870542898063,0.8130903205975774,0.0607085826686804,0.8450600311788423,0.13957546417124345,0.717864382557635,Fbxl12,FALSE,FALSE,FALSE,FALSE,0.09018758408963483,FALSE,FALSE,0.023586900155566692
Hic2,0.04948512300747643,0.8862743669934692,-0.04005127948339604,0.9105569563239104,-0.18100506733806498,0.6833803884038661,Hic2,FALSE,FALSE,FALSE,FALSE,0.09018048994297916,FALSE,FALSE,0.023584981986999716
Lrrfip2,-0.14098135489103747,0.34120907368191306,-0.08521773540647093,0.6010833535480513,-0.0443279787192461,0.8563132512776508,Lrrfip2,FALSE,FALSE,FALSE,FALSE,0.0901756896722515,FALSE,FALSE,0.02358368405380638
Tctex1d2,0.10885456904950797,0.6262698768978638,0.06189273209047608,0.8022607962798526,0.09972167382980146,0.7522550485489466,Tctex1d2,FALSE,FALSE,FALSE,FALSE,0.0901563249899285,FALSE,FALSE,0.023578448085797205
Six5,-0.10826988828358663,0.6512082442857864,-0.09788352252398758,0.6990175401895781,-0.0642894489783914,0.8617068038132876,Six5,FALSE,FALSE,FALSE,FALSE,0.0901476199286552,FALSE,FALSE,0.023576094346056755
Mnt,-0.03442678153649048,0.8878617398936934,-0.11031088929962074,0.6371811669077382,0.1256202272146698,0.6784849099967764,Mnt,FALSE,FALSE,FALSE,FALSE,0.09011929935026035,FALSE,FALSE,0.02356843681571345
Pon2,0.007034448950820504,0.9721933262056326,-0.23521799977191904,0.19158652159923878,0.02802886845334296,0.9233885613520322,Pon2,FALSE,FALSE,FALSE,FALSE,0.0900937723920275,FALSE,FALSE,0.023561534645337022
Fam120a,0.17020056329979472,0.1446715904151783,0.03775472466113339,0.7844070823487248,0.06232002247764523,0.726722031562358,Fam120a,FALSE,FALSE,FALSE,FALSE,0.09009177014619112,FALSE,FALSE,0.02356099326309429
Gm340,-0.12475709885793762,0.5558099333947177,-0.08714602109455782,0.7038079129264514,0.05817218463316198,0.86099221605955,Gm340,FALSE,FALSE,FALSE,FALSE,0.09002510152855248,FALSE,FALSE,0.02354296690235419
Ttf2,-0.16244233982228007,0.5023707741874207,-0.09670737177606492,0.7101035887036341,-0.01091814395422741,0.9788960879607849,Ttf2,FALSE,FALSE,FALSE,FALSE,0.09002261851752413,FALSE,FALSE,0.023542295527213923
Lgals8,-0.010227598589823472,0.9536351942629125,-0.2168409170369836,0.1853663579839753,-0.04295608226611236,0.8628784281024926,Lgals8,FALSE,FALSE,FALSE,FALSE,0.09000819929763981,FALSE,FALSE,0.023538396750421603
Shank2,-0.12936852952577738,0.5171116309317845,-0.12420689937267237,0.5577564352065747,0.016404002501937853,0.965741105261516,Shank2,FALSE,FALSE,FALSE,FALSE,0.0899931438001292,FALSE,FALSE,0.02353432593211367
Gm5113,-0.21021337365438342,0.2673885653494359,-0.049397252347016085,0.8216035230814268,-0.010356396986522576,0.9757812148940554,Gm5113,FALSE,FALSE,FALSE,FALSE,0.08998900766264069,FALSE,FALSE,0.02353320757224542
Slc20a1,0.07207158560938076,0.7941666344006422,-0.16404067263847866,0.5524961572919419,-0.03380690330172165,0.9397866449301644,Slc20a1,FALSE,FALSE,FALSE,FALSE,0.08997305384986036,FALSE,FALSE,0.023528893860719
Cct6a,0.09288806161395335,0.6457949785683045,0.07806916650687334,0.7236606525521084,-0.09893332835149682,0.73647889380471665,Cct6a,FALSE,FALSE,FALSE,FALSE,0.08996351882410784,FALSE,FALSE,0.023526315708959314
Borcs8,0.08773834528837554,0.6309646283289994,-0.07964296030633511,0.6875485845865213,-0.10237851536908593,0.6916480273258067,Borcs8,FALSE,FALSE,FALSE,FALSE,0.08991994032126553,FALSE,FALSE,0.02351453262659503
Cdip1,-0.1499226657538104,0.2237172447123888,-0.019946901103971015,0.8942870835493888,-0.09980306946539486,0.5793739533138623,Cdip1,FALSE,FALSE,FALSE,FALSE,0.0898908787743921,FALSE,FALSE,0.023506674747638467
Armc9,0.18795095642312454,0.23665413217090595,0.04634591885437089,0.806789905360234,0.03529817294982962,0.8989942400213359,Armc9,FALSE,FALSE,FALSE,FALSE,0.08986501607577502,FALSE,FALSE,0.02349968179725946
Zfp422-ps,-0.08608126374535408,0.8521182081315722,-0.1772534057066224,0.699775373375869,0.006238447650636747,0.9924441679334658,Zfp422-ps,FALSE,FALSE,FALSE,FALSE,0.08985770570087108,FALSE,FALSE,0.023497705163277368
Ube4b,-0.13346329536467216,0.43855651213002894,-0.08709640190044432,0.6523846860367893,-0.04896485284646168,0.8660843062435627,Ube4b,FALSE,FALSE,FALSE,FALSE,0.08984151670385938,FALSE,FALSE,0.023493327860874984
Zfp263,-0.11162301644329187,0.3659942140133739,-0.02679635177389983,0.8543720445051137,-0.13105305269047474,0.446917537885013,Zfp263,FALSE,FALSE,FALSE,FALSE,0.08982414030255548,FALSE,FALSE,0.02348862949919653
Tmco6,0.14883103638831363,0.5190718582422089,0.03469784445739288,0.8969112904495637,0.08590833156584265,0.80660148337424,Tmco6,FALSE,FALSE,FALSE,FALSE,0.08981240413718306,FALSE,FALSE,0.023485456186801548
Pip5k1a,-0.1261709431118776,0.4174663007983487,0.0898342003376209,0.5960882901408339,-0.053429030911025244,0.8301499634118278,Pip5k1a,FALSE,FALSE,FALSE,FALSE,0.08981139145350792,FALSE,FALSE,0.023485182369796034
Tmtc1,-0.07666816561692524,0.5322352240678339,-0.13704205736053598,0.2867323810842007,-0.05569218951356181,0.7645198466863341,Tmtc1,FALSE,FALSE,FALSE,FALSE,0.08980080416367435,FALSE,FALSE,0.023482319698983893
Ndufb4,0.1253309968346148,0.5193147649054364,-0.02934550716212847,0.8976480983829508,-0.11472468205123576,0.6848335746038174,Ndufb4,FALSE,FALSE,FALSE,FALSE,0.08980039534932634,FALSE,FALSE,0.023482209160695055
St3gal4,0.17783085384698172,0.3429030274108363,-0.05808793531279921,0.7957169218884869,0.03344928150128679,0.9210807429513717,St3gal4,FALSE,FALSE,FALSE,FALSE,0.08978935688702257,FALSE,FALSE,0.023479224498487383
Gosr1,-0.12264548591530033,0.3455823632777483,-0.07990657185080963,0.5780391833602451,-0.06680262988293073,0.73647889380471665,Gosr1,FALSE,FALSE,FALSE,FALSE,0.08978489588301357,FALSE,FALSE,0.02347801829877337
Prune2,0.04360895021077127,0.7888327636544916,0.17041485711535032,0.28688168484805854,0.055187638600136424,0.8168341462801646,Prune2,FALSE,FALSE,FALSE,FALSE,0.089737148642086,FALSE,FALSE,0.023465108041747042
Sox12,-0.06385356123583108,0.8809537270206775,0.03573631615869832,0.9351484543694195,0.16960447556305702,0.7504677895464228,Sox12,FALSE,FALSE,FALSE,FALSE,0.08973145098586215,FALSE,FALSE,0.02346356746673436
Zfyve26,-0.052645653134479,0.8521182081315722,-0.15082296933812422,0.5853726744798363,-0.0655864151676866,0.8766490443993098,Zfyve26,FALSE,FALSE,FALSE,FALSE,0.08968501254676327,FALSE,FALSE,0.023451011093360292
Scn2a,-0.16808282404284558,0.5901989718262668,0.012357309190003107,0.9733990183931629,0.08859712691612653,0.8538124528079908,Scn2a,FALSE,FALSE,FALSE,FALSE,0.08967908671632507,FALSE,FALSE,0.023449408822892613
Actr3b,-0.06985327310673117,0.7680251335312576,0.1159412424374695,0.6194944981947214,0.08321798574453165,0.8019536351272458,Actr3b,FALSE,FALSE,FALSE,FALSE,0.08967083376291078,FALSE,FALSE,0.023447177327465128
Klhl26,-0.12480605806908418,0.4100217372260786,-0.04806410644828851,0.7830762775888619,0.09613992046724285,0.6559364401879924,Klhl26,FALSE,FALSE,FALSE,FALSE,0.08967002832820518,FALSE,FALSE,0.023446959547990018
Mef2d,-0.14141193375570715,0.3913050318739336,0.03125261133447399,0.8748628979017871,0.09634269365007597,0.693855170501762,Mef2d,FALSE,FALSE,FALSE,FALSE,0.0896690795800857,FALSE,FALSE,0.02344670301835945
Isoc1,0.09241078994155671,0.6151318064537962,0.04688322387327304,0.8238449467892232,-0.12961543651138108,0.6131233655009791,Isoc1,FALSE,FALSE,FALSE,FALSE,0.08963648344207027,FALSE,FALSE,0.0234378894301464
Susd2,-0.215024103184287,0.38731077451163526,0.04753608616122085,0.8655906073549144,-0.006343075842877077,0.9879904208121614,Susd2,FALSE,FALSE,FALSE,FALSE,0.08963442172946164,FALSE,FALSE,0.023437331968831885
Dot1l,-0.2450129021845715,0.08770317794625304,-0.01620041062106381,0.9219323653063418,0.007629850596573284,0.9758389732748817,Dot1l,FALSE,FALSE,FALSE,FALSE,0.0896143878007362,FALSE,FALSE,0.023431915044962195
Zfp423,0.06465631700655639,0.7631562098524224,-0.012261695310876064,0.9598707005073126,0.191890302220723,0.47405765665329813,Zfp423,FALSE,FALSE,FALSE,FALSE,0.08960277151271849,FALSE,FALSE,0.02342877414590526
Napb,0.14027449925286017,0.47624750139404315,0.07466239643846251,0.7359106655799561,0.05376636685824199,0.8689120777688966,Napb,FALSE,FALSE,FALSE,FALSE,0.08956775418318823,FALSE,FALSE,0.02341930589777555
Sumf1,-0.07187240044729393,0.5255849702970588,-0.17922315443611492,0.15107250934188324,-0.0176051949553635,0.9300998822319271,Sumf1,FALSE,FALSE,FALSE,FALSE,0.08956691661292411,FALSE,FALSE,0.023419079429247164
Tcp11l2,-0.08128062811504666,0.6584429187006433,-0.12946244100634807,0.49020757311778435,-0.05771772668375785,0.8391023355993508,Tcp11l2,FALSE,FALSE,FALSE,FALSE,0.08948693193505086,FALSE,FALSE,0.02339745257229268
Srcin1,0.08788205049332509,0.6707821073609663,-0.09518929353680639,0.666300863893602,0.08532120980633096,0.7736803959401033,Srcin1,FALSE,FALSE,FALSE,FALSE,0.08946418461215415,FALSE,FALSE,0.023391301980561045
Ccdc151,-0.16076217871705456,0.6963172330842372,0.05684132152682486,0.8960844905744875,-0.050774462127541,0.9395305302721263,Ccdc151,FALSE,FALSE,FALSE,FALSE,0.08945932079047347,FALSE,FALSE,0.02338998686398451
Pdcd5,0.15696130126974062,0.4202555489664857,0.10997418387317826,0.607417278399315,-0.001299036684602406,0.9962326378381484,Pdcd5,FALSE,FALSE,FALSE,FALSE,0.08941150727584042,FALSE,FALSE,0.02337705868737675
Atp6ap2,0.1147048584790582,0.28109227463723413,0.08544910720161436,0.46235361722522145,0.06801477770620945,0.66822570591719,Atp6ap2,FALSE,FALSE,FALSE,FALSE,0.08938958112896067,FALSE,FALSE,0.023371130131374027
Serbp1,0.08751396651238075,0.6094970573336199,0.13140411552739728,0.4596511487589347,-0.049189829002236785,0.8587137009672529,Serbp1,FALSE,FALSE,FALSE,FALSE,0.0893693036806716,FALSE,FALSE,0.02336564736285873
Ror2,0.11551102404986935,0.6602695957228838,-0.0937033941427785,0.7446876150521828,0.05875639580604641,0.8892230228168915,Ror2,FALSE,FALSE,FALSE,FALSE,0.08932360466623142,FALSE,FALSE,0.02335329092066833
Uvrag,0.14262649512825742,0.2552811939744508,0.12296175047434765,0.3576200143617135,-0.0023808851338795733,0.9909835325081596,Uvrag,FALSE,FALSE,FALSE,FALSE,0.08932304357882821,FALSE,FALSE,0.023353139209649033
Arhgef12,-0.1530787746945963,0.22712931281900747,-0.110161078866585,0.4232650996929328,-0.00472807855461177,0.9834660328109647,Arhgef12,FALSE,FALSE,FALSE,FALSE,0.08932264403859769,FALSE,FALSE,0.023353031178965623
Kif16b,0.13573199284686321,0.32537295103730074,0.07542716229334001,0.6275117385956099,-0.05675890220447055,0.797123645664202,Kif16b,FALSE,FALSE,FALSE,FALSE,0.08930601911489126,FALSE,FALSE,0.0233485360074348
Incenp,0.07322747822104114,0.7281348589549768,-0.020772294161507165,0.9294973785552761,0.17389448331123525,0.5070326112002046,Incenp,FALSE,FALSE,FALSE,FALSE,0.08929808523126119,FALSE,FALSE,0.02334639078448806
Plpp3,0.017217561081082522,0.9587328084234225,0.09951840226559572,0.7592735151483322,0.1510609155678191,0.7203756364219417,Plpp3,FALSE,FALSE,FALSE,FALSE,0.08926562630483244,FALSE,FALSE,0.023337614296572672
Snrnp40,-0.08605964002910671,0.6091535629974907,-0.15809750472888773,0.35238623909615807,-0.023250414518671825,0.9353121382912595,Snrnp40,FALSE,FALSE,FALSE,FALSE,0.08913585309222209,FALSE,FALSE,0.023302525242265358
Cpne8,-0.09864600660002054,0.6435270964820903,-0.023637944039897274,0.921259269758188,0.14500102991046981,0.5985008766847209,Cpne8,FALSE,FALSE,FALSE,FALSE,0.08909499351679588,FALSE,FALSE,0.02329147732388324
Rars,-0.07740473075591936,0.6557796168261377,-0.06499568471642281,0.7304567079158235,-0.1247449970848944,0.601048309980871,Rars,FALSE,FALSE,FALSE,FALSE,0.08904847085241219,FALSE,FALSE,0.023278898177045117
Slc11a2,-0.18996126016607917,0.26981543063631325,-0.0209315322374799,0.9195131546577934,-0.05623381066502553,0.8401516206674269,Slc11a2,FALSE,FALSE,FALSE,FALSE,0.08904220102286153,FALSE,FALSE,0.023277202893517993
Mblac1,0.1467147880154256,0.5054976344453028,0.10308127024959335,0.6653881424486204,0.017286342765063356,0.9670708066057202,Mblac1,FALSE,FALSE,FALSE,FALSE,0.08902746701002744,FALSE,FALSE,0.02327321900064749
Insr,0.065513637794397,0.6020244508224815,0.08202399178358633,0.5344846766261188,0.11953851936839222,0.4831380192746623,Insr,FALSE,FALSE,FALSE,FALSE,0.08902538298212519,FALSE,FALSE,0.02327265550555656
Afap1,0.01954655556181084,0.9127089474824106,-0.16101637092010446,0.31872264623393515,0.08650884505846257,0.6966483809696972,Afap1,FALSE,FALSE,FALSE,FALSE,0.08902392384679263,FALSE,FALSE,0.023272260973604273
Fancl,0.08061687204251022,0.6978160762358788,0.13248995110194528,0.5208137353609977,0.05393418837905806,0.8667306917353391,Fancl,FALSE,FALSE,FALSE,FALSE,0.08901367050783786,FALSE,FALSE,0.023269488598934813
Pdhb,0.2026933560656774,0.1613346053555143,-0.019290690356377205,0.9134548237815353,-0.04477835582884282,0.8534652626091761,Pdhb,FALSE,FALSE,FALSE,FALSE,0.08892080075029914,FALSE,FALSE,0.023244377777523865
Lmo2,0.12245522942728337,0.753377239669934,0.07145657757184365,0.8653606664262735,-0.07283073609416357,0.9066223038112193,Lmo2,FALSE,FALSE,FALSE,FALSE,0.08891418103109687,FALSE,FALSE,0.02324258788820915
BC003965,0.06976039922719135,0.6936116896598852,0.041191782646902375,0.8328150305458062,-0.1557617875450008,0.5068321406210943,BC003965,FALSE,FALSE,FALSE,FALSE,0.08890465647303152,FALSE,FALSE,0.023240012566781206
Fam185a,-0.0497144809104233,0.8151836118692534,0.05393911018387065,0.8082680881978102,-0.16289633202957443,0.5491928981683192,Fam185a,FALSE,FALSE,FALSE,FALSE,0.08884997437462279,FALSE,FALSE,0.023225227210989307
Akt3,0.0714538453535214,0.6292411799117725,0.15864255073940203,0.29456191553362726,0.03639119986210826,0.8800863548037948,Akt3,FALSE,FALSE,FALSE,FALSE,0.08882919865167722,FALSE,FALSE,0.023219609715236164
Hilpda,0.07722133009221643,0.7209445919326603,0.06780546516465336,0.7656731180805703,-0.12140402385289262,0.6813412246544414,Hilpda,FALSE,FALSE,FALSE,FALSE,0.08881027303658746,FALSE,FALSE,0.02321449246551778
Enpp3,-0.08864059855740247,0.9012512273764252,0.12111126141090428,0.8618177434641903,-0.056630368586741364,0.9609730014174996,Enpp3,FALSE,FALSE,FALSE,FALSE,0.08879407618501604,FALSE,FALSE,0.023210113039340643
A4galt,-0.061503467967664704,0.8586194151905248,0.11033027302166953,0.7414303676954953,0.09453674931714673,0.8426818235002771,A4galt,FALSE,FALSE,FALSE,FALSE,0.08879016343549366,FALSE,FALSE,0.02320905508078571
Dcp1b,0.03501651831598229,0.8903597801415203,0.13374860866550753,0.561849939423747,0.09754684458051788,0.7645198466863341,Dcp1b,FALSE,FALSE,FALSE,FALSE,0.0887706571873359,FALSE,FALSE,0.023203780835144627
Necab3,-0.07263968825363731,0.8942179676809057,-0.1041489917783659,0.849494649721786,0.08951759554567396,0.9079347796936053,Necab3,FALSE,FALSE,FALSE,FALSE,0.08876875852589239,FALSE,FALSE,0.023203267460826748
She,0.16503732099548873,0.593457499501898,-0.03698414781874193,0.9189723583215612,0.06423396803134318,0.8995004980731192,She,FALSE,FALSE,FALSE,FALSE,0.08875181228185795,FALSE,FALSE,0.023198685408296272
Sgms2,0.19610047757258187,0.1967993582978564,0.04000247974490545,0.8268429085462597,0.029980436906152264,0.9104295434466736,Sgms2,FALSE,FALSE,FALSE,FALSE,0.08869446474121319,FALSE,FALSE,0.02318317935024624
Psme3,-0.21233335549313992,0.16818691971802888,-0.011997794071373136,0.9499688776845197,0.04167448117444117,0.8696514282459578,Psme3,FALSE,FALSE,FALSE,FALSE,0.08866854357965141,FALSE,FALSE,0.02317617059221787
Tor1aip2,0.12184694896432458,0.3752694987656149,0.10807632005150758,0.4695941031094975,0.03598607701007506,0.8795013884906151,Tor1aip2,FALSE,FALSE,FALSE,FALSE,0.0886364486753024,FALSE,FALSE,0.023167492531321963
Gphn,0.13468989321409008,0.2678501503055677,0.11057643980946441,0.39653530288569433,-0.020610420262857865,0.9260668732862938,Gphn,FALSE,FALSE,FALSE,FALSE,0.08862558442880412,FALSE,FALSE,0.023164554974890107
Zfp275,0.11145271058086603,0.36737055438497185,0.09480081702639964,0.48225440007615816,-0.059616292067115495,0.7552557829023784,Zfp275,FALSE,FALSE,FALSE,FALSE,0.08862327322479373,FALSE,FALSE,0.023163930054219618
Cct4,0.06801179900095011,0.665564673302962,0.06950322150029375,0.6837929956352088,-0.12822625518658803,0.5510282534209763,Cct4,FALSE,FALSE,FALSE,FALSE,0.0885804252292773,FALSE,FALSE,0.023152344491903686
Smim10l2a,-0.13772763875494753,0.43551266829683255,-0.06969739975185973,0.7187154404906316,-0.058304418938115,0.8313559397879895,Smim10l2a,FALSE,FALSE,FALSE,FALSE,0.08857648581497408,FALSE,FALSE,0.023151279323525373
Peg3,0.03433450524320136,0.8400415960978438,0.16157064018930356,0.3228295578834808,0.06980633689387261,0.7681228036900202,Peg3,FALSE,FALSE,FALSE,FALSE,0.08857049410879252,FALSE,FALSE,0.023149659241080242
Lrrc29,-0.07029992502309212,0.875313631287156,-0.07714760347410587,0.8657283681631889,-0.11816511884445147,0.8520091562632626,Lrrc29,FALSE,FALSE,FALSE,FALSE,0.08853754911388316,FALSE,FALSE,0.023140751326324368
Dvl3,-0.06735041451595869,0.7251093053161127,-0.04060673088392175,0.8457127964913018,0.15757881398742057,0.5211950102021086,Dvl3,FALSE,FALSE,FALSE,FALSE,0.08851198646243368,FALSE,FALSE,0.02313383950494839
Hectd4,-0.132552902868313,0.4071879857036626,-0.09730655268565425,0.5828894812179396,0.03567196883726442,0.8984788186090088,Hectd4,FALSE,FALSE,FALSE,FALSE,0.08851047479707723,FALSE,FALSE,0.023133430769534353
Mfn1,-0.14029278023312308,0.2993743236370254,-0.06577749003144095,0.6666777855459667,-0.05941141592748167,0.7777936376317155,Mfn1,FALSE,FALSE,FALSE,FALSE,0.08849389539734857,FALSE,FALSE,0.023128947907117992
Cdc42ep3,-0.06343425158429472,0.7891346886256636,-0.05140561534445531,0.8365141401062411,0.15053890879594878,0.6082944726950605,Cdc42ep3,FALSE,FALSE,FALSE,FALSE,0.08845959190823294,FALSE,FALSE,0.023119672672512193
Vrk1,-0.11132349257174257,0.6638624723119881,0.0913248672158069,0.7283878889536912,0.06269992054189633,0.8720893122444378,Vrk1,FALSE,FALSE,FALSE,FALSE,0.08844942677648193,FALSE,FALSE,0.023116924147967895
Ggct,0.014576155919591827,0.9564290705755953,-0.187020430788448,0.4379142049596506,-0.06372685326514516,0.8628784281024926,Ggct,FALSE,FALSE,FALSE,FALSE,0.08844114665772833,FALSE,FALSE,0.023114685307372273
Rpp40,0.11843603211140996,0.5525756879054995,0.038109755973245285,0.8666213779026278,-0.10859739391226997,0.7069741786418521,Rpp40,FALSE,FALSE,FALSE,FALSE,0.08838106066564173,FALSE,FALSE,0.0230984388062876
Eif3m,0.04804172745688362,0.7174789507202409,-0.00824582297635601,0.9579388687573442,-0.2088307262563589,0.22077398546550772,Eif3m,FALSE,FALSE,FALSE,FALSE,0.08837275889653284,FALSE,FALSE,0.023096194111706575
Kdelc2,0.1779308381873257,0.23904483379169442,0.01081157828091861,0.9549263233738063,0.07636485546146954,0.7387467393828504,Kdelc2,FALSE,FALSE,FALSE,FALSE,0.08836909064323795,FALSE,FALSE,0.023095202261874948
Ociad1,-0.0670948200895003,0.5684718618434788,-0.04628341555016746,0.7224581151382411,-0.15160657662265198,0.33407334575243197,Ociad1,FALSE,FALSE,FALSE,FALSE,0.08832827075410658,FALSE,FALSE,0.023084165074170812
Trp63,-0.21348221038269977,0.7251641509273706,-0.0028319485714954906,0.996194781694582,-0.048607097345503725,0.9625254956400278,Trp63,FALSE,FALSE,FALSE,FALSE,0.088307085433233,FALSE,FALSE,0.023078436828258587
Vwa1,-0.11208962459653327,0.7997839162382905,-0.06110371630773814,0.8949158674823591,-0.09170329966306046,0.8897943050158532,Vwa1,FALSE,FALSE,FALSE,FALSE,0.08829888018911063,FALSE,FALSE,0.023076218232827194
Cdkl3,0.07346747283958699,0.8359903015398248,-0.08928901087612884,0.8114174328468818,-0.10212559055936943,0.8431475850104174,Cdkl3,FALSE,FALSE,FALSE,FALSE,0.08829402475836175,FALSE,FALSE,0.023074905385053714
Klf7,-0.055738052430445606,0.7373448328720285,-0.11738777845540849,0.4724255533231972,-0.09174069378154925,0.6813412246544414,Klf7,FALSE,FALSE,FALSE,FALSE,0.08828884155580112,FALSE,FALSE,0.023073503911880035
Dok3,0.07982084279920411,0.8993985669907464,0.16144668445136684,0.7946627670320943,-0.02357662472230443,0.9812050334728056,Dok3,FALSE,FALSE,FALSE,FALSE,0.08828138399095846,FALSE,FALSE,0.023071487479578632
Rab6b,-0.08175471061503004,0.657700757456528,-0.0808152004563718,0.6839337853763796,0.10206193011292175,0.6922445030463917,Rab6b,FALSE,FALSE,FALSE,FALSE,0.08821061372810786,FALSE,FALSE,0.023052352085250652
Fggy,-0.2155879772095739,0.18705586914064923,0.00872516869409079,0.9653080060911616,0.04016953049012262,0.8806956922808657,Fggy,FALSE,FALSE,FALSE,FALSE,0.08816089213126244,FALSE,FALSE,0.02303890798706689
Myo1d,-0.1626769600353386,0.43833721667076425,0.07865320022020494,0.7328794237345008,0.023128415442093875,0.9507355800574848,Myo1d,FALSE,FALSE,FALSE,FALSE,0.08815285856587914,FALSE,FALSE,0.02303673581142027
Ascc2,-0.16442112770030182,0.4593812396154772,-0.09216690034035402,0.7069655395999994,0.007817625317404264,0.9835144308273872,Ascc2,FALSE,FALSE,FALSE,FALSE,0.08813521778602003,FALSE,FALSE,0.023031965965085662
Rgn,0.07021574391730534,0.8984757031060051,-0.14586119752511062,0.796007629100393,-0.04825841979007495,0.9561166086653877,Rgn,FALSE,FALSE,FALSE,FALSE,0.08811178707749696,FALSE,FALSE,0.023025630594424126
Ncbp3,0.09099155476781018,0.40094966470380683,0.1380491018394654,0.23464694866386446,0.0349347026515634,0.8445246801033858,Ncbp3,FALSE,FALSE,FALSE,FALSE,0.08799178641961299,FALSE,FALSE,0.02299318391674152
Frem2,-0.051166241382644806,0.8483713473651401,0.09298750544499335,0.7256162958856448,-0.11977167128021993,0.7376116363550428,Frem2,FALSE,FALSE,FALSE,FALSE,0.08797513936928603,FALSE,FALSE,0.02298868276244912
Gmnn,0.09902881568325772,0.8070765217977722,-0.1502392898886067,0.7219956414603743,-0.014637926513103805,0.9817462572109429,Gmnn,FALSE,FALSE,FALSE,FALSE,0.08796867736165608,FALSE,FALSE,0.0229869355163719
Rnf146,-0.02281476667502247,0.890732052547337,0.15219710232300088,0.30419958122636553,0.08881951642025054,0.6639649189738192,Rnf146,FALSE,FALSE,FALSE,FALSE,0.08794379513942463,FALSE,FALSE,0.022980207674549974
Cpeb3,0.15564651387375683,0.2737030551503385,-0.04636243600079215,0.7844070823487248,-0.0617568933417747,0.7846564495789521,Cpeb3,FALSE,FALSE,FALSE,FALSE,0.08792194773877456,FALSE,FALSE,0.022974300410543293
4933439C10Rik,0.16575712959753075,0.673173695753079,-0.06308450197331505,0.8883552451019743,0.034859882276273346,0.9609730014174996,4933439C10Rik,FALSE,FALSE,FALSE,FALSE,0.08790050461570638,FALSE,FALSE,0.022968502458140614
Sybu,0.14229398925321313,0.35912307961529255,-0.07116168503997677,0.6905052843275589,-0.05001171533501836,0.8464790669780483,Sybu,FALSE,FALSE,FALSE,FALSE,0.08782246320940275,FALSE,FALSE,0.022947401037524406
Mttp,-0.16767785765705145,0.24723879662670628,-0.0735452495792055,0.6510292350653135,-0.022129371025639166,0.9332987033616144,Mttp,FALSE,FALSE,FALSE,FALSE,0.08778415942063204,FALSE,FALSE,0.022937044171902326
Cenpt,-0.002632032688038466,0.9938368010036847,0.11898871716079218,0.7239467996144686,0.14168161171694527,0.7510683376420635,Cenpt,FALSE,FALSE,FALSE,FALSE,0.08776745385525864,FALSE,FALSE,0.022932527195872902
Rimkla,0.03318262531820393,0.8927758816569763,0.11000901536002505,0.6291477002510294,0.11996562460280646,0.6895173189790712,Rimkla,FALSE,FALSE,FALSE,FALSE,0.08771908842701182,FALSE,FALSE,0.022919449788723827
Fam155a,0.09757511296629318,0.45726963074937754,0.08639801949143688,0.5439530242373838,0.07908973438407418,0.6813412246544414,Fam155a,FALSE,FALSE,FALSE,FALSE,0.08768762228060141,FALSE,FALSE,0.022910941736113986
Shroom2,0.06333407585130324,0.6807712545418844,0.1324571943199393,0.38248702703932386,0.06722431811832497,0.7593437784959891,Shroom2,FALSE,FALSE,FALSE,FALSE,0.08767186276318917,FALSE,FALSE,0.02290668055962608
Fxyd5,0.0857361347941743,0.9012512273764252,-0.10622068452097144,0.8818147545024103,-0.07097477359454096,0.9478628528790193,Fxyd5,FALSE,FALSE,FALSE,FALSE,0.0876438643032289,FALSE,FALSE,0.02289911012608047
Acaca,-0.07908038813193041,0.611885015584259,-0.10602942663702475,0.5111782000661806,-0.07781540413430488,0.7305711193580291,Acaca,FALSE,FALSE,FALSE,FALSE,0.08764173963442001,FALSE,FALSE,0.022898535642196464
2810029C07Rik,-0.23064056752162387,0.5181413763487349,0.01841642362287388,0.9642626086679386,0.013812614202810325,0.9812767460372922,2810029C07Rik,FALSE,FALSE,FALSE,FALSE,0.08762320178243603,FALSE,FALSE,0.022893523238774197
Dpp6,-0.18617958634923593,0.14974126184683947,0.028227919181709638,0.8522940447177537,0.048318748133366896,0.811108598423763,Dpp6,FALSE,FALSE,FALSE,FALSE,0.08757541788810415,FALSE,FALSE,0.02288060307112557
Pank4,-0.09817104440766311,0.5598884883994224,-0.15437798018790616,0.36729443364414877,0.009927406651023318,0.9729700390588504,Pank4,FALSE,FALSE,FALSE,FALSE,0.0874921437488642,FALSE,FALSE,0.02285808678494131
Fdx1,0.12309443086849203,0.5197522428048326,0.12150931454174341,0.5462037697356843,-0.017845847753250155,0.9603915544670435,Fdx1,FALSE,FALSE,FALSE,FALSE,0.087483197721161865,FALSE,FALSE,0.022855667890890927
Drosha,-0.11081063538031177,0.528975664292093,-0.09490653794850346,0.619953456660641,-0.05659616414755231,0.8414422683689409,Drosha,FALSE,FALSE,FALSE,FALSE,0.08743777915878918,FALSE,FALSE,0.02284338727943346
Dcaf12,0.14288846468863614,0.18847357713537874,0.09700139698880506,0.4050786448289642,0.022374538141764155,0.9057514884053787,Dcaf12,FALSE,FALSE,FALSE,FALSE,0.08742146660640178,FALSE,FALSE,0.02283897656920213
Bcl7a,0.06185661290061617,0.8287926589161991,-0.10508017643122791,0.7182402934997928,0.09526961334977369,0.8105923680374634,Bcl7a,FALSE,FALSE,FALSE,FALSE,0.08740213422720593,FALSE,FALSE,0.022833749335554696
Spata7,0.09246008823039187,0.6167473705286388,0.09103447624930361,0.6439470269042565,-0.07868714875237703,0.7749891809461196,Spata7,FALSE,FALSE,FALSE,FALSE,0.08739390441069084,FALSE,FALSE,0.022831524096055506
Gpr158,-0.08807395634234005,0.6306507524532603,-0.05596121975257695,0.7832422525810547,-0.11808949961864723,0.6417931256739144,Gpr158,FALSE,FALSE,FALSE,FALSE,0.08737489190452141,FALSE,FALSE,0.022826383352075465
Kcng4,0.06611117101845175,0.9257340885058463,-0.1638378530330622,0.8201759710519052,0.03215758437900497,0.9765259158911566,Kcng4,FALSE,FALSE,FALSE,FALSE,0.08736886947683964,FALSE,FALSE,0.022824754962920746
Mkks,-0.06575152891883285,0.8251555763081474,0.13767144514270413,0.6248018713477923,-0.05866531993482482,0.8945125634117448,Mkks,FALSE,FALSE,FALSE,FALSE,0.08736276466545394,FALSE,FALSE,0.02282310429824242
Nceh1,0.15092955831480737,0.30958349259639745,-0.051068563327162586,0.7712043895681555,0.06005002116727809,0.8007407999651911,Nceh1,FALSE,FALSE,FALSE,FALSE,0.08734938093641602,FALSE,FALSE,0.022819485505229598
2900097C17Rik,0.17687057796350558,0.1276290892600084,0.035990215935823855,0.793231507764512,0.049147035582244314,0.787019880890773,2900097C17Rik,FALSE,FALSE,FALSE,FALSE,0.08733594316052458,FALSE,FALSE,0.022815852098623256
Dstn,-0.10223796714521427,0.3456988080703688,-0.05372733716340683,0.6643815813280439,-0.10590763619707744,0.4918152224753389,Dstn,FALSE,FALSE,FALSE,FALSE,0.08729098016856618,FALSE,FALSE,0.022803694667710418
Snx18,0.09113243493360379,0.5016259155665949,0.10087566386341251,0.47921328081147047,0.06985055983843669,0.7280816337455063,Snx18,FALSE,FALSE,FALSE,FALSE,0.08728621954515099,FALSE,FALSE,0.022802407454654717
Mbd1,-0.11967051754838298,0.36167898071901894,0.12712777659864916,0.36103706759131526,0.014807006640807252,0.9515620989493591,Mbd1,FALSE,FALSE,FALSE,FALSE,0.08720176692927979,FALSE,FALSE,0.022779572523122297
Grb2,-0.07508282335276029,0.6046819901654387,-0.12850626585736435,0.38377979594901745,0.05790075858266519,0.7874544146890116,Grb2,FALSE,FALSE,FALSE,FALSE,0.0871632825975966,FALSE,FALSE,0.02276916684095377
Tmem129,0.20289536661880714,0.17464517509343913,-0.024065745298486263,0.8944227863295342,0.03434973913483308,0.8945125634117448,Tmem129,FALSE,FALSE,FALSE,FALSE,0.0871036170173755,FALSE,FALSE,0.022753034013981672
Rfxank,-0.08156807694781687,0.7157921339353154,-0.1014065754849689,0.6572381954246235,-0.0782592086977818,0.80660148337424,Rfxank,FALSE,FALSE,FALSE,FALSE,0.08707795371018918,FALSE,FALSE,0.022746094976552816
Wdr4,-0.18254532449353222,0.25723885449104283,-0.040725040009126356,0.8260838017243644,-0.037938670389020324,0.8856363235421377,Wdr4,FALSE,FALSE,FALSE,FALSE,0.0870696782972263,FALSE,FALSE,0.022743857408344174
2810402E24Rik,0.1790878036575645,0.4332091938626844,0.017493269468156214,0.9514888554291394,-0.06456727620334135,0.8665832855839324,2810402E24Rik,FALSE,FALSE,FALSE,FALSE,0.08704944977635402,FALSE,FALSE,0.022738387869190704
Wdpcp,0.1394427357790331,0.4769576823690051,-0.0031916564657246127,0.9882212661135092,-0.11837921732086087,0.6782002981039384,Wdpcp,FALSE,FALSE,FALSE,FALSE,0.08700453652187286,FALSE,FALSE,0.022726243886669904
Prkab1,-0.13015057237692096,0.49356123885722664,-0.07355875322808547,0.7210780482663569,-0.057099567505876525,0.8479984075401744,Prkab1,FALSE,FALSE,FALSE,FALSE,0.08693629770362765,FALSE,FALSE,0.022707792963315928
Kdm4c,0.10151749474726124,0.41953210388747,0.12348382124374968,0.35513512251683,0.03573440214494816,0.8660618443013157,Kdm4c,FALSE,FALSE,FALSE,FALSE,0.08691190604531969,FALSE,FALSE,0.022701197763846038
Slc7a14,0.1350350206329658,0.41107954146932685,0.07255043657087867,0.699775373375869,0.053109921269580695,0.8453615338882059,Slc7a14,FALSE,FALSE,FALSE,FALSE,0.08689845949114172,FALSE,FALSE,0.022697561983700765
Sall1,-0.0010157240667254541,0.996132549513788,0.10529006359896576,0.5898251138003908,0.15436519630243328,0.536826266972932,Sall1,FALSE,FALSE,FALSE,FALSE,0.08689032798937484,FALSE,FALSE,0.02269536332728039
Tmem45b,-0.04163441388418727,0.9458552056708748,-0.14653402294067625,0.8055590536025354,-0.07246658274439155,0.935472185357236,Tmem45b,FALSE,FALSE,FALSE,FALSE,0.08687833985641835,FALSE,FALSE,0.0226921218860007
Sugp1,-0.10853462359567079,0.48948935047737296,-0.11853346983659208,0.4677764937382957,-0.033511173302783526,0.8980109680559168,Sugp1,FALSE,FALSE,FALSE,FALSE,0.0868597555783488,FALSE,FALSE,0.022687096929545295
Zcchc14,-0.12065470300459502,0.49924127199273277,-0.12069053079715975,0.5267696593967613,-0.01922302205868931,0.9528063179104878,Zcchc14,FALSE,FALSE,FALSE,FALSE,0.0868560852868147,FALSE,FALSE,0.022686104528599267
Rrn3,-0.16097913233192696,0.2314807261918965,-0.027161693977502566,0.8661254707814015,-0.07241079243254323,0.7238211272881757,Rrn3,FALSE,FALSE,FALSE,FALSE,0.08685053958065758,FALSE,FALSE,0.022684605038985
Dnajb3,0.030665453897332162,0.9559093571108541,-0.11807514915477454,0.8312393428559643,0.11175870166672647,0.8825184669752741,Dnajb3,FALSE,FALSE,FALSE,FALSE,0.0868331015729444,FALSE,FALSE,0.022679890019703657
Zdhhc13,-0.05413742875755112,0.726790346668072,0.03149470178679614,0.8508904958544937,-0.174798463026149,0.3739153711547562,Zdhhc13,FALSE,FALSE,FALSE,FALSE,0.08681019785683208,FALSE,FALSE,0.022673697141201703
Gm26782,0.2248062475185275,0.14665079113169927,-0.014066561224074015,0.9425027788227177,-0.021463497084059036,0.9395305302721263,Gm26782,FALSE,FALSE,FALSE,FALSE,0.08677876860888685,FALSE,FALSE,0.022665199065475553
Dhx33,-0.14082140515815755,0.40315484729350837,0.07530047453577016,0.6838605576220524,0.04419903197571795,0.8722920238991596,Dhx33,FALSE,FALSE,FALSE,FALSE,0.08677363722321522,FALSE,FALSE,0.02266381160294086
B230369F24Rik,0.09832907443921446,0.740462153612328,0.14004927183278504,0.6362974791531366,0.02192639015278708,0.9669037809700132,B230369F24Rik,FALSE,FALSE,FALSE,FALSE,0.08676824547492885,FALSE,FALSE,0.02266235374161011
Ppp1r15b,0.0825233362381832,0.5729188378751374,0.1363561301691334,0.36657253819194613,0.041279755769533466,0.8621637413413279,Ppp1r15b,FALSE,FALSE,FALSE,FALSE,0.08671974072561668,FALSE,FALSE,0.022649238663786708
Tnfrsf19,0.1420853763500165,0.6647816805607282,0.002141632785831682,0.994997903607089,0.11589871183197409,0.8093324509467632,Tnfrsf19,FALSE,FALSE,FALSE,FALSE,0.08670857365594076,FALSE,FALSE,0.022646219227753412
Cnn2,-0.09638489756330149,0.7332784572041158,-0.08613374735150092,0.7704225851133908,0.077598352151929,0.8497380105181914,Cnn2,FALSE,FALSE,FALSE,FALSE,0.08670566568891047,FALSE,FALSE,0.022645432949822884
Fam193b,0.053751879809333936,0.8455979379701634,0.1214046281376806,0.652640114194996,0.08493751759008283,0.8259986382223273,Fam193b,FALSE,FALSE,FALSE,FALSE,0.0866980085123658,FALSE,FALSE,0.022643362545012733
Kctd6,0.03143948384011308,0.9145962850611579,0.1139824679361996,0.6747639714375684,0.11465586633056857,0.7524981325089635,Kctd6,FALSE,FALSE,FALSE,FALSE,0.08669260603562708,FALSE,FALSE,0.022641901782842592
Setdb1,-0.11469983685111984,0.4064625656930391,0.061061801111937264,0.693021111561041,0.08429548511583906,0.6715182611215825,Setdb1,FALSE,FALSE,FALSE,FALSE,0.0866857076929654,FALSE,FALSE,0.02264003655722771
Psmb9,-0.028990948418590623,0.9333074416811017,-0.18674390183105327,0.5565253621846682,0.044262631518225515,0.9306184700231948,Psmb9,FALSE,FALSE,FALSE,FALSE,0.08666582725595647,FALSE,FALSE,0.022634661135599258
Rcn2,0.13113847369070086,0.2841712215219141,0.04455845384656687,0.7566792990435588,0.08419996915989891,0.6430879831106097,Rcn2,FALSE,FALSE,FALSE,FALSE,0.08663229889905555,FALSE,FALSE,0.02262559548705387
Sfxn3,-0.16045106714179802,0.36220801747601983,-0.0661578637212723,0.7366504237853894,0.03320221827249181,0.9102391423284211,Sfxn3,FALSE,FALSE,FALSE,FALSE,0.08660371637852071,FALSE,FALSE,0.02261786713083063
E230029C05Rik,0.11120632731402946,0.8106336874245943,-0.12067674454261157,0.8093102179805916,0.027854484421344444,0.9703486891162046,E230029C05Rik,FALSE,FALSE,FALSE,FALSE,0.08657918542599516,FALSE,FALSE,0.02261123426794572
Tsen2,-0.19598520880989456,0.3683143269404957,-0.05635676217462171,0.8204641473171201,-0.007271044016319728,0.9839580232382996,Tsen2,FALSE,FALSE,FALSE,FALSE,0.08653767166694533,FALSE,FALSE,0.022600009466490163
Ikbkap,-0.15644616189913574,0.23956476645128397,0.006331402163436195,0.9702120984189493,-0.09657384643658418,0.6213859504531344,Ikbkap,FALSE,FALSE,FALSE,FALSE,0.08645047016638537,FALSE,FALSE,0.022576431270903564
Rnf44,-0.10368200394407445,0.47213401079607353,-0.046526506412920554,0.7754649755029865,0.1091339581206503,0.582725202961002,Rnf44,FALSE,FALSE,FALSE,FALSE,0.08644748949254843,FALSE,FALSE,0.022575625333961475
Taz,-0.06944521495709033,0.6572933915047979,-0.1022780624169135,0.5228256579077037,-0.0875013956076085,0.6874527970583217,Taz,FALSE,FALSE,FALSE,FALSE,0.08640822432720412,FALSE,FALSE,0.022565008524132707
Sirt5,-0.07817359005743763,0.6966388388439745,-0.16339407171287545,0.4092548890655328,0.017655446270625763,0.9592694451893655,Sirt5,FALSE,FALSE,FALSE,FALSE,0.08640770268031295,FALSE,FALSE,0.022564867477334792
Slc6a8,0.16054072961202515,0.29450280464103473,-0.0372897606649536,0.8393857744279487,-0.061371705483331596,0.8025325610409122,Slc6a8,FALSE,FALSE,FALSE,FALSE,0.08640073192010345,FALSE,FALSE,0.02256298267092032
Mageh1,0.08693435070453948,0.621879557522717,-0.011600560064660925,0.9566090041931244,-0.1606430185255059,0.5013661036838792,Mageh1,FALSE,FALSE,FALSE,FALSE,0.08639264309823542,FALSE,FALSE,0.022560795554611032
Cntn6,-0.15825255087018555,0.7515920990736756,-0.05621522316741895,0.9162981343990699,0.0446692884549626,0.9563971161360004,Cntn6,FALSE,FALSE,FALSE,FALSE,0.0863790208308557,FALSE,FALSE,0.022557112263812715
Tle1,0.06394198003799101,0.6912884255392073,0.10466333745892342,0.5217598886801239,0.09046715124041604,0.6849317259436086,Tle1,FALSE,FALSE,FALSE,FALSE,0.08635748957911016,FALSE,FALSE,0.02255129048251743
Tecpr2,0.013310793304344593,0.945814376067984,-0.2331731393543155,0.19319649001917574,0.012530915447466207,0.9679665286152154,Tecpr2,FALSE,FALSE,FALSE,FALSE,0.0863382827020421,FALSE,FALSE,0.022546097183076357
Bahd1,-0.09329785817545666,0.5013377423296963,-0.015238973409910095,0.9252086321143492,0.15027516774929595,0.41131473290419535,Bahd1,FALSE,FALSE,FALSE,FALSE,0.08627066644488757,FALSE,FALSE,0.022527814592458242
Mbd4,-0.06107582703200709,0.8011211474490387,-0.1750278065296742,0.4501727812479166,-0.022705831216225825,0.9535532563972662,Mbd4,FALSE,FALSE,FALSE,FALSE,0.0862698215926357,FALSE,FALSE,0.022527586154971406
Ptges,0.11305006884311286,0.6772238338683306,0.10740856495537976,0.7079546049838367,0.03828613929349878,0.9337036850760244,Ptges,FALSE,FALSE,FALSE,FALSE,0.08624825769733047,FALSE,FALSE,0.02252175554726568
Fam193a,-0.005058109903526287,0.9754837671874126,0.060356462570379854,0.699775373375869,0.1933184107486463,0.3039996417076477,Fam193a,FALSE,FALSE,FALSE,FALSE,0.08624432774085082,FALSE,FALSE,0.022520692936164623
Mrps16,0.18138685764186135,0.22121639025077916,0.06409930159702082,0.705860334460487,0.013214704657154464,0.9639712004053149,Mrps16,FALSE,FALSE,FALSE,FALSE,0.08623362129867888,FALSE,FALSE,0.022517798048049792
Cfap20,-0.09131504421219105,0.4590568102239098,-0.07960152167640278,0.5470287055978567,-0.0877756670836689,0.6158695038178216,Cfap20,FALSE,FALSE,FALSE,FALSE,0.08623074432408757,FALSE,FALSE,0.022517020150087302
E2f4,-0.13256024988222226,0.5130325630811888,0.0717541758687057,0.7432525865419887,0.05422755243491206,0.8660843062435627,E2f4,FALSE,FALSE,FALSE,FALSE,0.08618065939528001,FALSE,FALSE,0.022503477811483236
Shld1,0.16544745249655168,0.4938800405661042,0.09130202972914025,0.7333584741789106,0.0017157961521361287,0.9960124879643014,Shld1,FALSE,FALSE,FALSE,FALSE,0.08615509279260936,FALSE,FALSE,0.022496564921746447
Ensa,-0.09096548416449757,0.3902593705342358,-0.05500901309599282,0.6451698076795402,-0.11244655655225255,0.45047607147183677,Ensa,FALSE,FALSE,FALSE,FALSE,0.08614035127091431,FALSE,FALSE,0.02249257899857382
Tm7sf3,0.03374846825539013,0.8650815329308911,-0.14295266613988922,0.45132903775132815,-0.08167637145399187,0.7649356338997364,Tm7sf3,FALSE,FALSE,FALSE,FALSE,0.08612583528309041,FALSE,FALSE,0.0224886540569404
Cngb1,0.060123559838467955,0.8232114658458629,-0.0785513394803039,0.7804033544033183,0.11967355331670149,0.7361335303869919,Cngb1,FALSE,FALSE,FALSE,FALSE,0.08611615087849112,FALSE,FALSE,0.022486035515008027
Mlst8,-0.08626675547812823,0.7097113643190435,-0.07391568226158762,0.7613938597388709,0.09811733665105615,0.7530721566283366,Mlst8,FALSE,FALSE,FALSE,FALSE,0.08609992479692401,FALSE,FALSE,0.02248164818540548
Traf6,0.04199115578488222,0.8043474931410642,0.18495126263896733,0.25559786306538573,0.0313163107833514,0.905464057722558,Traf6,FALSE,FALSE,FALSE,FALSE,0.08608624306906698,FALSE,FALSE,0.022477948817237452
1190002N15Rik,-0.09316933102357794,0.6239696046459062,-0.0898308930489975,0.6564312999965809,0.07505919573312525,0.786939508443944,1190002N15Rik,FALSE,FALSE,FALSE,FALSE,0.08601980660190023,FALSE,FALSE,0.02245998522708268
Impa1,0.0808420891387085,0.5686678295778801,-0.026420587349750058,0.8724233798651565,-0.15076642050844047,0.43208725836388395,Impa1,FALSE,FALSE,FALSE,FALSE,0.08600969899896634,FALSE,FALSE,0.022457252257611325
Pnp2,0.21939586772805708,0.6817692413648685,0.019085152549876305,0.9759356951201466,-0.019501192413007074,0.9824243459527173,Pnp2,FALSE,FALSE,FALSE,FALSE,0.08599407089698015,FALSE,FALSE,0.02245302661421171
Dcp1a,0.10907392108879055,0.500671946469939,0.08952398565253361,0.6103777857323005,-0.05938003216676524,0.8152584052645347,Dcp1a,FALSE,FALSE,FALSE,FALSE,0.08599264630269647,FALSE,FALSE,0.022452641421727218
Pcnx,-0.14539674551782333,0.34269495572697156,-0.0841834976161433,0.6253900233874495,-0.02832419308052092,0.9183063783578739,Pcnx,FALSE,FALSE,FALSE,FALSE,0.08596814540482918,FALSE,FALSE,0.022446016685246165
Xbp1,0.11652561257590666,0.47234931947654235,0.10483426812354946,0.5517360130829552,-0.036486961945869645,0.8952889382053867,Xbp1,FALSE,FALSE,FALSE,FALSE,0.08594894754844191,FALSE,FALSE,0.02244082582488441
Med17,0.08044584393946241,0.6020244508224815,0.09704271725191749,0.5428623267045604,0.0803304263793132,0.7134138400759675,Med17,FALSE,FALSE,FALSE,FALSE,0.08593966252356437,FALSE,FALSE,0.022438315270235883
Pcsk7,-0.18367144841150918,0.27120283945790924,-0.05510819160048541,0.7709099860302177,-0.019026086809103226,0.9492671333191428,Pcsk7,FALSE,FALSE,FALSE,FALSE,0.08593524227369927,FALSE,FALSE,0.022437120089932885
Syne3,-0.10226151290019558,0.6200974032487296,-0.11778757004002394,0.5812234312215124,0.03769756674708358,0.9096517207354082,Syne3,FALSE,FALSE,FALSE,FALSE,0.0859155498957677,FALSE,FALSE,0.022431795517127897
Pgap2,0.13162890721773035,0.47134223470477177,-0.07800348527843992,0.7050696408249073,-0.04810897957921201,0.8742256792177077,Pgap2,FALSE,FALSE,FALSE,FALSE,0.0859137906917941,FALSE,FALSE,0.02243131985036643
Pcdhgb2,0.08096574969966808,0.7751883192467172,0.12067643586748877,0.6708371804854181,0.05609914813436845,0.8984748991468192,Pcdhgb2,FALSE,FALSE,FALSE,FALSE,0.08591377790050843,FALSE,FALSE,0.0224313163917627
Zdhhc5,-0.19949677737634453,0.1204361010151795,0.004291800513747113,0.9790462789484163,-0.0538982055771795,0.786939508443944,Zdhhc5,FALSE,FALSE,FALSE,FALSE,0.08589559448909038,FALSE,FALSE,0.02242639982463836
2010111I01Rik,-0.010334038690170466,0.976817449956721,0.07360192536782417,0.8334469023317728,-0.1734181021263037,0.6958017289524465,2010111I01Rik,FALSE,FALSE,FALSE,FALSE,0.08578468872809945,FALSE,FALSE,0.022396412293374187
Esrp1,0.22186319462596238,0.21395340808657737,0.027120810318454147,0.9000772157244765,-0.008327097311965126,0.9799445617859837,Esrp1,FALSE,FALSE,FALSE,FALSE,0.08577036741879389,FALSE,FALSE,0.022392539990378314
Fam124a,0.04441422156845931,0.8390500524568955,-0.08202102298638536,0.710644788818276,-0.1308645338120824,0.645332973447143,Fam124a,FALSE,FALSE,FALSE,FALSE,0.08576659278897569,FALSE,FALSE,0.02239151937766467
Agap1,-0.17767434756627942,0.2989546646137338,-0.06487212961927113,0.745654271297486,-0.014703180002512362,0.9660868653825796,Agap1,FALSE,FALSE,FALSE,FALSE,0.08574988572935431,FALSE,FALSE,0.022387001997609277
Qdpr,-0.027358577256784145,0.8786569610269255,-0.07606392265171635,0.6654975459911251,-0.15378688080774516,0.4841456581988695,Qdpr,FALSE,FALSE,FALSE,FALSE,0.08573646023874855,FALSE,FALSE,0.0223833719127906
Mylip,0.047978907209031973,0.8040892328813348,0.09640144395804118,0.6123582562391863,0.11264003061813721,0.6517846535487489,Mylip,FALSE,FALSE,FALSE,FALSE,0.08567346059507013,FALSE,FALSE,0.02236633759674102
Scn3a,0.15507587320124117,0.30951522499977985,0.08908524041394639,0.6029312478395824,-0.012776078180088746,0.9669037809700132,Scn3a,FALSE,FALSE,FALSE,FALSE,0.08564573059842544,FALSE,FALSE,0.0223588397523197
Dlgap5,0.1647882206943495,0.8295829571081601,-0.012941483685913191,0.9871824007647931,0.07915370557860124,0.9496475928111093,Dlgap5,FALSE,FALSE,FALSE,FALSE,0.08562780331962132,FALSE,FALSE,0.02235399244025208
Anxa7,-0.1359196841527659,0.2824557523757489,-0.10838865889381122,0.4290020895671713,-0.012568951849486254,0.9592694451893655,Anxa7,FALSE,FALSE,FALSE,FALSE,0.08562576496535446,FALSE,FALSE,0.022353441294741164
Dcun1d3,-0.12764144642409114,0.38989346689502824,0.022796298545309845,0.8965284597098222,-0.10643883202527071,0.6170750206578537,Dcun1d3,FALSE,FALSE,FALSE,FALSE,0.08562552566489057,FALSE,FALSE,0.022353376590887382
Zc3h3,-0.07316639180584783,0.7758846586810002,-0.16753463121533319,0.501577232271906,0.01605966411990556,0.9692527582689531,Zc3h3,FALSE,FALSE,FALSE,FALSE,0.08558689571369553,FALSE,FALSE,0.022342931535023338
Efcab2,0.009114996805654307,0.9565774635494294,0.11777125329948035,0.42709388414480626,0.12966285255499255,0.5061253882525248,Efcab2,FALSE,FALSE,FALSE,FALSE,0.08551636755337573,FALSE,FALSE,0.022323861602193
Psmg2,-0.16386992172327375,0.4382922776336239,-0.004433698329209257,0.9853747491583585,-0.08820220467236695,0.7778034294198124,Psmg2,FALSE,FALSE,FALSE,FALSE,0.08550194157494999,FALSE,FALSE,0.022319960997975574
Sar1a,0.158297866077433,0.18319473883213622,0.008045401056014256,0.9578230329298831,-0.0901564525917884,0.6041119981872954,Sar1a,FALSE,FALSE,FALSE,FALSE,0.08549990657507855,FALSE,FALSE,0.022319410759451243
Slc4a1ap,-0.132778807343632,0.3223441385496898,-0.06566724339288843,0.6612723159823105,-0.058029923878969214,0.7795054729393572,Slc4a1ap,FALSE,FALSE,FALSE,FALSE,0.08549199153849656,FALSE,FALSE,0.022317270632510686
Selenos,0.18265428444914633,0.2891234394567775,0.04915605432110759,0.8132825509240235,-0.024593497515127183,0.9382619193940122,Selenos,FALSE,FALSE,FALSE,FALSE,0.08546794542846037,FALSE,FALSE,0.022310768864973553
Lpcat2,-0.19065684168698205,0.5659475437646017,-0.03273697253049934,0.9297635660722091,-0.0329588208881717,0.9528063179104878,Lpcat2,FALSE,FALSE,FALSE,FALSE,0.08545087836855103,FALSE,FALSE,0.022306154145340904
0610009L18Rik,-0.07741281660647514,0.8625476187402139,-0.02321502412720733,0.9613245358694231,0.15558773754088318,0.7884932858524245,0610009L18Rik,FALSE,FALSE,FALSE,FALSE,0.08540519275818854,FALSE,FALSE,0.022293801327445538
Gm34081,0.15109459194325947,0.7135598831822589,-0.028028600019361583,0.9537109643802655,0.07694708570523412,0.9056897818093801,Gm34081,FALSE,FALSE,FALSE,FALSE,0.08535675922261839,FALSE,FALSE,0.022280705504927684
Gabpb2,-0.04466748466908488,0.793836531237496,-0.096906617314783,0.5696252687866621,-0.11432005946678814,0.6115989177079599,Gabpb2,FALSE,FALSE,FALSE,FALSE,0.08529805381688534,FALSE,FALSE,0.02226483229713337
Them6,-0.05862106861773464,0.8873778991860057,-0.11583049002797408,0.7787719030972248,0.08143460706985861,0.8897943050158532,Them6,FALSE,FALSE,FALSE,FALSE,0.08529538857185577,FALSE,FALSE,0.0222641116481974
Osgep,0.006733098091707745,0.9611581704890443,-0.13489525429732652,0.2799824034793599,-0.1142074861383513,0.4852773642745287,Osgep,FALSE,FALSE,FALSE,FALSE,0.08527861284246185,FALSE,FALSE,0.022259575700694003
Ubqln1,-0.12654588445446358,0.3659942140133739,-0.02607402672201431,0.8781762324268251,-0.1031012131268545,0.6150505511268062,Ubqln1,FALSE,FALSE,FALSE,FALSE,0.08524037476777746,FALSE,FALSE,0.02224923660333932
Amd1,0.07021672257191103,0.6602695957228838,0.0564309287865008,0.7478429632841109,-0.12900189263236772,0.555306053726521,Amd1,FALSE,FALSE,FALSE,FALSE,0.08521651466359319,FALSE,FALSE,0.022242785129459163
Cybc1,0.08044883814972259,0.6481745444382703,0.09799783018199992,0.5922192486240202,-0.07715743654362583,0.7654644375588999,Cybc1,FALSE,FALSE,FALSE,FALSE,0.08520136829178278,FALSE,FALSE,0.022238689739876645
Cbr4,0.17901659480871412,0.3584945028730593,0.04980659068514948,0.8301456791629576,0.026761731924050736,0.9396450036428386,Cbr4,FALSE,FALSE,FALSE,FALSE,0.08519497247263812,FALSE,FALSE,0.02223696039033838
Ndst3,0.02211134445374796,0.9532972059100495,-0.016662507059664655,0.9665127013442495,0.21654685425369413,0.6242900544963055,Ndst3,FALSE,FALSE,FALSE,FALSE,0.08510690192236892,FALSE,FALSE,0.022213147214574982
Eml6,-0.10535560234430896,0.42975473576202383,-0.032099047830173255,0.836914532256226,-0.1178104351622693,0.5290576509175532,Eml6,FALSE,FALSE,FALSE,FALSE,0.08508836177891717,FALSE,FALSE,0.022208134191568474
Colgalt2,0.08977463656446627,0.7786660635537412,-0.09721374755319134,0.7752766817391893,0.06827307849065267,0.8879781422531421,Colgalt2,FALSE,FALSE,FALSE,FALSE,0.08508715420277009,FALSE,FALSE,0.02220780767807503
Dner,0.0502905474100217,0.7838533636852714,0.1282181378095668,0.4800355219514431,0.07669944728935807,0.7681687711327203,Dner,FALSE,FALSE,FALSE,FALSE,0.0850693775029822,FALSE,FALSE,0.022203001080690905
Dtnb,-0.12746488440745818,0.40832340977873804,-0.02334452165609857,0.8984292323025337,-0.10433322523865485,0.6408282459841037,Dtnb,FALSE,FALSE,FALSE,FALSE,0.08504754376740387,FALSE,FALSE,0.02219709751154879
Smim19,-0.02527355353357752,0.8623895791411975,-0.06096080360238609,0.6747301372369972,-0.16876295501411143,0.34206053715457885,Smim19,FALSE,FALSE,FALSE,FALSE,0.08499910405002502,FALSE,FALSE,0.02218400001754715
Ano4,0.1658536928520551,0.6072050540054552,0.04252988519364154,0.9091651128347881,0.04660659417069768,0.933447116751297,Ano4,FALSE,FALSE,FALSE,FALSE,0.08499672407213144,FALSE,FALSE,0.022183356501278437
Ctnnd1,-0.1749702326519742,0.23698801908046546,0.0462441318092921,0.7831526366541758,-0.033713106762987444,0.8915071457053368,Ctnnd1,FALSE,FALSE,FALSE,FALSE,0.08497582374141792,FALSE,FALSE,0.022177705313142643
B3glct,0.14935211122351522,0.43054424899746807,0.049084895855665334,0.8254896364846287,0.056467856672848704,0.8550402348625995,B3glct,FALSE,FALSE,FALSE,FALSE,0.08496828791734308,FALSE,FALSE,0.022175667720523227
Iqsec3,-0.05396055493679075,0.8216281368332924,0.09240160174064815,0.7057253659928479,0.10847966422396205,0.739869707198146,Iqsec3,FALSE,FALSE,FALSE,FALSE,0.08494727363380032,FALSE,FALSE,0.022169985720967008
Myadm,-0.1938169350571597,0.28669486356279067,-0.0434326435900072,0.8386524658038499,0.01752771724917679,0.9592694451893655,Myadm,FALSE,FALSE,FALSE,FALSE,0.08492576529878122,FALSE,FALSE,0.022164170136068057
Rapgef3os2,-0.12666309818330718,0.7975335888246334,-0.033670432279288065,0.9503101849076752,0.0943704734525827,0.8968034147935527,Rapgef3os2,FALSE,FALSE,FALSE,FALSE,0.08490133463839265,FALSE,FALSE,0.022157564390923163
Rassf2,0.21168303134080535,0.6333352481619349,0.018309562130713886,0.9730510598554437,0.024642104872273585,0.9752834775725387,Rassf2,FALSE,FALSE,FALSE,FALSE,0.08487823278126427,FALSE,FALSE,0.02215131793756756
Ttc33,0.2149034911272043,0.12973887392635944,-0.0049836594270447065,0.9780742577866532,-0.034689115600259335,0.8859352840268091,Ttc33,FALSE,FALSE,FALSE,FALSE,0.08485875538483612,FALSE,FALSE,0.022146051493073464
Flnc,-0.12601698948194473,0.7756801378523429,-0.08973740501747063,0.846801578806148,0.03871214490195074,0.9568917316396195,Flnc,FALSE,FALSE,FALSE,FALSE,0.08482217980045537,FALSE,FALSE,0.022136161912312977
Wasf2,-0.1826339722805539,0.29491878221564205,-0.03179636336499225,0.8796986181910761,0.039988681857588304,0.8941531025158322,Wasf2,FALSE,FALSE,FALSE,FALSE,0.08480633916771148,FALSE,FALSE,0.02213187880325347
Erbb4,0.06555746471059987,0.7152418831495841,0.08270635498546586,0.6585710465890832,0.10613690418684385,0.6623967494516975,Erbb4,FALSE,FALSE,FALSE,FALSE,0.08480024129430319,FALSE,FALSE,0.022130230014517503
Helq,-0.07407790042550078,0.7301183476647839,-0.07843535477488661,0.7219956414603743,-0.101805706021179,0.7281231251795859,Helq,FALSE,FALSE,FALSE,FALSE,0.08477298707385546,FALSE,FALSE,0.02212286081403184
Atp1b2,-0.06911023363265567,0.8285694652011315,-0.013300220814685737,0.9699133989087664,0.17190113301736965,0.6692229348201579,Atp1b2,FALSE,FALSE,FALSE,FALSE,0.08477052915490368,FALSE,FALSE,0.022122196223475384
Gm11512,0.2116396575429884,0.7730470177324619,0.00543439035315485,0.9940961273865506,0.03716217359526286,0.9761657850122093,Gm11512,FALSE,FALSE,FALSE,FALSE,0.08474540716380204,FALSE,FALSE,0.022115403551148466
Pi4k2a,-0.22142077593665999,0.10316382268442562,-0.014329949319967561,0.9297026595306346,-0.018392899395978546,0.938907882023053,Pi4k2a,FALSE,FALSE,FALSE,FALSE,0.0847145415508687,FALSE,FALSE,0.02210705787528315
Sf1,-0.19582278553667276,0.21342905315126753,-0.04184070445242227,0.8252315999204961,0.016432229575299218,0.9562002135505902,Sf1,FALSE,FALSE,FALSE,FALSE,0.08469857318813141,FALSE,FALSE,0.02210274022963027
Zfp84,-0.12956285732157102,0.3642252024714909,-0.052426096767760555,0.7498567332253536,-0.07206574715447811,0.7393458642608288,Zfp84,FALSE,FALSE,FALSE,FALSE,0.08468490041460323,FALSE,FALSE,0.02209904328260082
Fstl4,-0.08760583674548883,0.6700313575526734,0.01586210499231422,0.9464032564976835,-0.15054440939753144,0.5845286270681717,Fstl4,FALSE,FALSE,FALSE,FALSE,0.08467078371177816,FALSE,FALSE,0.02209522630263935
Trp53inp2,0.0636076413413349,0.7547594604445879,0.16762381970100115,0.4031529428319972,-0.022756824591889213,0.9478530429673544,Trp53inp2,FALSE,FALSE,FALSE,FALSE,0.08466276187807509,FALSE,FALSE,0.022093057299092396
Cdnf,-0.21502044754055327,0.5925387254806513,0.003755904949758193,0.9927491256200441,-0.03520725095210131,0.9598071514534646,Cdnf,FALSE,FALSE,FALSE,FALSE,0.08466120114747093,FALSE,FALSE,0.022092635297048777
Cep41,0.011814401873817104,0.9536351942629125,0.10536159564526493,0.5682672765286932,-0.1368026363855268,0.5781874897331956,Cep41,FALSE,FALSE,FALSE,FALSE,0.08465954463486962,FALSE,FALSE,0.022092187396750566
Rad54l2,-0.22909251317583212,0.17464517509343913,-0.005128628528662915,0.9805568407985608,-0.01968336578849872,0.9486145495295617,Rad54l2,FALSE,FALSE,FALSE,FALSE,0.08463483583099791,FALSE,FALSE,0.02208550644508509
Sesn1,-0.13066890542627174,0.4601197286278305,0.05160369671848919,0.8029102429403568,-0.07155914998650736,0.7955229439764211,Sesn1,FALSE,FALSE,FALSE,FALSE,0.0846105840437561,FALSE,FALSE,0.022078949065002865
Slc45a4,-0.07427217428436617,0.677356583949095,-0.11716149605157877,0.5200831294274967,-0.0623968974151774,0.8160706567923424,Slc45a4,FALSE,FALSE,FALSE,FALSE,0.08461018925037411,FALSE,FALSE,0.022078842317807955
Zfp568,-0.08272801068545466,0.6269424466913157,0.009413913604264579,0.962772303454231,-0.16166543293426638,0.475496007873583,Zfp568,FALSE,FALSE,FALSE,FALSE,0.0846024524079952,FALSE,FALSE,0.022076750372352186
Tulp3,0.11627395463736612,0.5152778426871317,-0.01780001224010519,0.9341812838731572,0.11966784956345311,0.6359287743437843,Tulp3,FALSE,FALSE,FALSE,FALSE,0.08458060548030814,FALSE,FALSE,0.022070843236228793
Tent4a,-0.1945486050776024,0.21832519259759903,0.005002671595685015,0.9798816543002445,-0.05415158735752268,0.8302444942285242,Tent4a,FALSE,FALSE,FALSE,FALSE,0.08456762134360336,FALSE,FALSE,0.022067332487987278
Limk1,-0.017614142170478964,0.9634069100352346,-0.20649902629928452,0.5602734117107719,0.029560701566031522,0.9609730014174996,Limk1,FALSE,FALSE,FALSE,FALSE,0.08455795667859833,FALSE,FALSE,0.02206471928339442
Dyrk1a,0.12490820259073576,0.2568795967272694,0.12297630511596847,0.30014993475654805,0.005666524967839592,0.9778529655215197,Dyrk1a,FALSE,FALSE,FALSE,FALSE,0.0845170108915146,FALSE,FALSE,0.0220536480544579
Tmem154,0.07962545343626948,0.8539988703181723,0.14951515718658537,0.7235774052986544,0.024336891004783867,0.9717530665349686,Tmem154,FALSE,FALSE,FALSE,FALSE,0.08449250054254624,FALSE,FALSE,0.02204702076251727
Cstad,-0.018044263805601035,0.976817449956721,-0.1496997423336304,0.8093102179805916,-0.08548641164750281,0.9266208317363961,Cstad,FALSE,FALSE,FALSE,FALSE,0.08441013926224475,FALSE,FALSE,0.022024751301977702
Snx29,0.0740424518862941,0.7377898988034729,-0.1163581377689864,0.6072672611601512,-0.06264985031288095,0.8520091562632626,Snx29,FALSE,FALSE,FALSE,FALSE,0.08435014665605382,FALSE,FALSE,0.022008530051271735
Gpx4,0.12176388279801564,0.48158388344215686,-0.003763705218275959,0.9853747491583585,-0.12721776781036453,0.6077096769118988,Gpx4,FALSE,FALSE,FALSE,FALSE,0.08424845194221871,FALSE,FALSE,0.02198103307200498
L2hgdh,0.14785416664657625,0.2761304396903165,0.07207182902862375,0.6362933742893978,-0.032463721865267914,0.8901827965684321,L2hgdh,FALSE,FALSE,FALSE,FALSE,0.08412990584682263,FALSE,FALSE,0.02194897968983463
Tmem9b,0.09136802016120882,0.560877966785568,0.10562961044986352,0.5164389195196394,-0.05528568646982457,0.8192972505097768,Tmem9b,FALSE,FALSE,FALSE,FALSE,0.08409443902696563,FALSE,FALSE,0.021939389905139953
Usp12,0.01759637161763461,0.910588376816181,-0.10424306294129337,0.4683193697997959,-0.13036488273712266,0.4873191463935942,Usp12,FALSE,FALSE,FALSE,FALSE,0.08406810576535022,FALSE,FALSE,0.02193226972040902
Rere,0.03924058746217174,0.7901206961528512,0.049088784080037584,0.7526978166141719,0.1638315679204796,0.3791915382525977,Rere,FALSE,FALSE,FALSE,FALSE,0.08405364648756297,FALSE,FALSE,0.021928360112460542
Lyrm4,-0.0012423178205871466,0.9946285398625356,-0.0455095736168194,0.8109287237640898,-0.20534069392116283,0.3588235537097898,Lyrm4,FALSE,FALSE,FALSE,FALSE,0.08403086178618979,FALSE,FALSE,0.021922199414056164
Garem1,-0.15391987833567722,0.5123337986972751,-0.07012664245492228,0.7873982736329775,0.027879125970970087,0.9445578108505627,Garem1,FALSE,FALSE,FALSE,FALSE,0.08397521558718986,FALSE,FALSE,0.021907153377517273
B4galnt3,0.14150944454683545,0.6917932805010855,-0.06536728817916604,0.8713846008276066,0.045015085659506404,0.9407162623517655,B4galnt3,FALSE,FALSE,FALSE,FALSE,0.08396393946183596,FALSE,FALSE,0.021904104454192032
Mcoln3,-0.0726356223241229,0.8508666404864131,0.13172610920152428,0.7231030057885636,-0.04718835009862543,0.9371286767460086,Mcoln3,FALSE,FALSE,FALSE,FALSE,0.08385002720809087,FALSE,FALSE,0.02187330400487333
Mrfap1,-0.07792420071713835,0.5529350279848263,-0.0640655856728003,0.6574611891931124,-0.10951312025485294,0.5510503626574075,Mrfap1,FALSE,FALSE,FALSE,FALSE,0.08383430221493053,FALSE,FALSE,0.021869052163311527
Gtpbp3,-0.10712723735086715,0.6123832176245116,-0.12899820208234214,0.5525979887533944,0.015291967285755437,0.9677541211626071,Gtpbp3,FALSE,FALSE,FALSE,FALSE,0.0838058022396549,FALSE,FALSE,0.021861346126294427
Fbxo17,0.0012676900386037193,0.9969949935861478,-0.1300130743225152,0.7301017304560307,-0.11997776907750257,0.8182957497726976,Fbxo17,FALSE,FALSE,FALSE,FALSE,0.0837528444795405,FALSE,FALSE,0.02184702701002019
Ptrhd1,-0.04222517109684221,0.9155557134171814,-0.10735835201970034,0.7830762775888619,-0.10166306541619186,0.8533740544019696,Ptrhd1,FALSE,FALSE,FALSE,FALSE,0.0837488628442448,FALSE,FALSE,0.021845950425613346
Cep78,0.15261571321461043,0.40866181731745793,0.08346685199320625,0.6864259574577461,0.0151532859206287,0.966793721228344,Cep78,FALSE,FALSE,FALSE,FALSE,0.0837452837094818,FALSE,FALSE,0.02184498267231861
Fam69a,-0.027649525399302988,0.9252518645869081,0.019505876536295208,0.9486374520227049,-0.20403861797200173,0.5670583546096097,Fam69a,FALSE,FALSE,FALSE,FALSE,0.08373133996919997,FALSE,FALSE,0.021841212459266512
Cenps,-0.07417155219067828,0.9111321266214082,0.061794926548311646,0.9252521778418684,0.11506531380775947,0.9018918981113057,Cenps,FALSE,FALSE,FALSE,FALSE,0.0836772641822498,FALSE,FALSE,0.021826591042513097
Orai2,-0.00900211285984387,0.9729931972290168,-0.12494380481528866,0.603408407385562,-0.11698508976299404,0.7197940811638653,Orai2,FALSE,FALSE,FALSE,FALSE,0.0836436691460422,FALSE,FALSE,0.021817507364716784
Bace2,-0.012684446891515933,0.9558511431462129,-0.10355218409800937,0.6270254883117656,-0.13463624777243943,0.629283199765418,Bace2,FALSE,FALSE,FALSE,FALSE,0.08362429292065492,FALSE,FALSE,0.021812268275607335
Agk,0.0860998646703095,0.6905901887726353,0.06353646897157184,0.7849265742127978,0.10116701794365124,0.7342904374456407,Agk,FALSE,FALSE,FALSE,FALSE,0.08360111719517753,FALSE,FALSE,0.021806001849173636
Traf3ip1,-0.007433547794788886,0.9738914502692874,0.10329017972252164,0.6098440248674396,0.13995667078903917,0.5911764765603967,Traf3ip1,FALSE,FALSE,FALSE,FALSE,0.08356013276878323,FALSE,FALSE,0.021794920172650594
Tctn2,-0.049078310577673534,0.7719775295073111,-0.1235972044931204,0.4508065995946706,-0.07796639354852175,0.7351420034823858,Tctn2,FALSE,FALSE,FALSE,FALSE,0.08354730287310523,FALSE,FALSE,0.021791451129254447
Prpf3,-0.2042095702553306,0.1709280060692098,0.013936840232608105,0.9383463366498588,0.032464030098731556,0.8959090063511614,Prpf3,FALSE,FALSE,FALSE,FALSE,0.08353681352889009,FALSE,FALSE,0.021788614941713046
Pdrg1,0.007053235272187486,0.966966948203509,-0.13033134540160596,0.39456378075114285,-0.1131749235619477,0.582725202961002,Pdrg1,FALSE,FALSE,FALSE,FALSE,0.08351983474524705,FALSE,FALSE,0.021784024090879203
Irf9,-0.0837431328637459,0.7174789507202409,-0.07822738347338554,0.7475247223683117,-0.08856273390602354,0.787969696283249,Irf9,FALSE,FALSE,FALSE,FALSE,0.083511083414385,FALSE,FALSE,0.0217816578404204
Mylk,-0.18107346456293394,0.4535110162507236,-0.004701414279922211,0.9860523783039105,0.06473405288406964,0.8662045680027711,Mylk,FALSE,FALSE,FALSE,FALSE,0.0835029772423086,FALSE,FALSE,0.02177946603283167
Zfp661,-0.04608924997642161,0.8444793096986785,-0.12747536663546066,0.5719022175305246,-0.07691800880974586,0.8112464271108386,Zfp661,FALSE,FALSE,FALSE,FALSE,0.08349420847387605,FALSE,FALSE,0.0217770950674718
Plcxd2,0.07309125962246377,0.8211963619739412,0.13620703393478717,0.6718376967131844,0.041146273909397735,0.9361739029450005,Plcxd2,FALSE,FALSE,FALSE,FALSE,0.0834815224888829,FALSE,FALSE,0.02177366493572571
Rapgef2,0.08255555517693836,0.5028235601628976,-0.014214499099130862,0.923109847338584,0.15366622181059864,0.35781609041255696,Rapgef2,FALSE,FALSE,FALSE,FALSE,0.08347875869555595,FALSE,FALSE,0.02177291764056215
Rbm28,-0.030663894933532276,0.8649072808192235,-0.17290102095367033,0.31038240360258834,-0.04683364943563806,0.8595500930257407,Rbm28,FALSE,FALSE,FALSE,FALSE,0.08346618844094689,FALSE,FALSE,0.021769518800865098
Col19a1,-0.15268230220092638,0.7941864246681385,0.08016006649478613,0.893923524968231,0.01745279879224737,0.9842288593234662,Col19a1,FALSE,FALSE,FALSE,FALSE,0.08343172249598663,FALSE,FALSE,0.021760199640229884
Pabpc4,-0.02367913450393022,0.8898750374535386,-0.06398874118473419,0.7056007438859133,-0.16260174488353485,0.4338637289904147,Pabpc4,FALSE,FALSE,FALSE,FALSE,0.08342320685739975,FALSE,FALSE,0.021757897118015738
Tmem185b,-0.1277312640953685,0.4305228055357134,-0.043787207344161416,0.8146425713975282,-0.07874840067676292,0.7421271610555319,Tmem185b,FALSE,FALSE,FALSE,FALSE,0.08342229070543095,FALSE,FALSE,0.021757649401976806
Zfp839,-0.16364248861505537,0.3356062014881508,-0.06050595519940272,0.7501215518695424,-0.02609229706442795,0.9298655398525311,Zfp839,FALSE,FALSE,FALSE,FALSE,0.08341358029296202,FALSE,FALSE,0.021755294215339956
Hacd3,-0.11035312806527209,0.43442001576432115,-0.00674489106494125,0.9699133989087664,-0.13313350897422005,0.5034093626636033,Hacd3,FALSE,FALSE,FALSE,FALSE,0.08341050936814447,FALSE,FALSE,0.021754463875660993
Pdpk1,0.0860360954773638,0.4759492754956943,0.12758858943194262,0.3165401728158819,0.03652081031989596,0.8537132223151842,Pdpk1,FALSE,FALSE,FALSE,FALSE,0.08338183174306746,FALSE,FALSE,0.021746709804358517
Ccdc30,0.17313020548449476,0.38722719929672056,0.0679730979225055,0.7683572382880605,0.008960319140938644,0.9807482795902114,Ccdc30,FALSE,FALSE,FALSE,FALSE,0.08335454084931297,FALSE,FALSE,0.021739330687869186
Fbxl4,0.1908772694176406,0.242595814515029,0.040798577345469766,0.8343514235882672,-0.018118332827806505,0.9527816940550564,Fbxl4,FALSE,FALSE,FALSE,FALSE,0.08326472653030563,FALSE,FALSE,0.021715046018839022
Casz1,0.029254460613342914,0.9262315216111046,-0.03363173742454073,0.9166546909740583,0.18689780066295336,0.6170750206578537,Casz1,FALSE,FALSE,FALSE,FALSE,0.083261332900279,FALSE,FALSE,0.021714128423705882
Tfdp2,0.20755804338195905,0.15285866271612822,-0.024083643914914354,0.8911844771829621,0.018142267089562125,0.9465656818331815,Tfdp2,FALSE,FALSE,FALSE,FALSE,0.08326131812881184,FALSE,FALSE,0.02171412442968583
Clic4,0.11062312325500745,0.6777942902413076,0.0753252754332534,0.8001988208584588,0.06366875382541792,0.8817102844923025,Clic4,FALSE,FALSE,FALSE,FALSE,0.08320571750455959,FALSE,FALSE,0.021699090715988953
Zfp551,0.11722631908792636,0.41762338176805597,0.035353592231763376,0.8346823238434757,0.09696274804496596,0.6384110387527508,Zfp551,FALSE,FALSE,FALSE,FALSE,0.08318088645488524,FALSE,FALSE,0.02169237671058672
Dbt,0.10788007486041717,0.5123337986972751,0.06323652764302867,0.7295666167592216,0.07842017399610501,0.7474990934071348,Dbt,FALSE,FALSE,FALSE,FALSE,0.08317892549985029,FALSE,FALSE,0.021691846492860493
Asap2,-0.19668200242818035,0.32422576922629287,-0.004051682868295714,0.9856809497253555,0.0483120699252364,0.8808124843806986,Asap2,FALSE,FALSE,FALSE,FALSE,0.08301525174057083,FALSE,FALSE,0.021647591154547462
Prkar2a,0.018739098866953796,0.9084623675105966,0.07677915743227803,0.6174446114520438,0.15352616302524957,0.4245546263275381,Prkar2a,FALSE,FALSE,FALSE,FALSE,0.0830148064414938,FALSE,FALSE,0.021647470751244017
Trmt5,-0.11360822582248709,0.4979428834062379,-0.026244405470695398,0.8903669425551053,-0.10900910455819712,0.6388746135393064,Trmt5,FALSE,FALSE,FALSE,FALSE,0.08295391195045987,FALSE,FALSE,0.021631005642151577
Slc10a7,-0.038447202794770874,0.7964020881162667,0.0771814409844378,0.5949024525751395,-0.13314343862845934,0.47775224977116243,Slc10a7,FALSE,FALSE,FALSE,FALSE,0.08292402746922267,FALSE,FALSE,0.02162292525203111
Nphp4,-0.08925773268267667,0.8117347593012593,0.024864727730893765,0.9516860807117151,0.13461988858771434,0.787969696283249,Nphp4,FALSE,FALSE,FALSE,FALSE,0.0829141163337616,FALSE,FALSE,0.021620245404908228
Snora30,-0.07619846289957583,0.9262315216111046,1.7323665117521814e-4,0.9998817682362051,-0.17231270551821337,0.8825184669752741,Snora30,FALSE,FALSE,FALSE,FALSE,0.08289480168965481,FALSE,FALSE,0.021615022966607157
Map2,-0.17320119292496017,0.13842786856935763,0.016789498130531655,0.9057245589029784,0.058585016412935786,0.7442724803559847,Map2,FALSE,FALSE,FALSE,FALSE,0.08285856915614254,FALSE,FALSE,0.021605226142512795
Pstpip2,0.10104031408064085,0.841040933133632,0.04075052536829826,0.9405061795282027,-0.10677522556996166,0.8900223311651693,Pstpip2,FALSE,FALSE,FALSE,FALSE,0.08285535500630026,FALSE,FALSE,0.0216043570765777
Appl2,-0.1101010971922669,0.5630974801786347,0.07942876278216549,0.6989128057096087,0.05901227446369095,0.8415933332012977,Appl2,FALSE,FALSE,FALSE,FALSE,0.08284737814604111,FALSE,FALSE,0.02160220023328774
Qtrt1,0.057902611447842034,0.7713874916237887,-0.16768429046919797,0.3888689737794346,0.0228918531791793,0.9434643800506319,Qtrt1,FALSE,FALSE,FALSE,FALSE,0.08282625169873976,FALSE,FALSE,0.02159648790605343
Fam13a,0.14396905668909543,0.4935489554702369,0.09582167944871856,0.6800199417726256,0.008618462795516812,0.9814938883311297,Fam13a,FALSE,FALSE,FALSE,FALSE,0.08280306631111027,FALSE,FALSE,0.0215902188670946
Fryl,-0.07596297208691905,0.5642258811719814,0.08859603774904024,0.522829519524485,0.08354880953112342,0.6559947940117007,Fryl,FALSE,FALSE,FALSE,FALSE,0.08270260645569423,FALSE,FALSE,0.02156305577810656
Cfap74,0.14221007580928458,0.6492449930889412,0.012054538918877089,0.9742135550050105,0.0938317268477955,0.8447270649718898,Cfap74,FALSE,FALSE,FALSE,FALSE,0.08269878052531905,FALSE,FALSE,0.02156202129436365
Nudt16l1,0.13334162856154652,0.3387813583141259,0.05059774112278159,0.7529759440511965,-0.06410785371127048,0.7675441208700251,Nudt16l1,FALSE,FALSE,FALSE,FALSE,0.08268240779853286,FALSE,FALSE,0.021557594313727172
Bfar,0.05082502262109401,0.6580215756051535,-0.050359268229145826,0.6851830986463259,-0.14686160989078445,0.3298543303798734,Bfar,FALSE,FALSE,FALSE,FALSE,0.08268196691367476,FALSE,FALSE,0.021557475103973336
Dennd6b,-0.08164188423758079,0.6790467792128843,-0.05833520654005531,0.7832422525810547,0.10803114437802419,0.6765392028715754,Dennd6b,FALSE,FALSE,FALSE,FALSE,0.08266941171855342,FALSE,FALSE,0.0215540803361735
Mocs2,0.08595335481608846,0.6111961217898026,0.05399100189491968,0.773842151821984,-0.10796050918334377,0.649073848985225,Mocs2,FALSE,FALSE,FALSE,FALSE,0.0826349552981173,FALSE,FALSE,0.02154476375085054
Utp11,-0.042707412283686796,0.8328780343588346,0.1265376626270669,0.4981487779001926,0.07861727103433935,0.7691335184593034,Utp11,FALSE,FALSE,FALSE,FALSE,0.08262078198169769,FALSE,FALSE,0.021540931463280868
Frmd4a,-0.0028651332460620793,0.9885205236558865,0.10888949136577164,0.5625981891134837,0.1359357654718698,0.5824944515455404,Frmd4a,FALSE,FALSE,FALSE,FALSE,0.0825634633612345,FALSE,FALSE,0.021525433224886387
Zfp462,0.10262032784586594,0.5655807967836352,0.057903289508216105,0.7745849548121588,0.08714715422602026,0.7407341788304225,Zfp462,FALSE,FALSE,FALSE,FALSE,0.0825569238600341,FALSE,FALSE,0.021523665025516517
E430024P14Rik,-0.2055973664003612,0.657700757456528,0.007951975992771088,0.9870384481843821,-0.03411291170948161,0.9669037809700132,E430024P14Rik,FALSE,FALSE,FALSE,FALSE,0.08255408470087129,FALSE,FALSE,0.021522897352373137
Larp4b,0.05742537339517728,0.6268005011877488,0.11887781883720816,0.32474173080062835,0.07135103708317736,0.6677443083273095,Larp4b,FALSE,FALSE,FALSE,FALSE,0.08255140977185427,FALSE,FALSE,0.021522174085008026
Prkca,0.11579939475273093,0.48215153144730183,-0.04236959670340745,0.8262631180585953,0.0894585395356664,0.7125314332095642,Prkca,FALSE,FALSE,FALSE,FALSE,0.0825425103306016,FALSE,FALSE,0.021519767787351228
Irgm1,0.11065145506518892,0.49897330832686226,-0.08970356342768149,0.61608608709533,0.04720350689563979,0.8594400507660206,Irgm1,FALSE,FALSE,FALSE,FALSE,0.08251950846283673,FALSE,FALSE,0.021513548369869483
Gm32014,0.15850766470477884,0.8912042046105786,0.04854597086022916,0.9695327711073662,0.040475665865920774,0.9817462572109429,Gm32014,FALSE,FALSE,FALSE,FALSE,0.08250976714364293,FALSE,FALSE,0.021510914438942284
Elf2,-0.11762251338846585,0.3548401098635186,-0.06649347983718101,0.6430414661927548,-0.06333915730741424,0.7460856492790526,Elf2,FALSE,FALSE,FALSE,FALSE,0.08248505017768704,FALSE,FALSE,0.021504231280351283
4930589O11Rik,-0.0964628843245994,0.8942179676809057,-0.07053695393650691,0.9235190586973767,0.080427069800872,0.9403870667280987,4930589O11Rik,FALSE,FALSE,FALSE,FALSE,0.08247563602065944,FALSE,FALSE,0.021501685809983753
2210016F16Rik,-0.01075666818706189,0.9510823928920137,-0.1039167853388232,0.5146051871899816,-0.13271789990530625,0.5256133083447236,2210016F16Rik,FALSE,FALSE,FALSE,FALSE,0.08246378447706378,FALSE,FALSE,0.021498481300759632
Lap3,0.02041913014589891,0.889718226473937,-0.1315158970638528,0.33406579477067677,-0.0954450006701304,0.6047686111283912,Lap3,FALSE,FALSE,FALSE,FALSE,0.08246000929329404,FALSE,FALSE,0.021497460538264415
Helb,0.1923778092176156,0.30951522499977985,0.050469525723878306,0.823412665324271,0.004454870295627522,0.9894104490465868,Helb,FALSE,FALSE,FALSE,FALSE,0.08243406841237381,FALSE,FALSE,0.021490446448368047
Ccdc107,0.22484244921730756,0.3553000482510673,0.0057703119932988045,0.9848019905188304,0.016633971563218886,0.9703171669614905,Ccdc107,FALSE,FALSE,FALSE,FALSE,0.08241557759127509,FALSE,FALSE,0.021485446761509187
Hacd4,0.07213034544493135,0.7904239238979065,0.12407025148531003,0.6431031653429987,-0.0509944185352893,0.9044493352787544,Hacd4,FALSE,FALSE,FALSE,FALSE,0.08239833848851023,FALSE,FALSE,0.021480785523639228
Tradd,0.002718647158352905,0.9918928130394287,-0.1334343763447614,0.6107926972275582,0.11102182792388016,0.748253422469952,Tradd,FALSE,FALSE,FALSE,FALSE,0.0823916171423315,FALSE,FALSE,0.021478968155660583
Tmem87b,0.036470798452283404,0.7795593174188814,0.1390294011543709,0.27273733958400953,0.07150926264004553,0.6839548616543273,Tmem87b,FALSE,FALSE,FALSE,FALSE,0.08233648741556661,FALSE,FALSE,0.021464061766757282
Cdkn2c,0.20055616614431582,0.45968899630088444,-0.012289807166041555,0.9711253155214011,0.03410981402536084,0.9447140152331819,Cdkn2c,FALSE,FALSE,FALSE,FALSE,0.08231859577857274,FALSE,FALSE,0.02145922409178957
AC126937.2,-0.0058676659410195064,0.9860975883962869,0.18479988177966877,0.5474970921318569,-0.05627691940048929,0.9102391423284211,AC126937.2,FALSE,FALSE,FALSE,FALSE,0.08231482237372585,FALSE,FALSE,0.021458203810292852
Gtf2h4,-0.120717291010354,0.5966474984526148,-0.08744619781744678,0.7173514074210338,-0.03871027751008116,0.9174552266704465,Gtf2h4,FALSE,FALSE,FALSE,FALSE,0.08229125544596065,FALSE,FALSE,0.02145183160765121
Gm18194,0.05917179196089051,0.8888694698426833,-0.09187662882180225,0.8330765968655468,-0.0957027302091027,0.8766490443993098,Gm18194,FALSE,FALSE,FALSE,FALSE,0.08225038366393182,FALSE,FALSE,0.02144078038875635
Gm2223,0.04649674032601261,0.946808486593891,0.19372261550651845,0.7642413247082167,0.006478337489057608,0.9945346683489731,Gm2223,FALSE,FALSE,FALSE,FALSE,0.08223256444052955,FALSE,FALSE,0.021435962293518514
Gprasp1,-0.16226052350939035,0.2301926581867233,0.056781191169042344,0.7176394934069932,-0.027550466822891195,0.9084788632421901,Gprasp1,FALSE,FALSE,FALSE,FALSE,0.08219739383377463,FALSE,FALSE,0.021426452601143477
Aco1,-0.13000650395280822,0.44339384841116464,-0.11103946321861091,0.5408556754840594,0.005481118843209565,0.9847544527698506,Aco1,FALSE,FALSE,FALSE,FALSE,0.08217569533820956,FALSE,FALSE,0.021420585599210222
P2rx3,-0.19165603116168783,0.6417131600659306,0.012227257148384074,0.9794004035865668,0.04261627059921089,0.9501204391544171,P2rx3,FALSE,FALSE,FALSE,FALSE,0.0821665196364276,FALSE,FALSE,0.02141810460416002
Tollip,-0.10682502414176209,0.5558024179175302,-0.0907266791366812,0.6464530752578788,-0.04863940602964245,0.870098076932125,Tollip,FALSE,FALSE,FALSE,FALSE,0.08206370310269524,FALSE,FALSE,0.021390304298817678
Psat1,0.07452416961903197,0.7723506031867249,-0.002407989372152919,0.9927491256200441,-0.1691931783309264,0.620447283293836,Psat1,FALSE,FALSE,FALSE,FALSE,0.08204177910737043,FALSE,FALSE,0.02138437632456851
Pisd-ps2,0.12177237474159885,0.7872155054687305,0.09643329585770966,0.8386524658038499,-0.02783940860577605,0.9703171669614905,Pisd-ps2,FALSE,FALSE,FALSE,FALSE,0.08201502640169485,FALSE,FALSE,0.021377142727407462
Nbr1,-0.025378274921060928,0.8787827600600177,-0.1291447915960342,0.4101463508264005,-0.09148338006979007,0.6715182611215825,Nbr1,FALSE,FALSE,FALSE,FALSE,0.08200214886229507,FALSE,FALSE,0.021373660801744573
Armh3,-0.0086537799672044,0.9636997403193435,-0.053715648341687405,0.7732733741367847,-0.18362560045723164,0.41312498204229436,Armh3,FALSE,FALSE,FALSE,FALSE,0.08199834292204115,FALSE,FALSE,0.021372631723080543
Simc1,-0.019033199553364355,0.9283531920597763,0.15145855090415328,0.4155740067288407,0.07549116528982402,0.7823528813725983,Simc1,FALSE,FALSE,FALSE,FALSE,0.08199430524911389,FALSE,FALSE,0.021371539986798686
Kdm4a,-0.10683963213180281,0.6178606766994448,-0.13548298803042957,0.5447596324309986,-0.0035045027509390536,0.9918215601205835,Kdm4a,FALSE,FALSE,FALSE,FALSE,0.08194237430439048,FALSE,FALSE,0.02135749850856927
Xpa,-0.061371776600589456,0.8034840692177196,-0.14587806221033883,0.5408937133777912,0.03857140704665163,0.9189506147196018,Xpa,FALSE,FALSE,FALSE,FALSE,0.08194041528585998,FALSE,FALSE,0.021356968814449633
1110008P14Rik,0.01926323180699896,0.9415146816460311,-0.1550181034373228,0.5119592553526683,-0.07127889193405146,0.8414065816203496,1110008P14Rik,FALSE,FALSE,FALSE,FALSE,0.08185340905945775,FALSE,FALSE,0.02133344341855403
Ift80,0.13907999753248657,0.25115626991299433,0.036721920864806634,0.8001412717085619,0.06973351179332798,0.7037178753758783,Ift80,FALSE,FALSE,FALSE,FALSE,0.08184514339687372,FALSE,FALSE,0.021331208486725938
Akap12,-0.1041806094968285,0.707267198299616,-0.1128074442277649,0.699775373375869,0.028530535947116853,0.9523749105746605,Akap12,FALSE,FALSE,FALSE,FALSE,0.08183952989057008,FALSE,FALSE,0.021329690664799665
Kif24,0.09131406750627868,0.7751659611643137,-0.15166091764280276,0.644200570895037,-0.002382303419096621,0.9958136259774507,Kif24,FALSE,FALSE,FALSE,FALSE,0.08178576285605936,FALSE,FALSE,0.021315152730845954
Ifi27,0.003327567190543057,0.9831371407849704,-0.14342554691782983,0.32497575535050577,-0.09860284024257471,0.6192689500039822,Ifi27,FALSE,FALSE,FALSE,FALSE,0.08178531811698253,FALSE,FALSE,0.02131503247895956
Ssfa2,0.00832751102878948,0.9735428783984378,0.07560632474670204,0.754204728119025,-0.1613133974430383,0.5941949330120894,Ssfa2,FALSE,FALSE,FALSE,FALSE,0.08174907773950994,FALSE,FALSE,0.021305233533956393
St7,0.029106411187244774,0.9025225095166206,0.17518458520012592,0.40003195933596997,0.040897996338007836,0.9052165136027727,St7,FALSE,FALSE,FALSE,FALSE,0.08172966424179284,FALSE,FALSE,0.021299984366874927
Rxrb,-0.09907747392822674,0.5773584187228904,-0.0983672598404901,0.5989830891521232,0.047644965853873344,0.8657724145256687,Rxrb,FALSE,FALSE,FALSE,FALSE,0.0816965665408634,FALSE,FALSE,0.021291035162320303
Sra1,-0.054247005442634944,0.710109699669506,-0.09132715913740963,0.5375570790221962,-0.09950216893687358,0.6131233655009791,Sra1,FALSE,FALSE,FALSE,FALSE,0.08169211117230606,FALSE,FALSE,0.021289830486361967
Sec22b,0.1858367228965676,0.09571375311400794,-0.04844180316558511,0.6994065930080751,-0.010761255327518704,0.9592694451893655,Sec22b,FALSE,FALSE,FALSE,FALSE,0.08167992712989047,FALSE,FALSE,0.02128653607361373
Zmynd11,-0.13756185122697406,0.2464282316990887,-0.058574206952433094,0.6654975459911251,-0.04889160075596166,0.7959782417716054,Zmynd11,FALSE,FALSE,FALSE,FALSE,0.08167588631178961,FALSE,FALSE,0.021285443486916255
Mon2,0.15262919681472198,0.17786705797678015,0.05161601706235519,0.6933360986876065,0.04073796024145615,0.8249812877615713,Mon2,FALSE,FALSE,FALSE,FALSE,0.08166105803951111,FALSE,FALSE,0.02128143410747039
Ccdc148,0.1241483342301315,0.5240284556725556,0.09750719016488585,0.6483527439746428,-0.023325471713858903,0.9474093284805494,Ccdc148,FALSE,FALSE,FALSE,FALSE,0.08166033203629208,FALSE,FALSE,0.02128123780527622
Cabp1,-0.1371608348023554,0.6911208442029793,0.057278575661886766,0.8764196653597753,-0.050497601397482494,0.927918118166699,Cabp1,FALSE,FALSE,FALSE,FALSE,0.08164567062057489,FALSE,FALSE,0.021277273541758544
Bbs4,-0.07728795684581335,0.6485871550496345,0.12829918311053579,0.4536964246583487,-0.03924661737669943,0.8856363235421377,Bbs4,FALSE,FALSE,FALSE,FALSE,0.08161125244434952,FALSE,FALSE,0.021267967297192058
Neu3,-0.02926088732290033,0.9308720719870539,-0.0739483004263305,0.8238449467892232,-0.14155808704671036,0.7389083615610598,Neu3,FALSE,FALSE,FALSE,FALSE,0.08158909159864706,FALSE,FALSE,0.0212619752815618
Rufy3,0.06345534282171439,0.6769081869753482,0.06794549587062715,0.6781987475119365,0.11315669917388682,0.5869831066754727,Rufy3,FALSE,FALSE,FALSE,FALSE,0.08151917928874279,FALSE,FALSE,0.02124307186698466
Rpf1,-0.030602563283648188,0.8645011910266016,0.16925637213887024,0.2982612476633725,0.04466235198294077,0.8626462184686006,Rpf1,FALSE,FALSE,FALSE,FALSE,0.08150709580181974,FALSE,FALSE,0.021239804643184493
Hikeshi,0.2131579597151143,0.21331576081917059,0.007074038306998709,0.9742135550050105,0.024200018840111248,0.9382890029180332,Hikeshi,FALSE,FALSE,FALSE,FALSE,0.08147733895407476,FALSE,FALSE,0.021231758763564687
Tshz1,-0.12630245143058705,0.351035911468667,0.0033146472971354868,0.984737922227605,-0.11474623694681085,0.5572624935729553,Tshz1,FALSE,FALSE,FALSE,FALSE,0.08145444522484446,FALSE,FALSE,0.021225568585390778
Zbtb14,0.0822003221715617,0.6151318064537962,-0.04800050669544298,0.794966832637136,0.11414581012774772,0.6103078548914072,Zbtb14,FALSE,FALSE,FALSE,FALSE,0.08144887966491747,FALSE,FALSE,0.02122406372756534
Mgll,0.084305771506925975,0.7822494887273695,-0.007306249079729543,0.9834106097301565,0.1527150453989612,0.7068203574972085,Mgll,FALSE,FALSE,FALSE,FALSE,0.0814423553285389,FALSE,FALSE,0.021222299628573707
Det1,-0.00893012396380044,0.9777432117400584,-0.14230095114720998,0.6489325102085761,-0.09302464252960263,0.8369669943461152,Det1,FALSE,FALSE,FALSE,FALSE,0.08141857254687102,FALSE,FALSE,0.021215869061735317
Sde2,-0.10654132721784126,0.48322350027410593,-0.019684113197237174,0.9126126589410564,-0.11798289573085086,0.5809080058348941,Sde2,FALSE,FALSE,FALSE,FALSE,0.08140277871530976,FALSE,FALSE,0.021211598607130504
Ism1,-0.20500760466498513,0.6471708926917467,-0.025624794607793877,0.9594125152473906,0.013546336609454812,0.9845347464185963,Ism1,FALSE,FALSE,FALSE,FALSE,0.08139291196074461,FALSE,FALSE,0.021208930760047044
Tmem120a,-0.1068595246511439,0.6435270964820903,-0.002401678620908676,0.9921289335745637,-0.13478480394265668,0.6672326125389431,Tmem120a,FALSE,FALSE,FALSE,FALSE,0.08134866907156975,FALSE,FALSE,0.021196968035924378
Upf1,-0.14124669663535006,0.35606155618253627,-0.08696851696063401,0.6119448952102517,0.015801233383263558,0.9568171905639022,Upf1,FALSE,FALSE,FALSE,FALSE,0.08133881565974921,FALSE,FALSE,0.021194303796552256
Cand1,0.13465797040139904,0.26957512998623395,0.05669527630663662,0.6878941486028133,-0.052534473077860966,0.7864876352959936,Cand1,FALSE,FALSE,FALSE,FALSE,0.08129590659529888,FALSE,FALSE,0.021182701721960066
Bod1l,0.11516013239086398,0.3635420045480367,0.1194403938651627,0.38243422979006236,0.009232303269364195,0.9692527582689531,Bod1l,FALSE,FALSE,FALSE,FALSE,0.08127760984179695,FALSE,FALSE,0.02117775450855321
Ubald1,-0.09363654654292075,0.6741000147229372,0.14434239902989,0.5036982732364664,-0.005847771538105562,0.987007007124099,Ubald1,FALSE,FALSE,FALSE,FALSE,0.08127557237030543,FALSE,FALSE,0.021177203601733707
Gnb4,-0.12420346616979083,0.5155516723620035,-0.07452027485938828,0.7200549700784775,0.044972184530010395,0.8825184669752741,Gnb4,FALSE,FALSE,FALSE,FALSE,0.08123197518639651,FALSE,FALSE,0.021165415468242556
Srsf4,-0.09133439793836606,0.7170020722304795,0.09811703998887955,0.6989128057096087,0.05421330704520155,0.8859438143347875,Srsf4,FALSE,FALSE,FALSE,FALSE,0.08122158165748239,FALSE,FALSE,0.0211626051879607
Zfp821,-0.11642699832044956,0.6094119802483886,-0.05653624421104242,0.8224514121202898,0.07061250320643708,0.8356426531394597,Zfp821,FALSE,FALSE,FALSE,FALSE,0.08119191524597635,FALSE,FALSE,0.021154583761169302
Slc25a14,-0.07134506800929596,0.6195811605018332,-0.05093339119858786,0.7432525865419887,-0.12096929096021025,0.5313075553953409,Slc25a14,FALSE,FALSE,FALSE,FALSE,0.08108258338936469,FALSE,FALSE,0.02112502179397284
Rem1,0.11271521124045288,0.8433654992358826,-0.021591787388221085,0.9731053265941999,0.10890768777307125,0.8989942400213359,Rem1,FALSE,FALSE,FALSE,FALSE,0.08107156213391507,FALSE,FALSE,0.021122041784283417
Uspl1,0.05452913027277795,0.7324191835502372,0.07577735773021477,0.6445281547120878,-0.11287503454085268,0.5965485349078742,Uspl1,FALSE,FALSE,FALSE,FALSE,0.08106050751461513,FALSE,FALSE,0.02111905275342597
Trabd,0.02799339578102611,0.9222537038098271,-0.12179424631514735,0.657649842784003,-0.09338171894565761,0.8093324509467632,Trabd,FALSE,FALSE,FALSE,FALSE,0.08105645368061036,FALSE,FALSE,0.021117956647390794
Dstyk,0.0370486057507069,0.7755909426883453,0.09268072581813414,0.46935026650160827,0.11335331325373676,0.4990025911900669,Dstyk,FALSE,FALSE,FALSE,FALSE,0.0810275482741926,FALSE,FALSE,0.02111014098686143
C77080,-0.006184496117535687,0.9827992269585799,-0.06476978483113882,0.8255291120989992,0.1720143835545036,0.6295168234794002,C77080,FALSE,FALSE,FALSE,FALSE,0.0809895548343927,FALSE,FALSE,0.02109986803572117
Lancl1,-0.1643104552342889,0.24207914478474857,-0.05080340366503666,0.7520079784453756,0.027836423950385658,0.9082471205101105,Lancl1,FALSE,FALSE,FALSE,FALSE,0.0809834276165704,FALSE,FALSE,0.021098211312622506
Nudt22,-0.005750699860169295,0.9841603419576039,-0.22536757694687015,0.4065785222687313,0.011772637446297196,0.9790346417318468,Nudt22,FALSE,FALSE,FALSE,FALSE,0.08096363808444555,FALSE,FALSE,0.021092860470538245
Arfip1,-0.07776015807439363,0.622019191392477,0.02718012686529203,0.8766257608662211,-0.1378852534502495,0.507535959542749,Arfip1,FALSE,FALSE,FALSE,FALSE,0.08094184612997839,FALSE,FALSE,0.021086968198486253
Smurf1,-0.025948058891986925,0.9174831664404683,-0.12565184866391643,0.5924463385541383,0.09110607621763123,0.7809806787939988,Smurf1,FALSE,FALSE,FALSE,FALSE,0.0809019945911782,FALSE,FALSE,0.021076192840605665
Ilkap,-0.11619874464224011,0.4204567036029415,-0.12489308443269742,0.4130769349974697,-0.0015346522584973599,0.9946967334510257,Ilkap,FALSE,FALSE,FALSE,FALSE,0.08087549377781163,FALSE,FALSE,0.0210690273519759
Gm49284,0.07085342605986167,0.766057040718235,-0.05091350120542115,0.842104888404472,-0.1208537048100089,0.7086847097238209,Gm49284,FALSE,FALSE,FALSE,FALSE,0.08087354402509724,FALSE,FALSE,0.021068500163217103
Ptprj,0.09619721787584545,0.503799605638951,0.05773699222481188,0.7205524529057709,0.08863263860823611,0.6692229348201579,Ptprj,FALSE,FALSE,FALSE,FALSE,0.08085561623629782,FALSE,FALSE,0.021063652713253132
Btbd10,-0.05617813476036737,0.7807176111123362,0.10464273516476474,0.5999320827275283,0.08171977874249325,0.7692673212133444,Btbd10,FALSE,FALSE,FALSE,FALSE,0.08084688288920845,FALSE,FALSE,0.02106129132538163
Wdhd1,0.1511789539435462,0.4815555100574834,0.04691453228980924,0.8504990027270904,-0.04432209229685968,0.9040435956611004,Wdhd1,FALSE,FALSE,FALSE,FALSE,0.08080519284340504,FALSE,FALSE,0.02105001885819179
Fzd9,-0.1603890645454365,0.748798720003871,0.018970729024800348,0.9724747165864035,0.06304173853457207,0.9355932313450519,Fzd9,FALSE,FALSE,FALSE,FALSE,0.08080051070160298,FALSE,FALSE,0.021048752865583126
Adamtsl3,0.14522591823359665,0.8261073225526435,0.07877716821863645,0.9116318415598114,-0.018389445664690918,0.9857664252260658,Adamtsl3,FALSE,FALSE,FALSE,FALSE,0.08079751070564134,FALSE,FALSE,0.021047941704180076
Snph,-0.19335794403203277,0.30075395272595723,-0.043544904475173674,0.8450600311788423,-0.005381108618165875,0.987007007124099,Snph,FALSE,FALSE,FALSE,FALSE,0.08076131904179078,FALSE,FALSE,0.0210381559307313
Angel2,0.026284111553659173,0.8211691292928571,0.03557417236276006,0.7689631866607788,-0.18015880825167851,0.2134191841633013,Angel2,FALSE,FALSE,FALSE,FALSE,0.08067236405603258,FALSE,FALSE,0.0210141036146686
Gpat2,0.08593350499493718,0.8576911586701824,0.08646861670076991,0.8619967588529425,-0.06960474682506695,0.9275761587165923,Gpat2,FALSE,FALSE,FALSE,FALSE,0.08066895617359135,FALSE,FALSE,0.021013182165860733
Crebl2,0.15436630501378001,0.24789463779262114,-0.011069274651572591,0.9477376772432287,-0.07653384904080074,0.7050365144533086,Crebl2,FALSE,FALSE,FALSE,FALSE,0.08065647623538445,FALSE,FALSE,0.02100980774658972
Fam210b,-0.08302787208823537,0.7214358744564295,-0.13847135999974425,0.5524720986545484,-0.020419653781483582,0.9596093611085934,Fam210b,FALSE,FALSE,FALSE,FALSE,0.0806396286231544,FALSE,FALSE,0.021005252362866083
Vac14,-0.09592412774352521,0.6601408029302468,0.05703323371037694,0.8086530187291855,0.08894148617992181,0.7709811420136714,Vac14,FALSE,FALSE,FALSE,FALSE,0.08063294921127466,FALSE,FALSE,0.021003446333397638
Pafah1b2,0.14155430085113263,0.27190414101573207,0.06978026095144685,0.6333981712963855,-0.030520254389692525,0.8922789383253759,Pafah1b2,FALSE,FALSE,FALSE,FALSE,0.08061827206409067,FALSE,FALSE,0.02099947781628801
Msrb3,-0.036910704048850995,0.8345251346578962,-0.021061377982445784,0.9104786693334908,-0.1836780674057814,0.39884975287253194,Msrb3,FALSE,FALSE,FALSE,FALSE,0.0805500498123594,FALSE,FALSE,0.02098103137231229
Tifab,-0.0063794477971113595,0.9918043498735717,-0.18635878577861975,0.7683572382880605,0.04886288278413892,0.9613903201438123,Tifab,FALSE,FALSE,FALSE,FALSE,0.08053370545329001,FALSE,FALSE,0.020976612061951793
Col6a1,0.10029594283551013,0.8718691175248195,-0.04825745782401203,0.9435046009359409,0.09304043712266452,0.924451107177672,Col6a1,FALSE,FALSE,FALSE,FALSE,0.0805312792607289,FALSE,FALSE,0.020975956049814736
Nup88,-0.09471686663610068,0.4902203000462202,-0.06027820683087892,0.6942565184651889,-0.0865878838207399,0.6597432136353976,Nup88,FALSE,FALSE,FALSE,FALSE,0.08052765242923983,FALSE,FALSE,0.02097497539992156
Pcsk2os1,-0.14298114990844724,0.576724530833816,-0.06402404264660388,0.8216035230814268,-0.03451711886809061,0.9355932313450519,Pcsk2os1,FALSE,FALSE,FALSE,FALSE,0.08050743714104724,FALSE,FALSE,0.02096950943871925
Scube2,0.12351350130679672,0.7298302167923654,-0.11746642102203553,0.759558770613997,4.716753420064279e-4,0.9992179048642996,Scube2,FALSE,FALSE,FALSE,FALSE,0.08048386589027956,FALSE,FALSE,0.020963136067191784
R3hdm2,0.04278861041443438,0.808634214231288,0.09722948321430369,0.5806603767889954,0.10124247349272775,0.6661980203022285,R3hdm2,FALSE,FALSE,FALSE,FALSE,0.0804201890404886,FALSE,FALSE,0.020945918643075587
Decr1,0.1006823545167812,0.5234598233213001,-0.05616304361575608,0.7521380102712629,-0.08436108436342771,0.7164179016498757,Decr1,FALSE,FALSE,FALSE,FALSE,0.08040216083198833,FALSE,FALSE,0.020941044040879913
Dpp9,-0.10979897875037459,0.5734771888045233,-0.1276574712122951,0.5296868580198844,0.0037335327339969027,0.9907079640472797,Dpp9,FALSE,FALSE,FALSE,FALSE,0.08039666089888886,FALSE,FALSE,0.020939556927728194
Prkcq,-0.08149787124613717,0.7756801378523429,0.035617758263388755,0.9055150088444389,0.12401378122750106,0.739869707198146,Prkcq,FALSE,FALSE,FALSE,FALSE,0.08037647024567567,FALSE,FALSE,0.02093409762751633
1700029J07Rik,-0.06626527620623612,0.8606291441022235,0.05237738000726644,0.892306057557099,0.12234566841322314,0.80660148337424,1700029J07Rik,FALSE,FALSE,FALSE,FALSE,0.0803294415422419,FALSE,FALSE,0.020921381654045404
Tbl1xr1,0.12560715055993832,0.35567643191782733,0.047726481978718205,0.7652033422932852,0.067603731108278,0.747523310477557,Tbl1xr1,FALSE,FALSE,FALSE,FALSE,0.08031245454897817,FALSE,FALSE,0.02091678858343276
Ccdc57,0.07309314798177113,0.8303224753211079,0.1018460089672335,0.7657765098525056,0.06593305890771695,0.8979675837268537,Ccdc57,FALSE,FALSE,FALSE,FALSE,0.08029073861890719,FALSE,FALSE,0.020910916867427066
Arid3b,-0.027124628182105148,0.9331586152887693,0.20108461591946458,0.4654281258103935,-0.012611380054693644,0.9790346417318468,Arid3b,FALSE,FALSE,FALSE,FALSE,0.08027354138542113,FALSE,FALSE,0.020906266950486658
Tox4,-0.13148310101050242,0.30975615227659825,0.04773098476989723,0.7520079784453756,-0.06159632056309672,0.7601772724541059,Tox4,FALSE,FALSE,FALSE,FALSE,0.08027013544783212,FALSE,FALSE,0.020905346027542515
Lrrc75a,0.01394495811731078,0.9544350566272825,-0.18469886609342145,0.4015427528300999,0.04212113173878862,0.9041100524624835,Lrrc75a,FALSE,FALSE,FALSE,FALSE,0.08025498531650695,FALSE,FALSE,0.020901249621434203
Lrsam1,-0.13783282359014315,0.43460547992539456,-0.09321003537009265,0.6252996241229699,0.009688035630118108,0.9755716489156836,Lrsam1,FALSE,FALSE,FALSE,FALSE,0.08024363153011797,FALSE,FALSE,0.020898179699535974
Whrn,0.09800467598206453,0.6648640044028655,-0.024235632237390448,0.9261295396164604,0.11839540273800875,0.7090426636117583,Whrn,FALSE,FALSE,FALSE,FALSE,0.08021190365248791,FALSE,FALSE,0.02088960087807642
Arhgef18,0.03650164332180683,0.8082986401329526,0.12156524940481805,0.4022215472986033,0.08249636314931319,0.6813730755550436,Arhgef18,FALSE,FALSE,FALSE,FALSE,0.08018775195864603,FALSE,FALSE,0.020883070561998198
Csf1r,0.015237479505452178,0.9628376276257795,-0.06804579309903058,0.8346064576112294,-0.1572159117184153,0.7024748625539515,Csf1r,FALSE,FALSE,FALSE,FALSE,0.08016639477429936,FALSE,FALSE,0.020877295846351434
Gdpd5,0.16440001760113532,0.659384864370849,-0.02067615672039258,0.9630118997596399,-0.05539950007165473,0.9308707838816256,Gdpd5,FALSE,FALSE,FALSE,FALSE,0.08015855813106088,FALSE,FALSE,0.020875176915990914
Rab10,0.12289599102821569,0.31357874530423174,0.09628821008313526,0.4694796660260479,0.02116589834665117,0.9245961247180302,Rab10,FALSE,FALSE,FALSE,FALSE,0.08011669981933404,FALSE,FALSE,0.020863858951798986
4933404O12Rik,0.09056819858014098,0.8018287659293367,0.008432182998189486,0.9835165774344895,0.14126153739065783,0.7712035767092684,4933404O12Rik,FALSE,FALSE,FALSE,FALSE,0.0800873063229961,FALSE,FALSE,0.020855911317857145
Shank3,-0.11778517765392582,0.5763689963646991,-0.08844100800284593,0.6990175401895781,0.03392325276403163,0.9245961247180302,Shank3,FALSE,FALSE,FALSE,FALSE,0.08004981280693446,FALSE,FALSE,0.02084577353984583
Hspb11,0.04415034930876072,0.8913943659191313,-0.17720414638135829,0.5642525451224081,0.018682105839706864,0.9702827424909112,Hspb11,FALSE,FALSE,FALSE,FALSE,0.08001220050994196,FALSE,FALSE,0.020835603644955764
Irf6,0.016788237933090144,0.9268396401215602,0.10549795323742828,0.5281879922521592,-0.11773079818084486,0.5985377692928441,Irf6,FALSE,FALSE,FALSE,FALSE,0.0800056631171211,FALSE,FALSE,0.020833836015665366
Slc16a1,0.13020566446402526,0.5529350279848263,0.04340102149882252,0.8645941784485743,-0.06639606814405496,0.8514878479936857,Slc16a1,FALSE,FALSE,FALSE,FALSE,0.08000091803563425,FALSE,FALSE,0.02083255300495279
Zfp438,0.0037418243187876676,0.987395021027843,-0.11087668291830344,0.6273163160144761,-0.12537043389321534,0.6774700259925407,Zfp438,FALSE,FALSE,FALSE,FALSE,0.07999631371010214,FALSE,FALSE,0.020831308052890688
Brd8,0.10291954628811872,0.36627169611757565,0.06478956938939628,0.6123582562391863,0.07218272246161384,0.6690135983394245,Brd8,FALSE,FALSE,FALSE,FALSE,0.07996394604637629,FALSE,FALSE,0.020822556241269226
Matk,-0.1826407932430567,0.538310756267582,-0.04459631948933307,0.8928831042845294,0.01255657183009351,0.9799428752071496,Matk,FALSE,FALSE,FALSE,FALSE,0.07993122818749443,FALSE,FALSE,0.02081370974125561
Ubn1,-0.14876700564465484,0.3286420878653738,-0.011006483958904134,0.954850703362207,-0.07996863924906972,0.7320522012263125,Ubn1,FALSE,FALSE,FALSE,FALSE,0.07991404295087623,FALSE,FALSE,0.02080906306811829
Gcfc2,0.08423862253579228,0.7235623550757078,0.1384931220135961,0.5533284932952506,0.016973533500896476,0.9676362926815323,Gcfc2,FALSE,FALSE,FALSE,FALSE,0.07990175935009496,FALSE,FALSE,0.02080574173603262
Zfp41,-0.14429889173032118,0.44092918540038817,-0.09125395321648444,0.6521802338323999,-0.003901887065210552,0.9901796608639275,Zfp41,FALSE,FALSE,FALSE,FALSE,0.07981824400400539,FALSE,FALSE,0.02078316023053171
Egfr,0.0073012188071661654,0.9793652585145325,0.22589578602932647,0.38491606387837085,-0.006157259743144294,0.9887699501892413,Egfr,FALSE,FALSE,FALSE,FALSE,0.07978475485987897,FALSE,FALSE,0.020774105184630322
Pop5,0.11298581823055986,0.6212862404079376,0.06106674522693467,0.8134963668740058,-0.06526837982032241,0.8581694672546996,Pop5,FALSE,FALSE,FALSE,FALSE,0.07977364775927231,FALSE,FALSE,0.020771101963483644
Psmd6,0.059270101800265707,0.6481659878162633,-0.02410457751648032,0.8713846008276066,-0.1559312084034019,0.36293289066927376,Psmd6,FALSE,FALSE,FALSE,FALSE,0.07976862924004931,FALSE,FALSE,0.02076974501862564
Msl3,0.1544548510069026,0.2764572767165036,0.044908452646751584,0.7898629341635137,-0.03984757840676245,0.8692474864249592,Msl3,FALSE,FALSE,FALSE,FALSE,0.07973696068680554,FALSE,FALSE,0.02076118223773848
Fbxw2,0.08557508167012884,0.46396739521894015,0.046562665207257936,0.7231030057885636,0.10707106099047614,0.508683611517471,Fbxw2,FALSE,FALSE,FALSE,FALSE,0.07973626928928763,FALSE,FALSE,0.020760995292493267
Zfp276,-0.07603231536382893,0.7451421751526728,0.04878700371434386,0.843056982089795,0.11434360860692205,0.7088382059094462,Zfp276,FALSE,FALSE,FALSE,FALSE,0.07972097589503162,FALSE,FALSE,0.020756860149879482
Arpc2,-0.08283315400861468,0.4632141993501868,0.0013990200302220757,0.9911510136837381,-0.15486957910599575,0.3147798275717578,Arpc2,FALSE,FALSE,FALSE,FALSE,0.07970058438161083,FALSE,FALSE,0.020751346539578577
Gm45847,0.09154545031367256,0.742183552187002,0.06208068156507984,0.836914532256226,-0.08546031753032768,0.8389202690980034,Gm45847,FALSE,FALSE,FALSE,FALSE,0.07969548313636003,FALSE,FALSE,0.02074996722663687
Sec23a,0.10569300351837985,0.5033610542907206,0.12465356877164435,0.4553044104791549,-0.008720615519095531,0.9761657850122093,Sec23a,FALSE,FALSE,FALSE,FALSE,0.07968906260303991,FALSE,FALSE,0.02074823119469453
Bola3,-0.027278933840360065,0.8771848029584649,-0.013473431505199418,0.9433267100966313,-0.19829448282666062,0.3509449722402551,Bola3,FALSE,FALSE,FALSE,FALSE,0.07968228272407336,FALSE,FALSE,0.02074639800018182
Rhpn2,0.0018693330310668443,0.9946397863202997,0.1668472014216773,0.5273935154706656,0.07032943391454971,0.8635084228831491,Rhpn2,FALSE,FALSE,FALSE,FALSE,0.07968198945576462,FALSE,FALSE,0.020746318704097478
Plekhh2,-0.12299265991226527,0.6767768733840711,0.027658060362123038,0.9329177574445945,0.08838429067718945,0.8376562359892641,Plekhh2,FALSE,FALSE,FALSE,FALSE,0.07967833698385925,FALSE,FALSE,0.02074533112135628
Tmx4,0.09653472977869093,0.41953210388747,0.09249099509903758,0.4750181688851816,0.04998672697707285,0.7908028467656217,Tmx4,FALSE,FALSE,FALSE,FALSE,0.07967081728493379,FALSE,FALSE,0.02074329788877567
Hnrnpk,-0.018368380341669877,0.8981280325508818,-0.05439746504759846,0.7002255652320364,-0.16622313400622168,0.3306874694576459,Hnrnpk,FALSE,FALSE,FALSE,FALSE,0.07966299313183,FALSE,FALSE,0.020741182335591427
Kdm6b,0.014960792506402143,0.9507730971867622,-0.0344940367799218,0.8876145293987219,0.18950072442247823,0.503181504385544,Kdm6b,FALSE,FALSE,FALSE,FALSE,0.07965185123626739,FALSE,FALSE,0.02073816970632365
Slc36a1,0.11904040304482999,0.6501248016965473,-0.04707114940655943,0.8750946034672803,0.07271740312162756,0.8591382897520142,Slc36a1,FALSE,FALSE,FALSE,FALSE,0.07960965185767233,FALSE,FALSE,0.02072675952191446
Gpt2,0.14551134584962933,0.47564244629558844,0.0163785722137626,0.9477376772432287,0.07693187273955937,0.80660148337424,Gpt2,FALSE,FALSE,FALSE,FALSE,0.07960726360098376,FALSE,FALSE,0.02072611376716308
Tmco4,-0.13768993983588196,0.657763374481447,0.02341867850947521,0.9468815042781507,0.07760295773203607,0.8676876584333398,Tmco4,FALSE,FALSE,FALSE,FALSE,0.07957052535913108,FALSE,FALSE,0.020716180205855673
Kcnj6,-0.12856401762857583,0.48913409278680386,0.0036071654042268975,0.9862411492791885,0.10651496995916965,0.6848537637232601,Kcnj6,FALSE,FALSE,FALSE,FALSE,0.07956205099732412,FALSE,FALSE,0.020713888844366788
Slc7a6os,-0.07706949657771078,0.6973792971964393,0.0655941722528075,0.7495376678860718,0.09597030196234346,0.718921139533702,Slc7a6os,FALSE,FALSE,FALSE,FALSE,0.07954465693095392,FALSE,FALSE,0.020709185706275248
Cxxc5,-0.10198246153847812,0.6010434081855894,-0.1326788914440158,0.514832810414786,-0.003967339323317276,0.9901796608639275,Cxxc5,FALSE,FALSE,FALSE,FALSE,0.07954289743527039,FALSE,FALSE,0.020708709960639067
Eci1,0.007431197989566485,0.9726832840184402,-0.11125262605894903,0.566001728784413,-0.1198749293159822,0.6421880953585402,Eci1,FALSE,FALSE,FALSE,FALSE,0.07951958445483258,FALSE,FALSE,0.020702406422179985
Zfp704,0.08988285701355725,0.561767407031338,0.14004126791336535,0.3830302548663112,0.008597162505252776,0.9755716489156836,Zfp704,FALSE,FALSE,FALSE,FALSE,0.07950709581072513,FALSE,FALSE,0.0206990296489423
Gbp2,-0.056191351446646554,0.8190457712164064,-0.10756286488555045,0.6593817413669082,-0.07474335091383555,0.8300309695179505,Gbp2,FALSE,FALSE,FALSE,FALSE,0.07949918908201085,FALSE,FALSE,0.020696891768345313
Dnajb6,-0.11515231743293963,0.3566229161241279,0.021360105140392882,0.8876802752163762,-0.10195046701358201,0.5738401051309501,Dnajb6,FALSE,FALSE,FALSE,FALSE,0.07948762986230484,FALSE,FALSE,0.020693766299846417
Mmp16,-0.06357856014748808,0.7374945969594795,-0.16605910394154044,0.3680621082270661,0.008747751280862026,0.9777503992234355,Mmp16,FALSE,FALSE,FALSE,FALSE,0.07946180512329686,FALSE,FALSE,0.02068678361327115
C2cd2,-0.05876967835337599,0.7496149290625833,0.10028345153458806,0.5752385211395096,0.07914839840499432,0.7501573610949873,C2cd2,FALSE,FALSE,FALSE,FALSE,0.07940050943098613,FALSE,FALSE,0.02067021002436915
Znhit3,0.17240570339700545,0.5826903088079877,-5.450953526642266e-5,0.9998955001927102,0.06570507311605667,0.8989942400213359,Znhit3,FALSE,FALSE,FALSE,FALSE,0.07938842868277618,FALSE,FALSE,0.020666943541082766
Snx5,0.07178576878777587,0.6285007811185077,0.09323001326863878,0.549688401546869,-0.07311947293569343,0.7351420034823858,Snx5,FALSE,FALSE,FALSE,FALSE,0.0793784183307027,FALSE,FALSE,0.020664236867028264
Zfp446,-0.07490891442358327,0.671893754466024,-0.06384184287351724,0.7317672248982587,0.09934221336590943,0.6708485036820714,Zfp446,FALSE,FALSE,FALSE,FALSE,0.07936432355433665,FALSE,FALSE,0.020660425815707196
Ndn,-0.12969227824298102,0.3914501471847587,-0.07825285370441737,0.6468688775570784,-0.030099229531691307,0.9096517207354082,Ndn,FALSE,FALSE,FALSE,FALSE,0.0793481204930299,FALSE,FALSE,0.020656044710495258
Zmiz2,-0.022665902542632566,0.9291050531711975,0.025000564292250615,0.923109847338584,0.19029581738508394,0.5259441197500968,Zmiz2,FALSE,FALSE,FALSE,FALSE,0.07932076140665571,FALSE,FALSE,0.020648647155574084
Zdhhc24,0.04473033263808457,0.8373029651543856,-0.1547301792447655,0.4583432098934328,0.03848383233919517,0.9071287782800972,Zdhhc24,FALSE,FALSE,FALSE,FALSE,0.07931478140734842,FALSE,FALSE,0.020647030238521397
Plekha3,0.16479329957660394,0.3609298830035358,0.06781934546784996,0.7458644774828005,0.005204485289125316,0.987007007124099,Plekha3,FALSE,FALSE,FALSE,FALSE,0.07927237677785974,FALSE,FALSE,0.020635564556836555
Actr3,0.14101444886084646,0.3082040195970543,0.06653936307194908,0.6757482033703684,-0.03023861916306636,0.9020969085596396,Actr3,FALSE,FALSE,FALSE,FALSE,0.07926414369862063,FALSE,FALSE,0.02063333843513758
Cntn1,0.09693786977336849,0.4981198318554316,0.12980319395250906,0.38856897548359487,0.01103691404635132,0.9677541211626071,Cntn1,FALSE,FALSE,FALSE,FALSE,0.0792593259240763,FALSE,FALSE,0.020632035769131044
Adss,0.1644360729127241,0.23367088807826558,0.027069571604820375,0.8721026360392119,-0.04623817497379257,0.8403967525496364,Adss,FALSE,FALSE,FALSE,FALSE,0.07924793983044569,FALSE,FALSE,0.020628957111758568
Rhbdl2,0.14304711798537273,0.6863180515515328,-0.08096830630978147,0.838483605867198,0.013630018252268838,0.9816918226492667,Rhbdl2,FALSE,FALSE,FALSE,FALSE,0.07921514751580767,FALSE,FALSE,0.020620090479839308
Cep95,0.13496220072661913,0.5132086017503087,0.023939720754307725,0.9219323653063418,-0.07864877690404182,0.8059165402958753,Cep95,FALSE,FALSE,FALSE,FALSE,0.07918356612832289,FALSE,FALSE,0.020611551267483662
1700084E18Rik,-0.12744862148150024,0.8288068639419881,-0.08095945369645617,0.8946122173582715,0.029115744208322705,0.9751963425512756,1700084E18Rik,FALSE,FALSE,FALSE,FALSE,0.07917460646209304,FALSE,FALSE,0.020609128685745947
P3h2,0.15826163090847967,0.7647674198895383,0.019913106637941214,0.9736906363038094,0.05933458758533405,0.9461884452642243,P3h2,FALSE,FALSE,FALSE,FALSE,0.07916977504391831,FALSE,FALSE,0.02060782233067232
Snrk,-0.16264946769051214,0.22121639025077916,-0.07254740897411516,0.6270254883117656,0.0022807560565736296,0.9918215601205835,Snrk,FALSE,FALSE,FALSE,FALSE,0.07915921090706697,FALSE,FALSE,0.020604965920137122
Srsf9,-0.07311995800303883,0.5772146931281311,-0.13294582185333503,0.3205602298689786,-0.031365111218787156,0.88237920237271406,Srsf9,FALSE,FALSE,FALSE,FALSE,0.07914363035838701,FALSE,FALSE,0.020600753134557014
Plpp1,-0.1509095194862078,0.5241227016816681,-0.04785323301274724,0.857517584056431,-0.03866353017638868,0.9235091117472538,Plpp1,FALSE,FALSE,FALSE,FALSE,0.07914209422511458,FALSE,FALSE,0.020600337783324388
Me1,-0.04567962399363523,0.811399288122567,-0.12460411108483793,0.5014791502625517,-0.06713535683900673,0.8034181599254954,Me1,FALSE,FALSE,FALSE,FALSE,0.07913969730582664,FALSE,FALSE,0.020599689686314437
Slc35f6,-0.13717746089419425,0.373221068098271,-0.044019777930750514,0.804362486097331,-0.056201189301400056,0.8150468359527694,Slc35f6,FALSE,FALSE,FALSE,FALSE,0.07913280937544827,FALSE,FALSE,0.020597827276050792
Tbc1d10a,-0.18251558890933106,0.4017882804536472,-0.02331277022370859,0.9278738764036564,0.03151823884199878,0.9337510406985972,Tbc1d10a,FALSE,FALSE,FALSE,FALSE,0.07911553265834614,FALSE,FALSE,0.02059315586773428
Gigyf2,0.15019691577188432,0.28122841352051714,0.0786766855824661,0.6172638758599819,0.0084422619790540665,0.9746999217309565,Gigyf2,FALSE,FALSE,FALSE,FALSE,0.0791052877778015,FALSE,FALSE,0.02059038578011317
Abca5,0.05103951660011408,0.7334533464468734,0.08023216335902017,0.6010833535480513,0.10603490353516953,0.5970080504390639,Abca5,FALSE,FALSE,FALSE,FALSE,0.07910219449810126,FALSE,FALSE,0.020589549395953404
Mcl1,0.06304282151388207,0.7069007574012356,0.11083874895265655,0.514781433204728,-0.06339152209202936,0.7983917031109229,Mcl1,FALSE,FALSE,FALSE,FALSE,0.079091030852856,FALSE,FALSE,0.020586530885843352
Fam217b,0.03178488033467364,0.9043493953105763,0.04021798359186057,0.879132240091066,0.1652238748909438,0.5958563203485677,Fam217b,FALSE,FALSE,FALSE,FALSE,0.07907557960582601,FALSE,FALSE,0.02058235306181291
Zfp212,-0.021987112367357398,0.9069497396189027,-0.036409993961615594,0.8456623723675736,0.17874919839711367,0.4030960189622193,Zfp212,FALSE,FALSE,FALSE,FALSE,0.07904876824202889,FALSE,FALSE,0.020575103604229122
Tmem29,0.11792169837746824,0.5732034846681511,0.10355882072154277,0.6419614252757497,-0.015603943135963583,0.9677541211626071,Tmem29,FALSE,FALSE,FALSE,FALSE,0.07902815407832486,FALSE,FALSE,0.02056952979207513
Dars2,0.14121965080256782,0.4133850759584916,0.061000987919935135,0.7571107350293358,-0.03485816387763396,0.9069786031330317,Dars2,FALSE,FALSE,FALSE,FALSE,0.07902626753337898,FALSE,FALSE,0.02056901969390673
Gapvd1,0.10621320814409163,0.34867657671160107,0.1181353837436454,0.33268592536695857,0.012561447841482831,0.9528063179104878,Gapvd1,FALSE,FALSE,FALSE,FALSE,0.07897001324307329,FALSE,FALSE,0.020553809237080927
Ahsa2,-0.0012127570519986364,0.9963078394480701,0.1827117681635686,0.4355304236053976,-0.052923597184396876,0.8898656326980338,Ahsa2,FALSE,FALSE,FALSE,FALSE,0.07894937413332137,FALSE,FALSE,0.02054822867982745
Fktn,-0.12409460185605159,0.37490319584491766,0.06455597688305836,0.6820144274904729,0.04812152421999816,0.8302444942285242,Fktn,FALSE,FALSE,FALSE,FALSE,0.0789240343197027,FALSE,FALSE,0.020541377111015075
Tyw3,0.04860472856734788,0.8556732028696301,-0.11528927932031707,0.6675602429089323,0.07281395833988658,0.8487941233651061,Tyw3,FALSE,FALSE,FALSE,FALSE,0.07890265540918384,FALSE,FALSE,0.020535596520882965
Cramp1l,-0.06369833701504746,0.63080989971584,0.08923854237675499,0.5072195575452646,0.08373036714927817,0.6443329902820396,Cramp1l,FALSE,FALSE,FALSE,FALSE,0.07888908218036021,FALSE,FALSE,0.02053192648949715
Wwc2,0.09075714116021327,0.6278769500093345,-0.11685032005194662,0.5514585499787416,0.02902386869499729,0.9273792890499064,Wwc2,FALSE,FALSE,FALSE,FALSE,0.0788771099690524,FALSE,FALSE,0.02052868935323221
1700086L19Rik,0.18730800982511298,0.24758633064522256,-0.02356801424998789,0.9050627448381304,0.025742426498187143,0.9308707838816256,1700086L19Rik,FALSE,FALSE,FALSE,FALSE,0.07887281685776266,FALSE,FALSE,0.02052752854961055
Sytl4,0.06930056133762186,0.7300706226776156,-0.10996853949517504,0.593937359965793,-0.057343218907757176,0.8533646223210183,Sytl4,FALSE,FALSE,FALSE,FALSE,0.07887077324685136,FALSE,FALSE,0.020526975982768692
Ints7,-0.1103222737887366,0.5529350279848263,-0.03543031412735509,0.8668696607932685,-0.09082132625218353,0.7361398167309516,Ints7,FALSE,FALSE,FALSE,FALSE,0.07885797138942507,FALSE,FALSE,0.020523514520565285
Scn8a,0.09793946275779764,0.6419773081446285,0.042147596727603265,0.8589112891751388,0.0963511472806875,0.7503192744090388,Scn8a,FALSE,FALSE,FALSE,FALSE,0.07881273558869613,FALSE,FALSE,0.020511283325571453
Map3k1,-0.06559800050657838,0.6151318064537962,0.08047054072105819,0.5505571899467925,-0.09036506011341316,0.6147897797537527,Map3k1,FALSE,FALSE,FALSE,FALSE,0.07881120044701657,FALSE,FALSE,0.020510868242453146
Dap3,0.1756223728950541,0.20504782951802153,0.05415987671457678,0.7352609662297419,0.006622846567495344,0.9793278079387262,Dap3,FALSE,FALSE,FALSE,FALSE,0.07880169872570875,FALSE,FALSE,0.02050829909579894
Slc12a6,0.05692646960066128,0.6972627182874023,-0.03231373381031588,0.843056982089795,0.14715606996004205,0.4392757096142808,Slc12a6,FALSE,FALSE,FALSE,FALSE,0.07879875779033974,FALSE,FALSE,0.02050750390364178
Pitx2,-0.054622362907895905,0.7837454915627298,-0.067864367071925,0.7458644774828005,-0.11388833837622592,0.6702141902757893,Pitx2,FALSE,FALSE,FALSE,FALSE,0.0787916894520156,FALSE,FALSE,0.020505592713325
Rab3gap1,-0.09761839065360522,0.5095236758157278,-0.0844332751186867,0.6002344526543771,-0.05428170401385124,0.8159293479045158,Rab3gap1,FALSE,FALSE,FALSE,FALSE,0.07877778992871438,FALSE,FALSE,0.020501834455991675
Rnf113a1,-0.058381476828953005,0.8539988703181723,-0.10290043844738594,0.7458644774828005,-0.07498835234532608,0.8708077032134889,Rnf113a1,FALSE,FALSE,FALSE,FALSE,0.07875675587388835,FALSE,FALSE,0.02049614711052763
Prkci,-0.0275204596320906,0.8351390465864074,0.14182810399087842,0.2571597504874245,0.06683522265821562,0.7018489346239957,Prkci,FALSE,FALSE,FALSE,FALSE,0.07872792876039487,FALSE,FALSE,0.020488352619426196
Ric8b,-0.12241266647834514,0.23932684843426227,-0.02192952374539292,0.8613539481872012,-0.0918090940680587,0.5403423527783343,Ric8b,FALSE,FALSE,FALSE,FALSE,0.07871709476393225,FALSE,FALSE,0.020485423242225805
Atxn7l2,-0.11955072137003553,0.7209445919326603,-0.08191394450495393,0.8177080821711707,-0.03460473640269246,0.949550045250608,Atxn7l2,FALSE,FALSE,FALSE,FALSE,0.07868980075922731,FALSE,FALSE,0.020478043284574365
Cmas,0.05798175382589754,0.6708833917839006,-0.043323848647199625,0.7745849548121588,-0.13469774293187964,0.45717215678045364,Cmas,FALSE,FALSE,FALSE,FALSE,0.07866778180165894,FALSE,FALSE,0.020472089633721727
Tbk1,0.014436931592134883,0.9305438989966001,0.14156625510207377,0.33406579477067677,-0.07986822532992832,0.7011342508281666,Tbk1,FALSE,FALSE,FALSE,FALSE,0.07862380400804565,FALSE,FALSE,0.020460198588124777
Gpr180,0.01891742041664468,0.8917757877458959,-0.08630136730496751,0.5080585165762092,-0.13061634375018194,0.43795994411519684,Gpr180,FALSE,FALSE,FALSE,FALSE,0.07861171049059805,FALSE,FALSE,0.020456928652196168
Iqck,-0.17425447906972868,0.5185010829306299,0.028330234419500888,0.9253661336570236,-0.03319751375920266,0.9419933853490554,Iqck,FALSE,FALSE,FALSE,FALSE,0.07859407574947741,FALSE,FALSE,0.02045216043866095
Fzd3,0.008266081593487407,0.9596989802952144,0.17924813673281825,0.22779082598084113,0.04820342578969772,0.8284733691284186,Fzd3,FALSE,FALSE,FALSE,FALSE,0.0785725480386678,FALSE,FALSE,0.020446339614790473
Ppp1r10,-0.09838695087922478,0.49736233590065027,-0.06072873705651105,0.7074194883017526,-0.0765912512517728,0.7213382209528103,Ppp1r10,FALSE,FALSE,FALSE,FALSE,0.07856897972916954,FALSE,FALSE,0.02044537478851199
Abat,0.01114829272161888,0.9564290705755953,-0.16458602745929785,0.3724591219085757,-0.059953027882195364,0.8308121527522165,Abat,FALSE,FALSE,FALSE,FALSE,0.07856244935437069,FALSE,FALSE,0.020443609056807005
Bex1,-0.10219812748346868,0.5529350279848263,-0.038225803460244734,0.8477185599896562,-0.0951195669043301,0.7032237232515542,Bex1,FALSE,FALSE,FALSE,FALSE,0.07851449928268117,FALSE,FALSE,0.020430643956878367
Anxa3,-0.05807386163057737,0.7922809458644556,-0.005007515349984004,0.984017314687262,-0.17230982093984348,0.5414783922737375,Anxa3,FALSE,FALSE,FALSE,FALSE,0.07846373264013495,FALSE,FALSE,0.020416917291401934
Hsd17b11,0.10884054528999787,0.5591848746785096,0.036515560456504836,0.8647864524085548,0.089858903610752,0.7400841657130075,Hsd17b11,FALSE,FALSE,FALSE,FALSE,0.0784050031190849,FALSE,FALSE,0.02040103756312738
Slc22a5,-0.1878215969533077,0.28627345957426037,0.01815866584000725,0.9306273582385759,0.02896302656385119,0.9245961247180302,Slc22a5,FALSE,FALSE,FALSE,FALSE,0.07831442978572205,FALSE,FALSE,0.02037654766610444
Tmtc4,0.1298006161639389,0.46699488113010057,0.07683479978094088,0.699775373375869,-0.028147068067093883,0.9294950688482757,Tmtc4,FALSE,FALSE,FALSE,FALSE,0.07826082800399121,FALSE,FALSE,0.020362054414436472
Rhoa,-0.08136764576496702,0.537223640094726,-0.045176209954998825,0.7630325004159757,-0.10822722856625155,0.5572624935729553,Rhoa,FALSE,FALSE,FALSE,FALSE,0.0782570280954058,FALSE,FALSE,0.0203610269666602
Trim34a,-0.18038849318239603,0.47624750139404315,-0.010713336577628851,0.9714292655050036,0.04366320927818901,0.9160515032886777,Trim34a,FALSE,FALSE,FALSE,FALSE,0.07825501301273796,FALSE,FALSE,0.020360482113498723
Zfp827,-0.01545204205903783,0.9352916596493251,-0.06991035674576818,0.7023333915531896,-0.14931815122131464,0.5105996566770632,Zfp827,FALSE,FALSE,FALSE,FALSE,0.07822685000870688,FALSE,FALSE,0.020352867189293442
F8a,-0.018039440383126326,0.9180238579096237,0.08214690467762686,0.6121042811492557,0.13440083633108113,0.5110680160057267,F8a,FALSE,FALSE,FALSE,FALSE,0.07819572713061144,FALSE,FALSE,0.020344451952144543
Nck2,-0.1393810167381817,0.5851279734540465,-0.03938106486834858,0.8917718030236033,-0.05575613374140698,0.8926736499109039,Nck2,FALSE,FALSE,FALSE,FALSE,0.07817273844931243,FALSE,FALSE,0.02033823610011831
Prdm15,0.10637896867602858,0.5861582412215764,-0.05017303124714978,0.8223498725015609,-0.07780093185879178,0.7917127400949447,Prdm15,FALSE,FALSE,FALSE,FALSE,0.07811764392732339,FALSE,FALSE,0.020323339230146276
Bcorl1,-0.1508472145664932,0.5482248347747923,-0.03660453603414293,0.8960844905744875,-0.04687416699361835,0.9077626308190386,Bcorl1,FALSE,FALSE,FALSE,FALSE,0.07810863919808482,FALSE,FALSE,0.020320904463934367
Large1,0.037971526818063595,0.841040933133632,-0.1373428612833223,0.4480029463750585,-0.05900254123588233,0.8270343433724101,Large1,FALSE,FALSE,FALSE,FALSE,0.07810564311242274,FALSE,FALSE,0.02032009435982743
Lrrc51,-0.03692704473244124,0.9119504417316059,0.005485125843194272,0.9862513119642279,0.1918928197881975,0.6150505511268062,Lrrc51,FALSE,FALSE,FALSE,FALSE,0.078101663454611,FALSE,FALSE,0.020319018310107524
Phlpp1,-0.14990180006584186,0.39717613569221444,-0.02722031157950333,0.8966391268941187,0.05717745842168043,0.8414422683689409,Phlpp1,FALSE,FALSE,FALSE,FALSE,0.07809985668900854,FALSE,FALSE,0.020318529783276217
Unk,-0.10096009450026333,0.5800883692731222,-0.09936577351337839,0.6038709407597775,0.033919358062410865,0.9094809884338958,Unk,FALSE,FALSE,FALSE,FALSE,0.07808174202535086,FALSE,FALSE,0.020313631804686816
Gbe1,0.028044538729637303,0.8786569610269255,0.045948546116286515,0.8087635134550334,-0.16020705242106548,0.47962962210197746,Gbe1,FALSE,FALSE,FALSE,FALSE,0.07806671242232976,FALSE,FALSE,0.020309567987925124
H2afj,-0.11904708480563553,0.42317110014276893,-0.053123850346529,0.7479821197575064,0.06200794468664661,0.7778034294198124,H2afj,FALSE,FALSE,FALSE,FALSE,0.07805962661293704,FALSE,FALSE,0.020307652073649818
Fuom,0.1377595365144435,0.41534386831185693,-0.05314473172428347,0.7894195162860573,-0.043107828136967896,0.8801662231380971,Fuom,FALSE,FALSE,FALSE,FALSE,0.07800403212523162,FALSE,FALSE,0.020292620019198484
Mrpl9,-0.10937925144007554,0.4441569300995227,-0.09964153839059353,0.5111782000661806,-0.02497810692506075,0.9205564016232758,Mrpl9,FALSE,FALSE,FALSE,FALSE,0.07799963225190994,FALSE,FALSE,0.020291430348458088
Mpdz,0.12884029633751126,0.32700612932642215,0.10124531274439974,0.4801811638959455,-0.003872924349550111,0.9869021622609474,Mpdz,FALSE,FALSE,FALSE,FALSE,0.07798617781048704,FALSE,FALSE,0.02028779243570039
Zfp93,0.08610356128807739,0.6341860447328742,0.13768178065055414,0.4457908304305333,-0.01015139458532266,0.9747448630196787,Zfp93,FALSE,FALSE,FALSE,FALSE,0.0779789121746514,FALSE,FALSE,0.02028582789860305
Bckdhb,-0.00758029378479641,0.977443001888163,-0.09202776626639553,0.7287528116158446,-0.13429204554805763,0.6973448077547628,Bckdhb,FALSE,FALSE,FALSE,FALSE,0.07796670186641652,FALSE,FALSE,0.020282526383905642
Kansl2,0.011188303358210305,0.9469078496461142,0.11432817973040521,0.4400695098912832,-0.10835939548059947,0.5920076807049555,Kansl2,FALSE,FALSE,FALSE,FALSE,0.07795862618973833,FALSE,FALSE,0.020280342821891343
Prps1l3,0.09460420822566373,0.5966474984526148,0.10012331235238925,0.5960882901408339,-0.0391423490616134,0.8945125634117448,Prps1l3,FALSE,FALSE,FALSE,FALSE,0.07795662321322212,FALSE,FALSE,0.020279801242081924
Nedd4l,-0.035673267335771364,0.8584342483224308,0.13404616151676052,0.4863555003276857,0.064133087210001,0.8224959430923852,Nedd4l,FALSE,FALSE,FALSE,FALSE,0.07795083868751096,FALSE,FALSE,0.020278237178645887
Gpr27,-0.014135650911052622,0.9276916996510353,-0.12666249601121748,0.3674875809618832,-0.09303813344550171,0.6281697940375983,Gpr27,FALSE,FALSE,FALSE,FALSE,0.07794542678925727,FALSE,FALSE,0.02027677386901588
Atp2b1,0.03997089775691087,0.8439810416432786,0.1787114466993227,0.3567697144748802,0.015010139176609982,0.9669037809700132,Atp2b1,FALSE,FALSE,FALSE,FALSE,0.07789749454428119,FALSE,FALSE,0.020263813589207695
Wdcp,-0.1269465625737678,0.4970518594552049,0.011501227213761123,0.9585461969200364,0.09511672862418186,0.713667864202501,Wdcp,FALSE,FALSE,FALSE,FALSE,0.07785483947057026,FALSE,FALSE,0.020252280190536126
Emb,0.07434699166100067,0.6020244508224815,0.07206299483366152,0.6402450799683179,-0.08711361101366055,0.6666122328750366,Emb,FALSE,FALSE,FALSE,FALSE,0.07784119916944092,FALSE,FALSE,0.020248592023637366
Dynll1,-0.07764077903960054,0.6496433532367052,-0.008016351646950248,0.9691106884438507,-0.14786408823039032,0.5229980919576362,Dynll1,FALSE,FALSE,FALSE,FALSE,0.07784040630564704,FALSE,FALSE,0.020248377643179622
Lrrc8a,0.04653797850643571,0.8110365137931854,0.08971377402498293,0.6382156767234929,0.0972414051620083,0.7016563995690153,Lrrc8a,FALSE,FALSE,FALSE,FALSE,0.07783105256447564,FALSE,FALSE,0.020245848508504312
Zw10,0.09425864988655075,0.5732278981908019,-0.05273379326602878,0.7809122399809802,-0.08648880050712826,0.723657422336388,Zw10,FALSE,FALSE,FALSE,FALSE,0.0778270812199026,FALSE,FALSE,0.020244774706580218
Srbd1,0.02196602413145765,0.8978507511832918,-0.11315034212801223,0.47257762989489366,-0.09830935447834843,0.6444015791321396,Srbd1,FALSE,FALSE,FALSE,FALSE,0.07780857357927277,FALSE,FALSE,0.020239770471930423
Cadps2,0.08256100799592758,0.6084306606591646,-0.07050646772878544,0.6902931329908059,-0.08031119316995206,0.733624438194356,Cadps2,FALSE,FALSE,FALSE,FALSE,0.07779288963155502,FALSE,FALSE,0.020235529728543155
Mxra7,0.012499159001226001,0.9645260588011546,-0.11440807556712906,0.6665756639859625,0.10633138201028647,0.7618521586830532,Mxra7,FALSE,FALSE,FALSE,FALSE,0.07774620552621385,FALSE,FALSE,0.020222906930088415
Prkce,0.09612601266384413,0.7195171191952483,0.026284400610636638,0.9318060656152912,-0.11079725986535927,0.7754144235380076,Prkce,FALSE,FALSE,FALSE,FALSE,0.07773589104661334,FALSE,FALSE,0.020220118023752707
Plch1,-0.10286815175635677,0.645783248735327,-0.013750066875310551,0.9581069441982245,-0.11648529798446727,0.7099305494489714,Plch1,FALSE,FALSE,FALSE,FALSE,0.0777011722053782,FALSE,FALSE,0.020210730483126393
Rnf130,-0.15241913847777866,0.3114495504019246,-0.06774952241121923,0.6905052843275589,0.012927936117004712,0.9645037666394128,Rnf130,FALSE,FALSE,FALSE,FALSE,0.07769886566866753,FALSE,FALSE,0.0202101068244354
5031425E22Rik,-0.053091931043169005,0.748798720003871,0.06885316269111996,0.6875813930373393,0.11105712254392319,0.6089331033600185,5031425E22Rik,FALSE,FALSE,FALSE,FALSE,0.07766740542607072,FALSE,FALSE,0.02020160036814295
Grip1,-0.028914289763972256,0.9027759943382025,0.11957900576816272,0.580525622448666,0.08441353789463779,0.7842715445684607,Grip1,FALSE,FALSE,FALSE,FALSE,0.07763561114225759,FALSE,FALSE,0.02019300359128168
Farp1,-0.1177935783168822,0.5423316245599886,-0.09437285883124691,0.6563619142693797,0.02072620420274074,0.9527816940550564,Farp1,FALSE,FALSE,FALSE,FALSE,0.07763088045028994,FALSE,FALSE,0.020191724471315203
Cyc1,0.004310624581635558,0.9826520847521657,-0.13415597220407616,0.4659534529801476,-0.0944066460495181,0.7125646114017681,Cyc1,FALSE,FALSE,FALSE,FALSE,0.07762441427840994,FALSE,FALSE,0.020189976099276828
Fam171a1,-0.05596890632431517,0.728713320116169,0.11160540654345041,0.48225440007615816,0.0652539731837054,0.7760673947746256,Fam171a1,FALSE,FALSE,FALSE,FALSE,0.07760942868382366,FALSE,FALSE,0.02018592418184573
Xrcc4,0.03324750529817555,0.8494510816623567,0.08752253852344571,0.6041549967618168,-0.11199246511114502,0.6180028147443085,Xrcc4,FALSE,FALSE,FALSE,FALSE,0.07758750297758876,FALSE,FALSE,0.02017999574498787
Sqor,-0.023292496674609087,0.926752359463172,-0.12286124146603816,0.5997708400137693,0.08659896580343629,0.7884334200161481,Sqor,FALSE,FALSE,FALSE,FALSE,0.07758423464802784,FALSE,FALSE,0.02017911202953419
Hspa9,0.07080437603294243,0.6816034332634318,0.04748930975704546,0.8063938531957354,-0.11443503703209501,0.6319227535735167,Hspa9,FALSE,FALSE,FALSE,FALSE,0.0775762409406943,FALSE,FALSE,0.02017695063100593
Sco1,-0.02955753907464098,0.8932681022584346,0.10236287580376802,0.6146921327554462,0.10050574304864268,0.7129568795141371,Sco1,FALSE,FALSE,FALSE,FALSE,0.07747538597568389,FALSE,FALSE,0.020149680709323103
Thtpa,-0.03042483992421907,0.8925354493343604,-0.11624534601305614,0.5837738827682316,-0.08575592408570687,0.7723544461869971,Thtpa,FALSE,FALSE,FALSE,FALSE,0.0774753700076607,FALSE,FALSE,0.020149676391769258
Cdk12,0.016067485821019467,0.9145914529514948,0.14319384322668416,0.29185511038758544,0.07314849705245585,0.700682613974926,Cdk12,FALSE,FALSE,FALSE,FALSE,0.07746994203338649,FALSE,FALSE,0.020148208735384286
Gbf1,-0.06719316976022505,0.6988671662362251,-0.09478978143326966,0.6006317329610033,-0.07006754007141947,0.7846564495789521,Gbf1,FALSE,FALSE,FALSE,FALSE,0.07735016375497139,FALSE,FALSE,0.020115822186329946
Rbmx,-0.09039826676963258,0.5735085411527473,-0.09271565605305998,0.5837548086752157,-0.04878870212537123,0.8464790669780483,Rbmx,FALSE,FALSE,FALSE,FALSE,0.07730087498268794,FALSE,FALSE,0.02010249511849671
Spp1,-0.11365140508550553,0.7025740463074809,-0.04820732492641966,0.8843896376611444,-0.06985317824617088,0.8811480874391052,Spp1,FALSE,FALSE,FALSE,FALSE,0.07723730275269869,FALSE,FALSE,0.02008530598226697
Ubiad1,-0.020139020606280145,0.9213900401307209,-0.009139887714589179,0.9661132715242782,-0.20242069823497344,0.3973799064315954,Ubiad1,FALSE,FALSE,FALSE,FALSE,0.07723320218528092,FALSE,FALSE,0.020084197240101166
Tbrg4,-0.19024195674398836,0.27563689446138184,-0.029057412493518342,0.8862981427933603,0.012272457503082812,0.9688448947437457,Tbrg4,FALSE,FALSE,FALSE,FALSE,0.07719060891352984,FALSE,FALSE,0.020072680551906915
9130023H24Rik,0.12437724298107877,0.46879196941103435,0.10650344948874713,0.5572900866543801,3.5172591148668886e-4,0.9988246351586421,9130023H24Rik,FALSE,FALSE,FALSE,FALSE,0.07707747279377086,FALSE,FALSE,0.02004208995951508
Parp9,0.06645415500795071,0.7454592874022482,-0.11399166209672362,0.5834658504917155,0.05077718550837318,0.8713754329964963,Parp9,FALSE,FALSE,FALSE,FALSE,0.07707433420434917,FALSE,FALSE,0.020041241324173082
Cntrl,0.07154118600851156,0.6581097959055794,-0.10698490055834053,0.5212150171614017,0.05264538059536594,0.8295191101700674,Cntrl,FALSE,FALSE,FALSE,FALSE,0.07705715572073935,FALSE,FALSE,0.0200365964769648
Shtn1,-0.09817957215831452,0.4974829246480758,-0.05167456892593769,0.7520079784453756,-0.08129450538819238,0.7011342508281666,Shtn1,FALSE,FALSE,FALSE,FALSE,0.0770495488241482,FALSE,FALSE,0.020034539667225505
Aph1c,0.02444849050917064,0.9396760372857909,0.09799473170346307,0.7412384075755124,0.10856048986060696,0.7877496271788521,Aph1c,FALSE,FALSE,FALSE,FALSE,0.07700123735774689,FALSE,FALSE,0.02002147685068484
Nup93,-0.014862873451996439,0.9401232116199518,-0.1135684698571593,0.5213437303939021,-0.10253492472268944,0.6672326125389431,Nup93,FALSE,FALSE,FALSE,FALSE,0.07698875601061506,FALSE,FALSE,0.020018102050458137
Cnot10,-0.18863521678676776,0.2453188117875801,-0.024503221884892845,0.8987263648373043,-0.01778960103457372,0.9526275414227284,Cnot10,FALSE,FALSE,FALSE,FALSE,0.07697601323541144,FALSE,FALSE,0.020014656563349113
Ptprk,0.03885847854308366,0.7823813563255155,-0.0634786651106678,0.6624176843859688,-0.12858191817231024,0.478777317148702,Ptprk,FALSE,FALSE,FALSE,FALSE,0.07697302060868723,FALSE,FALSE,0.020013847394495732
Mapk8ip3,-0.018775284722066132,0.9131371310943561,-0.1224738052388501,0.4339309429462975,0.08965321101436796,0.6757258592482038,Mapk8ip3,FALSE,FALSE,FALSE,FALSE,0.07696743365842806,FALSE,FALSE,0.02001233675299189
Rcbtb2,0.09414836882958877,0.5240858172227361,0.05194084177097569,0.7547816655761138,-0.08474856056586955,0.6933502956664442,Rcbtb2,FALSE,FALSE,FALSE,FALSE,0.07694592372214466,FALSE,FALSE,0.02000652073513109
Ssh2,-0.08456459392295823,0.5734842153950939,-0.03253947270722346,0.849494649721786,0.11364314796413133,0.5806814573102527,Ssh2,FALSE,FALSE,FALSE,FALSE,0.07691573819810434,FALSE,FALSE,0.019998358946800195
Rilpl2,-0.11348052346222026,0.5215988316748992,-0.042535177605378394,0.8334919336203458,-0.07468422188567558,0.7779566538191943,Rilpl2,FALSE,FALSE,FALSE,FALSE,0.07689997431775808,FALSE,FALSE,0.019994096590629475
Rnf216,0.006679574387741916,0.9628376276257795,0.10233442209363819,0.42771646881567016,0.12164738867974467,0.4718179228133177,Rnf216,FALSE,FALSE,FALSE,FALSE,0.07688712838704159,FALSE,FALSE,0.019990623211559387
Fam13b,0.03241262674409562,0.7807176111123362,0.045576930803492566,0.7054464025774798,0.15261387621019207,0.29249308056220935,Fam13b,FALSE,FALSE,FALSE,FALSE,0.07686781125259341,FALSE,FALSE,0.019985400099901136
Isca1,-0.05109017855757614,0.7423126995069955,3.8409875026346185e-4,0.9981597437078088,-0.17906525102615234,0.3669246121980078,Isca1,FALSE,FALSE,FALSE,FALSE,0.07684650944466398,FALSE,FALSE,0.019979640357345296
Emp1,0.11825373620054958,0.565373989783788,0.08679798312793974,0.699598367576078,0.02548080194986735,0.9438336661095298,Emp1,FALSE,FALSE,FALSE,FALSE,0.07684417375945223,FALSE,FALSE,0.019979008817264016
Magi1,0.06558914793148674,0.6482842108669935,0.10779342877569142,0.4612028757846156,0.057112148053643175,0.7888595233079527,Magi1,FALSE,FALSE,FALSE,FALSE,0.07683157492027377,FALSE,FALSE,0.019975602248656753
Supt7l,-0.06907608381898722,0.6594529490181628,0.10629399301758902,0.4947319246147696,0.05494788937029593,0.8109806840697278,Supt7l,FALSE,FALSE,FALSE,FALSE,0.07677265540229072,FALSE,FALSE,0.0199596711475868
Bicc1,0.09400093717779967,0.6290449578601445,-0.08916744890479134,0.6706690457706295,0.04714437000166516,0.8797388443604395,Bicc1,FALSE,FALSE,FALSE,FALSE,0.076770918694752055,FALSE,FALSE,0.0199592015635801
Sipa1l3,-0.12639732749600796,0.5686420156952872,0.003586612063052108,0.9880856345527023,0.10028647567921745,0.7535787685217917,Sipa1l3,FALSE,FALSE,FALSE,FALSE,0.07675680507942584,FALSE,FALSE,0.01995538541843972
Prdx3,0.07345211173799449,0.6231087384186199,-0.10973571411522975,0.477271883057607,0.04705674720259534,0.8399527354102617,Prdx3,FALSE,FALSE,FALSE,FALSE,0.07674819101860653,FALSE,FALSE,0.019953056284084364
Prmt8,0.02461294703221628,0.9740167616533821,-0.16556049373420212,0.8258442264929822,-0.039762237969598546,0.9722616281386316,Prmt8,FALSE,FALSE,FALSE,FALSE,0.07664522624533898,FALSE,FALSE,0.019925215896624947
Tyk2,-0.10650113646163151,0.4754067985221743,-0.051843002977066455,0.7531644480370463,0.07157240488714578,0.7376116363550428,Tyk2,FALSE,FALSE,FALSE,FALSE,0.07663884810861459,FALSE,FALSE,0.019923491328192065
Chd1,-0.03381103218720671,0.8428505871633462,0.04644851137904471,0.7956485866055945,-0.14957993540966363,0.4842935953052706,Chd1,FALSE,FALSE,FALSE,FALSE,0.07661315965863835,FALSE,FALSE,0.01991654549246714
Armc8,0.13928172989838394,0.30916843995844423,0.05230459740058002,0.7415705195465283,0.038221940456977244,0.8696514282459578,Armc8,FALSE,FALSE,FALSE,FALSE,0.07660275591864707,FALSE,FALSE,0.019913732451237676
Ndufb5,-0.05883905336572859,0.640438866670138,-0.0635945389982373,0.6329004172577787,-0.1072999121628051,0.52681363362745115,Ndufb5,FALSE,FALSE,FALSE,FALSE,0.076577834842257,FALSE,FALSE,0.019906994103736995
Adprhl2,-0.18119634726437983,0.3573745038414542,-0.04621750894634058,0.8402570377565046,0.0022643415367644693,0.9944579342792622,Adprhl2,FALSE,FALSE,FALSE,FALSE,0.07655939924916162,FALSE,FALSE,0.019902009349839798
Naa35,0.05056864417026219,0.7116183649920097,-0.08829012347624055,0.5219383338398482,-0.09072398954334915,0.6233849736559339,Naa35,FALSE,FALSE,FALSE,FALSE,0.07652758572995062,FALSE,FALSE,0.01989340737196742
Trim12c,-0.03790562132907427,0.8859603177840364,-0.0172815839186784,0.951063109260305,0.17435708857967702,0.5747579581649425,Trim12c,FALSE,FALSE,FALSE,FALSE,0.07651476460914323,FALSE,FALSE,0.019889940701186586
B630019K06Rik,0.018363037273902094,0.9272018991308395,0.12887860443690258,0.4809275301959628,0.08227762522269177,0.7506363447481375,B630019K06Rik,FALSE,FALSE,FALSE,FALSE,0.07650642231116549,FALSE,FALSE,0.0198876850481061
Morn1,-0.05453313386751368,0.8570857503254214,0.12215876060994324,0.6737182892359859,0.052825231519013194,0.9057514884053787,Morn1,FALSE,FALSE,FALSE,FALSE,0.07650570866549004,FALSE,FALSE,0.019887492087237228
Zfp866,-0.04794971618443,0.7107492829942061,-0.07014007404389133,0.597545042583028,-0.11140252183137722,0.5115438366847329,Zfp866,FALSE,FALSE,FALSE,FALSE,0.07649743735323285,FALSE,FALSE,0.01988525562780814
Pigl,-0.009646785631704846,0.9773999245026913,0.19152632884209764,0.5138953421764748,-0.028312787440939235,0.9568917316396195,Pigl,FALSE,FALSE,FALSE,FALSE,0.07649530063824724,FALSE,FALSE,0.019884677886788545
Arfip2,0.03418724799891937,0.8050822344006162,-0.09854959262796914,0.46604996412966965,-0.09666154048085573,0.5947789437212593,Arfip2,FALSE,FALSE,FALSE,FALSE,0.07646612703591475,FALSE,FALSE,0.019876789709436737
Nde1,-0.1571216011853731,0.4872704738011959,-0.053420592065892336,0.8334919336203458,0.01885598920628917,0.9633199461678158,Nde1,FALSE,FALSE,FALSE,FALSE,0.07646606081918488,FALSE,FALSE,0.019876771805260797
Acer2,-0.05718682019595844,0.7553102875951598,-0.04015884124537772,0.8369812659940099,-0.13195343196802245,0.5802676567185904,Acer2,FALSE,FALSE,FALSE,FALSE,0.07643303113645288,FALSE,FALSE,0.019867840991976422
Nudt13,-0.1645411383022637,0.4684529028159757,-0.028002506036123087,0.9137819294902204,-0.036725783119088806,0.9237062833815195,Nudt13,FALSE,FALSE,FALSE,FALSE,0.0764231424858252,FALSE,FALSE,0.019865167224471396
Gm11346,0.018351184577014013,0.9667100703514301,-0.16323535902895225,0.6989336711694266,-0.04763954758241595,0.9425879863784445,Gm11346,FALSE,FALSE,FALSE,FALSE,0.07640869706279407,FALSE,FALSE,0.019861261362675763
Fzd7,0.09177827552762174,0.5719538072904515,-0.0279682701749584,0.8822645423454789,0.10939873396506794,0.628385690449761,Fzd7,FALSE,FALSE,FALSE,FALSE,0.07638175988921603,FALSE,FALSE,0.019853977887700047
Hepacam2,0.12303314586215741,0.4100255942782537,-0.010488122469749506,0.9557381998009242,-0.09561143849169262,0.6639649189738192,Hepacam2,FALSE,FALSE,FALSE,FALSE,0.07637756894119985,FALSE,FALSE,0.019852844707750342
Cpe,0.15017687554221482,0.20020337030432506,0.06818643157543036,0.6055606301723649,-0.010757289249385238,0.9630623165232519,Cpe,FALSE,FALSE,FALSE,FALSE,0.07637353212234348,FALSE,FALSE,0.019851753202398577
Nat10,-0.09069774672575814,0.594113255764109,-0.1202578796991709,0.48987175927180676,-0.018051620661271528,0.9515620989493591,Nat10,FALSE,FALSE,FALSE,FALSE,0.07633574902873352,FALSE,FALSE,0.0198415371262384
9530077C05Rik,0.027070073723814758,0.9193839231222225,0.1720020081069853,0.4657757852125461,0.029924554994122055,0.9412265460100244,9530077C05Rik,FALSE,FALSE,FALSE,FALSE,0.07633221227497404,FALSE,FALSE,0.019840580832237182
Kdm1a,-0.10839836568234507,0.39663218764043007,-0.07258863114945147,0.6108736163894809,-0.047969077316843745,0.815237619843769,Kdm1a,FALSE,FALSE,FALSE,FALSE,0.0763186913828801,FALSE,FALSE,0.019836924952048775
2810032G03Rik,-0.03116584878971662,0.9415146816460311,-0.1651049949960942,0.677045277132317,-0.03264294492797171,0.9603928381169048,2810032G03Rik,FALSE,FALSE,FALSE,FALSE,0.07630459623792751,FALSE,FALSE,0.019833113801066518
Neil2,-0.040890848624002274,0.9040327892363881,-0.02122493762443156,0.9522594676760692,0.1667848911636871,0.6804554883821279,Neil2,FALSE,FALSE,FALSE,FALSE,0.07630022580404032,FALSE,FALSE,0.019831932090381164
Trappc12,0.06854917786059023,0.6379901279975808,-0.06699884313408955,0.6685458723102012,-0.09332473982455092,0.6449283407648905,Trappc12,FALSE,FALSE,FALSE,FALSE,0.07629092027307689,FALSE,FALSE,0.01982941599114338
Nphp3,0.017453240216114718,0.9560617570108378,-0.04615540823119746,0.8841815268794531,0.1651195990243266,0.6568162827994869,Nphp3,FALSE,FALSE,FALSE,FALSE,0.07624274915721292,FALSE,FALSE,0.019816391123633394
Mpv17l2,0.029741090240398727,0.9108124085838901,-0.18265217281564627,0.45214366721240434,-0.01630654863269143,0.9688448947437457,Mpv17l2,FALSE,FALSE,FALSE,FALSE,0.07623327056291214,FALSE,FALSE,0.019813828230232765
AU022252,-0.04731336220759719,0.7490531339311752,-0.027491435709180223,0.8645941784485743,-0.15359535481399345,0.4148285195666768,AU022252,FALSE,FALSE,FALSE,FALSE,0.07613338424359029,FALSE,FALSE,0.019786820218234434
Stard8,0.20141400495708695,0.23756155322110356,0.01752149586343954,0.9341809787046826,-0.009405475037027156,0.976576459177527,Stard8,FALSE,FALSE,FALSE,FALSE,0.07611365861918455,FALSE,FALSE,0.019781486655998468
Kmt2d,-0.05919465797223289,0.7613653691044987,-0.025831775776549826,0.9047836169254968,0.14325220758108248,0.5803995050633894,Kmt2d,FALSE,FALSE,FALSE,FALSE,0.0760928804432884,FALSE,FALSE,0.019775868496998146
Dnmt3a,-0.1524559368517462,0.2614631018493686,-0.07350016400003145,0.6316687445763448,-0.002313849003185986,0.9919267225243149,Dnmt3a,FALSE,FALSE,FALSE,FALSE,0.07608998328498788,FALSE,FALSE,0.01977508514161302
Polr2m,-0.06667834925443028,0.5726682847335088,-0.09253798712874595,0.4517161431540349,-0.06900942332253024,0.684460514347188,Polr2m,FALSE,FALSE,FALSE,FALSE,0.0760752532352355,FALSE,FALSE,0.01977110232031027
Naa10,0.002466533198852705,0.9898254053414198,-0.13138433600528643,0.48116557958721534,-0.09432966549712019,0.713667864202501,Naa10,FALSE,FALSE,FALSE,FALSE,0.0760601782337531,FALSE,FALSE,0.0197670262283722
Syne1,-0.04805215842166621,0.7718311823203609,0.03287990265581797,0.8553027887481248,0.1471901371018216,0.4903685264094408,Syne1,FALSE,FALSE,FALSE,FALSE,0.07604073272643526,FALSE,FALSE,0.019761768406294865
Disp1,-0.06665621286085877,0.8257507507992201,-0.11257524144621778,0.7083402892105009,-0.048837604601796425,0.9160256764583111,Disp1,FALSE,FALSE,FALSE,FALSE,0.07602301963629099,FALSE,FALSE,0.01975697900816315
Poc1b,0.04669940022830721,0.8517350660582119,0.12565869665347007,0.5960987585615938,-0.055633252543285217,0.8811480874391052,Poc1b,FALSE,FALSE,FALSE,FALSE,0.07599711647502083,FALSE,FALSE,0.019749975117188602
Tbccd1,-0.13596588664448905,0.3886708920994812,-0.06349185026547755,0.7182402934997928,-0.028501461502369096,0.9162903148707165,Tbccd1,FALSE,FALSE,FALSE,FALSE,0.07598639947077857,FALSE,FALSE,0.019747077373221997
Gtf2e2,0.04518755343865877,0.8315415952589439,0.09079956693277591,0.6669334461975733,-0.09189693937712118,0.7503192744090388,Gtf2e2,FALSE,FALSE,FALSE,FALSE,0.07596135324951862,FALSE,FALSE,0.019740305188113025
Scg2,0.1346790609945323,0.5090676738587305,-0.02361154663012499,0.9230400010976557,-0.06948724786135863,0.8313559397879895,Scg2,FALSE,FALSE,FALSE,FALSE,0.07592595182867197,FALSE,FALSE,0.019730733086493146
Hmgxb4,-0.035437027645381924,0.849608591745376,-0.12361638937170305,0.48850537298380536,-0.06857773555789226,0.7896538138296119,Hmgxb4,FALSE,FALSE,FALSE,FALSE,0.07587705085832575,FALSE,FALSE,0.019717510875455563
Ica1l,-0.10631683040216178,0.6512082442857864,0.044671838022731336,0.8611686228127152,-0.0766058629773827,0.8256031384808236,Ica1l,FALSE,FALSE,FALSE,FALSE,0.0758648438007586,FALSE,FALSE,0.019714210239698073
Plpp6,-0.030574145089053317,0.8369441211190045,0.15362973570046456,0.26672768410415587,0.043347271882602456,0.8389305859928382,Plpp6,FALSE,FALSE,FALSE,FALSE,0.07585038422404011,FALSE,FALSE,0.01971030055092232
Znrf3,-0.08826573656319248,0.6020244508224815,-0.0444461008749375,0.811959235721534,0.0946981385422947,0.6770675819992295,Znrf3,FALSE,FALSE,FALSE,FALSE,0.07580332532680822,FALSE,FALSE,0.019697576413425857
Txndc9,0.0763833317945215,0.5596418048449353,0.09593962303128034,0.48160413690977955,-0.055037418030590146,0.7814637823668529,Txndc9,FALSE,FALSE,FALSE,FALSE,0.07578679095213066,FALSE,FALSE,0.01969310572522042
Nim1k,0.0077513229184766885,0.9724274395141818,-0.06452231630351157,0.7583549110006271,0.15501849807735946,0.5366259856518361,Nim1k,FALSE,FALSE,FALSE,FALSE,0.07576404576644924,FALSE,FALSE,0.019686955711365084
Mlxip,0.0011307687363828478,0.9948012652881506,0.048150141562405935,0.7915967204772056,0.1779689456534097,0.40586815594732095,Mlxip,FALSE,FALSE,FALSE,FALSE,0.07574995198406616,FALSE,FALSE,0.019683144928804585
Tpra1,-0.14313313930635552,0.4656939677777286,-0.0016693850707358848,0.9936408291678288,0.08239925464857123,0.7759145330638787,Tpra1,FALSE,FALSE,FALSE,FALSE,0.07573392634188754,FALSE,FALSE,0.019678811795506856
Ndufaf5,-0.12206885818303714,0.6491745045682698,0.06011751336840199,0.8345360084605521,0.044854427943542774,0.9162533126256398,Ndufaf5,FALSE,FALSE,FALSE,FALSE,0.0756802664983273,FALSE,FALSE,0.01966430284464609
2900052L18Rik,0.08470146219580466,0.8395795558496885,0.05711759836410013,0.8960844905744875,-0.08516606594696441,0.894204399114611,2900052L18Rik,FALSE,FALSE,FALSE,FALSE,0.07566170883562306,FALSE,FALSE,0.01965928508465273
Hibch,0.1700522373088722,0.3081257752763318,0.029260442438745926,0.8853351888491728,0.027518833069865245,0.9277681321383151,Hibch,FALSE,FALSE,FALSE,FALSE,0.07561050427249445,FALSE,FALSE,0.01964544001092556
Gtf2h3,0.0538518625624711,0.7621811992623837,0.13385399455319824,0.4314293998653178,-0.03900338428597294,0.8868021301935464,Gtf2h3,FALSE,FALSE,FALSE,FALSE,0.07556974713388076,FALSE,FALSE,0.019634419790176914
Tceal5,-0.030948489321817263,0.9388389002837089,-0.10890955146060799,0.7786365329560158,-0.08676899392410986,0.8761546103293756,Tceal5,FALSE,FALSE,FALSE,FALSE,0.07554234490217837,FALSE,FALSE,0.019627010569298383
Adam9,0.11767607004336522,0.42197919325961447,0.10564953732433402,0.5016472000144117,-0.003282112377593016,0.9901796608639275,Adam9,FALSE,FALSE,FALSE,FALSE,0.07553590658176408,FALSE,FALSE,0.019625269727948147
Arfrp1,-0.1084435903622758,0.5303578093948238,-0.08258890723028056,0.6563051496349276,-0.03554004018471435,0.9011549275079148,Arfrp1,FALSE,FALSE,FALSE,FALSE,0.07552417925909023,FALSE,FALSE,0.019622098806508316
Cenpx,-0.0710837564680813,0.7763029380696586,0.006490267037308595,0.9816459731008854,-0.14886590678176015,0.649894386994797,Cenpx,FALSE,FALSE,FALSE,FALSE,0.07547997676238334,FALSE,FALSE,0.019610147004004017
Chst10,0.06414755219813362,0.7111112753393434,0.05229274571702547,0.7795174263948295,0.10998760930459017,0.6340340565260759,Chst10,FALSE,FALSE,FALSE,FALSE,0.07547596907324976,FALSE,FALSE,0.019609063374965124
Nek9,-0.07264259524706862,0.5759201835172267,-0.13908849440601312,0.3002520393752789,-0.014541283196663812,0.9504892550510045,Nek9,FALSE,FALSE,FALSE,FALSE,0.07542412428324852,FALSE,FALSE,0.0195950451918955
Brix1,-0.023504515569200635,0.9145738936083526,0.08141603925070129,0.6988513237953698,-0.12121089958316578,0.6561092780990848,Brix1,FALSE,FALSE,FALSE,FALSE,0.07537715146768924,FALSE,FALSE,0.01958234432980714
Abca1,0.17726500010555668,0.3326708494606196,0.039730362873154235,0.8574278441440206,0.009113350407443654,0.9784781346671818,Abca1,FALSE,FALSE,FALSE,FALSE,0.07536957112871819,FALSE,FALSE,0.019580294700916302
Dtx4,-0.10784384024610194,0.6357973105769757,-0.04240548258301313,0.8677717807605891,0.07580508939353603,0.8222487171317908,Dtx4,FALSE,FALSE,FALSE,FALSE,0.0753514707408837,FALSE,FALSE,0.019575400582331027
Igfbp5,0.030611358801030164,0.9034451522039356,0.005225112257138065,0.9848019905188304,0.19005073414433937,0.541217482229437,Igfbp5,FALSE,FALSE,FALSE,FALSE,0.07529573506750253,FALSE,FALSE,0.01956033035303803
Kdsr,0.13641656296448534,0.3984320449750042,-0.06355376500829024,0.7317811736495726,0.025840730148655844,0.9293481214130451,Kdsr,FALSE,FALSE,FALSE,FALSE,0.07527035270714381,FALSE,FALSE,0.01955346728011905
Nmral1,0.013705423440661058,0.9537747561848949,-0.07212400584560896,0.7505641650802822,-0.13996442239109053,0.6272757145088776,Nmral1,FALSE,FALSE,FALSE,FALSE,0.07526461722578685,FALSE,FALSE,0.019551916477663252
Pheta1,-0.08441676296165657,0.7145861239927591,-0.09941595094449873,0.6744845701148868,0.04180280467406261,0.9057833112855367,Pheta1,FALSE,FALSE,FALSE,FALSE,0.07521183952673931,FALSE,FALSE,0.01953764604765043
Tgfbr2,0.15727427983742004,0.268740901938688,0.02639420491558475,0.8787209496459988,0.041934658907832656,0.8617068038132876,Tgfbr2,FALSE,FALSE,FALSE,FALSE,0.07520104788694582,FALSE,FALSE,0.019534728123163845
Ndufb2,0.06741061043370511,0.7270505464268755,0.11363921546488776,0.5563205765679385,-0.044544439709269135,0.8825184669752741,Ndufb2,FALSE,FALSE,FALSE,FALSE,0.075198088535954,FALSE,FALSE,0.019533927951652503
Zfp330,0.05807237449006042,0.7663859456248032,0.10787369634945954,0.5795362913013611,-0.059645411534540393,0.8383691582713656,Zfp330,FALSE,FALSE,FALSE,FALSE,0.07519716079135345,FALSE,FALSE,0.019533677101110876
Tube1,0.041562987945463314,0.9072709767051235,-0.010060908361287257,0.9789744295813069,0.17390282983641114,0.6831724968112778,Tube1,FALSE,FALSE,FALSE,FALSE,0.0751755753810539,FALSE,FALSE,0.01952784067601966
Gm17201,-0.13469048977996767,0.7076753510373082,0.07483448211190935,0.8406515224601884,-0.015890348063241744,0.9779472793824406,Gm17201,FALSE,FALSE,FALSE,FALSE,0.07513843998503959,FALSE,FALSE,0.019517799729192042
Armcx4,0.07680473573273439,0.6483452288941247,0.043167112008807074,0.8222368112093141,-0.10537543893858281,0.6559947940117007,Armcx4,FALSE,FALSE,FALSE,FALSE,0.07511576222670809,FALSE,FALSE,0.019511667946849165
Thada,0.09409712973077067,0.47134223470477177,0.09887675236735749,0.47706121468634555,-0.032269133633393565,0.8828299988786049,Thada,FALSE,FALSE,FALSE,FALSE,0.07508100524384058,FALSE,FALSE,0.019502270093202295
Pigx,-0.1222632969284434,0.4894701330728232,-0.035631871127641546,0.8586333019155533,-0.06731789347360628,0.7988266775019002,Pigx,FALSE,FALSE,FALSE,FALSE,0.07507102050989707,FALSE,FALSE,0.019499570345969868
Chd2,-0.03427428804245025,0.8410221253931728,-0.1458740630307842,0.3696860509837999,-0.04504412610507913,0.8600393000955937,Chd2,FALSE,FALSE,FALSE,FALSE,0.07506415905943786,FALSE,FALSE,0.01949771509554532
Cmip,-0.19092199608890326,0.34592891319379604,0.02301913597276517,0.9265061912809239,-0.01122539441888204,0.9765259158911566,Cmip,FALSE,FALSE,FALSE,FALSE,0.07505550882685015,FALSE,FALSE,0.019495376180796
Txndc15,0.09181337750621665,0.5778432058249764,-0.041892427290481926,0.8258442264929822,-0.0914340054337357,0.7024748625539515,Txndc15,FALSE,FALSE,FALSE,FALSE,0.07504660341014475,FALSE,FALSE,0.019492968267451484
Zfp146,0.08608067757247806,0.5644193826707707,0.0873237793993571,0.5845690661497206,0.05166185419869951,0.824323366081102,Zfp146,FALSE,FALSE,FALSE,FALSE,0.07502210372351155,FALSE,FALSE,0.019486343858472987
Caprin1,0.1321788552714871,0.32632862968079634,0.07716628074727083,0.6116523013722733,-0.015611557110664975,0.9509216147467607,Caprin1,FALSE,FALSE,FALSE,FALSE,0.0749855643764743,FALSE,FALSE,0.019476464075837155
Apoo,0.04693267103133891,0.80395976266859,0.16902752339869043,0.33898154090022253,0.0089789360510526,0.976966099936478,Apoo,FALSE,FALSE,FALSE,FALSE,0.07497971016036065,FALSE,FALSE,0.01947488116898753
Lmbr1,0.049976602627137545,0.7574769941226756,0.12317384306156409,0.43045437464076913,0.051776502936646374,0.8261512923495982,Lmbr1,FALSE,FALSE,FALSE,FALSE,0.07497564954178267,FALSE,FALSE,0.019473783228488577
Rpia,-0.11933243290579743,0.6209048110710602,-0.033752274621586587,0.8988135904205636,-0.0718155502979747,0.8445246801033858,Rpia,FALSE,FALSE,FALSE,FALSE,0.07496675260845291,FALSE,FALSE,0.01947137760894278
Tspan5,-0.03277528455622836,0.8315415952589439,-0.1593515657168565,0.2796799110159658,-0.03276053769289433,0.8896935899482021,Tspan5,FALSE,FALSE,FALSE,FALSE,0.0749624626553264,FALSE,FALSE,0.01947021765924897
Hspa14,-0.08847375296263049,0.542873691246454,-0.12086572796059958,0.41835651584843037,-0.015527132581673264,0.9516881841369234,Hspa14,FALSE,FALSE,FALSE,FALSE,0.07495553783496778,FALSE,FALSE,0.01946834527439585
Gm16973,-0.03477572354253344,0.934629220781853,0.08468908375455708,0.8345360084605521,-0.105369422299465,0.8553592214548933,Gm16973,FALSE,FALSE,FALSE,FALSE,0.07494474319885185,FALSE,FALSE,0.019465426539741135
Pigu,-0.07577317864011812,0.5722792166950287,-0.0394283157516897,0.7911078987384937,0.10963253794318417,0.5364902844124577,Pigu,FALSE,FALSE,FALSE,FALSE,0.07494467744499733,FALSE,FALSE,0.019465408760720906
Etohd2,0.14637677818674666,0.5934862119854585,0.013841176531193877,0.9665658378870856,-0.06460979125094646,0.8849391110914909,Etohd2,FALSE,FALSE,FALSE,FALSE,0.074942581989629,FALSE,FALSE,0.019464842175786014
Atf4,-0.012104137621582467,0.950301486290721,-0.04525338286171099,0.8171254666175272,-0.16738614445115196,0.46579345419001483,Atf4,FALSE,FALSE,FALSE,FALSE,0.07491455497814847,FALSE,FALSE,0.019457264022266267
L3mbtl3,-0.09050464496481858,0.6492375945670684,-0.05636762126496997,0.7977823673722959,0.07780306707292706,0.787019880890773,L3mbtl3,FALSE,FALSE,FALSE,FALSE,0.07489177776757187,FALSE,FALSE,0.019451105349279636
Khdc4,0.053185588754201873,0.7822494887273695,0.1186987248801632,0.5337040200883406,-0.05277822135808474,0.8569630352562625,Khdc4,FALSE,FALSE,FALSE,FALSE,0.07488751166414993,FALSE,FALSE,0.01944995184824778
Cep19,0.14274351609615454,0.366791568494701,-0.03602800999829725,0.8497879791611821,0.04588927201629556,0.8621637413413279,Cep19,FALSE,FALSE,FALSE,FALSE,0.07488693270358245,FALSE,FALSE,0.01944979530454831
Naa60,-0.01297689042014838,0.9378050310230189,0.07306000735192608,0.6299658149501782,0.1385804912907309,0.4636490916249325,Naa60,FALSE,FALSE,FALSE,FALSE,0.07487246302093513,FALSE,FALSE,0.019445882883255744
Zcchc18,-0.1217554739374922,0.33027685962918335,-0.04864889426420582,0.7370471796739361,-0.05415960011302712,0.7846564495789521,Zcchc18,FALSE,FALSE,FALSE,FALSE,0.07485465610490838,FALSE,FALSE,0.01944106811577839
Ficd,-0.09058880430139116,0.707282233843354,-0.08266205329189091,0.7482827361033694,0.05128949786546322,0.8940782692699701,Ficd,FALSE,FALSE,FALSE,FALSE,0.0748467851529151,FALSE,FALSE,0.019438939908759487
Ssna1,-0.04936822323579815,0.7902122455969565,-0.11854085692270333,0.5112516415296172,-0.05660587222287772,0.832824978269367,Ssna1,FALSE,FALSE,FALSE,FALSE,0.07483831746045973,FALSE,FALSE,0.019436650350579895
Kiz,-0.031280709999304435,0.8825153956726235,-0.013637703899070708,0.9532535306953184,-0.17937214366205367,0.49125522185044984,Kiz,FALSE,FALSE,FALSE,FALSE,0.07476351918680961,FALSE,FALSE,0.019416425832488607
Dhx29,-0.09090476147346216,0.5963539613342578,0.11682229322996385,0.5035769692482981,-0.01652660064052114,0.9568917316396195,Dhx29,FALSE,FALSE,FALSE,FALSE,0.07475121844798238,FALSE,FALSE,0.019413099866489564
Papd5,0.07176044290271477,0.6652976957148155,0.12225351981934462,0.4656395005446179,0.030237175702698238,0.9114466250413109,Papd5,FALSE,FALSE,FALSE,FALSE,0.0747503794749192,FALSE,FALSE,0.019412873018661847
Arid4a,0.025909922538335906,0.861158469104117,0.08243949129907335,0.566895839179734,0.11589949243494768,0.5360624835920165,Arid4a,FALSE,FALSE,FALSE,FALSE,0.07474963542411898,FALSE,FALSE,0.01941267183662735
Dgat1,-0.21355779832800215,0.18055702608385812,0.006240395956027989,0.9739006072883146,-0.004262187083868163,0.9870574452185918,Dgat1,FALSE,FALSE,FALSE,FALSE,0.07468679378929943,FALSE,FALSE,0.019395680244197834
Spire1,-0.13087178546410883,0.2760319234065985,0.056881061015139345,0.6758849612139411,0.03625136251470007,0.8563032769068009,Spire1,FALSE,FALSE,FALSE,FALSE,0.07466806966464941,FALSE,FALSE,0.019390617474975388
AC126457.1,-0.06660255668830706,0.6854743388775917,-0.09749598306811569,0.5563457863933586,0.059861325003875976,0.7978500774158859,AC126457.1,FALSE,FALSE,FALSE,FALSE,0.07465328825343291,FALSE,FALSE,0.019386620766174846
Ssx2ip,-0.07106391155312153,0.5854733004838822,-0.13120978260319394,0.32357636467879425,-0.021655764024305135,0.9228714783128431,Ssx2ip,FALSE,FALSE,FALSE,FALSE,0.07464315272687354,FALSE,FALSE,0.01938388024650425
Klhl11,0.05357007432686167,0.6962929901222855,0.13515589144128004,0.3260291342826144,-0.03513849598228447,0.8722920238991596,Klhl11,FALSE,FALSE,FALSE,FALSE,0.07462148725014206,FALSE,FALSE,0.019378022172450805
Ly75,-0.1426594563472685,0.5901478086317724,-0.04184875687984846,0.8874806215289917,0.03931109177318293,0.9286823212400908,Ly75,FALSE,FALSE,FALSE,FALSE,0.07460643500009996,FALSE,FALSE,0.01937395223221776
Wdr41,-0.04699728579292106,0.7660277589106208,-0.02319617270224672,0.8929041297281517,-0.15358629643768484,0.44456374448688046,Wdr41,FALSE,FALSE,FALSE,FALSE,0.07459325164428421,FALSE,FALSE,0.01937038761761921
A330102I10Rik,0.03043643097112192,0.9663622927873057,0.016627135718167485,0.9824182221505046,-0.17667987212294295,0.8617790682297148,A330102I10Rik,FALSE,FALSE,FALSE,FALSE,0.07458114627074412,FALSE,FALSE,0.019367114475951415
D430042O09Rik,-0.09711005442153908,0.49598543390081234,-0.08670211782723403,0.570625098864133,-0.03987736090392868,0.8645344729382035,D430042O09Rik,FALSE,FALSE,FALSE,FALSE,0.07456317771756726,FALSE,FALSE,0.019362256003809405
Tagap1,0.01790878410161012,0.927507765240409,0.11231437458346338,0.5201119743695936,-0.09337677201117378,0.7037178753758783,Tagap1,FALSE,FALSE,FALSE,FALSE,0.07453331023208243,FALSE,FALSE,0.0193541802091279
Gorasp1,0.14369894214768664,0.2729832178311922,-0.07845650402373128,0.5934022856507757,-0.0014051053800363533,0.9947277351816677,Gorasp1,FALSE,FALSE,FALSE,FALSE,0.07452018385048476,FALSE,FALSE,0.019350630999645645
Commd6,0.2003024132994229,0.38461796493820843,-0.004807187871702645,0.9858833236879877,-0.01841589587520609,0.9674806741726476,Commd6,FALSE,FALSE,FALSE,FALSE,0.07450849901544387,FALSE,FALSE,0.019347471566330602
Mfap5,-0.16799269190965116,0.8243772483304339,-0.041447123097489436,0.9591204381187455,-0.014080730907681693,0.9901796608639275,Mfap5,FALSE,FALSE,FALSE,FALSE,0.0745068486382741,FALSE,FALSE,0.019347025324976373
Klhl33,-0.0513603177965023,0.8881160318129836,-0.0802231703910854,0.8277868395420931,-0.09189242554977417,0.8594400507660206,Klhl33,FALSE,FALSE,FALSE,FALSE,0.07449197124578728,FALSE,FALSE,0.019343002664040262
D630045J12Rik,-0.09641729417498013,0.6290449578601445,-0.09000822963927035,0.6752375550358625,0.0370002939455798,0.9100554618787647,D630045J12Rik,FALSE,FALSE,FALSE,FALSE,0.07447527258661009,FALSE,FALSE,0.019338487555359957
Otulin,0.04169358109063914,0.7838533636852714,-0.09184823509124396,0.5419069917752921,-0.0898106794894935,0.6559947940117007,Otulin,FALSE,FALSE,FALSE,FALSE,0.07445083189045887,FALSE,FALSE,0.019331879096670307
Pdhx,0.01437610613685747,0.940004638959126,0.20550683065606457,0.21396653796848772,-0.0034361001548677272,0.9901796608639275,Pdhx,FALSE,FALSE,FALSE,FALSE,0.07443967898259658,FALSE,FALSE,0.019328863489814375
Rflna,-0.08669961838104376,0.8724647924643812,-0.09164194298395437,0.8693428991496887,-0.044886918566058726,0.9592335208904351,Rflna,FALSE,FALSE,FALSE,FALSE,0.07440949331035228,FALSE,FALSE,0.019320701661410977
Tbpl1,0.11624018963369576,0.44742216491753295,0.08417295786361834,0.615872249361425,0.02276473746048957,0.9338189684089776,Tbpl1,FALSE,FALSE,FALSE,FALSE,0.07439262831926789,FALSE,FALSE,0.019316141578662394
Aldh9a1,0.13650442778924177,0.4224275993214427,-0.06490579796404372,0.7399664062957708,0.02172456461740957,0.94517227041816,Aldh9a1,FALSE,FALSE,FALSE,FALSE,0.07437826345689835,FALSE,FALSE,0.019312257499462512
Plscr1,-0.059307180436567464,0.7799817130365942,-0.12749846979910862,0.537934815765961,-0.03612260181075877,0.9113082659190264,Plscr1,FALSE,FALSE,FALSE,FALSE,0.07430941734881162,FALSE,FALSE,0.019293642372527522
Rnf213,0.0019048140084123588,0.9928888452503587,-0.16326610242673567,0.4240820219470195,0.05765287397988583,0.8562065291092719,Rnf213,FALSE,FALSE,FALSE,FALSE,0.07427459680501129,FALSE,FALSE,0.019284227332799036
Dlg5,-0.13467185356817435,0.4104628437929098,-0.06859197319964228,0.7095943111354909,-0.019549383149144894,0.9478530429673544,Dlg5,FALSE,FALSE,FALSE,FALSE,0.07427106997232051,FALSE,FALSE,0.019283273721330763
Aplf,-0.01713853242155805,0.945814376067984,-0.0587178466926499,0.8093102179805916,0.1469156186602305,0.6089331033600185,Aplf,FALSE,FALSE,FALSE,FALSE,0.07425733259147949,FALSE,FALSE,0.01927955930529162
Psma6,0.022133786290837953,0.8948015099217066,-0.052776297236699854,0.7521380102712629,-0.1478284407034378,0.4658526833196551,Psma6,FALSE,FALSE,FALSE,FALSE,0.07424617474365854,FALSE,FALSE,0.019276542362732622
St5,-0.1743443669165199,0.38989417130584064,0.03187845987164639,0.8944227863295342,-0.01647272164933078,0.9669037809700132,St5,FALSE,FALSE,FALSE,FALSE,0.07423184947916568,FALSE,FALSE,0.019272668990303554
Nt5dc3,-0.18617082209780644,0.301921871997801,0.0182160196066965,0.9336308428985952,-0.018298253633270534,0.9563710440849194,Nt5dc3,FALSE,FALSE,FALSE,FALSE,0.07422836511259116,FALSE,FALSE,0.019271726861142223
Snx27,-0.01141550147133863,0.9419046699258127,0.07729203321137756,0.5880432490339391,0.13392796234215965,0.45733891190486914,Snx27,FALSE,FALSE,FALSE,FALSE,0.07421183234162528,FALSE,FALSE,0.019267256606560375
Prdm10,0.1176093544606327,0.551157732663466,-0.016699234633955395,0.9438439721079032,0.08823203387454415,0.7588031833465186,Prdm10,FALSE,FALSE,FALSE,FALSE,0.07418020765637741,FALSE,FALSE,0.019258705687030888
Usp35,-0.07609814493638822,0.6902811053474862,0.04092937926142515,0.8455479166760225,0.10543846297769566,0.6851470861266241,Usp35,FALSE,FALSE,FALSE,FALSE,0.07415532905850301,FALSE,FALSE,0.019251978825189794
Clasp1,-0.13386661057267002,0.2533127947829412,-0.05113524317310958,0.7052268006033512,-0.037440431965733545,0.8487941233651061,Clasp1,FALSE,FALSE,FALSE,FALSE,0.07414742857050438,FALSE,FALSE,0.0192498426320043
Eepd1,0.055508626926421556,0.9119504417316059,0.06266919816187322,0.8987263648373043,0.1042163190337031,0.8800124098189297,Eepd1,FALSE,FALSE,FALSE,FALSE,0.07413138137399929,FALSE,FALSE,0.019245503670686157
Dusp18,0.04500513679873741,0.8203789004607346,-0.08217113522393227,0.6837083925720128,0.09513505903432495,0.7191655808747585,Dusp18,FALSE,FALSE,FALSE,FALSE,0.07410377701899822,FALSE,FALSE,0.01923803979819454
H2afz,0.043971935746372814,0.8002292433634673,-0.0673538611512674,0.7076198515349987,-0.11094874877457706,0.6300148634601094,H2afz,FALSE,FALSE,FALSE,FALSE,0.07409151522407242,FALSE,FALSE,0.01923472436213958
A830019P07Rik,0.1986310620046594,0.5979609851839899,0.003946745669348495,0.9924672529996393,-0.019686568515894454,0.9767236837449109,A830019P07Rik,FALSE,FALSE,FALSE,FALSE,0.07408812539663412,FALSE,FALSE,0.019233807795178783
Metap1,-0.03642190395948397,0.8508666404864131,0.17375277119191423,0.3432466497682666,0.012052800482960535,0.9699521455828801,Metap1,FALSE,FALSE,FALSE,FALSE,0.07407582521145291,FALSE,FALSE,0.0192304819788787
Gpr68,-0.060451192604485504,0.9134797496178544,0.1125014694342974,0.8323758451646125,0.04923148788974441,0.9527816940550564,Gpr68,FALSE,FALSE,FALSE,FALSE,0.07406138330950911,FALSE,FALSE,0.01922657706914106
Osbpl9,-0.07029546526071062,0.5913553287522196,0.050642961520369845,0.7252764250768355,-0.10111930323842788,0.579053990186208,Osbpl9,FALSE,FALSE,FALSE,FALSE,0.07401924333983612,FALSE,FALSE,0.01921518294816169
Vcpkmt,0.023127708434587557,0.9366194036028941,-0.00774915511052221,0.9797622326968487,-0.19115261954991647,0.5869831066754727,Vcpkmt,FALSE,FALSE,FALSE,FALSE,0.07400982769834208,FALSE,FALSE,0.019212637076412988
Pcgf6,-0.1399332863842404,0.5870692178536252,0.05704308079320697,0.8379475336311463,0.024981054593937735,0.9543791118471946,Pcgf6,FALSE,FALSE,FALSE,FALSE,0.07398580725712837,FALSE,FALSE,0.01920614224940455
Adamts17,-0.08891494390642096,0.7659059707009048,0.13095634423331415,0.6485109294190453,-0.0020279477888882624,0.9958136259774507,Adamts17,FALSE,FALSE,FALSE,FALSE,0.07396641197620779,FALSE,FALSE,0.019200898007917123
Prdm2,-0.05821594016526088,0.7336575514641449,0.08618510325873441,0.6242292361161936,0.07736532845055955,0.7480324067598075,Prdm2,FALSE,FALSE,FALSE,FALSE,0.07392212395818494,FALSE,FALSE,0.01918892308151815
Igsf9b,-0.04861774241351302,0.8296658869355987,0.137649728183022,0.5290691237607726,0.03549124240591617,0.9221049149128229,Igsf9b,FALSE,FALSE,FALSE,FALSE,0.07391957100081707,FALSE,FALSE,0.01918823279376212
Abca8b,0.030876702858699367,0.8554627772228124,-0.037830093349907834,0.8345360084605521,0.1530032881770298,0.473163377575771,Abca8b,FALSE,FALSE,FALSE,FALSE,0.073903361461879,FALSE,FALSE,0.019183849937079653
Ttc12,-0.032117917387570305,0.9081630137162336,-0.03423974565680865,0.9016582790950002,0.15530171730760056,0.636280606630473,Ttc12,FALSE,FALSE,FALSE,FALSE,0.07388646011732651,FALSE,FALSE,0.019179280024807777
Egln1,0.007891750788548535,0.9625601396656366,-0.15218876186549135,0.31151096841603854,-0.06154326747391714,0.7778034294198124,Egln1,FALSE,FALSE,FALSE,FALSE,0.07387459337598568,FALSE,FALSE,0.01917607140630336
Dvl1,-0.16261831513423708,0.1955492077558948,-0.03428766234195724,0.8179138458930526,0.024684944151940336,0.9096517207354082,Dvl1,FALSE,FALSE,FALSE,FALSE,0.07386364054271155,FALSE,FALSE,0.019173109897114796
0610009B22Rik,0.07476321389017748,0.6806499636468527,0.08191857535133273,0.6669891299989024,-0.06481142576764043,0.8105923680374634,0610009B22Rik,FALSE,FALSE,FALSE,FALSE,0.07383107166971688,FALSE,FALSE,0.0191643036810225
Nudt7,-0.01993131863004205,0.9397256511729748,-0.08456129375499843,0.7317811736495726,-0.11699682158694458,0.7190754103339823,Nudt7,FALSE,FALSE,FALSE,FALSE,0.07382981132399502,FALSE,FALSE,0.01916396289929574
Osbpl10,0.09010785481862094,0.74318065565272,-0.12398152507944049,0.6657896739389066,0.007328494553990872,0.9867010881791168,Osbpl10,FALSE,FALSE,FALSE,FALSE,0.0738059581506841,FALSE,FALSE,0.019157513299437087
A930006K02Rik,0.11838609516548249,0.7542156686817975,-0.0795658981127142,0.8479305167365796,0.023457619413410846,0.9702827424909112,A930006K02Rik,FALSE,FALSE,FALSE,FALSE,0.07380320423053584,FALSE,FALSE,0.019156768673857613
Scp2,0.14974757735000388,0.30951522499977985,0.058357095722445074,0.732981535642028,-0.013163671367961705,0.964262994218673,Scp2,FALSE,FALSE,FALSE,FALSE,0.07375611481347022,FALSE,FALSE,0.019144036284179655
Spop,-0.049489638026149585,0.691509929450943,-0.08767152069193429,0.4901133674803889,-0.08410644493415287,0.6233849736559339,Spop,FALSE,FALSE,FALSE,FALSE,0.07375586788407891,FALSE,FALSE,0.019143969517559277
Tango2,-0.10265868747047646,0.7474345255893317,-0.006582996744227909,0.9848019905188304,0.11200705171966874,0.7988200690067017,Tango2,FALSE,FALSE,FALSE,FALSE,0.07374957864479104,FALSE,FALSE,0.019142268985881863
1810030O07Rik,-9.954449675095844e-4,0.9945441711530738,-0.0691421662582572,0.6253900233874495,-0.15104664646079335,0.39379077406145113,1810030O07Rik,FALSE,FALSE,FALSE,FALSE,0.07372808589552005,FALSE,FALSE,0.01913645761517435
Pygo2,-0.14570132290993154,0.30513087461201577,-0.07529298877135204,0.6336050114343413,7.742963377133094e-5,0.9997319263026808,Pygo2,FALSE,FALSE,FALSE,FALSE,0.07369058043835164,FALSE,FALSE,0.019126316608437048
H2-T22,0.09665893316111696,0.5935202579645704,-0.12028400730581801,0.5259535364354151,0.0041214720198254895,0.9894104490465868,H2-T22,FALSE,FALSE,FALSE,FALSE,0.07368813749558682,FALSE,FALSE,0.019125656067254318
Maml3,-0.11187535147077998,0.4665690981097021,0.062493132836293874,0.7134848990583688,0.046681703592669876,0.8508219785528894,Maml3,FALSE,FALSE,FALSE,FALSE,0.07368339596658124,FALSE,FALSE,0.019124374017088264
Tmem131l,-0.08884665528529023,0.685897297996079,-0.022692632337708574,0.9275038773048898,-0.10916925154632384,0.7246051110730207,Tmem131l,FALSE,FALSE,FALSE,FALSE,0.07356951305644088,FALSE,FALSE,0.019093581501913436
Kif1c,-0.057652969326157155,0.6925227140034008,-0.1578948416353967,0.28054639386272384,-0.00512336555169135,0.9830524834077203,Kif1c,FALSE,FALSE,FALSE,FALSE,0.07355705883774839,FALSE,FALSE,0.01909021403687758
Ganc,-0.13785395076715012,0.39713521477109387,-0.06466322905288813,0.7237559986096994,-0.018085747829417187,0.9515620989493591,Ganc,FALSE,FALSE,FALSE,FALSE,0.07353430921648514,FALSE,FALSE,0.019084062823696367
Gm45495,0.17922088243186995,0.5254674496637145,0.04014206575156054,0.9024163371076286,0.001130499426101439,0.997766082285734,Gm45495,FALSE,FALSE,FALSE,FALSE,0.07349781586984398,FALSE,FALSE,0.019074195478992556
Hypk,0.1305061166167052,0.7952075758604162,-0.011039351988877844,0.9846915681068356,-0.07884958475959936,0.9232097857035996,Hypk,FALSE,FALSE,FALSE,FALSE,0.07346501778839414,FALSE,FALSE,0.019065327287799468
Parp12,-0.010145070106757359,0.9568626152808558,-0.14057134983760733,0.40729221481030026,0.06955820801903201,0.7749891809461196,Parp12,FALSE,FALSE,FALSE,FALSE,0.0734248759877989,FALSE,FALSE,0.01905447344675826
Bin1,-0.16355951775496091,0.28063095609002053,-0.018355487555868244,0.91991979524123,-0.03830853607085949,0.8801787152638286,Bin1,FALSE,FALSE,FALSE,FALSE,0.07340784712722954,FALSE,FALSE,0.019049869055749586
Fam3c,0.13878608637022705,0.27538648406766125,0.05806485839158437,0.6934564629311302,-0.023125464161844356,0.9210807429513717,Fam3c,FALSE,FALSE,FALSE,FALSE,0.0733254696412186,FALSE,FALSE,0.01902759521338878
Daam1,0.16424503544619284,0.28007482840002856,0.02981027968367922,0.8723102057566291,-0.0258805509614346,0.9260668732862938,Daam1,FALSE,FALSE,FALSE,FALSE,0.07331195536376889,FALSE,FALSE,0.019023941121717482
F2r,-0.06098564783295313,0.7423126995069955,0.10756720849382706,0.5540398345052084,-0.05130588916800338,0.8537132223151842,F2r,FALSE,FALSE,FALSE,FALSE,0.0732862484982612,FALSE,FALSE,0.019016990306663078
Nek3,-0.1374074666408991,0.6625919973035547,-0.04881529163446663,0.8874806215289917,-0.033595827288746216,0.9490386880259917,Nek3,FALSE,FALSE,FALSE,FALSE,0.07327286185470398,FALSE,FALSE,0.019013370725600675
Rtkn,-0.01555861139768,0.969828492479467,-0.07670166408043566,0.8456708399892788,-0.1275280977760307,0.8083932338655838,Rtkn,FALSE,FALSE,FALSE,FALSE,0.07326279108471545,FALSE,FALSE,0.019010647715297268
Elavl4,-0.07942286405857191,0.8058015504921532,0.04082843216771748,0.902830054765473,0.09932190055383439,0.8210777185923199,Elavl4,FALSE,FALSE,FALSE,FALSE,0.07319106559337459,FALSE,FALSE,0.018991254039127478
Sephs1,0.08846649024007913,0.4777697312067421,0.08921905885995507,0.4965066317905774,0.04176421665187302,0.8328401526503639,Sephs1,FALSE,FALSE,FALSE,FALSE,0.07314992191730241,FALSE,FALSE,0.018980129303482425
Usp4,-0.07427809432863697,0.5533641960164156,-0.05508117653247879,0.6917623671992367,-0.09007782299621958,0.6098255682300903,Usp4,FALSE,FALSE,FALSE,FALSE,0.07314569795244512,FALSE,FALSE,0.01897898719619165
Prmt3,0.052455445284224744,0.8480000161728518,0.03828654875531701,0.8944227863295342,-0.1286377494060984,0.7267751495240273,Prmt3,FALSE,FALSE,FALSE,FALSE,0.07312658114854671,FALSE,FALSE,0.01897381825140959
Rorc,-0.176610877893995,0.4156598504641582,-0.037989065360316765,0.8809877687062058,0.004652925216214854,0.9901796608639275,Rorc,FALSE,FALSE,FALSE,FALSE,0.07308428949017554,FALSE,FALSE,0.01896238311570259
Btbd8,0.0028941965937008263,0.989234037391622,0.02957913270501944,0.8988135904205636,-0.18674470504893304,0.4961436263143937,Btbd8,FALSE,FALSE,FALSE,FALSE,0.07307267811588443,FALSE,FALSE,0.0189592435452559
Uhmk1,0.06238273594082333,0.6097792584682673,0.10020705915510586,0.4261688490180049,0.056443685915813724,0.7532323228074294,Uhmk1,FALSE,FALSE,FALSE,FALSE,0.07301116033724764,FALSE,FALSE,0.018942609906987786
Eid2,0.1306410104931235,0.36930913738464866,0.014795467111881067,0.93429209982123,0.07354147446952641,0.7376116363550428,Eid2,FALSE,FALSE,FALSE,FALSE,0.07299265069151033,FALSE,FALSE,0.01893760513018199
Ube2z,-0.08090967651099401,0.5129112840015371,-0.04280378972207899,0.7615796780205838,-0.09511888124582413,0.587411566028861,Ube2z,FALSE,FALSE,FALSE,FALSE,0.07294411582629905,FALSE,FALSE,0.018924481909395968
Ube3b,-0.14952166911737397,0.30433846300370665,0.016223448159403908,0.92698043760186,0.05307421190045236,0.8171979380423273,Ube3b,FALSE,FALSE,FALSE,FALSE,0.07293977639241007,FALSE,FALSE,0.018923308580722584
Nars,-0.007312883582595298,0.9634162272061048,-0.11210106698307065,0.4409469485736885,-0.0993280258524285,0.6140787433215946,Nars,FALSE,FALSE,FALSE,FALSE,0.07291399213936482,FALSE,FALSE,0.0189163368410455
Cdyl,-0.06249137869079657,0.7032049840150372,-0.1502085835135616,0.3520224686960751,-0.006039152127845782,0.981872477972119,Cdyl,FALSE,FALSE,FALSE,FALSE,0.07291303811073464,FALSE,FALSE,0.018916078883630852
Atrnl1,0.07723842265018543,0.5379983918824885,0.019591913312293485,0.894002794781302,0.12182662952780898,0.4761821706314977,Atrnl1,FALSE,FALSE,FALSE,FALSE,0.0728856551634293,FALSE,FALSE,0.018908674877012196
Gtf3c4,-0.05327006824778113,0.7182621724922187,-0.03798130841318059,0.8165610232210896,-0.12723776878894544,0.5123467424997246,Gtf3c4,FALSE,FALSE,FALSE,FALSE,0.07282971514996905,FALSE,FALSE,0.01889354939671641
Wdr7,0.1944595905579023,0.12653909679584624,-0.019330561466998297,0.8988135904205636,0.004557950648136355,0.9836445235805953,Wdr7,FALSE,FALSE,FALSE,FALSE,0.07278270089101231,FALSE,FALSE,0.01888083732885149
Tceal1,-0.05755348616038258,0.6910545464250725,0.053366800083895605,0.7261244401021945,-0.10728449023631725,0.5804595639073211,Tceal1,FALSE,FALSE,FALSE,FALSE,0.07273492549353182,FALSE,FALSE,0.018867919458645254
Xpo6,-0.12047009421897581,0.39717613569221444,-0.05536560999438933,0.7346853472098411,-0.042331895002226894,0.8593581337844931,Xpo6,FALSE,FALSE,FALSE,FALSE,0.072722533071864,FALSE,FALSE,0.018864568702752306
Zfp622,-0.17304208796429954,0.30711130485722765,-0.018493206746782676,0.9286917051913672,-0.02654527453271438,0.9307249095541381,Zfp622,FALSE,FALSE,FALSE,FALSE,0.07269352308126553,FALSE,FALSE,0.01885672476396795
Gprasp2,-0.06401381317659904,0.6560137404052379,0.12496048151212324,0.3949640578386419,0.029101816921349943,0.9038261855921822,Gprasp2,FALSE,FALSE,FALSE,FALSE,0.07269203720335742,FALSE,FALSE,0.018856323001157558
Pnp,0.1720009211843596,0.3393124207129927,0.045800736854542556,0.8307541997731028,2.619226205480274e-4,0.9992179048642996,Pnp,FALSE,FALSE,FALSE,FALSE,0.07268786021981673,FALSE,FALSE,0.018855193597027448
Rab29,0.014891391835891943,0.9727608137041912,0.0827806747086024,0.8397838035309745,0.12036154269144017,0.8264706095534117,Rab29,FALSE,FALSE,FALSE,FALSE,0.0726778697453115,FALSE,FALSE,0.0188524922976189
Cnot9,0.05472711397858809,0.6816034332634318,0.10709921003364897,0.41795480505646054,-0.0561079210867268,0.7712035767092684,Cnot9,FALSE,FALSE,FALSE,FALSE,0.07264474836632129,FALSE,FALSE,0.018843536690812658
Ednra,-0.04622369423833339,0.8555775607601879,0.034002996438633026,0.8970265825145749,-0.1376377229119412,0.6747720848864652,Ednra,FALSE,FALSE,FALSE,FALSE,0.07262147119630254,FALSE,FALSE,0.018837242835043202
Psmd1,0.017928568600399153,0.9027759943382025,-0.04909279988836346,0.7342997262283991,-0.15078208851640618,0.38949692585155926,Psmd1,FALSE,FALSE,FALSE,FALSE,0.07260115233505626,FALSE,FALSE,0.01883174886898201
Hmgcl,-0.029262033338620874,0.8731476256321876,-0.13567422684335284,0.42668992667471567,-0.05285578941171609,0.8384720045003939,Hmgcl,FALSE,FALSE,FALSE,FALSE,0.07259734986456327,FALSE,FALSE,0.018830720728497955
Gm43672,0.0621724989416812,0.8665430654440232,0.031116373908455897,0.9376324836556821,0.12444489102860978,0.8010451795751099,Gm43672,FALSE,FALSE,FALSE,FALSE,0.07257792129291563,FALSE,FALSE,0.018825467485614117
Kctd5,-0.058598962015472544,0.7838533636852714,-0.07171670729252488,0.7431477299266223,0.08737782343186318,0.7617236112997624,Kctd5,FALSE,FALSE,FALSE,FALSE,0.07256449757995354,FALSE,FALSE,0.018821837881448065
Mcmbp,8.828150298922921e-4,0.9960088051804262,0.09140724815327239,0.5884121068211401,0.12537446641693872,0.5677601006348911,Mcmbp,FALSE,FALSE,FALSE,FALSE,0.07255484320003447,FALSE,FALSE,0.018819227457813868
Hdhd5,-0.013031355129322186,0.9598640230896464,0.03744216369681119,0.8828655505759795,0.16714864008772157,0.5732538720885044,Hdhd5,FALSE,FALSE,FALSE,FALSE,0.07254071963795165,FALSE,FALSE,0.01881540862319486
Sirt4,0.07909039054391798,0.8181660285245004,-0.05366295666427767,0.8846871985831486,0.0848103464875436,0.8667306917353391,Sirt4,FALSE,FALSE,FALSE,FALSE,0.07252123123191308,FALSE,FALSE,0.018810139201839746
Vwde,0.21251573591532047,0.39669201531336706,0.004904395233007897,0.9867760975156019,8.65805084391269e-5,0.9998165589811707,Vwde,FALSE,FALSE,FALSE,FALSE,0.0725022372189225,FALSE,FALSE,0.01880500345818407
Rasl10b,-0.03837316962585824,0.8554658125220669,-0.017940349470673134,0.938713551068722,0.16117421456729986,0.541217482229437,Rasl10b,FALSE,FALSE,FALSE,FALSE,0.07249591122127708,FALSE,FALSE,0.018803292987506312
Gm37464,-0.11574073510348794,0.8917757877458959,-0.09278447233259143,0.9153946180281364,0.008913673452118739,0.9942437822308332,Gm37464,FALSE,FALSE,FALSE,FALSE,0.0724796269627327,FALSE,FALSE,0.01879888992757642
Dlc1,-0.13958513966840957,0.3773893286815434,-0.020921599431104276,0.9121719621755388,-0.05685136143819136,0.8196471740262548,Dlc1,FALSE,FALSE,FALSE,FALSE,0.07245270017923507,FALSE,FALSE,0.018791609261948554
Clec2l,0.045081224756372884,0.9348517036292132,-0.0410092299309649,0.9425191658941877,0.13116205814149207,0.8591382897520142,Clec2l,FALSE,FALSE,FALSE,FALSE,0.07241750427627662,FALSE,FALSE,0.01878209272979633
Selenoi,0.08874056596112023,0.5787877533936036,0.07152332354464352,0.6846139702257068,-0.0569751113088639,0.8171979380423273,Selenoi,FALSE,FALSE,FALSE,FALSE,0.07241300027154256,FALSE,FALSE,0.018780874903223842
Ctns,-0.08767681380191839,0.7538524443183404,-0.07132588392261452,0.8109287237640898,0.05819908352599601,0.8910329044496753,Ctns,FALSE,FALSE,FALSE,FALSE,0.07240059375017631,FALSE,FALSE,0.018777520334948707
Fdps,-0.03647632606922213,0.9437458133092936,-0.14576553722235486,0.7657765098525056,-0.03492803617860274,0.9661443300099136,Fdps,FALSE,FALSE,FALSE,FALSE,0.07238996649005991,FALSE,FALSE,0.018774646856671785
Mknk1,-0.06522444421723472,0.7787230153399615,0.022634547548574968,0.9274982901201057,0.1291352010851745,0.6579621336754808,Mknk1,FALSE,FALSE,FALSE,FALSE,0.07233139761699474,FALSE,FALSE,0.018758810565603974
Ubxn10,-0.05348821559133743,0.8315415952589439,-0.061735180976539183,0.8144427165750446,-0.10167963870282737,0.7669696688057195,Ubxn10,FALSE,FALSE,FALSE,FALSE,0.07230101175690133,FALSE,FALSE,0.018750594608908863
Ipo8,0.10322079048549426,0.3506064866644667,0.05312565851092632,0.6747216537855446,0.06040209394672136,0.7197940811638653,Ipo8,FALSE,FALSE,FALSE,FALSE,0.07224951431438065,FALSE,FALSE,0.01873667034425556
C130036L24Rik,-0.03115144745389531,0.9446168079650545,-0.18431223883327608,0.6606938866920491,0.0012543665857709385,0.9980220842750429,C130036L24Rik,FALSE,FALSE,FALSE,FALSE,0.07223935095764744,FALSE,FALSE,0.01873392229965388
Xrcc3,0.13930537156415235,0.643066986150615,0.06984620802255592,0.834338038486935,-0.007414053995076442,0.98816385056721745,Xrcc3,FALSE,FALSE,FALSE,FALSE,0.072188544527261575,FALSE,FALSE,0.01872018487604302
AW011738,-0.040881984178085196,0.9279044909612116,0.004865075251284212,0.9907342976464008,-0.17081176505327134,0.7701503375639964,AW011738,FALSE,FALSE,FALSE,FALSE,0.07218627482754691,FALSE,FALSE,0.018719571177615225
Creg1,-0.0036174355386684454,0.981541825271959,-0.13313743422959856,0.35513512251683,-0.07977077497995211,0.6892363994820608,Creg1,FALSE,FALSE,FALSE,FALSE,0.07217521491607304,FALSE,FALSE,0.018716580715820108
Bicd2,-0.14199133323458213,0.4253678534819568,-0.050612576150597555,0.8081420796178124,0.02391459065815571,0.9401978230813419,Bicd2,FALSE,FALSE,FALSE,FALSE,0.07217283334777846,FALSE,FALSE,0.018715936769526847
Map3k3,-0.06897379667076375,0.6630145859356095,-0.11308509452784499,0.48160413690977955,0.03414966104053363,0.8933521959354477,Map3k3,FALSE,FALSE,FALSE,FALSE,0.07206951741304746,FALSE,FALSE,0.018688001432397815
Nit1,-0.09596134107288457,0.5146194980287969,-0.05491929334856405,0.7350972491709488,-0.0653242821991391,0.7653252545782867,Nit1,FALSE,FALSE,FALSE,FALSE,0.0720683055401959,FALSE,FALSE,0.018687673757129195
Ttl,-0.10043928910804834,0.5774807542151125,-0.08028150764181419,0.6782103830841647,0.035479279996501134,0.9041100524624835,Ttl,FALSE,FALSE,FALSE,FALSE,0.07206669224878788,FALSE,FALSE,0.018687237543301313
Ubap2,-0.1172716883088567,0.6002368799231776,-0.06284560288474328,0.8015117390183122,-0.036059961630684256,0.9246932735739727,Ubap2,FALSE,FALSE,FALSE,FALSE,0.07205908427476142,FALSE,FALSE,0.018685180442236975
Mapre3,-0.10647803847596471,0.6283943157874712,-0.08891259804808538,0.7060409460715794,0.02078501543375033,0.9574275611242766,Mapre3,FALSE,FALSE,FALSE,FALSE,0.07205855065260014,FALSE,FALSE,0.018685036157475736
Cdc23,-0.034633801622264926,0.7773470525863811,-0.08044959393641626,0.5068726020531586,-0.10108439208333664,0.5246809240532646,Cdc23,FALSE,FALSE,FALSE,FALSE,0.07205592921400594,FALSE,FALSE,0.018684327353252237
Pla2g12a,0.09899715145442922,0.5316697820048768,-0.00754984989270735,0.9692450412103495,-0.10956118676734139,0.6277854660540501,Pla2g12a,FALSE,FALSE,FALSE,FALSE,0.07203606270482599,FALSE,FALSE,0.018678955697534617
Prdx4,-0.07701758425738614,0.5325762207893255,-0.021344991022695048,0.8830896295233063,-0.11764996196981592,0.4867810437672348,Prdx4,FALSE,FALSE,FALSE,FALSE,0.07200417908329904,FALSE,FALSE,0.018670334764872402
Gan,-0.09132233263018019,0.5598417213152777,-0.12074646604822448,0.4531625813144979,0.003931746683508486,0.988120843995933,Gan,FALSE,FALSE,FALSE,FALSE,0.07200018178730438,FALSE,FALSE,0.018669253946008345
Oat,-0.02167901419778051,0.8948015099217066,-0.10227446118169947,0.5068726020531586,-0.09202474678169992,0.6584919313265595,Oat,FALSE,FALSE,FALSE,FALSE,0.0719927407203933,FALSE,FALSE,0.018667241974541386
Clcn4,0.04694868963635557,0.7586031100458764,0.062443209397719635,0.6976517582530983,-0.10656351261496955,0.6001027361962538,Clcn4,FALSE,FALSE,FALSE,FALSE,0.07198513721634825,FALSE,FALSE,0.018665186082104143
Dennd4c,0.07532563339498033,0.52268841400795,0.08586685471567357,0.4909885333434505,0.05466516895902185,0.7582240485376639,Dennd4c,FALSE,FALSE,FALSE,FALSE,0.07195255235655858,FALSE,FALSE,0.01865637554338234
Acad11,0.09095586843968917,0.5650777024928945,-0.015476797957636457,0.9344247071410862,-0.10938546619486633,0.623850596411069,Acad11,FALSE,FALSE,FALSE,FALSE,0.07193937753073065,FALSE,FALSE,0.018652813235185858
Spidr,-0.09403809141155017,0.6489072887824668,0.03706823296502826,0.8713846008276066,-0.08462190301344386,0.7766266496155502,Spidr,FALSE,FALSE,FALSE,FALSE,0.07190940913000743,FALSE,FALSE,0.018644710154285503
Insig1,0.10970434440502341,0.49438128547223886,-0.08603584963402078,0.6255959428168012,-0.0199653131382016,0.9456608272272778,Insig1,FALSE,FALSE,FALSE,FALSE,0.0719018357257486,FALSE,FALSE,0.018642662400454153
Sec24d,0.16234629128484546,0.4145798578135388,0.03000604570677723,0.8999761075087186,-0.023344557890885298,0.9496475928111093,Sec24d,FALSE,FALSE,FALSE,FALSE,0.07189896496083599,FALSE,FALSE,0.018641886181511153
Ube2j1,0.07965534457708134,0.6172059053906467,0.12374831235001782,0.45132903775132815,0.012071534848860921,0.9676362926815323,Ube2j1,FALSE,FALSE,FALSE,FALSE,0.07182506392532002,FALSE,FALSE,0.01862190426539436
Cstf2,0.085148645506961,0.5740004171616081,-0.01116602761560781,0.9519017744519109,-0.11908208673943221,0.5732538720885044,Cstf2,FALSE,FALSE,FALSE,FALSE,0.07179891995400034,FALSE,FALSE,0.01861483526239295
Dnajc9,0.03567841099049218,0.7896924805319827,-0.085679984507677,0.5160626214823194,-0.09397150425908496,0.5934967446525026,Dnajc9,FALSE,FALSE,FALSE,FALSE,0.07177663325241805,FALSE,FALSE,0.0186088092169062
Ints13,0.09777383596158806,0.47744164520628685,0.03687793855325783,0.8189871266111127,-0.08056465188019768,0.6878318863330061,Ints13,FALSE,FALSE,FALSE,FALSE,0.07173880879834786,FALSE,FALSE,0.01859858195739465
Prps1,-0.03354038155730166,0.8764879735312219,0.13162235941817446,0.514420669654175,-0.05004782254333051,0.8748433176847077,Prps1,FALSE,FALSE,FALSE,FALSE,0.07173685450626888,FALSE,FALSE,0.018598053541248417
Tmem80,-0.09166361292435177,0.6943990874872813,-0.12144648656916335,0.6085111421455492,-0.002098821484151081,0.9952498433524929,Tmem80,FALSE,FALSE,FALSE,FALSE,0.0717363069925554,FALSE,FALSE,0.01859790550038513
Msl1,0.003075556834613913,0.9836700194708712,-0.1288427269139376,0.36304067902846404,-0.08323626633794046,0.6692229348201579,Msl1,FALSE,FALSE,FALSE,FALSE,0.071718183362164,FALSE,FALSE,0.018593005097303033
Epm2a,-0.05965589016389039,0.7751883192467172,-0.14641894189348204,0.4717875814150986,-0.009047089199107461,0.9789230486429811,Epm2a,FALSE,FALSE,FALSE,FALSE,0.07170730708549329,FALSE,FALSE,0.01859006428806295
Stx5a,0.028319783070365645,0.8353269152008503,0.08857901578226812,0.5000776813556073,0.09817272524893994,0.574730424264244,Stx5a,FALSE,FALSE,FALSE,FALSE,0.0716905080338579,FALSE,FALSE,0.01858552203451702
Klhl42,-0.03456521656671807,0.7827385375373999,0.0907241424901084,0.4609171531929044,-0.08973911603484908,0.587411566028861,Klhl42,FALSE,FALSE,FALSE,FALSE,0.07167615836389185,FALSE,FALSE,0.01858164206315311
Gsr,-0.05256124315861488,0.6948185346967538,-0.10914109143715223,0.4126787306671974,0.05317634929852311,0.7822361756485404,Gsr,FALSE,FALSE,FALSE,FALSE,0.07162622796476341,FALSE,FALSE,0.0185681415074424
Lancl3,0.11228806881933484,0.8064998374650886,-0.0023739689089345983,0.995720636624395,-0.10016871750501144,0.8865907135993456,Lancl3,FALSE,FALSE,FALSE,FALSE,0.07161025174442696,FALSE,FALSE,0.01856382173719294
Mfsd4b4,0.08169308490630334,0.6857543068398351,-0.044595351200534594,0.8425007261409254,0.08853083088722169,0.7539093449247014,Mfsd4b4,FALSE,FALSE,FALSE,FALSE,0.07160642233135321,FALSE,FALSE,0.018562786311771873
Kdm3b,-0.12125869079330087,0.3969402002454707,-0.04090092879288321,0.8100615771167714,0.05260314876125349,0.8171979380423273,Kdm3b,FALSE,FALSE,FALSE,FALSE,0.07158758944914585,FALSE,FALSE,0.018557694135865575
Scarb1,0.19255737499725667,0.33244746322683316,-0.012714265242530942,0.95945827115141,-0.009370593291759377,0.9796566663681241,Scarb1,FALSE,FALSE,FALSE,FALSE,0.07154741117718233,FALSE,FALSE,0.018546830433422336
Sqle,-0.015275885372515674,0.934047087794614,-0.0454833942084516,0.8034268589848208,-0.1538271709993113,0.4815667204477075,Sqle,FALSE,FALSE,FALSE,FALSE,0.07152881686009287,FALSE,FALSE,0.018541802762541453
Rheb,-0.020588921665608773,0.9280098964440857,0.1502914154073549,0.4724255533231972,-0.0435823318972659,0.8975717799593478,Rheb,FALSE,FALSE,FALSE,FALSE,0.07148755632340986,FALSE,FALSE,0.018530646429248187
Tmem181a,0.010542377026806271,0.9551721912568223,-0.18869491447097886,0.26775846962328603,0.015212095556500493,0.9594893328008371,Tmem181a,FALSE,FALSE,FALSE,FALSE,0.07148312901809521,FALSE,FALSE,0.01852944934123984
Tlcd1,0.12464745370840213,0.6602695957228838,-0.0588660977002069,0.8538550504410823,-0.030824442794841866,0.9504892550510045,Tlcd1,FALSE,FALSE,FALSE,FALSE,0.07144599806781697,FALSE,FALSE,0.018519409596483672
Ccdc59,0.06510288635954087,0.7239971248726869,0.1433817919749938,0.4230665736848034,-0.005734577167971544,0.9846387994955024,Ccdc59,FALSE,FALSE,FALSE,FALSE,0.0714064185008354,FALSE,FALSE,0.01850870777638274
Dlg1,0.1200079937758387,0.2611232236616501,0.040155386410554605,0.7473484018944525,0.054052564465962405,0.7428585502300306,Dlg1,FALSE,FALSE,FALSE,FALSE,0.07140531488411857,FALSE,FALSE,0.018508409372219564
Zfp658,-0.0268553126232014,0.9292697860078869,0.08914182293139206,0.7585606943084089,0.09814880882184607,0.8034181599254954,Zfp658,FALSE,FALSE,FALSE,FALSE,0.07138198145881318,FALSE,FALSE,0.018502100305723884
Dnajc2,-0.0035113848669334757,0.9834446615827546,0.18715930357770016,0.2255409015418172,0.023462448680152015,0.9283896130089764,Dnajc2,FALSE,FALSE,FALSE,FALSE,0.07137771237492856,FALSE,FALSE,0.01850094599881218
Akap7,-0.09963611285174778,0.4831848480263123,-0.03766909608836411,0.818455870418655,-0.07669753687474756,0.7104396828307731,Akap7,FALSE,FALSE,FALSE,FALSE,0.07133424860495315,FALSE,FALSE,0.018489193938780756
Adamts3,0.03509767166777866,0.9392720927137805,-0.1580383619753848,0.7173266330104309,0.020826261962143988,0.9761657850122093,Adamts3,FALSE,FALSE,FALSE,FALSE,0.07132076520176915,FALSE,FALSE,0.018485548195124928
Zfp111,0.06818172827425784,0.6357926198478648,0.0837289513626569,0.5745971953298044,0.062049859505298066,0.7675213284993209,Zfp111,FALSE,FALSE,FALSE,FALSE,0.07132017971407094,FALSE,FALSE,0.01848538988657091
Rsph3a,0.01979083577516283,0.927507765240409,-0.1306116975547984,0.5106488819404537,-0.0635245647623659,0.827847203565216,Rsph3a,FALSE,FALSE,FALSE,FALSE,0.07130903269744238,FALSE,FALSE,0.01848237587263092
Fam120b,-0.026634332043485642,0.8508257174858901,0.15340945994182942,0.258606032022275,0.03375264509517262,0.8751231465881555,Fam120b,FALSE,FALSE,FALSE,FALSE,0.07126547902682923,FALSE,FALSE,0.01847059950459096
Rai2,0.041793100862050014,0.8364929547003073,-0.06254084658944237,0.7622017209520391,-0.10933555522622473,0.6779313885590653,Rai2,FALSE,FALSE,FALSE,FALSE,0.07122316755923903,FALSE,FALSE,0.018459159012718787
Zfp27,0.0916051020035189,0.528975664292093,0.09594000239060474,0.5309661909966282,-0.026105398651352196,0.9174552266704465,Zfp27,FALSE,FALSE,FALSE,FALSE,0.07121683434849195,FALSE,FALSE,0.018457446591708518
Dixdc1,0.1574102685817853,0.5465007568644096,-0.0034176913300125733,0.9904971096551608,0.052791325493814156,0.9041100524624835,Dixdc1,FALSE,FALSE,FALSE,FALSE,0.07120642846853735,FALSE,FALSE,0.018454632971859723
Ss18l2,0.092217471203484,0.6344289430634305,0.021657531432455635,0.9226556392504058,-0.09970819293955424,0.7197940811638653,Ss18l2,FALSE,FALSE,FALSE,FALSE,0.07119439852516463,FALSE,FALSE,0.01845138022556618
Ccdc51,0.021990562930728874,0.9275133418882343,-0.038843696746240663,0.8727258611190082,-0.1527473851931176,0.60351082939343,Ccdc51,FALSE,FALSE,FALSE,FALSE,0.07119388162336238,FALSE,FALSE,0.01845124046178099
Rnf144b,-0.031053937955713984,0.9213900401307209,-0.1519862825002063,0.6014181023355679,0.03053642836541881,0.9483484866036571,Rnf144b,FALSE,FALSE,FALSE,FALSE,0.0711922162737797,FALSE,FALSE,0.018450790172073493
Zfp108,0.07809276964156142,0.6384414773761957,-0.00256770364875214,0.9883276593344674,-0.13259969025968532,0.5572624935729553,Zfp108,FALSE,FALSE,FALSE,FALSE,0.07108672118333297,FALSE,FALSE,0.018422265618482026
Toe1,-0.1594989172428143,0.4288664597694249,0.0193493327286558,0.9344962044206137,-0.034296878974521494,0.9210807429513717,Toe1,FALSE,FALSE,FALSE,FALSE,0.07104837631533052,FALSE,FALSE,0.01841189764554924
Adk,0.041118507110837754,0.7807176111123362,-0.10009219971978389,0.4910926466517438,-0.07189822157881132,0.7244553840900645,Adk,FALSE,FALSE,FALSE,FALSE,0.07103630946981099,FALSE,FALSE,0.018408634921376538
Maco1,-0.07956552304886966,0.5501585262982727,-0.0925342300602292,0.5102316589823156,-0.0409847789513611,0.8486100265849404,Maco1,FALSE,FALSE,FALSE,FALSE,0.07102817735348665,FALSE,FALSE,0.018406436098787515
Cacng4,-0.10489696119687597,0.784584618676206,0.03947241276885016,0.9221704306621127,0.06871407470165813,0.9044493352787544,Cacng4,FALSE,FALSE,FALSE,FALSE,0.07102781622246142,FALSE,FALSE,0.01840633845347303
Reep5,-0.006437370841473111,0.9645475246147422,-0.11465837176689764,0.38323071210232573,-0.09192421485000946,0.6069341829386994,Reep5,FALSE,FALSE,FALSE,FALSE,0.07100665248612674,FALSE,FALSE,0.018400616043750286
4930547M16Rik,0.05649200751859662,0.903306710403295,0.11317085029369389,0.8034268589848208,-0.04327294021680206,0.9526275414227284,4930547M16Rik,FALSE,FALSE,FALSE,FALSE,0.07097859934303086,FALSE,FALSE,0.01839303082456844
Dnase2a,0.04933624701058559,0.8096550971638996,-0.15337189328305811,0.4397030226526918,0.010195812794383308,0.9761707433445408,Dnase2a,FALSE,FALSE,FALSE,FALSE,0.07096798436267567,FALSE,FALSE,0.01839016066658543
Rit2,-0.07457659479005141,0.6299526289284068,0.11942194753426527,0.45282030447178295,0.018885609782662627,0.9452612336098037,Rit2,FALSE,FALSE,FALSE,FALSE,0.07096138403565977,FALSE,FALSE,0.018388376020675473
Rbbp4,0.07213960969400102,0.49995673754802006,0.01762166566669965,0.8894120973834869,-0.1230901858632727,0.4019419445405612,Rbbp4,FALSE,FALSE,FALSE,FALSE,0.07095048707465779,FALSE,FALSE,0.0183854296186508
Arid1a,-0.01073043184526945,0.9645475246147422,-0.026912527003368325,0.9143632366105096,0.1750977468572925,0.5513748699388772,Arid1a,FALSE,FALSE,FALSE,FALSE,0.07091356856864343,FALSE,FALSE,0.018375447316167682
Zkscan5,-0.031645960317191246,0.8508666404864131,0.049657053587205624,0.7712043895681555,0.13131675737601878,0.5238815518443666,Zkscan5,FALSE,FALSE,FALSE,FALSE,0.07087325709347188,FALSE,FALSE,0.018364547597242254
Sinhcaf,0.07246975723369431,0.8038840305950198,0.08449200484741226,0.7802718041686638,-0.05543766100734171,0.9032636414194102,Sinhcaf,FALSE,FALSE,FALSE,FALSE,0.07079980769614942,FALSE,FALSE,0.01834468779844675
Ticam1,-0.16874848676568188,0.471367638307869,0.012901443249403677,0.9632062155822276,-0.03067165916596437,0.9395305302721263,Ticam1,FALSE,FALSE,FALSE,FALSE,0.07077386306034998,FALSE,FALSE,0.018337672693277986
Ggcx,-0.040680139780493896,0.854259144084631,-0.09234723859210003,0.6805641887394249,-0.07923937964149541,0.7988249565074869,Ggcx,FALSE,FALSE,FALSE,FALSE,0.07075558600469645,FALSE,FALSE,0.01833273080592308
Cog8,-0.10774535975547472,0.41052677280268496,-0.05350822661845811,0.7163836545880186,0.05068419336351404,0.8028263885382418,Cog8,FALSE,FALSE,FALSE,FALSE,0.07064592657914896,FALSE,FALSE,0.018303080268181532
Slc35b4,-0.05216258342316582,0.7486877415895291,-0.02817938226011929,0.8745575630081998,0.13149168216471807,0.5298595407555036,Slc35b4,FALSE,FALSE,FALSE,FALSE,0.0706112159493344,FALSE,FALSE,0.018293694947820686
1110002L01Rik,-0.021078427039471936,0.9473666595684272,-0.06581850535925637,0.8318517477965436,-0.12487656270400782,0.7546004035321341,1110002L01Rik,FALSE,FALSE,FALSE,FALSE,0.07059116503424538,FALSE,FALSE,0.01828827343105064
Lrig1,-0.13457258810177652,0.4030986271871822,0.03676909162773434,0.8485471024709409,0.04035205741116954,0.8827789017679992,Lrig1,FALSE,FALSE,FALSE,FALSE,0.07056457904689346,FALSE,FALSE,0.018281084912440054
Trit1,0.006534532774427504,0.9735428783984378,0.09514989736951529,0.586960259519138,-0.10990454783021075,0.6424865858021603,Trit1,FALSE,FALSE,FALSE,FALSE,0.07052965932471784,FALSE,FALSE,0.01827164305611878
Rnls,0.11852307482789781,0.5498491851033201,-0.07336020404907995,0.7388031802563721,-0.0196345219338121,0.9562153016962442,Rnls,FALSE,FALSE,FALSE,FALSE,0.07050593360359662,FALSE,FALSE,0.018265227917738856
Adcy2,0.14211109743375605,0.4120782745808552,-0.050483943949396703,0.8055590536025354,0.018819697387007395,0.9528063179104878,Adcy2,FALSE,FALSE,FALSE,FALSE,0.07047157959005339,FALSE,FALSE,0.018255939021959475
Polr2a,0.04529688078181593,0.8464387697591184,-0.08802714012301305,0.7118490705909246,0.07807750140185643,0.8156459934397056,Polr2a,FALSE,FALSE,FALSE,FALSE,0.07046717410222847,FALSE,FALSE,0.018254747833127593
Uqcrfs1,-0.020385634738818936,0.8799411674139243,-0.10760565358148089,0.3954892631840488,-0.08337798733502488,0.629283199765418,Uqcrfs1,FALSE,FALSE,FALSE,FALSE,0.07045642521844157,FALSE,FALSE,0.01825184146933067
Coq3,-0.00631217624647995,0.9759523669695812,0.14971560520889593,0.40637158535659085,0.05505314170626585,0.8439428898523196,Coq3,FALSE,FALSE,FALSE,FALSE,0.07036030772054724,FALSE,FALSE,0.01822585249952976
Eif4e2,-0.10056681732756623,0.5290095355838288,-0.06434328830593472,0.7125631015134561,-0.04601397002304708,0.8565800325590996,Eif4e2,FALSE,FALSE,FALSE,FALSE,0.07030802521884934,FALSE,FALSE,0.018211715964689488
Sall2,-0.10851205109149653,0.6393797638494847,-0.08589380265322344,0.733279807892927,-0.01612342193743377,0.9688448947437457,Sall2,FALSE,FALSE,FALSE,FALSE,0.07017642522738458,FALSE,FALSE,0.018176132972217734
Lrguk,-0.16472121105999848,0.6127730303191148,0.002445955103849151,0.9940444242536267,-0.04334876370615581,0.9354270075136115,Lrguk,FALSE,FALSE,FALSE,FALSE,0.07017197662333448,FALSE,FALSE,0.018174930125297587
Cdk14,0.0767031641223559,0.5838199198198383,0.053646477615412635,0.7284676097825257,0.08016599543530933,0.6884502669466721,Cdk14,FALSE,FALSE,FALSE,FALSE,0.07017187905769262,FALSE,FALSE,0.018174903744767764
Exoc8,0.1571768469464736,0.18181152765871958,0.04991160253750415,0.7122495476436722,0.0032503037815656555,0.9876495148150674,Exoc8,FALSE,FALSE,FALSE,FALSE,0.07011291775518114,FALSE,FALSE,0.018158961345683695
Nsrp1,-0.05929394485701689,0.7718311823203609,-0.028295257157897602,0.8976480983829508,-0.12266931225620592,0.6490186571658155,Nsrp1,FALSE,FALSE,FALSE,FALSE,0.07008617142370681,FALSE,FALSE,0.018151729472026982
Ddx19a,-0.08500037893378831,0.6389668943412458,-0.05170992813958897,0.7968582602556963,-0.07334235454478577,0.7832493573867232,Ddx19a,FALSE,FALSE,FALSE,FALSE,0.07001755387272102,FALSE,FALSE,0.01813317614407474
Clybl,-0.027826154853385354,0.9215119513509249,-0.15611889480221786,0.5491063720002163,0.02606421347365151,0.9516881841369234,Clybl,FALSE,FALSE,FALSE,FALSE,0.07000308770975157,FALSE,FALSE,0.018129264674459068
Camta2,-0.01769675316883923,0.9271157056173112,-0.05992720992142253,0.7486554133734907,0.13234987077364924,0.5647145164426968,Camta2,FALSE,FALSE,FALSE,FALSE,0.069991277954637,FALSE,FALSE,0.01812607146431781
Sec62,0.10488492848126807,0.40669773599136555,0.023802921831684642,0.8764196653597753,-0.08126144053866202,0.6630093655894229,Sec62,FALSE,FALSE,FALSE,FALSE,0.06998309695053824,FALSE,FALSE,0.01812385942308576
8030462N17Rik,0.05933126564309266,0.7329376725454378,0.11682182506410399,0.4952271401911788,-0.03378808488566598,0.9039075532415295,8030462N17Rik,FALSE,FALSE,FALSE,FALSE,0.06998039186428755,FALSE,FALSE,0.01812312800158168
Zfp105,0.07658847250726275,0.650095353575162,0.07309951444370011,0.6845021429138817,-0.06013547113896678,0.8129730381358007,Zfp105,FALSE,FALSE,FALSE,FALSE,0.06994115269664321,FALSE,FALSE,0.01811251822120597
Vps33a,-0.08846694504417929,0.5377176786355589,-0.09344002678926522,0.5391495427120944,-0.027890527766945894,0.9084785564055964,Vps33a,FALSE,FALSE,FALSE,FALSE,0.0699324998667968,FALSE,FALSE,0.018110178604190365
1700026J14Rik,0.09878896274323945,0.8464939086497935,-0.09549208322797187,0.8610289396934427,-0.015482856671678924,0.9842240934342058,1700026J14Rik,FALSE,FALSE,FALSE,FALSE,0.06992130088096342,FALSE,FALSE,0.018107150538427104
Fbxo42,-0.09379670018834663,0.4813490511452387,-0.053878025401981944,0.7163836545880186,0.06208390235557104,0.7532323228074294,Fbxo42,FALSE,FALSE,FALSE,FALSE,0.0699195426486332,FALSE,FALSE,0.018106675134385863
Arhgap21,-0.05252957685997384,0.6926359327221815,0.07188511844889511,0.6048831759739141,0.08496677616476056,0.6428558246388795,Arhgap21,FALSE,FALSE,FALSE,FALSE,0.06979382382454317,FALSE,FALSE,0.01807268233604779
Nhsl1,-0.02042887654199088,0.9476998884576602,0.13003876198124464,0.6399574742389214,0.05890552481860567,0.8904394659168534,Nhsl1,FALSE,FALSE,FALSE,FALSE,0.0697910544472804,FALSE,FALSE,0.01807193353105779
Zc3hav1,0.11496032291280933,0.34637598293104427,0.05137249460380744,0.7144916469297542,0.0429930535177423,0.8293289451412067,Zc3hav1,FALSE,FALSE,FALSE,FALSE,0.06977529034478636,FALSE,FALSE,0.018067671114821087
Smn1,-0.04493521256645927,0.8785368978731678,-0.06720969301451296,0.8219258048129209,-0.09717255788127765,0.80660148337424,Smn1,FALSE,FALSE,FALSE,FALSE,0.06977248782074996,FALSE,FALSE,0.01806691334735789
Ccdc163,0.024757068811524396,0.9549750920676298,0.07136672385685561,0.8661905384283017,0.11319168060012363,0.8451259343712733,Ccdc163,FALSE,FALSE,FALSE,FALSE,0.06977182442283454,FALSE,FALSE,0.018066733972855145
Recql5,-0.1256756854658434,0.4966488612084662,-0.04469989935684415,0.8299547516681633,0.03889994676262143,0.8961813698943304,Recql5,FALSE,FALSE,FALSE,FALSE,0.06975851052843633,FALSE,FALSE,0.01806313406225585
Pdcd6,-0.058670541160874556,0.6908424059822605,-0.030781765358835145,0.8515548019739525,-0.11981626216055208,0.5441728163197024,Pdcd6,FALSE,FALSE,FALSE,FALSE,0.06975618956008726,FALSE,FALSE,0.018062506501430254
Arhgef10,0.1488456726530769,0.439427667166188,-0.0016380234415569461,0.9938543569830017,-0.05864044921295175,0.8536957368721579,Arhgef10,FALSE,FALSE,FALSE,FALSE,0.06970804843586187,FALSE,FALSE,0.018049489743284394
Ubxn4,0.09678618040186215,0.5065730381553225,0.09425602689468082,0.5491954731219021,0.01808027376793131,0.945701908359968,Ubxn4,FALSE,FALSE,FALSE,FALSE,0.0697074936881581,FALSE,FALSE,0.01804933974644057
Pcdhga9,0.042526931375543864,0.8832891211854158,0.0387319476215886,0.8963647433773563,0.12780681056213217,0.7303752574601557,Pcdhga9,FALSE,FALSE,FALSE,FALSE,0.06968856318642154,FALSE,FALSE,0.018044221175433986
Frg2f1,0.08967025159323949,0.7755909426883453,0.1187625094664777,0.7063945853339134,6.098696841108087e-4,0.9988142172743153,Frg2f1,FALSE,FALSE,FALSE,FALSE,0.06968087691460934,FALSE,FALSE,0.018042142903627236
Usp49,-0.03760765091858387,0.8844770542940055,-0.024854479648023453,0.925749039895012,0.14650843308389172,0.6359287743437843,Usp49,FALSE,FALSE,FALSE,FALSE,0.06965685455016635,FALSE,FALSE,0.018035647556601645
Pigv,-0.013596745315357595,0.9544350566272825,-0.13558134113516918,0.5331127919261965,-0.05975143541052752,0.8563132512776508,Pigv,FALSE,FALSE,FALSE,FALSE,0.06964317395368476,FALSE,FALSE,0.01803194849434339
Ctsh,-0.17794320928879825,0.5887938662781527,0.016889183120132767,0.9644348985476884,-0.013947686103122692,0.9798523890414086,Ctsh,FALSE,FALSE,FALSE,FALSE,0.0695933595040179,FALSE,FALSE,0.01801847928991753
Capn2,0.04723701071987296,0.7124739868344745,0.1169763125282639,0.35662268935141483,0.044484309093967944,0.8156459934397056,Capn2,FALSE,FALSE,FALSE,FALSE,0.06956587744736827,FALSE,FALSE,0.01801104848537121
Alox12,-0.11539317580119135,0.8235121630232917,0.013454901110286424,0.9810054602722228,0.0797858429696124,0.9184497014074813,Alox12,FALSE,FALSE,FALSE,FALSE,0.06954463996036339,FALSE,FALSE,0.018005306134389252
Ago4,-0.05022352170959454,0.8197171766041574,-0.09757603600948839,0.6551170440392337,0.060802392722777654,0.8464790669780483,Ago4,FALSE,FALSE,FALSE,FALSE,0.06953398348062019,FALSE,FALSE,0.018002424755490534
Rhob,-0.06225166119850556,0.6491745045682698,-0.019915062424557206,0.8984292323025337,0.1264295099516186,0.4883253375430891,Rhob,FALSE,FALSE,FALSE,FALSE,0.06953207785822713,FALSE,FALSE,0.018001909499018923
2700046G09Rik,0.14133734127276432,0.5923092226614186,-0.06483624679009603,0.8305600803544603,-0.0023275256414097,0.9956812519502132,2700046G09Rik,FALSE,FALSE,FALSE,FALSE,0.06950037123475668,FALSE,FALSE,0.017993336424418412
Nfs1,0.002147683766296815,0.9900712276153186,-0.09147485100659569,0.5934022856507757,-0.11487808371187036,0.6085302159101214,Nfs1,FALSE,FALSE,FALSE,FALSE,0.06950020616158763,FALSE,FALSE,0.017993291790697193
S100a10,0.10661117199192649,0.47134223470477177,0.0055282486250956,0.9759808607046662,-0.09634019241550007,0.6539032510393108,S100a10,FALSE,FALSE,FALSE,FALSE,0.06949320434417405,FALSE,FALSE,0.017991398586803008
Patj,-0.052655095107832395,0.6973792971964393,-0.06376703276859708,0.6567775175666121,-0.09201405859693867,0.6191998729581872,Patj,FALSE,FALSE,FALSE,FALSE,0.06947872882445605,FALSE,FALSE,0.0179874845872395
Ppp4r1,-0.03821303521128261,0.7877875844818477,-0.06142063615547322,0.6704007295639233,-0.10879155892221881,0.5527003026080436,Ppp4r1,FALSE,FALSE,FALSE,FALSE,0.06947507676299154,FALSE,FALSE,0.017986497115476386
Cdr2l,0.0438331293658889,0.8454174401850462,0.13729761282651065,0.5191524263948388,-0.02715522299954909,0.9400213529170415,Cdr2l,FALSE,FALSE,FALSE,FALSE,0.06942865506398288,FALSE,FALSE,0.017973945268413435
Ypel5,-0.005089291446235045,0.9803602382106905,-0.13638626304341273,0.48254164404111843,0.06675591752179155,0.815911634210401,Ypel5,FALSE,FALSE,FALSE,FALSE,0.06941049067047977,FALSE,FALSE,0.01796903384349554
Gmeb1,0.07091132578980552,0.724810514871821,-0.059057523090761954,0.7859045493647401,0.07811893829811734,0.7832806856132243,Gmeb1,FALSE,FALSE,FALSE,FALSE,0.06936259572622827,FALSE,FALSE,0.017956083649336957
Etv3,-0.06237659780177651,0.6283059412147607,-0.025267489008153454,0.862876122988982,-0.12030345635076323,0.48460845529476526,Etv3,FALSE,FALSE,FALSE,FALSE,0.06931584772023107,FALSE,FALSE,0.01794344357294369
Psmd10,0.07750733607598903,0.7099890722902513,-0.048535104573838694,0.8320381306956754,-0.08190438738567707,0.7854240580027494,Psmd10,FALSE,FALSE,FALSE,FALSE,0.06931560934516827,FALSE,FALSE,0.017943379119306796
Srrm3,0.01882085138688927,0.9450331693123215,-0.08655548882868613,0.7377178908566496,0.10250811710988783,0.7645198466863341,Srrm3,FALSE,FALSE,FALSE,FALSE,0.06929481910848774,FALSE,FALSE,0.017937757699221162
Ece2,0.09099215305362995,0.7930060820617305,-0.09878501854030541,0.7900623300184164,0.018101315695056464,0.9751963425512756,Ece2,FALSE,FALSE,FALSE,FALSE,0.06929282909633061,FALSE,FALSE,0.01793721962481236
Miip,-0.11246971345457468,0.7013909236318444,-0.06664020352380118,0.8323709317833206,0.0285961820106162,0.9527816940550564,Miip,FALSE,FALSE,FALSE,FALSE,0.06923536632966402,FALSE,FALSE,0.017921682411086545
Gpatch1,-0.08498693997357343,0.55936011373553,0.11579807240285955,0.4262856626748873,-0.0066488208933064286,0.9788960879607849,Gpatch1,FALSE,FALSE,FALSE,FALSE,0.06914461108991314,FALSE,FALSE,0.017897143328850413
Litaf,0.08226130082221683,0.813004223657559,0.026276849974752103,0.9454640752324293,-0.09879059686533265,0.8464790669780483,Litaf,FALSE,FALSE,FALSE,FALSE,0.06910958255410053,FALSE,FALSE,0.017887672050682053
Tram1l1,0.024073318926206344,0.9133145866718335,0.16060053622508175,0.4043240007142916,0.022651612935219223,0.9465656818331815,Tram1l1,FALSE,FALSE,FALSE,FALSE,0.06910848936216911,FALSE,FALSE,0.017887376465250526
Tmem110,-0.17139959920045555,0.3034781865125824,-0.012569567121759384,0.9509268200092391,-0.02328400298865585,0.9361307442482815,Tmem110,FALSE,FALSE,FALSE,FALSE,0.06908438977029026,FALSE,FALSE,0.017880860236891748
Nid2,0.12279686386068978,0.6370048530278756,-0.04507162483362137,0.8801242812758323,0.03935915347820984,0.9298655398525311,Nid2,FALSE,FALSE,FALSE,FALSE,0.06907588072417366,FALSE,FALSE,0.01787855949719915
R3hcc1l,0.12485461534657016,0.35606155618253627,0.07646829424145096,0.6104549324220757,0.005845724014396758,0.9812673015452793,R3hcc1l,FALSE,FALSE,FALSE,FALSE,0.06905621120080596,FALSE,FALSE,0.01787324110398251
AW554918,0.10062601418444483,0.5398220563131235,0.09148289677377619,0.6012231743579348,0.014995871044570563,0.9609730014174996,AW554918,FALSE,FALSE,FALSE,FALSE,0.06903492733426386,FALSE,FALSE,0.017867486212553508
Ctdsp1,-0.104398118315844,0.5682578731985979,-0.09553770400666117,0.6226986459343518,-0.007142654859312536,0.9816918226492667,Ctdsp1,FALSE,FALSE,FALSE,FALSE,0.0690261590606059,FALSE,FALSE,0.017865115380974503
Gorasp2,-0.05772411703326341,0.7111703952464788,-0.009406607828661429,0.9591204381187455,-0.13980495317902086,0.495122550024376,Gorasp2,FALSE,FALSE,FALSE,FALSE,0.0689785593469819,FALSE,FALSE,0.01785224501348672
Prpf38b,-0.003564930161537916,0.9851880304618393,0.12464326308080498,0.49424985556630774,-0.07871890095335132,0.7641642365637643,Prpf38b,FALSE,FALSE,FALSE,FALSE,0.0689756980652314,FALSE,FALSE,0.0178514713586722
Pdxdc1,0.005189339523822056,0.9677422046316783,-0.07924745790974086,0.4976992996967757,-0.12229332850706864,0.4169495874309355,Pdxdc1,FALSE,FALSE,FALSE,FALSE,0.06891004198021052,FALSE,FALSE,0.017833718774093586
Mrpl57,0.025870436014031384,0.8788851753672042,-0.057877003796851234,0.7327300802814636,-0.1229709784512325,0.5629366342985467,Mrpl57,FALSE,FALSE,FALSE,FALSE,0.06890613942070505,FALSE,FALSE,0.01783266357079184
Lrrn3,0.046655424907494414,0.8132506718252103,0.04662429320824124,0.8235420640392183,0.113434756214426,0.6568162827994869,Lrrn3,FALSE,FALSE,FALSE,FALSE,0.06890482477672055,FALSE,FALSE,0.017832308107493682
Mettl16,0.04212081253982891,0.7842826643167625,0.08958936306387955,0.558478921089551,-0.07488483237068166,0.7249305958551651,Mettl16,FALSE,FALSE,FALSE,FALSE,0.06886500265813005,FALSE,FALSE,0.017821540704469993
Ndufv2,0.14720648080646015,0.31551659740895294,0.02454250459490659,0.8906227346965425,-0.03478081431277058,0.8916711639561324,Ndufv2,FALSE,FALSE,FALSE,FALSE,0.06884326657137911,FALSE,FALSE,0.01781566353835003
Cox10,-0.07158199915292451,0.7589842962950459,0.03831041085036002,0.8760775826566706,0.09657674571740671,0.7532323228074294,Cox10,FALSE,FALSE,FALSE,FALSE,0.06882305190689708,FALSE,FALSE,0.017810197745791255
Pigf,-0.0087690622991059,0.976817449956721,0.12416746440627158,0.6483527439746428,-0.07347738813265803,0.8594400507660206,Pigf,FALSE,FALSE,FALSE,FALSE,0.06880463827934517,FALSE,FALSE,0.017805218931102405
Utp20,0.018507560284776403,0.9496206694510975,0.10394413044023931,0.7093281248027273,-0.08387286863325638,0.8344958022363661,Utp20,FALSE,FALSE,FALSE,FALSE,0.06877485311942404,FALSE,FALSE,0.017797165396224116
Msl3l2,0.07110143172758843,0.6953579011964705,0.10532923466740218,0.5668401155249997,-0.029882603700731813,0.9218570737779013,Msl3l2,FALSE,FALSE,FALSE,FALSE,0.06877109003190747,FALSE,FALSE,0.017796147904404536
Hspa4,0.03238324521472791,0.8883210495609691,0.09171131435141966,0.6895217478350307,-0.08219562830774674,0.7957981524732946,Hspa4,FALSE,FALSE,FALSE,FALSE,0.06876339595796477,FALSE,FALSE,0.017794067522999238
Ndc1,0.04837524122535308,0.7991415099784679,0.026005891184808227,0.8976480983829508,0.1318711541610713,0.5809188675616974,Ndc1,FALSE,FALSE,FALSE,FALSE,0.06875076219041087,FALSE,FALSE,0.01779065151019592
Gpatch2l,-0.10962477103917223,0.36587636484196556,-0.05761095951054962,0.672404659583215,-0.03878519354268217,0.8447270649718898,Gpatch2l,FALSE,FALSE,FALSE,FALSE,0.06867364136413467,FALSE,FALSE,0.017769799002910338
E130308A19Rik,-0.050473198914168904,0.7773435218906775,-0.11690459616552662,0.49889380245392506,0.03853289058264586,0.8853567689753741,E130308A19Rik,FALSE,FALSE,FALSE,FALSE,0.06863689522078047,FALSE,FALSE,0.017759863305135702
Nfyc,-0.15386303874888085,0.38359798189241234,-0.03934778511090453,0.8484386196515198,0.012627498065215015,0.9688448947437457,Nfyc,FALSE,FALSE,FALSE,FALSE,0.06861277397500014,FALSE,FALSE,0.017753341221832676
Snhg17,-0.042064058947778094,0.8925354493343604,0.12114969954873489,0.6760884496086202,-0.04261770828600264,0.9277681321383151,Snhg17,FALSE,FALSE,FALSE,FALSE,0.06861048892750521,FALSE,FALSE,0.017752723373556968
Zdhhc3,-0.08611548417897996,0.5372460273487488,-0.10975954342454575,0.44599140595901676,0.009821024355102459,0.9688448947437457,Zdhhc3,FALSE,FALSE,FALSE,FALSE,0.06856535065287606,FALSE,FALSE,0.017740518548401283
Eif2ak1,-0.06213719174031507,0.6377083705724712,-0.08647122068461588,0.521488177366344,-0.057083859725405084,0.7656749554956809,Eif2ak1,FALSE,FALSE,FALSE,FALSE,0.06856409071677867,FALSE,FALSE,0.01774017787743186
Elk3,0.09309372631835533,0.6975831455821679,0.07970239051833783,0.7565645679710028,-0.03286660945908615,0.9354270075136115,Elk3,FALSE,FALSE,FALSE,FALSE,0.06855424209859311,FALSE,FALSE,0.017737514934198707
Ercc4,-0.0586114844299046,0.7442233370984901,-0.1034944857736333,0.5612244645218418,0.043522868851823215,0.8718356229782429,Ercc4,FALSE,FALSE,FALSE,FALSE,0.06854294635178704,FALSE,FALSE,0.0177344607054781
Nap1l2,-0.008484341007339857,0.975757029061223,0.055580891409773514,0.8391994805081338,-0.14145915933827347,0.6813412246544414,Nap1l2,FALSE,FALSE,FALSE,FALSE,0.06850813058512895,FALSE,FALSE,0.01772504695742915
Crlf3,-0.013202798328250331,0.9559093571108541,0.06560589926168259,0.7718874354042481,-0.12659415541786068,0.6624628165648418,Crlf3,FALSE,FALSE,FALSE,FALSE,0.06846761766926453,FALSE,FALSE,0.017714092771458717
Pigh,0.16136563326690956,0.48552779793911616,0.011578017440918575,0.9676207361048028,-0.03237942769403812,0.9364760785169263,Pigh,FALSE,FALSE,FALSE,FALSE,0.06844102613395542,FALSE,FALSE,0.017706902752749866
Scara5,-0.05587522484795815,0.8734223164947106,0.05137727667108316,0.8854678211419561,0.09797873811968016,0.8376562359892641,Scara5,FALSE,FALSE,FALSE,FALSE,0.06841041321290715,FALSE,FALSE,0.0176986254016112
Cdc123,0.16928399003716255,0.17977865669825258,0.008361153273284572,0.9585461969200364,-0.02744921386417154,0.9020969085596396,Cdc123,FALSE,FALSE,FALSE,FALSE,0.06836478572487288,FALSE,FALSE,0.01768628829926676
Sult5a1,0.05049910821008874,0.9544150680962603,0.010814104342054431,0.9893311686346192,0.14373253055522617,0.9071729892334421,Sult5a1,FALSE,FALSE,FALSE,FALSE,0.06834858103578978,FALSE,FALSE,0.017681906753924444
Mmp23,-0.07733255489460822,0.8220410201299835,0.08620923962964855,0.8030268825815636,0.041448636385112314,0.9382131319933964,Mmp23,FALSE,FALSE,FALSE,FALSE,0.06833014363645636,FALSE,FALSE,0.01767692151164306
Lman2l,-0.04080454701092151,0.8441334246821182,-0.06387930235766692,0.7624548910033824,0.10029097682751331,0.7096401488558869,Lman2l,FALSE,FALSE,FALSE,FALSE,0.06832494206536725,FALSE,FALSE,0.01767551507184892
Rab33b,0.15832593331057865,0.2865450924730403,0.024660199367103175,0.8918933140428124,0.021901360793673774,0.9356595057239877,Rab33b,FALSE,FALSE,FALSE,FALSE,0.06829583115711853,FALSE,FALSE,0.017667643846193574
Bag2,0.048172149190794045,0.7863425388608568,-0.034214857406150045,0.8588497892239813,-0.12243216270926904,0.6004853062189887,Bag2,FALSE,FALSE,FALSE,FALSE,0.06827305643540438,FALSE,FALSE,0.017661485846164237
Gm47962,-0.05091910173811398,0.9121759925580923,-0.008294572826980762,0.9853747491583585,-0.14560212316638288,0.8112464271108386,Gm47962,FALSE,FALSE,FALSE,FALSE,0.0682719325771592,FALSE,FALSE,0.017661181968944853
Tsg101,-0.0867082181386527,0.4859275796811976,-0.06641415944404372,0.6249366342721023,-0.051675433897786505,0.7863892900825662,Tsg101,FALSE,FALSE,FALSE,FALSE,0.06826593716016098,FALSE,FALSE,0.017659560883141287
Mfap3,0.04424037091973432,0.7595666301555063,0.10311796483252156,0.4652657169366503,-0.0573484508832971,0.7813173530431106,Mfap3,FALSE,FALSE,FALSE,FALSE,0.06823559554518432,FALSE,FALSE,0.017651356889772606
Tm4sf1,0.011852870525937753,0.9516661757319491,-0.020097055872436265,0.9196785600417728,-0.17266941579863548,0.4517468054469823,Tm4sf1,FALSE,FALSE,FALSE,FALSE,0.06820644739900317,FALSE,FALSE,0.017643475595445872
Tmem178b,-0.14409667281932403,0.2715617975821016,-0.03356803735318348,0.8314368648922155,0.026911268227744145,0.9070039999583978,Tmem178b,FALSE,FALSE,FALSE,FALSE,0.06819199280008388,FALSE,FALSE,0.017639567252604793
Pabpn1,0.04808455110972387,0.8883210495609691,-0.011733026837954075,0.9745839540220257,0.14472358510427252,0.73647889380471665,Pabpn1,FALSE,FALSE,FALSE,FALSE,0.06818038768398349,FALSE,FALSE,0.01763642937429464
Nmnat1,-0.15513638013040665,0.5042177340751626,0.04399749982387968,0.8641783436850518,0.005385919911896853,0.9887699501892413,Nmnat1,FALSE,FALSE,FALSE,FALSE,0.06817326662206107,FALSE,FALSE,0.017634503928176015
Necap1,-0.040911443685434534,0.8069461294106717,0.0734799300973128,0.6672934760087114,-0.09007294854395909,0.6880169623624622,Necap1,FALSE,FALSE,FALSE,FALSE,0.06815477410890214,FALSE,FALSE,0.01762950378380523
Wrnip1,-0.03473021355299899,0.7912872043672986,0.10068234105453744,0.42716612479940985,-0.06899720147567034,0.6971765991868267,Wrnip1,FALSE,FALSE,FALSE,FALSE,0.06813658536106892,FALSE,FALSE,0.017624585773780944
Zfp831,0.13704006758293596,0.6419024052728838,-0.04507597520843665,0.8935400241415515,-0.02227359867247447,0.9672576142655462,Zfp831,FALSE,FALSE,FALSE,FALSE,0.06812988048794903,FALSE,FALSE,0.017622772859911467
Zbtb24,-0.06957774751813162,0.675598271652843,0.026872037614706024,0.8841631230666537,-0.10786100335013504,0.6320124235538501,Zbtb24,FALSE,FALSE,FALSE,FALSE,0.06810359616099089,FALSE,FALSE,0.017615665906500096
Rpap3,0.03565472032829575,0.8527206738675552,0.08438827203594457,0.6578874689118451,-0.08411229689393096,0.7467975884409128,Rpap3,FALSE,FALSE,FALSE,FALSE,0.0680517630860571,FALSE,FALSE,0.017601650891038254
Nkiras1,-0.03178595649831539,0.8630667366652992,-0.017613777896626992,0.9291232150696664,-0.15474800917256015,0.49960062583073755,Nkiras1,FALSE,FALSE,FALSE,FALSE,0.06804924785583417,FALSE,FALSE,0.017600970804230568
Tub,-0.007924974298588516,0.9735428783984378,-0.1920014582096945,0.3630959320911972,-0.004197080354408023,0.9901796608639275,Tub,FALSE,FALSE,FALSE,FALSE,0.06804117095423035,FALSE,FALSE,0.01759878691101169
Arfgef2,-0.03238688813893997,0.8429541279204588,-0.12442450724450804,0.4259074734756949,-0.0472966664914507,0.8440905921579283,Arfgef2,FALSE,FALSE,FALSE,FALSE,0.06803602062496623,FALSE,FALSE,0.017597394326366415
Apobec1,0.10830895909310634,0.6491745045682698,-0.008203889454362567,0.9771072322773872,-0.08756273359152722,0.806828674163578,Apobec1,FALSE,FALSE,FALSE,FALSE,0.06802519404633205,FALSE,FALSE,0.017594466954854098
Stard3nl,0.0047047484851221455,0.9770488965408634,0.09233948085870392,0.5335605159546664,-0.10702378665823442,0.5908637012315916,Stard3nl,FALSE,FALSE,FALSE,FALSE,0.06802267200068683,FALSE,FALSE,0.017593785025241428
Mcam,0.0909828772894703,0.8110365137931854,-0.06877506234889563,0.8661254707814015,0.044304716588088766,0.9423815786646674,Mcam,FALSE,FALSE,FALSE,FALSE,0.06802088540881823,FALSE,FALSE,0.01759330195313555
D130020L05Rik,0.06624995090242614,0.8261269936537547,0.06872253411564677,0.8260612260718565,0.06900422765872083,0.8766490443993098,D130020L05Rik,FALSE,FALSE,FALSE,FALSE,0.06799223755893125,FALSE,FALSE,0.017585555932672216
Palb2,-0.11787502129434008,0.7964020881162667,-0.0654467082308482,0.8918359152920705,0.020613776091118696,0.9773137750178806,Palb2,FALSE,FALSE,FALSE,FALSE,0.06797850187210232,FALSE,FALSE,0.017581841974672767
Smu1,0.07457909317174494,0.5913093391212231,0.0391103874844978,0.8048434938461724,-0.09019165848629118,0.6450794897336568,Smu1,FALSE,FALSE,FALSE,FALSE,0.06796037971417797,FALSE,FALSE,0.01757694196972735
Pip4k2a,0.07509075069043991,0.649921811219714,0.11219501288203393,0.5023181293253587,0.016511369723332336,0.9547005241317831,Pip4k2a,FALSE,FALSE,FALSE,FALSE,0.06793237776526873,FALSE,FALSE,0.017569370592813553
Sdad1,-0.06349850052522044,0.7362389948862509,-0.04078656563787142,0.8422270849412319,-0.09950367672976146,0.6980043900451174,Sdad1,FALSE,FALSE,FALSE,FALSE,0.06792958096428443,FALSE,FALSE,0.0175686143727921
Opa1,0.14923270962547797,0.1949319811481409,0.052502703809640394,0.6932654759273493,-0.0020003561802353076,0.9918215601205835,Opa1,FALSE,FALSE,FALSE,FALSE,0.0679119232051179,FALSE,FALSE,0.01756383993546503
Mrpl43,-0.1152448492884437,0.4613853202902614,0.00796081490461642,0.9665658378870856,-0.08051815798513928,0.7248074007636756,Mrpl43,FALSE,FALSE,FALSE,FALSE,0.06790794072606647,FALSE,FALSE,0.017562763122917185
Prcp,0.07112431711426259,0.8457915833433124,0.11202468971882995,0.759304582770528,0.02052928226665829,0.9718049375752876,Prcp,FALSE,FALSE,FALSE,FALSE,0.06789276303325027,FALSE,FALSE,0.017558659264526266
Vhl,0.14552139035286427,0.3325237980024613,-0.04636231805163504,0.7962366847144552,0.011674586240831175,0.9679665286152154,Vhl,FALSE,FALSE,FALSE,FALSE,0.06785276488177683,FALSE,FALSE,0.017547844264411736
Glt8d1,0.15067900476042162,0.1978322669391447,-0.012086854520649837,0.9341555568035944,-0.04074311356828009,0.8324731027487047,Glt8d1,FALSE,FALSE,FALSE,FALSE,0.06783632428311719,FALSE,FALSE,0.01754339893206919
Phf21a,-0.06905006361890909,0.6443243017277964,-0.0422117891208309,0.8018037856128933,-0.09207243161909329,0.6586398194605297,Phf21a,FALSE,FALSE,FALSE,FALSE,0.06777809478627776,FALSE,FALSE,0.01752765440409005
Trim44,-0.06504065693199834,0.6200974032487296,-0.027854354925670677,0.8526282878000772,-0.11033879232621402,0.5400979195704463,Trim44,FALSE,FALSE,FALSE,FALSE,0.06774460139462768,FALSE,FALSE,0.017518598209711363
Zfp110,0.11190079897344507,0.4433769922513777,0.08414980461341326,0.6004476778296263,0.007156342233585633,0.9784781346671818,Zfp110,FALSE,FALSE,FALSE,FALSE,0.06773564860681465,FALSE,FALSE,0.017516177487811563
Parp6,-0.03081182015353967,0.8381663725276415,-0.05993099774538635,0.6955975631325026,-0.11238753033845494,0.5584620008884922,Parp6,FALSE,FALSE,FALSE,FALSE,0.06771011607912698,FALSE,FALSE,0.01750927381152418
Frmd4b,0.028381276589977578,0.9000054893694531,0.0018374443863642398,0.9932558911834027,-0.1726466175056629,0.5298595407555036,Frmd4b,FALSE,FALSE,FALSE,FALSE,0.06762177949400157,FALSE,FALSE,0.017485388703261544
Flcn,-0.04614408080895238,0.8404692211497526,0.1008458280824378,0.6562969005148405,0.055794058735348706,0.8692966030428528,Flcn,FALSE,FALSE,FALSE,FALSE,0.06759465587557963,FALSE,FALSE,0.01747805481593091
Wdr59,0.061919051266611014,0.6643645271406232,-0.051464905921215554,0.7388031802563721,-0.08938436947366935,0.650562486798973,Wdr59,FALSE,FALSE,FALSE,FALSE,0.06758944222049863,FALSE,FALSE,0.01747664510877643
Rgmb,-0.1476602671873275,0.4020080027297748,-0.021323417410995305,0.9214343148834708,0.0335697669443249,0.9137155754780841,Rgmb,FALSE,FALSE,FALSE,FALSE,0.06751781718088257,FALSE,FALSE,0.01745727859349721
Pde1a,-0.01617143554975886,0.9476998884576602,0.06658566319421588,0.7809122399809802,0.11978772728117804,0.6893773649417326,Pde1a,FALSE,FALSE,FALSE,FALSE,0.06751494200838426,FALSE,FALSE,0.01745650118279814
Itgb7,-0.14816240468399844,0.746031501769316,0.023100732053958184,0.9632062155822276,0.03126960247692645,0.9674806741726476,Itgb7,FALSE,FALSE,FALSE,FALSE,0.0675109130716277,FALSE,FALSE,0.017455411808667623
Slc35a1,0.12779365902846873,0.3559074246738905,0.02353320088310973,0.8881199380227645,-0.05110257996719891,0.8177096643093683,Slc35a1,FALSE,FALSE,FALSE,FALSE,0.06747647995959245,FALSE,FALSE,0.017446101525644866
Ubac2,0.10239668211507436,0.4304925358721382,-0.03290844673954041,0.8305600803544603,0.06710946580975463,0.7298672384813677,Ubac2,FALSE,FALSE,FALSE,FALSE,0.0674715315547898,FALSE,FALSE,0.017444763538849578
Ubxn2a,0.11563734800303394,0.43307381992329125,0.07104146469158223,0.668628813331965,0.015591958329098432,0.955019095289491,Ubxn2a,FALSE,FALSE,FALSE,FALSE,0.0674235903412382,FALSE,FALSE,0.017431800834050694
Sstr3,-0.021219669185640555,0.9555748881212391,-0.17608738532338997,0.6211312282162286,-0.004955895281368861,0.9924441679334658,Sstr3,FALSE,FALSE,FALSE,FALSE,0.06742098326346646,FALSE,FALSE,0.017431095912814054
Ston2,0.034700642985064256,0.8501249799362388,-0.09298180891168695,0.610940219604788,-0.07457790947646004,0.7692065217074441,Ston2,FALSE,FALSE,FALSE,FALSE,0.06742012045773708,FALSE,FALSE,0.01743086262093135
B130055M24Rik,0.021092946881411834,0.9465213285416664,0.0882794937429181,0.7632401859719253,-0.09274356530137995,0.8222487171317908,B130055M24Rik,FALSE,FALSE,FALSE,FALSE,0.06737200197523663,FALSE,FALSE,0.01741785198482485
Tiprl,-0.0116251590698484,0.9397256511729748,0.08328088397259492,0.5486405771290874,0.10719406836730627,0.5538546695347644,Tiprl,FALSE,FALSE,FALSE,FALSE,0.06736670380324987,FALSE,FALSE,0.017416419425355656
Cd79b,0.022969179441990395,0.96024826284109,-0.09224811266452448,0.8391994805081338,0.0867393250443329,0.8918518592021099,Cd79b,FALSE,FALSE,FALSE,FALSE,0.06731887238361593,FALSE,FALSE,0.017403486407459503
Sema4f,-0.04419332962106726,0.90675577121006,-0.1424232048798615,0.6925280298335658,0.015338022555623887,0.9781783313210822,Sema4f,FALSE,FALSE,FALSE,FALSE,0.06731818568551755,FALSE,FALSE,0.017403300732878574
Tril,0.10252806305078366,0.7201070654770898,0.06493271888313679,0.8346913411686976,0.03445436817868153,0.9425914928571756,Tril,FALSE,FALSE,FALSE,FALSE,0.067305050037534,FALSE,FALSE,0.017399749017881425
Mindy1,-0.007432860350564674,0.9729412348675643,-0.12628055802313387,0.5160626214823194,0.06816918616328582,0.8072004780906422,Mindy1,FALSE,FALSE,FALSE,FALSE,0.06729420151232812,FALSE,FALSE,0.01739681571229049
Tet3,0.004166926618074385,0.9842802648535982,0.05058911476062011,0.8197823851102084,0.14707839280209,0.582857512744995,Tet3,FALSE,FALSE,FALSE,FALSE,0.06727814472692817,FALSE,FALSE,0.017392474158255056
Ankrd16,-0.07328526447974237,0.7863659350857767,0.029768874963930436,0.9176424755942652,0.098771467918878475,0.786939508443944,Ankrd16,FALSE,FALSE,FALSE,FALSE,0.06727520245418377,FALSE,FALSE,0.017391678604488307
Bend3,-0.009540725141836237,0.9636418144410003,-0.15994193154903424,0.39743076795345156,0.03226402174519061,0.9152714737760966,Bend3,FALSE,FALSE,FALSE,FALSE,0.06724889281202036,FALSE,FALSE,0.017384564806161917
Nln,-0.1080972374448117,0.6332154481114567,0.07463570397489416,0.7539154900800776,-0.01896173332001938,0.9625254956400278,Nln,FALSE,FALSE,FALSE,FALSE,0.06723155824657508,FALSE,FALSE,0.017379877756376613
1810058I24Rik,-0.03757057042372658,0.8481675916275203,-0.046666587975031426,0.819268719680646,-0.11721908820176585,0.6410240806979091,1810058I24Rik,FALSE,FALSE,FALSE,FALSE,0.06715208220017461,FALSE,FALSE,0.017358388427013628
Vcl,-0.17034916433050196,0.34875836216228345,4.91127131230229e-4,0.9981597437078088,0.030605014284234677,0.9245961247180302,Vcl,FALSE,FALSE,FALSE,FALSE,0.06714843524865562,FALSE,FALSE,0.017357402336915892
Cdc16,0.12746820240480528,0.2704580721998092,0.0695344865272185,0.5918912480576598,-0.004373316578486275,0.9831719364656961,Cdc16,FALSE,FALSE,FALSE,FALSE,0.06712533517017001,FALSE,FALSE,0.017351156364483058
Hivep3,0.08278692749209249,0.6165317480853029,0.004765138574818195,0.9810054602722228,0.11371372506187516,0.6147300814706247,Hivep3,FALSE,FALSE,FALSE,FALSE,0.06708859704292862,FALSE,FALSE,0.017341222834165112
Gnl3l,0.1297338102440353,0.36811165517272326,0.06158238974504027,0.7108294501793556,-0.009699570504292154,0.9709984408155377,Gnl3l,FALSE,FALSE,FALSE,FALSE,0.06700525683112257,FALSE,FALSE,0.017318688682784994
Zc3h8,-0.027299426378875724,0.9527063476732687,0.14797451079449098,0.7227728371396861,-0.025675053105867818,0.9702827424909112,Zc3h8,FALSE,FALSE,FALSE,FALSE,0.06698299675974484,FALSE,FALSE,0.017312669837772632
Lrp6,0.05725188457473074,0.6912884255392073,0.11535807721384472,0.4282273238255555,0.02817752291441966,0.9052165136027727,Lrp6,FALSE,FALSE,FALSE,FALSE,0.06692916156766504,FALSE,FALSE,0.017298113474864325
Cyth1,0.09322372538027146,0.6301200302675146,-0.03585937998064814,0.8719569967599646,0.07164114500617114,0.8049986712399015,Cyth1,FALSE,FALSE,FALSE,FALSE,0.06690808345569692,FALSE,FALSE,0.01729241421689985
Acp1,0.14986160141186122,0.27636708159974227,0.0457097791652572,0.7796874865264225,0.005069794383556037,0.9835144308273872,Acp1,FALSE,FALSE,FALSE,FALSE,0.06688039165355815,FALSE,FALSE,0.017284926699795436
Capn15,-0.0426705975998205,0.8155937455454036,0.011437162839364134,0.9549263233738063,0.1465139978757568,0.5136451318462426,Capn15,FALSE,FALSE,FALSE,FALSE,0.06687391943831382,FALSE,FALSE,0.017283176693706902
Pdzd2,0.01753803534879772,0.9533509516762438,-0.13499165545461533,0.6326786658763162,-0.04803824174481974,0.9137155754780841,Pdzd2,FALSE,FALSE,FALSE,FALSE,0.0668559775160776,FALSE,FALSE,0.017278325422238304
Rrbp1,-0.011645232388159954,0.9628376276257795,-0.08207977232021335,0.7352942075302151,-0.10684204373470685,0.7407341788304225,Rrbp1,FALSE,FALSE,FALSE,FALSE,0.06685568281436005,FALSE,FALSE,0.017278245738578148
Cpped1,0.05621465402590076,0.7107684486562305,0.008296604541145669,0.9623294171619239,0.13561150223468665,0.4856421306484975,Cpped1,FALSE,FALSE,FALSE,FALSE,0.06670758693391103,FALSE,FALSE,0.01723820246395129
Pcdh12,0.06459078897208359,0.8792871355026973,0.0740443712111798,0.8645941784485743,-0.06144019425688163,0.9260668732862938,Pcdh12,FALSE,FALSE,FALSE,FALSE,0.06669178481338167,FALSE,FALSE,0.017233929768113127
Myo9b,-0.0031307783173391,0.9836566892480271,-0.18228210980910298,0.20843657005646712,-0.014645908212999714,0.9527816940550564,Myo9b,FALSE,FALSE,FALSE,FALSE,0.0666862654464806,FALSE,FALSE,0.017232437400304407
Ttc13,-0.03427198118793928,0.8414663089592489,-0.11349707013026489,0.489463731950785,-0.05222332458940393,0.8318627856958678,Ttc13,FALSE,FALSE,FALSE,FALSE,0.06666412530253603,FALSE,FALSE,0.01722645098217068
Whamm,-0.077894869930892785,0.7135598831822589,0.03894611749345511,0.8639465998060595,0.0831324699589131,0.7765708127675152,Whamm,FALSE,FALSE,FALSE,FALSE,0.06665781912775366,FALSE,FALSE,0.017224745871347275
Zswim3,-0.0709431905888187,0.8066553948324919,-0.07174644641774197,0.8120243041741004,0.057255140223937406,0.8940782692699701,Zswim3,FALSE,FALSE,FALSE,FALSE,0.0666482590768327,FALSE,FALSE,0.017222160953094895
Dkk3,-0.09773451093371133,0.6653026438389745,-0.0178230763746976,0.9463630847394382,-0.08430562878424919,0.8007407999651911,Dkk3,FALSE,FALSE,FALSE,FALSE,0.06662107203088603,FALSE,FALSE,0.01721480991575453
Riox2,-0.12680297539751795,0.6244290114814699,0.0047040848946573455,0.9863298190688963,-0.06828192212059969,0.8635084228831491,Riox2,FALSE,FALSE,FALSE,FALSE,0.06659632747092499,FALSE,FALSE,0.017208119296089508
Ncf2,0.014879465073377451,0.9634162272061048,-0.14126482899254178,0.644200570895037,-0.043637002335436215,0.9279505169622849,Ncf2,FALSE,FALSE,FALSE,FALSE,0.06659376546711848,FALSE,FALSE,0.017207426562289567
Zfp14,-0.10898630553802979,0.6197626314826318,-0.04120322616090544,0.8655122895556379,-0.04953135238413342,0.8855111438723956,Zfp14,FALSE,FALSE,FALSE,FALSE,0.06657362802768955,FALSE,FALSE,0.017201981650419706
Tcaf1,-0.0656789725679161,0.6061275309445756,-0.04418434980104102,0.755416519648663,-0.08975155535057411,0.6141239856495122,Tcaf1,FALSE,FALSE,FALSE,FALSE,0.06653829257317707,FALSE,FALSE,0.017192427385271897
Rpa2,-0.08883456915694632,0.7049733903360952,-0.10628359816618937,0.6593817413669082,-0.004007875805575267,0.9909334348630924,Rpa2,FALSE,FALSE,FALSE,FALSE,0.06637534770957032,FALSE,FALSE,0.017148369131236352
Nav2,-0.07438454531720318,0.7409742741451975,-0.026123807056074533,0.9169954888815659,-0.09837589635030675,0.7551726154891273,Nav2,FALSE,FALSE,FALSE,FALSE,0.06629474957452815,FALSE,FALSE,0.017126576403132632
Pip4p1,0.0719936399247949,0.6932143462830253,-0.04329939829561891,0.8312393428559643,0.08357937307502539,0.7464469040878334,Pip4p1,FALSE,FALSE,FALSE,FALSE,0.0662908037651464,FALSE,FALSE,0.017125509505605038
Git2,0.025567733742565046,0.8892807420199691,0.062485683223529875,0.7286324590731519,0.11072330887791271,0.6290172071201772,Git2,FALSE,FALSE,FALSE,FALSE,0.06625890861466921,FALSE,FALSE,0.017116885455658808
Pdia3,0.17454805408084795,0.3688929182161218,0.004258991689697567,0.9854462354364483,-0.019921126593313687,0.9573310656501822,Pdia3,FALSE,FALSE,FALSE,FALSE,0.0662427241212864,FALSE,FALSE,0.017112509370981372
Leprot,-0.05160863078718059,0.7601510465822241,-0.04339381992988667,0.8115373851533422,-0.10366413422188447,0.6436806054672702,Leprot,FALSE,FALSE,FALSE,FALSE,0.06622219497965058,FALSE,FALSE,0.017106958547731702
Fam120c,0.165385251353924,0.21376772690896606,-0.015278894528416131,0.9261295396164604,-0.017999311381091232,0.9419512228520095,Fam120c,FALSE,FALSE,FALSE,FALSE,0.06622115242114379,FALSE,FALSE,0.017106676652945192
Spg20,0.05489927729020305,0.6390166155588232,0.05688618008115487,0.6510292350653135,-0.08684111460926669,0.5911764765603967,Spg20,FALSE,FALSE,FALSE,FALSE,0.06620885732687487,FALSE,FALSE,0.01710335221316415
Ahi1,-0.07886645616502985,0.6062404149843771,0.11278970157250523,0.4780537640568417,-0.006521730175476748,0.9812050334728056,Ahi1,FALSE,FALSE,FALSE,FALSE,0.06605929597100395,FALSE,FALSE,0.01706291269230411
Jkamp,0.027505725791812097,0.8448293643075855,0.04709584326612326,0.7405052037651411,-0.12351877879971962,0.4818397663255097,Jkamp,FALSE,FALSE,FALSE,FALSE,0.06604011595255166,FALSE,FALSE,0.017057726655096965
H3f3b,0.006936630783282993,0.9724274395141818,0.09977313480426098,0.5850457743423427,-0.09122085383395984,0.713382629184324,H3f3b,FALSE,FALSE,FALSE,FALSE,0.06597687314050127,FALSE,FALSE,0.01704062658935962
Pigk,-0.07409176982575882,0.5744183130479459,-0.06933412502164948,0.6253900233874495,-0.05449692296212394,0.7847854337062202,Pigk,FALSE,FALSE,FALSE,FALSE,0.06597427260317741,FALSE,FALSE,0.01703992343657832
Qtrt2,0.02565020962264164,0.9124771339105935,0.16317709623356702,0.4314293998653178,-0.009059222264220956,0.9799428752071496,Qtrt2,FALSE,FALSE,FALSE,FALSE,0.0659621760401432,FALSE,FALSE,0.01703665267716117
Mfsd6,-0.12379923614905675,0.40734003529512014,0.0032543925571042465,0.9854462354364483,-0.07082201111761943,0.7588400258853942,Mfsd6,FALSE,FALSE,FALSE,FALSE,0.06595854660792681,FALSE,FALSE,0.01703567132406384
Med20,-0.05508155285740557,0.672713049114027,-0.001410429960227333,0.9919420038582014,-0.14130450396518857,0.4065954988494076,Med20,FALSE,FALSE,FALSE,FALSE,0.0659321622609405,FALSE,FALSE,0.017028537326487268
Twf1,0.06050524498021126,0.6922083215216642,0.04520376005225302,0.7898028354865289,-0.09183214615259683,0.6639649189738192,Twf1,FALSE,FALSE,FALSE,FALSE,0.06584705039502037,FALSE,FALSE,0.01700552414198335
Kctd7,-0.02353412679923972,0.9149814098589731,-0.10976035621060731,0.5908528396494197,0.06424049533983078,0.824893794979805,Kctd7,FALSE,FALSE,FALSE,FALSE,0.06584499278322593,FALSE,FALSE,0.01700496778947773
Tacc1,-0.11230278066055988,0.3528923325993291,-0.0346404533291107,0.8114174328468818,0.05047880954164086,0.7924644621204158,Tacc1,FALSE,FALSE,FALSE,FALSE,0.06580734784377047,FALSE,FALSE,0.016994789068473768
2610001J05Rik,0.11053451093030109,0.40164889663648246,0.034332367077995585,0.8262631180585953,-0.05254685178695606,0.8007407999651911,2610001J05Rik,FALSE,FALSE,FALSE,FALSE,0.06580457659841758,FALSE,FALSE,0.016994039758375556
Pnmal1,0.046887065702760466,0.766057040718235,-0.10255531304948473,0.5123294663294929,-0.04793314601627685,0.8400009053122465,Pnmal1,FALSE,FALSE,FALSE,FALSE,0.06579184158950735,FALSE,FALSE,0.01699059637117517
Pcolce,-0.00616864617564028,0.9836700194708712,-0.09577281313789898,0.7515704413410185,0.09532211215156128,0.8160706567923424,Pcolce,FALSE,FALSE,FALSE,FALSE,0.06575452382170018,FALSE,FALSE,0.016980506113294713
2810004N23Rik,-0.06197738087941396,0.6483452288941247,-0.10607293050925382,0.43910748013220713,0.028954638957891632,0.8944089075616969,2810004N23Rik,FALSE,FALSE,FALSE,FALSE,0.06566831678218647,FALSE,FALSE,0.016957196807542593
Add3,-0.04139561057813257,0.7697688526815987,-0.13944049565613614,0.31276354770148346,0.01614530507895573,0.9463936875942615,Add3,FALSE,FALSE,FALSE,FALSE,0.06566047043774148,FALSE,FALSE,0.016955075254097115
Anpep,-0.06526362390203122,0.8334695206249759,0.11115363795539723,0.7105251569275951,0.020280465644955115,0.9681997036345765,Anpep,FALSE,FALSE,FALSE,FALSE,0.06556590916746119,FALSE,FALSE,0.01692950706878759
Mettl14,-0.1391066338687441,0.43335906776858096,-0.04290196066481489,0.8335420367512946,0.014647019080293866,0.9653187562498968,Mettl14,FALSE,FALSE,FALSE,FALSE,0.06555187120461763,FALSE,FALSE,0.01692571137913274
Sec24c,-0.052711688131986456,0.7480242258702147,-0.07475686481530541,0.6618232552203471,-0.06917711660631554,0.7681228036900202,Sec24c,FALSE,FALSE,FALSE,FALSE,0.06554855651786913,FALSE,FALSE,0.016924815129275083
Gm43966,-0.03299988219893879,0.9731654684984625,0.12262207294988647,0.8960738400302994,-0.04079215165703509,0.9777503992234355,Gm43966,FALSE,FALSE,FALSE,FALSE,0.06547136893528678,FALSE,FALSE,0.01690394457191888
Ccdc25,-0.03751144317760158,0.8018287659293367,0.03822488290826165,0.8083228758046079,-0.12050562646618346,0.52681363362745115,Ccdc25,FALSE,FALSE,FALSE,FALSE,0.06541398418401556,FALSE,FALSE,0.01688842845258065
Gid8,-0.1015193732893378,0.5144723058565456,-0.05205762094419697,0.7655880140985618,-0.04257624317640296,0.8662190796953145,Gid8,FALSE,FALSE,FALSE,FALSE,0.06538441246997924,FALSE,FALSE,0.016880432630801186
Kif21a,0.0669031471129955,0.5966474984526148,0.12716068517812307,0.32816981463070727,-0.002033803840322257,0.9920919693403641,Kif21a,FALSE,FALSE,FALSE,FALSE,0.06536587871048027,FALSE,FALSE,0.016875421333935704
Shf,0.006978510929975812,0.9860975883962869,-0.11702619315531626,0.7752766817391893,-0.07206218793561447,0.9052165136027727,Shf,FALSE,FALSE,FALSE,FALSE,0.06535563067363552,FALSE,FALSE,0.016872650392890508
Bag1,0.020678156861067443,0.8813899527990321,-0.08264386944541968,0.5318781447123552,-0.0927212911849633,0.597644460106093,Bag1,FALSE,FALSE,FALSE,FALSE,0.06534777249715014,FALSE,FALSE,0.01687052564020923
Eng,-0.06122662455523198,0.8429541279204588,-0.12162642296565096,0.6931048264506678,-0.013010890731790514,0.9784781346671818,Eng,FALSE,FALSE,FALSE,FALSE,0.06528797941755782,FALSE,FALSE,0.016854358339001112
Trim13,0.021883665766387228,0.9351757238072139,0.14995600304572276,0.522829519524485,-0.024019921286625223,0.9528063179104878,Trim13,FALSE,FALSE,FALSE,FALSE,0.06528653003291174,FALSE,FALSE,0.016853966443512548
Syt7,0.02817913526737925,0.9072709767051235,0.0905022556663253,0.7007861884859345,0.0770247391908514,0.8160706567923424,Syt7,FALSE,FALSE,FALSE,FALSE,0.06523537670818531,FALSE,FALSE,0.01684013522400876
Vps41,-0.04001183075817849,0.7427438711508861,-0.05007928696049557,0.6977661719907716,-0.10556990270703093,0.5072688898266047,Vps41,FALSE,FALSE,FALSE,FALSE,0.06522034014190166,FALSE,FALSE,0.016836069524467923
Pak1,0.017646064277223594,0.922485600548607,0.062150627827194604,0.7233398855397911,-0.1157321701830476,0.6035606966143189,Pak1,FALSE,FALSE,FALSE,FALSE,0.06517628742915527,FALSE,FALSE,0.016824158221673994
Ankrd42,-0.1427620992177241,0.4299761520732134,0.04704713439079322,0.8176033178063301,0.005585300334950638,0.9850061033492337,Ankrd42,FALSE,FALSE,FALSE,FALSE,0.06513151131448931,FALSE,FALSE,0.016812051320044753
Dnajc15,0.13852212936289732,0.3475615246082374,0.01471888784812414,0.9360225676070129,-0.04189954818613284,0.8668290961147813,Dnajc15,FALSE,FALSE,FALSE,FALSE,0.06504685513238477,FALSE,FALSE,0.016789161346747756
Snhg12,-0.060480639953290005,0.7471263534423684,-0.04540641254314748,0.8216035230814268,-0.08916215238795955,0.7281231251795859,Snhg12,FALSE,FALSE,FALSE,FALSE,0.06501640162813234,FALSE,FALSE,0.016780927099917707
Brsk2,-0.17713245336300876,0.29445694941096934,0.01535927780763302,0.9401684026673452,-0.002555056316997373,0.9924539573195911,Brsk2,FALSE,FALSE,FALSE,FALSE,0.06501559582921305,FALSE,FALSE,0.01678070922196377
Pros1,-0.14766220826913834,0.3510263403171464,0.04294566032665692,0.8144427165750446,0.004378472283849355,0.9870574452185918,Pros1,FALSE,FALSE,FALSE,FALSE,0.06499544695988153,FALSE,FALSE,0.016775261219591144
Armcx5,0.03159275819243712,0.9215924135166762,0.047838752773239346,0.8817000289080401,-0.11547340512493154,0.7846564495789521,Armcx5,FALSE,FALSE,FALSE,FALSE,0.064968305363536,FALSE,FALSE,0.016767922471254724
Sox4,0.016334395558711634,0.9702573827316806,0.024823136306288518,0.9557381998009242,0.1537464871263019,0.7811848157707648,Sox4,FALSE,FALSE,FALSE,FALSE,0.06496800633043402,FALSE,FALSE,0.016767841616442365
Kazn,-0.15253414615628458,0.45726963074937754,0.037687331589416395,0.8726344291088551,-0.004651361163269918,0.9894104490465868,Kazn,FALSE,FALSE,FALSE,FALSE,0.06495761296965696,FALSE,FALSE,0.016765031381622667
Sptan1,-0.11089774793248175,0.3622699178918077,-0.0727506817505752,0.5939819545387827,0.011183806253088235,0.9630623165232519,Sptan1,FALSE,FALSE,FALSE,FALSE,0.06494407864538172,FALSE,FALSE,0.016761371869540364
Fam57a,0.012809194285083425,0.9551721912568223,-0.006861703827395704,0.9771072322773872,-0.1750548914414427,0.5181452776140207,Fam57a,FALSE,FALSE,FALSE,FALSE,0.06490859651797394,FALSE,FALSE,0.01675177794587532
Arhgef6,0.12854063486966183,0.4744603272627129,-0.039734159654725154,0.8504990027270904,0.02623488728634893,0.9338189684089776,Arhgef6,FALSE,FALSE,FALSE,FALSE,0.06483656060357863,FALSE,FALSE,0.016732300335192418
Hspa1l,0.07835983815858782,0.9168197154749603,0.068985922118454,0.9279519982511617,-0.0470888450552871,0.9688370282857929,Hspa1l,FALSE,FALSE,FALSE,FALSE,0.06481153511077631,FALSE,FALSE,0.016725533754799248
Zrsr1,0.04081662048601764,0.7854884088470282,0.0759927014003825,0.6167514725491039,0.07760448652446605,0.7037178753758783,Zrsr1,FALSE,FALSE,FALSE,FALSE,0.06480460280362206,FALSE,FALSE,0.016723659345610188
Ino80c,-0.06701961475357399,0.7409742741451975,-0.11290904219519904,0.5749452912685907,0.01444884694215487,0.9672576142655462,Ino80c,FALSE,FALSE,FALSE,FALSE,0.06479250129697596,FALSE,FALSE,0.016720387249502186
Nrd1,0.09779408038360327,0.5188054037002217,0.05633546307682469,0.7416864232612579,0.04020381078405144,0.873330180241766,Nrd1,FALSE,FALSE,FALSE,FALSE,0.0647777847481598,FALSE,FALSE,0.016716408078683808
Ptrh2,-0.08968174339267865,0.6089368667724266,0.06367961282009382,0.7337224407776441,-0.04074803718190623,0.884352967316735,Ptrh2,FALSE,FALSE,FALSE,FALSE,0.06470313113155957,FALSE,FALSE,0.01669622267405035
Gga3,-0.06283777371087673,0.6621922697502659,-0.12217348730218047,0.39552682114728965,-0.00906071960185173,0.9703171669614905,Gga3,FALSE,FALSE,FALSE,FALSE,0.06469066020496965,FALSE,FALSE,0.01669285069140791
Ncbp1,0.06469293130584752,0.7076753510373082,0.07331509884143372,0.6886197269319565,-0.05583433382116354,0.8305254292043011,Ncbp1,FALSE,FALSE,FALSE,FALSE,0.06461412132281492,FALSE,FALSE,0.016672155534537495
Echdc2,-0.13481745559535518,0.47919461725505486,-0.050084166323908885,0.8152224469289504,0.008931612072796025,0.9779166711917642,Echdc2,FALSE,FALSE,FALSE,FALSE,0.06461107799735337,FALSE,FALSE,0.016671332657379356
Ccny,0.0540235028239584,0.6904795810961101,0.09534126148882471,0.48946639605282133,0.04434106836932017,0.8302444942285242,Ccny,FALSE,FALSE,FALSE,FALSE,0.06456861089403443,FALSE,FALSE,0.01665985008355184
Gpn3,0.066669001115228,0.6830891192248937,0.015581503066953495,0.9339334819333573,-0.11140754807395226,0.6162317647096978,Gpn3,FALSE,FALSE,FALSE,FALSE,0.06455268408537791,FALSE,FALSE,0.0166555436736029
Pkd2,0.04256567169429104,0.7402188825224347,0.04514154736609033,0.7399391620836395,0.10583707457963332,0.5303365774269574,Pkd2,FALSE,FALSE,FALSE,FALSE,0.06451476454667156,FALSE,FALSE,0.01664529070439445
1110065P20Rik,0.05687313779447711,0.8219145930130007,-0.0893811084189613,0.7291389229669599,0.04720458119071713,0.9031244502444933,1110065P20Rik,FALSE,FALSE,FALSE,FALSE,0.06448627580138518,FALSE,FALSE,0.016637587703826045
C330011M18Rik,-0.049554642667041016,0.8941549719395337,-0.007354657010597787,0.9848019905188304,0.1365201784108585,0.7700562878232969,C330011M18Rik,FALSE,FALSE,FALSE,FALSE,0.06447649269616577,FALSE,FALSE,0.01663494247447992
Ppa2,0.16636526530511908,0.24608204099123582,-0.006808590194522068,0.9702120984189493,-0.020232307037240105,0.9382890029180332,Ppa2,FALSE,FALSE,FALSE,FALSE,0.06446872084562709,FALSE,FALSE,0.01663284106325541
Tdrd7,-0.04639408315564619,0.767774221827323,-0.08104711928161379,0.6083289123531449,-0.06595111793804698,0.764099394312501,Tdrd7,FALSE,FALSE,FALSE,FALSE,0.06446410679176899,FALSE,FALSE,0.016631593480775583
Car12,0.03738713255158799,0.9276073044980941,0.04562453337002137,0.9113621351382146,0.11033321948974462,0.8402197939488796,Car12,FALSE,FALSE,FALSE,FALSE,0.06444829513711799,FALSE,FALSE,0.016627318207030117
Ptgis,-0.01562894322729247,0.9841603419576039,0.12775856667897578,0.8713846008276066,0.04973356656850836,0.9684935372880693,Ptgis,FALSE,FALSE,FALSE,FALSE,0.06437369215825887,FALSE,FALSE,0.016607146494208806
Dnase1l2,-0.014485482096015634,0.9858277691558258,-0.015337598738849212,0.9853747491583585,0.163292143573734,0.8884253399704966,Dnase1l2,FALSE,FALSE,FALSE,FALSE,0.06437174146953295,FALSE,FALSE,0.016606619052364192
Snip1,-0.0472981308625009,0.7630137113802105,0.08895352278113222,0.5622154780157964,-0.05682137178713642,0.7988200690067017,Snip1,FALSE,FALSE,FALSE,FALSE,0.06435767514358985,FALSE,FALSE,0.016602815693681813
Gm36839,-0.05496980179850208,0.8925732716711067,0.05380893989918789,0.8942870835493888,-0.08416526330057672,0.8846226286283426,Gm36839,FALSE,FALSE,FALSE,FALSE,0.06431466833275556,FALSE,FALSE,0.01659118718968939
1500004A13Rik,0.03679217142344715,0.8979754173684592,0.04538760679479559,0.8752763825986378,0.11070128940775348,0.7627735370720214,1500004A13Rik,FALSE,FALSE,FALSE,FALSE,0.0642936892086654,FALSE,FALSE,0.016585514696809602
Sap130,-0.00800654728798822,0.9668961626865737,-0.07659868732620723,0.6744845701148868,0.1082718757019725,0.640954211863209,Sap130,FALSE,FALSE,FALSE,FALSE,0.06429237010538931,FALSE,FALSE,0.016585158027774747
Ccdc142os,0.03453340671275784,0.9438392343281208,-0.021134798107017516,0.966661166888352,-0.1370427905121998,0.8366975580349104,Ccdc142os,FALSE,FALSE,FALSE,FALSE,0.06423699844399172,FALSE,FALSE,0.01657018622277135
Aifm3,-0.08715065898433005,0.8505095738654841,0.0646129396581876,0.89147308792367,-0.04077088516464844,0.9568171905639022,Aifm3,FALSE,FALSE,FALSE,FALSE,0.06417816126905536,FALSE,FALSE,0.016554277386231796
Parva,-0.09049717182053385,0.5057699610877594,-0.04314921464730048,0.7830762775888619,-0.0586652311397895,0.7774225323309117,Parva,FALSE,FALSE,FALSE,FALSE,0.06410387253587461,FALSE,FALSE,0.016534190641513315
Trpc4ap,-0.09970168481633834,0.4449640823734066,-0.08153819234104365,0.5681482988256603,-0.010998848425094465,0.9660912678032872,Trpc4ap,FALSE,FALSE,FALSE,FALSE,0.06407957519415881,FALSE,FALSE,0.016527620944070832
Tgfbrap1,-0.026755096737651307,0.8733298430977592,-0.03962721412871861,0.820199299983728,0.12584672201538627,0.541217482229437,Tgfbrap1,FALSE,FALSE,FALSE,FALSE,0.06407634429391873,FALSE,FALSE,0.016526747349037578
Pcca,0.002753439996361351,0.9870012466630598,-0.10572112590760252,0.5113028704053856,-0.08372914905503137,0.7053028785252032,Pcca,FALSE,FALSE,FALSE,FALSE,0.06406790498633175,FALSE,FALSE,0.016524465465771538
Fntb,-0.11086266537527667,0.6049650638399093,-0.049872017592622164,0.8346913411686976,-0.031285908742161084,0.9315386075439951,Fntb,FALSE,FALSE,FALSE,FALSE,0.0640068639033533,FALSE,FALSE,0.016507960720049945
Tie1,0.09793078891325324,0.7040628624631922,0.01804731970196638,0.9519663294979488,-0.07594337089905245,0.8483049081037436,Tie1,FALSE,FALSE,FALSE,FALSE,0.06397382650475736,FALSE,FALSE,0.01649902782049242
Cflar,-0.1141162118067287,0.3762339298918311,-0.06893874136153677,0.6354037668339887,0.008769261613736035,0.9704545455923048,Cflar,FALSE,FALSE,FALSE,FALSE,0.06394140492733384,FALSE,FALSE,0.016490261431281125
Ralgps1,-0.0321471587499742,0.8623895791411975,0.07561396723490077,0.6812239154638908,0.08399020096002907,0.7320522012263125,Ralgps1,FALSE,FALSE,FALSE,FALSE,0.06391710898163468,FALSE,FALSE,0.016483692111304085
Gstk1,-0.03505334721965925,0.9174831664404683,-0.08890978067296196,0.7889941680608955,0.0677808087546743,0.8855111438723956,Gstk1,FALSE,FALSE,FALSE,FALSE,0.0639146455490985,FALSE,FALSE,0.016483026029943334
Gbp5,0.16988665319005358,0.5660915233905829,0.0030677297585417485,0.9924672529996393,0.018700180729385174,0.9709984408155377,Gbp5,FALSE,FALSE,FALSE,FALSE,0.06388485455932684,FALSE,FALSE,0.01647497091874635
Tsn,-0.05708148185470918,0.6295534832188838,-0.0788155012187799,0.5220272816656903,-0.05572630103340437,0.747523638916574,Tsn,FALSE,FALSE,FALSE,FALSE,0.06387442803563115,FALSE,FALSE,0.016472151717088043
Cds1,-0.14459619621155184,0.5337804059827812,-0.014143658056212871,0.9587402038115811,0.03279954623232051,0.9333761742486896,Cds1,FALSE,FALSE,FALSE,FALSE,0.06384646683336175,FALSE,FALSE,0.01646459135755626
Ccdc162,-0.07494952811464062,0.7962923131373877,-0.0469508168454289,0.8781640176836818,0.06960758123879307,0.8688777900752633,Ccdc162,FALSE,FALSE,FALSE,FALSE,0.06383597539962087,FALSE,FALSE,0.01646175460503322
Coprs,-0.02064294090886154,0.9331586152887693,-0.09362914889510776,0.687324795084317,-0.07699204488045952,0.8112491650045689,Coprs,FALSE,FALSE,FALSE,FALSE,0.06375471156147627,FALSE,FALSE,0.016439781879133013
Adh5,-0.038432987416302744,0.7660277589106208,-0.013189325945710095,0.92698043760186,-0.13962430021554617,0.39486960130333254,Adh5,FALSE,FALSE,FALSE,FALSE,0.06374887119251967,FALSE,FALSE,0.01643820271638154
Tmem41b,0.0893176808897751,0.5105165002540839,0.057262896089741666,0.7035139164034433,-0.04466387898866042,0.8369176274335286,Tmem41b,FALSE,FALSE,FALSE,FALSE,0.06374815198939239,FALSE,FALSE,0.016438008252847167
Phlpp2,-0.050398452024748686,0.7127317479621971,-0.011704089597738943,0.9401684026673452,0.1287924066288033,0.4571058562958614,Phlpp2,FALSE,FALSE,FALSE,FALSE,0.06363164941709698,FALSE,FALSE,0.016406507413775778
Irs4,0.11921171677931941,0.5435152470865569,0.03708125107135363,0.8723102057566291,-0.03449108540976997,0.9202501818544737,Irs4,FALSE,FALSE,FALSE,FALSE,0.06359468442014767,FALSE,FALSE,0.01639651254072506
Stxbp3,0.02855232354902526,0.8666985207309877,0.13165354162970733,0.4013813292661667,-0.030542398484895372,0.905464057722558,Stxbp3,FALSE,FALSE,FALSE,FALSE,0.06358275455454265,FALSE,FALSE,0.016393286854208766
Epcam,-0.08401431553423677,0.5130082025740192,-0.018883706648596288,0.9009874203427063,-0.08781972267671456,0.6353990696803009,Epcam,FALSE,FALSE,FALSE,FALSE,0.0635725816198492,FALSE,FALSE,0.01639053621984638
Vopp1,0.019821873562487546,0.9239180500550143,-0.1092182407887039,0.5734070144866572,-0.06158910402140716,0.8287307788101925,Vopp1,FALSE,FALSE,FALSE,FALSE,0.0635430727908662,FALSE,FALSE,0.016382557401399166
Arf6,-0.04034678925966606,0.8219145930130007,0.08771648256338516,0.6249655006133806,-0.06250996684440047,0.80660148337424,Arf6,FALSE,FALSE,FALSE,FALSE,0.06352441288915056,FALSE,FALSE,0.016377511997255283
Tmem62,0.015683038787439596,0.9414371719660278,0.1587584349655895,0.38491606387837085,0.016128960919596036,0.9615681718746605,Tmem62,FALSE,FALSE,FALSE,FALSE,0.06352347822420838,FALSE,FALSE,0.016377259275539794
Plekha2,-0.04383718050531016,0.8446877740921729,-0.07912790457985697,0.7268803051152575,-0.06756957271881081,0.833965400118035,Plekha2,FALSE,FALSE,FALSE,FALSE,0.06351155260132597,FALSE,FALSE,0.016374034736202654
2510002D24Rik,0.08685407151273106,0.640937162243413,-0.012730690890968344,0.9539267901805041,-0.0909103617726732,0.7340760635387051,2510002D24Rik,FALSE,FALSE,FALSE,FALSE,0.06349837472545754,FALSE,FALSE,0.016370471603313348
Tbc1d5,0.08400059466160048,0.6118622066354751,0.034619882705162475,0.853239939204169,0.07185508464702295,0.7669696688057195,Tbc1d5,FALSE,FALSE,FALSE,FALSE,0.0634918540045953,FALSE,FALSE,0.01636870848191213
Faxc,-0.015798549425125152,0.9385615787595581,0.06948691262416062,0.7172096674459097,0.10509872195970704,0.6692229348201579,Faxc,FALSE,FALSE,FALSE,FALSE,0.06346139466966427,FALSE,FALSE,0.016360472658539488
Ajuba,-0.035752289665806014,0.9079752144443256,-0.0886925458558232,0.7666917260213334,-0.06573641877879854,0.8798371927768469,Ajuba,FALSE,FALSE,FALSE,FALSE,0.06339375143347592,FALSE,FALSE,0.016342182773127906
Gemin5,-0.14254563175734525,0.32585890647462423,0.01965369319338084,0.9100714677163106,0.027877231190654328,0.9105713371254613,Gemin5,FALSE,FALSE,FALSE,FALSE,0.06335885204712681,FALSE,FALSE,0.01633274641535989
Gnal,0.008536525337888179,0.9745000590905966,-0.0963679906413768,0.7048602198776364,0.08511426741736816,0.80660148337424,Gnal,FALSE,FALSE,FALSE,FALSE,0.06333959446554438,FALSE,FALSE,0.016327539406052027
Aph1b,0.09756777979477338,0.5861582412215764,0.028598449100312173,0.8900912594306355,-0.06373247297444617,0.8166219510788234,Aph1b,FALSE,FALSE,FALSE,FALSE,0.06329956728984391,FALSE,FALSE,0.016316716558149362
Map4k2,-0.11957098094548524,0.46140824124991064,-0.06898961778218027,0.7001186721685346,0.001204589356365915,0.9958136259774507,Map4k2,FALSE,FALSE,FALSE,FALSE,0.06325506269467714,FALSE,FALSE,0.016304683071998248
Gtpbp4,-0.02718075411840548,0.8998924242205509,0.060058286011419604,0.7814968655293738,-0.1025054174043678,0.7119328459445448,Gtpbp4,FALSE,FALSE,FALSE,FALSE,0.06324815251139763,FALSE,FALSE,0.016302814644828335
Nmnat3,0.11735126810913021,0.5661017549604943,-0.056778943038487295,0.8079358312977126,0.0156082403959239,0.9672576142655462,Nmnat3,FALSE,FALSE,FALSE,FALSE,0.06324615051451381,FALSE,FALSE,0.016302273329899263
Ydjc,0.06337427357354208,0.8578999509082149,-0.04409059795328174,0.9070575923306803,0.0822136534626412,0.873330180241766,Ydjc,FALSE,FALSE,FALSE,FALSE,0.06322617499648835,FALSE,FALSE,0.01629687219955261
Trio,-0.09119560052933995,0.537372670702373,-0.03827394213752111,0.8245996758625754,-0.06020362627813025,0.7908582503831159,Trio,FALSE,FALSE,FALSE,FALSE,0.06322438964833044,FALSE,FALSE,0.016296389463730555
Gatc,-0.06820813857386954,0.7270505464268755,-0.059389702315499004,0.772781008486405,-0.061962953487006533,0.8264314621238815,Gatc,FALSE,FALSE,FALSE,FALSE,0.06318693145879169,FALSE,FALSE,0.016286261237569388
Morn4,-0.08375322900837334,0.7905732838723266,-0.09606669925482203,0.7663132045105532,0.009672244092620907,0.9839580232382996,Morn4,FALSE,FALSE,FALSE,FALSE,0.06316405745193876,FALSE,FALSE,0.016280076392079755
Pdgfa,-0.09591903376685007,0.8148888428719665,-0.025042207572988584,0.9550259589497245,0.06841127803652736,0.9099328318409058,Pdgfa,FALSE,FALSE,FALSE,FALSE,0.06312417312545533,FALSE,FALSE,0.016269292168819522
Ttc9c,0.057249641262521855,0.6857433174200502,-0.07233119748726491,0.6257767854461388,-0.059534395437629506,0.7725981020988483,Ttc9c,FALSE,FALSE,FALSE,FALSE,0.06303841139580542,FALSE,FALSE,0.01624610326928745
Prdm4,-0.14719863700844193,0.29677802147888255,0.005057973112372771,0.9771072322773872,0.0368012876071413,0.8748433176847077,Prdm4,FALSE,FALSE,FALSE,FALSE,0.063019299242652,FALSE,FALSE,0.016240935582008693
Frg1,-0.10824686884036705,0.47034106455810043,0.07009233308844731,0.6638230767199013,0.010670517432894933,0.9688372780310917,Frg1,FALSE,FALSE,FALSE,FALSE,0.06300323978723643,FALSE,FALSE,0.016236593306034417
Eif4g3,-0.021716643097557053,0.9093998280460106,-0.06013026140209554,0.7498999684757057,-0.10691659008401189,0.6559364401879924,Eif4g3,FALSE,FALSE,FALSE,FALSE,0.0629211648612215,FALSE,FALSE,0.016214401272114026
Brms1l,-0.04235281945364999,0.8127515172536225,0.06835487741582469,0.7032092720802327,-0.07804500780072043,0.747523310477557,Brms1l,FALSE,FALSE,FALSE,FALSE,0.06291756822339838,FALSE,FALSE,0.01621342878621065
Luzp1,-0.08024833329455561,0.568931879152828,-0.08513218298505443,0.5668401155249997,-0.02321530512279857,0.9245961247180302,Luzp1,FALSE,FALSE,FALSE,FALSE,0.06286527380080287,FALSE,FALSE,0.016199289028108698
Raver2,0.01603405187215312,0.9454645260717774,-0.042235617389162705,0.8538550504410823,0.13028506133734297,0.6386112816474349,Raver2,FALSE,FALSE,FALSE,FALSE,0.0628515768662196,FALSE,FALSE,0.016195585548232007
Phactr1,-0.15458306238930675,0.2570726025962537,0.017707426783279523,0.9148045333997679,-0.01603429402090839,0.9492671333191428,Phactr1,FALSE,FALSE,FALSE,FALSE,0.06277492773116489,FALSE,FALSE,0.016174860580355784
Letmd1,-0.10778190078164718,0.5322352240678339,-0.06928197227693289,0.710411053746016,0.011184609433029902,0.9702827424909112,Letmd1,FALSE,FALSE,FALSE,FALSE,0.06274949416386999,FALSE,FALSE,0.016167983661721435
Hsbp1,-0.021444892672608518,0.8731476256321876,-0.06424498504327936,0.6266229386603176,-0.10237463132239721,0.5453901849308782,Hsbp1,FALSE,FALSE,FALSE,FALSE,0.06268816967942836,FALSE,FALSE,0.01615140228778719
Slc31a1,0.052144655901110504,0.8359903015398248,0.10869470783056023,0.6634286261204703,-0.02715854613339541,0.9474093284805494,Slc31a1,FALSE,FALSE,FALSE,FALSE,0.06266596995502205,FALSE,FALSE,0.016145399759841462
Gm35638,-0.1230980594867227,0.854259144084631,-0.02718690990731354,0.9702866746104893,-0.03769396575221062,0.97138086550869,Gm35638,FALSE,FALSE,FALSE,FALSE,0.06265964504874895,FALSE,FALSE,0.016143689584257135
Slc39a9,0.06521150327255576,0.6852018985419479,0.02806932427473008,0.8780397365401934,0.09454413778737258,0.6720974245889776,Slc39a9,FALSE,FALSE,FALSE,FALSE,0.06260832177821947,FALSE,FALSE,0.01612981241353281
Usp24,0.09386254260376958,0.5135034918213709,0.07170952184256407,0.6515664211217582,-0.022195552781058225,0.9308707838816256,Usp24,FALSE,FALSE,FALSE,FALSE,0.06258920574246396,FALSE,FALSE,0.016124643676446986
Acot9,-0.024071834183910568,0.9136479237917638,0.15243668043664593,0.4314297404897859,-0.011228865917856101,0.97366084761709,Acot9,FALSE,FALSE,FALSE,FALSE,0.06257912684613753,FALSE,FALSE,0.016121918468883407
Dlg3,-0.08388802271645535,0.6265420620188378,-0.08832414031843872,0.6270365072658408,-0.015502045620287674,0.9608022419757282,Dlg3,FALSE,FALSE,FALSE,FALSE,0.06257140288506058,FALSE,FALSE,0.01611983000637065
Endod1,-0.07192640745879864,0.6919262961122429,-0.04062778169400705,0.8412932181915236,-0.07512661085454209,0.7772761832863695,Endod1,FALSE,FALSE,FALSE,FALSE,0.06256026666911592,FALSE,FALSE,0.016116818912800566
Ndrg1,-0.08791678267187741,0.6757904429431422,0.023343843725972313,0.9222985288793842,-0.07630921999513429,0.80660148337424,Ndrg1,FALSE,FALSE,FALSE,FALSE,0.06252328213099467,FALSE,FALSE,0.016106818756061254
Mau2,-0.08792737398717243,0.4633407126376836,-0.006529180298818105,0.9653080060911616,0.09292531750639466,0.5845286270681717,Mau2,FALSE,FALSE,FALSE,FALSE,0.062460623930795066,FALSE,FALSE,0.01608987676205973
Gm973,-0.09901771425185046,0.7620320671815575,-0.0820003592377021,0.811959235721534,-0.0063000388895329,0.9901796608639275,Gm973,FALSE,FALSE,FALSE,FALSE,0.06243937079302849,FALSE,FALSE,0.01608413017930747
Xpc,-0.124810311121891,0.35159851847325774,-0.046541902938505686,0.763547194533297,-0.015896771914769126,0.9485308026156166,Xpc,FALSE,FALSE,FALSE,FALSE,0.06241632865838861,FALSE,FALSE,0.01607789987416612
Rpain,-0.10933270967508513,0.6923015956487875,-0.004097981608424561,0.9882331527860839,0.07380439493433899,0.8554524758758024,Rpain,FALSE,FALSE,FALSE,FALSE,0.06241169540594956,FALSE,FALSE,0.01607664710063002
Lamb1,-0.08672150217800834,0.8045991754029892,0.03556440994850796,0.9259816539520317,0.06494751432317791,0.9051000094912823,Lamb1,FALSE,FALSE,FALSE,FALSE,0.06241114214989807,FALSE,FALSE,0.016076497507110325
9430015G10Rik,-0.04800091231900527,0.8724792374313926,-0.075846358863996155,0.8013437573175883,0.06336153046791981,0.8811480874391052,9430015G10Rik,FALSE,FALSE,FALSE,FALSE,0.06240293388364041,FALSE,FALSE,0.01607427809453133
Dhx8,-0.09123708630374328,0.5123337986972751,-0.02879549456849606,0.8582072842002348,-0.0671335276221825,0.7450992817402718,Dhx8,FALSE,FALSE,FALSE,FALSE,0.06238870283147394,FALSE,FALSE,0.016070430195937506
Rbfox2,-0.10702595964107342,0.3906539414610001,-0.035642130228462854,0.8114174328468818,0.04449229466384175,0.8256031384808236,Rbfox2,FALSE,FALSE,FALSE,FALSE,0.06238679484445934,FALSE,FALSE,0.01606991430010179
Psmf1,-0.09790240293759922,0.4369819330222278,-0.06122186423319764,0.6602569463621202,-0.027949191625650016,0.8954044320542592,Psmf1,FALSE,FALSE,FALSE,FALSE,0.062357819598815624,FALSE,FALSE,0.01606207975591883
Fam76a,0.04072783253642065,0.8077343777316034,0.0737429202238209,0.6657785838256003,0.07254253900444585,0.7532118578355731,Fam76a,FALSE,FALSE,FALSE,FALSE,0.06233776392156246,FALSE,FALSE,0.016056656951519137
Dffa,-0.0541706490995999,0.7750155972175784,-0.09535648608849767,0.6131211847948573,-0.03743187284873706,0.8981139092189269,Dffa,FALSE,FALSE,FALSE,FALSE,0.06231966934561154,FALSE,FALSE,0.016051764404394514
Wdr35,-0.036326174891323504,0.7796419123952651,-0.07275453544771615,0.5756589022212344,-0.07785145678778083,0.6539032510393108,Wdr35,FALSE,FALSE,FALSE,FALSE,0.06231072237560683,FALSE,FALSE,0.01604934525555735
Sp2,0.11467047107178363,0.7176972006771015,-0.01244969836623433,0.9731053265941999,0.059774181290209505,0.9050521467595347,Sp2,FALSE,FALSE,FALSE,FALSE,0.06229811690940915,FALSE,FALSE,0.01604593689508694
Zfp286,0.1824672396607787,0.3089257536945126,0.0011306428506170363,0.995520204468751,-0.0032494920677352823,0.9913286600395865,Zfp286,FALSE,FALSE,FALSE,FALSE,0.06228245819304368,FALSE,FALSE,0.016041702973941897
Extl2,0.11954022477612014,0.3988967574358879,0.04782358085632321,0.772781008486405,-0.019464180844119383,0.9400886878066836,Extl2,FALSE,FALSE,FALSE,FALSE,0.062275995492187576,FALSE,FALSE,0.01603995554042499
Fv1,-0.08226039412544361,0.7291055467892879,0.06097898775190691,0.8046503529650718,0.04357671020067855,0.9044114204753066,Fv1,FALSE,FALSE,FALSE,FALSE,0.06227203069267636,FALSE,FALSE,0.016038883508203795
Cmbl,-0.038418702349921396,0.9030820683295424,-0.1009771063525573,0.7413226725411634,-0.04734383259193997,0.9211006069645289,Cmbl,FALSE,FALSE,FALSE,FALSE,0.06224654709813956,FALSE,FALSE,0.01603199306282866
Taf3,0.025900337386653316,0.8923252271732542,0.07224205186463362,0.6939122729801195,0.08852188915923476,0.7130781784286742,Taf3,FALSE,FALSE,FALSE,FALSE,0.06222142613684056,FALSE,FALSE,0.0160252006689475
Bnip1,-0.04551451403522666,0.8132506718252103,-0.05194565685477581,0.7950893985135867,-0.08920124917812933,0.7284228163778816,Bnip1,FALSE,FALSE,FALSE,FALSE,0.062220473356043936,FALSE,FALSE,0.016024943048931452
Tfr2,0.04043557612381714,0.9465213285416664,0.021810356216872107,0.9719413187760348,-0.12441297971957725,0.8825184669752741,Tfr2,FALSE,FALSE,FALSE,FALSE,0.06221963735342217,FALSE,FALSE,0.016024717004273957
Ehmt1,0.03144632259539648,0.830759120158053,0.1043279044936467,0.45801126296245204,0.05087781009601322,0.80660148337424,Ehmt1,FALSE,FALSE,FALSE,FALSE,0.062217345728352136,FALSE,FALSE,0.01602409737750417
Msi2,0.07288020429884945,0.6313899283499158,0.046644569090782184,0.7855326977975253,0.06705380102223213,0.7668317565841746,Msi2,FALSE,FALSE,FALSE,FALSE,0.06219285813728792,FALSE,FALSE,0.016017476239016313
Pom121,-0.09206437655344324,0.6920798487230205,-0.02667326594362418,0.9188496760773581,0.06782665612180061,0.8472108371378184,Pom121,FALSE,FALSE,FALSE,FALSE,0.06218809953962268,FALSE,FALSE,0.016016189573698072
Gpr173,0.034752821324285144,0.9047328302991072,-0.1163280725934901,0.6760884496086202,-0.03542806929069808,0.9355932313450519,Gpr173,FALSE,FALSE,FALSE,FALSE,0.06216965440282444,FALSE,FALSE,0.016011202239302934
Dock1,0.09211698568515203,0.5782015150017815,0.015107557767868762,0.9396466880988444,-0.07926064975894853,0.7464469040878334,Dock1,FALSE,FALSE,FALSE,FALSE,0.062161731070656444,FALSE,FALSE,0.01600905986933963
Maneal,-0.09970705381077494,0.5773584187228904,-0.050785329919961875,0.7998118566062874,-0.03595919810042236,0.903169279293507,Maneal,FALSE,FALSE,FALSE,FALSE,0.06215052727705306,FALSE,FALSE,0.016006030503615463
Slitrk2,0.0831999003898467,0.8232114658458629,-0.0840336393637462,0.8322991584061483,0.019039282498035437,0.9752834775725387,Slitrk2,FALSE,FALSE,FALSE,FALSE,0.06209094075054278,FALSE,FALSE,0.01598991905177847
Fam110b,0.12922018284843384,0.5598417213152777,0.022371529955005798,0.9318060656152912,0.03467561159142063,0.9277681321383151,Fam110b,FALSE,FALSE,FALSE,FALSE,0.06208910813162009,FALSE,FALSE,0.015989423534532577
Cd86,0.04758224614416451,0.9228629894428815,-0.11583503566801945,0.8146635662149688,-0.022750269081178054,0.9761707433445408,Cd86,FALSE,FALSE,FALSE,FALSE,0.06205585029778734,FALSE,FALSE,0.01598043103204283
Ahcyl1,0.15118536075849054,0.25080709934232087,0.019652264167825173,0.9020932960556807,0.015182685163206422,0.9511129618091145,Ahcyl1,FALSE,FALSE,FALSE,FALSE,0.06200677002984071,FALSE,FALSE,0.01596716034117562
Bicral,0.05335293304860933,0.7711692109342608,0.037213816951508605,0.8514913436061415,0.09531260791221197,0.7011342508281666,Bicral,FALSE,FALSE,FALSE,FALSE,0.061959785970776636,FALSE,FALSE,0.01595445643898413
Gm45453,-0.05730295539672137,0.9196229985378553,-0.11512577272374308,0.8379475336311463,0.013227634398479016,0.987007007124099,Gm45453,FALSE,FALSE,FALSE,FALSE,0.06188545417298116,FALSE,FALSE,0.015934358050132203
Clec16a,-0.07641067548988367,0.5537207406420382,-0.03128309342572777,0.8314766368440212,-0.07792025221728416,0.6677356565884597,Clec16a,FALSE,FALSE,FALSE,FALSE,0.06187134037763187,FALSE,FALSE,0.015930541856315837
Trmt2b,0.14822636806205836,0.3171433722027345,-0.004154842836520345,0.9825270613611082,-0.03307954555038162,0.8989942400213359,Trmt2b,FALSE,FALSE,FALSE,FALSE,0.06182025214965344,FALSE,FALSE,0.015916728238158893
Atrn,-0.08140926709990914,0.48773271579786265,0.0024826616842617,0.9855221778760572,0.10149381652620182,0.5374640967791049,Atrn,FALSE,FALSE,FALSE,FALSE,0.061795248436790885,FALSE,FALSE,0.01590996754678915
Sh3bgrl2,-0.06347418163856045,0.7888327636544916,0.08627961267313378,0.7196056122681362,-0.03556262495078055,0.9260668732862938,Sh3bgrl2,FALSE,FALSE,FALSE,FALSE,0.06177213975415826,FALSE,FALSE,0.015903719247902525
Abcc10,-0.004170245081633439,0.9893029186008194,-0.12270289321279293,0.6989128057096087,0.058438981891344444,0.9018918981113057,Abcc10,FALSE,FALSE,FALSE,FALSE,0.06177070672859027,FALSE,FALSE,0.01590333177570416
Exosc8,0.052192214308043106,0.8477593259489374,-0.05559678958522296,0.8450025805065663,-0.07746815335819335,0.8432344576641627,Exosc8,FALSE,FALSE,FALSE,FALSE,0.06175238575048647,FALSE,FALSE,0.015898378012267806
Polr2b,0.023886005588578563,0.8542810688130293,-0.08338220589954037,0.5106488819404537,-0.0778759122930408,0.6492804483178485,Polr2b,FALSE,FALSE,FALSE,FALSE,0.06171470792705325,FALSE,FALSE,0.015888190399847364
Galnt1,0.09007523494068526,0.4446347357885349,0.06551082895121763,0.61608608709533,-0.029517252025274665,0.8825184669752741,Galnt1,FALSE,FALSE,FALSE,FALSE,0.06170110530572585,FALSE,FALSE,0.015884512421095984
D10Wsu102e,0.09186245209038635,0.5265745839830278,0.07605785181904423,0.6288546503002226,0.01714465860155112,0.9478530429673544,D10Wsu102e,FALSE,FALSE,FALSE,FALSE,0.0616883208369939,FALSE,FALSE,0.01588105566057814
Ehd2,-0.11603363319105586,0.6111961217898026,0.06314015624535374,0.7983726881472837,-0.005877885075777911,0.9873336186356977,Ehd2,FALSE,FALSE,FALSE,FALSE,0.061683891504062505,FALSE,FALSE,0.01587985802432757
Phyh,0.12956051617353825,0.31887915303485187,-0.03978603458649754,0.7981597689196641,-0.01563259803203909,0.9489143780527068,Phyh,FALSE,FALSE,FALSE,FALSE,0.061659716264024965,FALSE,FALSE,0.015873321341652414
Mrps9,-0.1391098508446431,0.3403633686676893,0.03759637526864168,0.8235420640392183,0.00820263442432978,0.9753058324761829,Mrps9,FALSE,FALSE,FALSE,FALSE,0.061636286845871524,FALSE,FALSE,0.015866986319890693
Brd3,-0.08919007128387779,0.5480967828307384,-0.0917406649446777,0.5596060479534326,-0.0038584214112376003,0.9879904208121614,Brd3,FALSE,FALSE,FALSE,FALSE,0.06159638587993103,FALSE,FALSE,0.01585619759752929
Card9,0.03433602238984401,0.9544150680962603,-0.05960091591744218,0.9221829979444641,0.09065580997136648,0.916134707506285,Card9,FALSE,FALSE,FALSE,FALSE,0.061530916092884226,FALSE,FALSE,0.01583849538559383
Gdap2,0.07204209218657098,0.6203969248557852,0.04034239452369359,0.804362486097331,-0.07219317586861429,0.7313047649682617,Gdap2,FALSE,FALSE,FALSE,FALSE,0.061525887526292955,FALSE,FALSE,0.015837135724053056
Mrpl33,-0.005987975470695517,0.977443001888163,0.07711723429140704,0.705860334460487,-0.1014080168490814,0.7101641766295487,Mrpl33,FALSE,FALSE,FALSE,FALSE,0.061504408870394656,FALSE,FALSE,0.01583132816401733
Tmem160,-0.0011000456615639642,0.996428769858434,-0.09813151690927535,0.6901091395348637,0.08522639819350708,0.7965465873015468,Tmem160,FALSE,FALSE,FALSE,FALSE,0.0614859869214488,FALSE,FALSE,0.01582634709932759
Gli3,-0.1152987897509199,0.6973792971964393,-0.06125802250894452,0.8483555855756129,0.007801546975604534,0.9867010881791168,Gli3,FALSE,FALSE,FALSE,FALSE,0.06145278641182298,FALSE,FALSE,0.015817370096586746
Plekha1,0.030411876215596934,0.8318877738746981,0.138006089137523,0.3130853766526825,0.01592582377632823,0.9465656818331815,Plekha1,FALSE,FALSE,FALSE,FALSE,0.06144792970981605,FALSE,FALSE,0.01581605690508098
Traf3,0.05713224374249837,0.7423126995069955,-0.1257110372436525,0.46769983208976623,0.0013544029963679094,0.9958136259774507,Traf3,FALSE,FALSE,FALSE,FALSE,0.06139922799417293,FALSE,FALSE,0.015802888570024102
Hs3st1,0.09881184727728742,0.7747010679692703,-0.04687593617193775,0.8998078191318486,0.03850098511794364,0.945951707454794,Hs3st1,FALSE,FALSE,FALSE,FALSE,0.061396256189056274,FALSE,FALSE,0.0158020850310731
Tsc22d1,-0.10062433776601942,0.40689532588640964,0.008022953797852672,0.9585461969200364,-0.07553819976904297,0.6746850099708496,Tsc22d1,FALSE,FALSE,FALSE,FALSE,0.06139516377763835,FALSE,FALSE,0.015801789656682663
Cdcp1,-0.13286358416661503,0.35173772624376765,-0.024309898464596635,0.8863105820174122,0.026955940052242333,0.9126796877260279,Cdcp1,FALSE,FALSE,FALSE,FALSE,0.061376474227818,FALSE,FALSE,0.01579673623606192
Ccdc191,-0.12364938648104706,0.5466237483642282,-0.04342536546033715,0.8506151279768063,0.016877515547856436,0.9641829154012381,Ccdc191,FALSE,FALSE,FALSE,FALSE,0.06131742249641355,FALSE,FALSE,0.015780769386135707
Dock9,-0.09627205582410348,0.42137740828730325,-0.0648582498706407,0.6260095276940213,0.022804155052537745,0.9131685822374127,Dock9,FALSE,FALSE,FALSE,FALSE,0.06131148691576064,FALSE,FALSE,0.01577916447933186
Fam129a,-0.006535241845912587,0.977443001888163,-0.03821559892985338,0.8724233798651565,-0.13906153131105992,0.6318253179778425,Fam129a,FALSE,FALSE,FALSE,FALSE,0.061270790695608625,FALSE,FALSE,0.01576816073017367
Ccnj,-0.10057611132172894,0.6587576851197633,0.01004744461297813,0.9695327711073662,-0.07318178168270295,0.8280853054255133,Ccnj,FALSE,FALSE,FALSE,FALSE,0.06126844587247001,FALSE,FALSE,0.015767526719311205
Mapk1ip1,-0.004923232704463043,0.9774246292737,0.10547103881277753,0.492233403866293,0.07332136005753487,0.7343734806680826,Mapk1ip1,FALSE,FALSE,FALSE,FALSE,0.06123854385825848,FALSE,FALSE,0.01575944158849367
Uba7,0.008209664976612352,0.976843420580097,-0.09617466611041481,0.7214773284926297,0.07908833551406458,0.8333042568141834,Uba7,FALSE,FALSE,FALSE,FALSE,0.06115755553369725,FALSE,FALSE,0.01573754335802202
Xpnpep3,0.03966239169364272,0.8414663089592489,0.07001567880523663,0.7232640495313246,0.073782217628624025,0.785381527454652,Xpnpep3,FALSE,FALSE,FALSE,FALSE,0.061153429375834456,FALSE,FALSE,0.015736427696519808
Ctso,0.0888082424837755,0.608534963937909,0.05586551212875346,0.7732181810951857,0.038688003842055174,0.8924375086569016,Ctso,FALSE,FALSE,FALSE,FALSE,0.061120586151528045,FALSE,FALSE,0.015727547299262668
Ubfd1,0.052000344017215205,0.73965985810742,0.07255795119448027,0.6562989902374862,-0.058757721941906205,0.7972016958168011,Ubfd1,FALSE,FALSE,FALSE,FALSE,0.06110533905120056,FALSE,FALSE,0.015723424673948407
Zcchc8,-0.01831299538665654,0.9327953956840525,0.15302682645750476,0.41955941237361744,-0.011831309147615876,0.9710172031167756,Zcchc8,FALSE,FALSE,FALSE,FALSE,0.061057043663925725,FALSE,FALSE,0.015710366205002525
Sh3pxd2a,0.023683717385756253,0.9404028577474032,-0.13345155054012814,0.6551170440392337,-0.02603508636210794,0.9592666996925733,Sh3pxd2a,FALSE,FALSE,FALSE,FALSE,0.06105678476266411,FALSE,FALSE,0.015710296201338084
Prepl,0.11469026872656762,0.3736863256206711,0.04550282647766668,0.763547194533297,-0.02296771169572498,0.9220454072112415,Prepl,FALSE,FALSE,FALSE,FALSE,0.06105360229998643,FALSE,FALSE,0.015709435703216156
Lcmt2,0.08482240772767469,0.7081523246617254,0.058664112454100525,0.8115014529003158,0.03958352675650456,0.9127007735583098,Lcmt2,FALSE,FALSE,FALSE,FALSE,0.061023348979426593,FALSE,FALSE,0.015701255583553956
Dap,-9.249236947583839e-4,0.996428769858434,-0.10738727803739323,0.5989366948472119,-0.0747370054244616,0.7973084863460969,Dap,FALSE,FALSE,FALSE,FALSE,0.06101640238553774,FALSE,FALSE,0.015699377311410467
Gpam,0.03899415850791321,0.803856296060817,-0.1064741404129137,0.48710986071130297,-0.03745783546958048,0.8761546103293756,Gpam,FALSE,FALSE,FALSE,FALSE,0.060975378130135795,FALSE,FALSE,0.01568828486562169
Tmem19,-0.02225372074141152,0.9075178909520017,-0.09652651441032756,0.5899921353409806,-0.06412775618630384,0.8019536351272458,Tmem19,FALSE,FALSE,FALSE,FALSE,0.060969330446014304,FALSE,FALSE,0.015686649647441417
Gtf3c5,-0.01621359348357032,0.9354798234910268,-0.11594685192842125,0.5234296848102983,-0.05057319918027048,0.8550087583135406,Gtf3c5,FALSE,FALSE,FALSE,FALSE,0.06091121486408735,FALSE,FALSE,0.015670935920630485
Dock6,-0.06684908053626115,0.7573969316504493,0.0673980233964695,0.7613938597388709,-0.04845490290813048,0.8825184669752741,Dock6,FALSE,FALSE,FALSE,FALSE,0.06090066894695371,FALSE,FALSE,0.015668084436479175
Eif2ak4,0.011183160773666323,0.9491466864294082,0.095011065240179,0.550255610433256,0.07644816396019927,0.7287233337446296,Eif2ak4,FALSE,FALSE,FALSE,FALSE,0.06088079665801486,FALSE,FALSE,0.015662711217987006
Kcna4,-0.07242834836913858,0.9168305756366015,0.030127403202966585,0.9665541411721917,-0.07996380747899301,0.9390130038407601,Kcna4,FALSE,FALSE,FALSE,FALSE,0.06083985301703273,FALSE,FALSE,0.01565164056932953
Pdlim2,-0.15090376463304,0.7295851220446754,-0.007883331934702253,0.9859159334792743,-0.023676964859926874,0.9732071303103804,Pdlim2,FALSE,FALSE,FALSE,FALSE,0.060821353809223044,FALSE,FALSE,0.015646638614808875
Lias,-0.047995022252985464,0.7732228032297453,0.0303162332445428,0.8645941784485743,0.10410585225338043,0.6277854660540501,Lias,FALSE,FALSE,FALSE,FALSE,0.06080570258363623,FALSE,FALSE,0.015642406719076737
Zfp740,-0.040880666156698275,0.7611693426867899,-0.1157960043845998,0.37925093807917587,-0.02569271989503985,0.9050521467595347,Zfp740,FALSE,FALSE,FALSE,FALSE,0.06078979681211264,FALSE,FALSE,0.015638105997305543
Prkab2,-0.064746881179925,0.7751883192467172,0.06203892630966745,0.7910610167331252,0.05554795104555632,0.8677710440583256,Prkab2,FALSE,FALSE,FALSE,FALSE,0.06077791951171626,FALSE,FALSE,0.01563489452376451
Aga,0.028859729750122298,0.8295829571081601,-0.07369399669687482,0.576859379631759,-0.07966834834387893,0.6503099273176608,Aga,FALSE,FALSE,FALSE,FALSE,0.06074069159695868,FALSE,FALSE,0.01562482856102535
Tubgcp4,-0.08346791387493502,0.6804382917382026,-0.003846260672614399,0.9858639497018152,0.09474973873613912,0.7331999851013423,Tubgcp4,FALSE,FALSE,FALSE,FALSE,0.060687971094562844,FALSE,FALSE,0.0156105735962721
Lnx2,0.008351580090575794,0.9650709031915096,-0.07197577630831375,0.6937470580874807,-0.10166350490333897,0.6652495194561809,Lnx2,FALSE,FALSE,FALSE,FALSE,0.06066362043407617,FALSE,FALSE,0.015603989482100546
Cyb5a,0.05907545994998653,0.6478117303549761,-0.022407166710417314,0.8799929174190191,-0.10048140951904116,0.5709440666044705,Cyb5a,FALSE,FALSE,FALSE,FALSE,0.06065467872648167,FALSE,FALSE,0.015601571756153315
Ccnd1,-0.041755084561309275,0.8593645245730072,-0.12500630690322723,0.5918324117261384,-0.015199463013527925,0.9692527582689531,Ccnd1,FALSE,FALSE,FALSE,FALSE,0.06065361815935481,FALSE,FALSE,0.015601284992061076
Nat8f1,0.015962212084937644,0.9645475246147422,0.03587710270491162,0.9203819095050807,-0.13008005155226798,0.7817798043845543,Nat8f1,FALSE,FALSE,FALSE,FALSE,0.06063978878070575,FALSE,FALSE,0.015597545700964768
Foxk2,-0.035795933274117786,0.8175214074583759,-0.083516987357096,0.5880432490339391,-0.06252503232866324,0.7725829607625792,Foxk2,FALSE,FALSE,FALSE,FALSE,0.06061265098662568,FALSE,FALSE,0.015590207980713398
Limd1,0.023741951341770928,0.8661265287401698,-0.06579171551489349,0.6369174033292522,-0.09221721232882718,0.6100693580465174,Limd1,FALSE,FALSE,FALSE,FALSE,0.06058362639516387,FALSE,FALSE,0.015582360094038131
Afdn,0.06350927375686499,0.7127550668765885,0.04322697781480578,0.8219258048129209,-0.07489986497391321,0.7640855421063019,Afdn,FALSE,FALSE,FALSE,FALSE,0.060545372181861325,FALSE,FALSE,0.015572016633002865
Cbfa2t2,-0.04696742160478351,0.7231175043193293,0.05541552492707247,0.6906556148304478,0.0792095286161727,0.6577656820609833,Cbfa2t2,FALSE,FALSE,FALSE,FALSE,0.060530825049342894,FALSE,FALSE,0.015568083270233403
Magi3,-0.14768266174423594,0.25723885449104283,0.026100072383808737,0.8654102220600822,0.007715094378783149,0.9743113839085454,Magi3,FALSE,FALSE,FALSE,FALSE,0.06049927616894261,FALSE,FALSE,0.015559552847387014
Oxsr1,-0.08949896676536095,0.505640332870237,0.03148297335297823,0.8401854626982291,-0.06042639470812805,0.7669696688057195,Oxsr1,FALSE,FALSE,FALSE,FALSE,0.060469444942155746,FALSE,FALSE,0.015551486856604147
AC110534.5,0.07078614882200407,0.7343382199952176,0.0662292638443085,0.7608738168586118,0.044310663465864764,0.8901827965684321,AC110534.5,FALSE,FALSE,FALSE,FALSE,0.06044202537739244,FALSE,FALSE,0.015544072949082634
Washc2,0.030554670325218858,0.8385587525798961,-0.14066125307417643,0.32577839549592014,-0.01001342220554502,0.9688372780310917,Washc2,FALSE,FALSE,FALSE,FALSE,0.06040978186831344,FALSE,FALSE,0.015535354707325541
Fam160a2,0.05210616384142153,0.7049733903360952,0.10780978479672587,0.4304291600076366,-0.021283231030260197,0.9267916283852313,Fam160a2,FALSE,FALSE,FALSE,FALSE,0.06039972655613587,FALSE,FALSE,0.015532635876620971
Ccdc84,0.06443444784323926,0.8320766030503817,0.06960513969967441,0.8247294015306613,-0.04699191302248851,0.9221049149128229,Ccdc84,FALSE,FALSE,FALSE,FALSE,0.06034383352180073,FALSE,FALSE,0.015517523098893296
Coa5,-0.053878007938194195,0.7265226239754473,-0.07786253257865372,0.6245788412239217,-0.04920995447014498,0.8318627856958678,Coa5,FALSE,FALSE,FALSE,FALSE,0.06031683166233096,FALSE,FALSE,0.015510222133661142
Metap1d,-0.03555198969805362,0.8605165270086321,0.13295595351295164,0.4717875814150986,-0.012422360958486145,0.9692575353705227,Metap1d,FALSE,FALSE,FALSE,FALSE,0.06031010138983047,FALSE,FALSE,0.01550840235211669
Tmem177,-0.0963748792188519,0.6875090959902354,-0.05526998991402632,0.8315103952107455,-0.029256784628183485,0.9412265460100244,Tmem177,FALSE,FALSE,FALSE,FALSE,0.06030055125368724,FALSE,FALSE,0.015505820114696256
Mfsd1,0.072107769414119,0.6018391093489286,-0.05874329050851035,0.6985310078579873,-0.050022910669468956,0.8126524554000576,Mfsd1,FALSE,FALSE,FALSE,FALSE,0.06029132353069944,FALSE,FALSE,0.015503325053762349
Fbxo38,0.024696988448700274,0.8439810416432786,0.11255968069882893,0.3451660458382193,0.04360775944427964,0.806142020851567,Fbxo38,FALSE,FALSE,FALSE,FALSE,0.06028814286393628,FALSE,FALSE,0.015502465041233253
Birc3,0.0342758138436956,0.8803884991697175,-0.09758255147145434,0.6607375605903182,0.04893690969161435,0.8811480874391052,Birc3,FALSE,FALSE,FALSE,FALSE,0.06026509166892143,FALSE,FALSE,0.015496232286279785
D16Ertd472e,0.07271653300154224,0.7795861805502777,0.10143876484476344,0.705860334460487,-0.00651670624321099,0.987543739206185,D16Ertd472e,FALSE,FALSE,FALSE,FALSE,0.06022400136317222,FALSE,FALSE,0.015485121981302844
Npepps,0.038852724379998094,0.7336094131744648,0.05338650778519227,0.6533775700231322,0.08836994018628364,0.5585891880472061,Npepps,FALSE,FALSE,FALSE,FALSE,0.060203057450491336,FALSE,FALSE,0.015479459009147921
Calu,-0.05018440540671332,0.7515920990736756,-0.011104828684378454,0.9519663294979488,-0.11924082604949238,0.570813653672637,Calu,FALSE,FALSE,FALSE,FALSE,0.06017668671352805,FALSE,FALSE,0.015472328691551431
Mgp,-0.07273168192554547,0.8767529747075312,-0.03896541622556793,0.9392114696671224,0.06867903894524563,0.9260668732862938,Mgp,FALSE,FALSE,FALSE,FALSE,0.060125379032119675,FALSE,FALSE,0.015458455735930562
Mmachc,-0.05461966940685148,0.7753275939091956,-0.007248508197077008,0.9733905467873984,-0.11847044541044038,0.6372343955628968,Mmachc,FALSE,FALSE,FALSE,FALSE,0.06011287433812296,FALSE,FALSE,0.01545507462300347
Mut,0.13751199284376447,0.2799316226523649,0.01409772064918613,0.9291232150696664,0.028695063161109147,0.8983653363537589,Mut,FALSE,FALSE,FALSE,FALSE,0.06010159221801992,FALSE,FALSE,0.015452024078773005
Tjp1,0.017661181004213766,0.9027759943382025,0.08945501975167502,0.5066366152082922,0.07318656275398272,0.6916480273258067,Tjp1,FALSE,FALSE,FALSE,FALSE,0.06010092116995717,FALSE,FALSE,0.015451842635766063
Tusc3,0.09818205035682137,0.5845574669900215,0.025786165877438982,0.9014143393418628,-0.056240356408113534,0.8443075820416783,Tusc3,FALSE,FALSE,FALSE,FALSE,0.06006952421412463,FALSE,FALSE,0.01544335329142348
Smarcc1,-0.07112530164985564,0.626736748782274,-0.04572243824112654,0.7814968655293738,-0.06332747433023744,0.7700562878232969,Smarcc1,FALSE,FALSE,FALSE,FALSE,0.060058404740406544,FALSE,FALSE,0.015440346724742156
Snx9,-0.14466889442627373,0.39724431184456166,-0.005233625284809307,0.9804441993613267,0.030064025646282744,0.9196388922326018,Snx9,FALSE,FALSE,FALSE,FALSE,0.05998884845245526,FALSE,FALSE,0.015421539574050232
Zfp956,-0.13833996330013498,0.3591355173783138,0.02011299038002079,0.9105014314033899,-0.021367605390749667,0.9359647325823228,Zfp956,FALSE,FALSE,FALSE,FALSE,0.05994018635696848,FALSE,FALSE,0.015408381951788308
Smyd3,-0.13333745374201555,0.3501749715441627,0.03719045440226587,0.8238449467892232,-0.009260884036515371,0.9710558568096882,Smyd3,FALSE,FALSE,FALSE,FALSE,0.05992959739359893,FALSE,FALSE,0.015405518828472959
Blcap,-0.13892110078946196,0.335799919028769,-0.019395858418153722,0.9127455384465761,-0.02146916269957888,0.9354236320279655,Blcap,FALSE,FALSE,FALSE,FALSE,0.05992870730239819,FALSE,FALSE,0.01540527815893991
Ctcf,-0.10033138861675273,0.36167898071901894,-0.05530597194166553,0.6577906926225174,-0.02409738717992127,0.9009290478891588,Ctcf,FALSE,FALSE,FALSE,FALSE,0.05991158257944651,FALSE,FALSE,0.015400647847941495
Tmie,0.0343545147839599,0.8917133933385061,-0.14073236527834343,0.554465228023765,0.004511139364807626,0.9901796608639275,Tmie,FALSE,FALSE,FALSE,FALSE,0.05986600647570365,FALSE,FALSE,0.015388324639267061
Adam22,0.09368954009421149,0.49292551179654676,-0.045380431123891896,0.772781008486405,0.04027072096116591,0.8579434260278233,Adam22,FALSE,FALSE,FALSE,FALSE,0.0597802307264231,FALSE,FALSE,0.015365131949002136
Galnt7,-0.03285316907759306,0.8715730875031782,-0.1287846048234944,0.49854193069188624,-0.017644508585660912,0.9568917316396195,Galnt7,FALSE,FALSE,FALSE,FALSE,0.059760760828916126,FALSE,FALSE,0.01535986753212258
Lin52,0.075682549922929,0.6938194124601607,0.0489689994637299,0.8179500099031246,0.05456743590254032,0.8537132223151842,Lin52,FALSE,FALSE,FALSE,FALSE,0.05973966176306641,FALSE,FALSE,0.01535416260849048
Denr,-0.08554121785065671,0.600359230191311,-0.04320557573875039,0.8139425964181629,-0.05045077321871627,0.8425660208320418,Denr,FALSE,FALSE,FALSE,FALSE,0.059732522269374456,FALSE,FALSE,0.015352232178651806
Alkbh5,0.09366209145211357,0.5109018085542448,0.019385497065821156,0.9091651128347881,0.06613797310489034,0.7591289018834257,Alkbh5,FALSE,FALSE,FALSE,FALSE,0.05972852054094169,FALSE,FALSE,0.015351150161311894
Svbp,-0.014407510640773946,0.9651240026745121,-0.09939641090543949,0.7534211749920784,-0.06536023478829422,0.8879962345163926,Svbp,FALSE,FALSE,FALSE,FALSE,0.059721385444835885,FALSE,FALSE,0.015349220920525536
Lclat1,-0.008480814390105174,0.9625735945590306,0.13155742861528008,0.41114517722486577,0.03910831820183347,0.8783600791555015,Lclat1,FALSE,FALSE,FALSE,FALSE,0.05971552040240624,FALSE,FALSE,0.015347635086375414
Pcdhb16,0.012586613573369654,0.96024826284109,0.12275330609398605,0.5970404570379919,0.043581475976101736,0.9052165136027727,Pcdhb16,FALSE,FALSE,FALSE,FALSE,0.059640465214485815,FALSE,FALSE,0.015327341101877294
Rfc1,0.07875954963266807,0.48948935047737296,0.09924840939510204,0.40797635074764094,9.045670117151516e-4,0.9958136259774507,Rfc1,FALSE,FALSE,FALSE,FALSE,0.05963750867982842,FALSE,FALSE,0.01532654169186757
Actn2,0.010691889790381826,0.9847868393684182,-0.12445806622154354,0.8299710939518999,0.04354865583294165,0.9622106988815157,Actn2,FALSE,FALSE,FALSE,FALSE,0.05956620394828901,FALSE,FALSE,0.01530726178388789
H2-Eb2,-0.04726451814611998,0.9336632756031844,0.10933483772963681,0.8400669750626241,0.02206701845455461,0.9790346417318468,H2-Eb2,FALSE,FALSE,FALSE,FALSE,0.0595554581101038,FALSE,FALSE,0.015304356243583585
Eya1,0.0708727632990902,0.5855436354682076,0.04320977544748228,0.7656837431832604,-0.06457692777363366,0.7341612440001507,Eya1,FALSE,FALSE,FALSE,FALSE,0.05955315550673538,FALSE,FALSE,0.015303733648419162
Aff3,0.09085927849341147,0.6103270837421727,0.045295695272222325,0.8216863561970031,-0.042501265806894395,0.8825184669752741,Aff3,FALSE,FALSE,FALSE,FALSE,0.0595520798575094,FALSE,FALSE,0.015303442806315874
Chtop,-0.036602372140656314,0.7736539740571037,0.055370317085599474,0.6745759769104273,-0.08667815178476079,0.607299144723091,Chtop,FALSE,FALSE,FALSE,FALSE,0.059550280337005525,FALSE,FALSE,0.015302956238468647
Zhx3,-0.04201896242170999,0.7670332616094715,-0.13140025178791337,0.34189917590635927,0.005137291265604027,0.9820279074263849,Zhx3,FALSE,FALSE,FALSE,FALSE,0.05951883515840913,FALSE,FALSE,0.015294453855293584
Dapp1,0.028015723643998403,0.8756161592285203,-0.04161706104592211,0.8219258048129209,0.10879161654815528,0.6242944322604536,Dapp1,FALSE,FALSE,FALSE,FALSE,0.05947480041269193,FALSE,FALSE,0.01528254741055973
Mapkapk2,-0.1204309470753131,0.2603357999753488,-0.04434528326146836,0.7169941924759092,-0.013538411071808198,0.9456608272272778,Mapkapk2,FALSE,FALSE,FALSE,FALSE,0.05943821380286322,FALSE,FALSE,0.01527265484865595
Antxr1,-0.01748002510702218,0.9287628324407636,-0.028860036684964285,0.8853351888491728,0.13196179236965744,0.579744494178328,Antxr1,FALSE,FALSE,FALSE,FALSE,0.059433951387214634,FALSE,FALSE,0.015271502344751909
4921531C22Rik,-0.04127645096714261,0.9064896169586579,-0.08087224487565114,0.8159164896321595,0.056139735758951925,0.9098965040937579,4921531C22Rik,FALSE,FALSE,FALSE,FALSE,0.05942947720058189,FALSE,FALSE,0.015270292580621242
1700001L05Rik,-0.013549300259605657,0.9721933262056326,0.005364060554338357,0.987792621717728,-0.15933576086961532,0.7371898883890428,1700001L05Rik,FALSE,FALSE,FALSE,FALSE,0.05941637389451978,FALSE,FALSE,0.01526674961047532
Micu2,0.14260783734645965,0.2617704684482976,0.010536843449182598,0.9477376772432287,0.025091185618710377,0.9102391423284211,Micu2,FALSE,FALSE,FALSE,FALSE,0.059411955471450874,FALSE,FALSE,0.015265554924115177
Zfp521,-0.06391027920974146,0.7336094131744648,-0.09682202426902542,0.6101556058769143,0.01749030873117441,0.9561166086653877,Zfp521,FALSE,FALSE,FALSE,FALSE,0.05940753740331376,FALSE,FALSE,0.015264360333724154
Usp8,-0.07854553632785422,0.5610943287375988,-0.05080420016345144,0.7352609662297419,-0.04885251888294917,0.8160706567923424,Usp8,FALSE,FALSE,FALSE,FALSE,0.05940075179141827,FALSE,FALSE,0.015262525589099128
Wdr47,0.07625229862541705,0.6751958235093354,0.08395947053089259,0.6643892780193885,0.017834940823678203,0.9561166086653877,Wdr47,FALSE,FALSE,FALSE,FALSE,0.059348903326662615,FALSE,FALSE,0.01524850641242185
Wdr43,0.015958837028652084,0.9552632980105564,0.10457265593679566,0.7024005175865508,-0.05742816613842994,0.8896935899482021,Wdr43,FALSE,FALSE,FALSE,FALSE,0.05931988636795923,FALSE,FALSE,0.015240660589549041
Gclc,0.03863952664878223,0.7694779260213266,0.09075629859826506,0.4828849498616761,-0.04809540827987746,0.8004408393466139,Gclc,FALSE,FALSE,FALSE,FALSE,0.059163744508974915,FALSE,FALSE,0.01519844178291445
Spcs2,0.10249577950223898,0.577179283029893,-0.009562528206364718,0.96646171554254,-0.06542467907760585,0.8176230081305454,Spcs2,FALSE,FALSE,FALSE,FALSE,0.059160995595403186,FALSE,FALSE,0.015197698511050678
Myt1l,0.052546380473210696,0.6975602724547311,0.09046361852960683,0.5101936636793424,-0.03443662946127102,0.8724691799258102,Myt1l,FALSE,FALSE,FALSE,FALSE,0.05914887615469618,FALSE,FALSE,0.015194421565796814
Pnn,-0.04991905881492276,0.8097572715979241,0.08269356651096427,0.6976517582530983,-0.04477291940102024,0.8885832666711767,Pnn,FALSE,FALSE,FALSE,FALSE,0.05912851490896909,FALSE,FALSE,0.015188916139501882
Cyth3,-0.07567237606582378,0.7118419401726043,0.04617334444948984,0.8345360084605521,0.05531886330193192,0.8581694672546996,Cyth3,FALSE,FALSE,FALSE,FALSE,0.05905486127241518,FALSE,FALSE,0.01516900111697153
Pdk1,0.0925520454847355,0.48202787931032864,-0.05526887244145762,0.7083960066984507,0.029277181591367274,0.8963360579990841,Pdk1,FALSE,FALSE,FALSE,FALSE,0.0590326998391868,FALSE,FALSE,0.015163008942481609
Smim14,0.1581569989189333,0.2250994361579599,0.013184843567590754,0.9356672148728545,0.005736086130187168,0.9812328423861192,Smim14,FALSE,FALSE,FALSE,FALSE,0.05902597620557041,FALSE,FALSE,0.01516119095600842
Zfp113,-0.09738291062433291,0.4145798578135388,-0.06175066129778983,0.6394804252645879,-0.01785243915134327,0.933557781691836,Zfp113,FALSE,FALSE,FALSE,FALSE,0.05899533702448867,FALSE,FALSE,0.015152906504485
Kcnh8,-0.02940335198729027,0.8547263809219464,0.009326534689637178,0.9587402038115811,-0.1382028332733416,0.4936175372136957,Kcnh8,FALSE,FALSE,FALSE,FALSE,0.05897757331675635,FALSE,FALSE,0.01514810341999028
Zc3h15,-0.01984245762077652,0.898870563990437,0.15537767333930397,0.28048506718224225,0.0013392013596567054,0.9953001095776122,Zc3h15,FALSE,FALSE,FALSE,FALSE,0.05885311077324573,FALSE,FALSE,0.01511445030421527
Lrig3,0.02717045415175079,0.920880085259554,0.052909782630988555,0.8432828816892893,0.09645581068550557,0.7822361756485404,Lrig3,FALSE,FALSE,FALSE,FALSE,0.05884534915608164,FALSE,FALSE,0.015112351659967316
Rida,-0.06726856865065134,0.7521226996595259,-0.04770353290799445,0.8335050937809211,-0.06149826631273925,0.8445246801033858,Rida,FALSE,FALSE,FALSE,FALSE,0.058823455957128346,FALSE,FALSE,0.015106432012672002
Card14,-0.11737171293826881,0.888241314513042,0.03223014184519349,0.9704608973683532,0.026846609131305404,0.9824243459527173,Card14,FALSE,FALSE,FALSE,FALSE,0.0588161546382559,FALSE,FALSE,0.01510445782732761
Casc1,-0.055238025973918525,0.8983967772377741,0.11687505194918602,0.7776415759661195,0.00419861427243734,0.9944579342792622,Casc1,FALSE,FALSE,FALSE,FALSE,0.05877056406518063,FALSE,FALSE,0.015092130706326581
Ccdc106,-0.14415617011374993,0.6542197642109864,-0.0017199427137315482,0.995720636624395,-0.030359960042987133,0.9559520763514823,Ccdc106,FALSE,FALSE,FALSE,FALSE,0.058745357623489536,FALSE,FALSE,0.01508531519961605
Tmem30b,0.03945815072966852,0.8076098641551094,0.018997891457950722,0.9148045333997679,0.11777097951106708,0.5733234037295044,Tmem30b,FALSE,FALSE,FALSE,FALSE,0.05874234056622877,FALSE,FALSE,0.015084499425051008
4632415L05Rik,0.08998635978755853,0.5453768161550768,0.084406233202027,0.5931014765480117,-0.0017661447933337016,0.9942437822308332,4632415L05Rik,FALSE,FALSE,FALSE,FALSE,0.05871957926097308,FALSE,FALSE,0.015078345052664309
R74862,-0.10968253612477352,0.7409911217830032,-0.05394007743901175,0.879132240091066,0.012490125629517568,0.9812673015452793,R74862,FALSE,FALSE,FALSE,FALSE,0.05870424639776761,FALSE,FALSE,0.015074199238140022
Eya2,0.04967190498668028,0.92386524533313,-0.1019789452734603,0.8453583419013098,-0.02445104913996854,0.9757812148940554,Eya2,FALSE,FALSE,FALSE,FALSE,0.058700633133369706,FALSE,FALSE,0.015073222256618685
Mrps27,-0.06573953250389053,0.6913073542119269,-0.08483490876034283,0.6155665458333037,-0.02551342126084366,0.9251554786967159,Mrps27,FALSE,FALSE,FALSE,FALSE,0.058695954175025676,FALSE,FALSE,0.015071957124777276
Parp14,0.008881887001149558,0.968033194396216,-0.11601295461502392,0.5683012320549936,0.05116839126315664,0.8685662314054673,Parp14,FALSE,FALSE,FALSE,FALSE,0.05868774429311004,FALSE,FALSE,0.015069737275344565
Gm4598,-0.1064674443311091,0.7854884088470282,-0.05023018023298653,0.902588536138873,0.019201097829144365,0.9755716489156836,Gm4598,FALSE,FALSE,FALSE,FALSE,0.05863290746441333,FALSE,FALSE,0.015054910082417182
Rpap2,0.07633596862701086,0.6559249044695963,0.017937465003480924,0.9275352205533166,-0.08143421840637277,0.7418090888965313,Rpap2,FALSE,FALSE,FALSE,FALSE,0.05856921734562152,FALSE,FALSE,0.015037689070529037
Hdac7,0.013440039010561122,0.9585883516430124,-0.0010960664107759754,0.9963346412516162,0.16099248547174572,0.5943019564555865,Hdac7,FALSE,FALSE,FALSE,FALSE,0.05850953029769427,FALSE,FALSE,0.015021550438957582
Cpsf2,0.11965911529042561,0.4230263747270447,0.04824279628638717,0.7830762775888619,-0.007624999587126702,0.9777503992234355,Cpsf2,FALSE,FALSE,FALSE,FALSE,0.05850897038797983,FALSE,FALSE,0.015021399046370607
Sin3a,-0.02960192192504696,0.8449166737340383,-0.055345122670938274,0.7196056122681362,0.09056703478480799,0.6456741252008051,Sin3a,FALSE,FALSE,FALSE,FALSE,0.05850469312693107,FALSE,FALSE,0.01502024252845595
Nhsl2,-0.05984216059500991,0.7970325836452427,-0.006858723111612619,0.9795603365261153,0.10864983059407418,0.7313600982123954,Nhsl2,FALSE,FALSE,FALSE,FALSE,0.058450238100232234,FALSE,FALSE,0.015005518570015627
Yeats4,0.051297654736930376,0.7232373674196798,-0.07539703283771448,0.6126732187369063,0.04865383627006015,0.8177096643093683,Yeats4,FALSE,FALSE,FALSE,FALSE,0.058449507948235,FALSE,FALSE,0.015005321146043698
Lrp11,0.09389034518908446,0.48841529699334735,0.06371593933798447,0.6744845701148868,-0.01767630975544332,0.9423815786646674,Lrp11,FALSE,FALSE,FALSE,FALSE,0.058427531427504086,FALSE,FALSE,0.014999378969581378
B230217C12Rik,0.0274338010547992,0.9268396401215602,-0.08868222887763455,0.7604303991132965,0.05914234329839552,0.8879962345163926,B230217C12Rik,FALSE,FALSE,FALSE,FALSE,0.05841945774360976,FALSE,FALSE,0.014997195946390924
Phka2,-0.04748657010962187,0.7765272841155714,0.06349693428877945,0.7089633707949918,0.0641348104875501,0.7842715445684607,Phka2,FALSE,FALSE,FALSE,FALSE,0.058372771628650476,FALSE,FALSE,0.014984572604560566
Gm4673,0.03938128002802799,0.9368543620451283,0.12679463401258095,0.7884789669224562,-0.008912210051260416,0.9901796608639275,Gm4673,FALSE,FALSE,FALSE,FALSE,0.05836270803062312,FALSE,FALSE,0.014981851533465802
Fam53c,0.029414399438967287,0.874326247349234,-0.010426565878172589,0.9593698046146628,0.1352453451567852,0.5603327662620621,Fam53c,FALSE,FALSE,FALSE,FALSE,0.05836210349130836,FALSE,FALSE,0.014981688073592844
Adprm,-0.1075501570114441,0.5558696387675189,0.015173423108076456,0.9431637049133303,-0.05223181340381844,0.8538124528079908,Adprm,FALSE,FALSE,FALSE,FALSE,0.058318464507779666,FALSE,FALSE,0.014969888638007073
Tbl1x,0.10209142208550936,0.4526647566716809,0.00893752338508147,0.9582304288525911,-0.06387875877399374,0.758719110902568,Tbl1x,FALSE,FALSE,FALSE,FALSE,0.05830256808152819,FALSE,FALSE,0.014965590443080629
Gpr89,-0.09913637260246677,0.547017054368184,-0.01332598048288336,0.9458523818369521,-0.062255963527944935,0.8019536351272458,Gpr89,FALSE,FALSE,FALSE,FALSE,0.05823943887109836,FALSE,FALSE,0.01494852109380127
Wdr5,-0.07656723775372853,0.5659475437646017,0.09375203019983758,0.49237836122158024,-0.004377209867786114,0.9843441493929896,Wdr5,FALSE,FALSE,FALSE,FALSE,0.05823215927378408,FALSE,FALSE,0.014946552781694648
Srgap3,-0.04282640766300361,0.8451810229791712,0.006471935155945907,0.9794004035865668,0.12520098705692284,0.6633552440577616,Srgap3,FALSE,FALSE,FALSE,FALSE,0.05816644329195745,FALSE,FALSE,0.014928784001768572
Rnf115,0.03791076024194684,0.7799389012602996,0.03334712381912652,0.820199299983728,0.10318025879434867,0.5565984847907512,Rnf115,FALSE,FALSE,FALSE,FALSE,0.05814604761847401,FALSE,FALSE,0.01492326926663873
Poglut1,-0.057913421344760074,0.6697044054127899,-0.02811373539985329,0.8539608175105924,-0.08838667830760993,0.6386112816474349,Poglut1,FALSE,FALSE,FALSE,FALSE,0.058137945017407766,FALSE,FALSE,0.014921078424606502
Pole4,0.008431122126803192,0.9758673318786475,0.14386181397630526,0.5619631649772905,0.022099177799529635,0.9598993177092996,Pole4,FALSE,FALSE,FALSE,FALSE,0.058130704634212695,FALSE,FALSE,0.014919120715507472
Fech,0.09349118581603388,0.48772224641964934,-0.07056505356084486,0.6341191301336685,0.010189762890613352,0.9680956045254354,Fech,FALSE,FALSE,FALSE,FALSE,0.0580820007558307,FALSE,FALSE,0.014905951795673037
Ahnak,-0.06571870920278755,0.7068731221089363,-0.01104259206038094,0.9573857720427832,0.0974718827421821,0.6883295490101144,Ahnak,FALSE,FALSE,FALSE,FALSE,0.058077728001783534,FALSE,FALSE,0.014904796496395265
Cmtr1,-0.0758577961502489,0.6902811053474862,-0.051261632597060736,0.8020756894068517,-0.047049618444239716,0.8715213493266417,Cmtr1,FALSE,FALSE,FALSE,FALSE,0.05805634906384979,FALSE,FALSE,0.014899015898850513
Lbp,-0.12044563426544297,0.5124578281145993,0.021754223856881083,0.9188496760773581,-0.0317163386280539,0.9196388922326018,Lbp,FALSE,FALSE,FALSE,FALSE,0.05797206558345932,FALSE,FALSE,0.014876226699437606
Wwox,-0.09111440544050442,0.5969931483067088,-0.06212121758866562,0.7375753377592498,-0.02049712378235391,0.9451317650926019,Wwox,FALSE,FALSE,FALSE,FALSE,0.05791091560384132,FALSE,FALSE,0.014859692509426068
Napg,0.08090604047629579,0.5640492287377168,0.04308511537379367,0.7855326977975253,0.049499444755698896,0.8171979380423273,Napg,FALSE,FALSE,FALSE,FALSE,0.05783020020192945,FALSE,FALSE,0.014837868073826817
Hmgb1,0.00885901365117192,0.9635429533947826,-0.00832614041822577,0.9685058266020923,-0.15612705479962852,0.5035592430016983,Hmgb1,FALSE,FALSE,FALSE,FALSE,0.057770736289675405,FALSE,FALSE,0.014821789775351825
Pus7,0.059583392440620386,0.690866129229219,-0.09903838723840153,0.5152573519114146,-0.014628680842062813,0.9555207755553253,Pus7,FALSE,FALSE,FALSE,FALSE,0.057750153507028244,FALSE,FALSE,0.01481622444824329
Ddx55,0.023785956399244412,0.9064530953045054,0.0779544142623787,0.6824918733364839,0.07146453259634988,0.7850435928194189,Ddx55,FALSE,FALSE,FALSE,FALSE,0.057734967752657664,FALSE,FALSE,0.01481211841010885
Cbx5,-0.02449173585874931,0.861158469104117,-0.042473331713155815,0.7717225723664386,-0.10564896456171624,0.5570229928595926,Cbx5,FALSE,FALSE,FALSE,FALSE,0.05753801071120712,FALSE,FALSE,0.014758863688393537
Gdpgp1,-0.02219830222382546,0.9385370335333622,-0.03750628656669752,0.8939776591737101,0.11287245511871191,0.74572917225355,Gdpgp1,FALSE,FALSE,FALSE,FALSE,0.0575256813030783,FALSE,FALSE,0.014755529970573757
Mrgbp,-0.00513141351334534,0.9803602382106905,-0.023291958839546822,0.9135415309383164,0.14412505894776162,0.5572624935729553,Mrgbp,FALSE,FALSE,FALSE,FALSE,0.057516143766884596,FALSE,FALSE,0.014752951140022156
Epas1,-0.03658076078206829,0.8044372482272745,0.03577957674287102,0.8222541854819231,0.10018613511441199,0.6039733906475363,Epas1,FALSE,FALSE,FALSE,FALSE,0.05751549087978377,FALSE,FALSE,0.014752774607512275
Znrd1as,-0.06745929889416402,0.8104850560465313,-0.05159695025309219,0.8598701580150835,-0.053192044266472394,0.9008344600026985,Znrd1as,FALSE,FALSE,FALSE,FALSE,0.057416097804576204,FALSE,FALSE,0.014725899962556067
Kank3,-0.051962702747373246,0.8652020934933636,-0.07820644388036024,0.8029102429403568,0.04200286082889182,0.9286823212400908,Kank3,FALSE,FALSE,FALSE,FALSE,0.05739066915220844,FALSE,FALSE,0.01471902437285657
Krba1,-0.08724820809243461,0.5520084612783855,-0.02055501284226935,0.902787951907609,-0.06414424135747776,0.7680153476662083,Krba1,FALSE,FALSE,FALSE,FALSE,0.057315820764060575,FALSE,FALSE,0.014698786304431607
Mapk9,0.04411413050731561,0.7293417887789663,-0.09458539239906028,0.456339093161268,0.03319482299803589,0.8675185310423398,Mapk9,FALSE,FALSE,FALSE,FALSE,0.05729811530147059,FALSE,FALSE,0.014693998968695212
Btbd11,-0.03667885362493006,0.8466049023641947,0.0041455781424555305,0.9842122275548723,0.13097311989303728,0.5701596032712836,Btbd11,FALSE,FALSE,FALSE,FALSE,0.057265850553474294,FALSE,FALSE,0.014685274984200407
Glb1l,0.06011653638760128,0.7988075665976475,0.08886547989292826,0.705860334460487,0.02280731567917904,0.9527816940550564,Glb1l,FALSE,FALSE,FALSE,FALSE,0.05726311065323619,FALSE,FALSE,0.014684534149429366
Dcaf1,-0.1300978562631956,0.28630596205791603,-0.006353911814205304,0.9674556329788132,-0.0352304413820006,0.8646046611943099,Dcaf1,FALSE,FALSE,FALSE,FALSE,0.05722740315313383,FALSE,FALSE,0.014674879287805247
Galc,0.06327834179630276,0.7894473215993921,-0.06457272353480414,0.7990642649883243,-0.04375512200712306,0.9057514884053787,Galc,FALSE,FALSE,FALSE,FALSE,0.05720206244607665,FALSE,FALSE,0.014668027477418268
Gm5148,-0.06372315071779688,0.7628250082797599,-0.011920011222118276,0.9593131050005839,0.09595654004750553,0.7287233337446296,Gm5148,FALSE,FALSE,FALSE,FALSE,0.05719990066247357,FALSE,FALSE,0.01466744295815791
Topors,0.087109103760592,0.5111474476963456,0.0774292324275887,0.5896391964675005,0.006922585375679802,0.9771143533526007,Topors,FALSE,FALSE,FALSE,FALSE,0.05715364052128683,FALSE,FALSE,0.014654934794310265
Wdr73,-0.13029732191931753,0.4243281125110354,-0.032365514637910486,0.8641524089711412,-0.008499341623132928,0.9767925257879803,Wdr73,FALSE,FALSE,FALSE,FALSE,0.05705405939345365,FALSE,FALSE,0.014628009302275065
Ptpn3,0.038380656162641635,0.8018287659293367,0.07136981286114441,0.6430746313939055,0.06123126243043231,0.7744854460682712,Ptpn3,FALSE,FALSE,FALSE,FALSE,0.05699391048473945,FALSE,FALSE,0.01461174578932085
Trim24,0.04217298915059153,0.8317066967196189,-0.08624286870010867,0.665898298307802,0.04251751470956844,0.8866614594732614,Trim24,FALSE,FALSE,FALSE,FALSE,0.05697779085342288,FALSE,FALSE,0.014607387242535241
Arhgap35,0.042164637549610084,0.7631634591242561,-0.07473406801444771,0.5997433531927494,-0.053904393791037286,0.7888595233079527,Arhgap35,FALSE,FALSE,FALSE,FALSE,0.05693436645169836,FALSE,FALSE,0.014595645827186686
Sppl2b,-0.03784902128001644,0.8842412286358331,-0.023445439632845844,0.9306635341259843,0.10947321238451968,0.7376116363550428,Sppl2b,FALSE,FALSE,FALSE,FALSE,0.05692255776579399,FALSE,FALSE,0.014592452906146497
Mrpl20,0.10670331540063849,0.6282840464999615,0.004629619347650049,0.9853747491583585,-0.05934053805985062,0.8667306917353391,Mrpl20,FALSE,FALSE,FALSE,FALSE,0.05689115760271305,FALSE,FALSE,0.014583962694604043
Mical3,0.01681964590595264,0.9211716387053432,0.050650883170620276,0.7623683481279746,0.10310600939898595,0.6237560045259619,Mical3,FALSE,FALSE,FALSE,FALSE,0.056858846158519626,FALSE,FALSE,0.014575226084041314
B230208B08Rik,0.02439619629158507,0.972903091476271,-0.1161760274791439,0.8698303168458945,-0.02992559039119913,0.9776367727529727,B230208B08Rik,FALSE,FALSE,FALSE,FALSE,0.0568326047206427,FALSE,FALSE,0.01456813072730132
Cebpz,0.020322623965798314,0.9168305756366015,0.14478480854804054,0.41361652806685173,0.00534372432553365,0.9851510182977865,Cebpz,FALSE,FALSE,FALSE,FALSE,0.056817052279790836,FALSE,FALSE,0.014563925541726535
Asxl1,0.036371975805514545,0.8120779539548092,0.07178235821924694,0.6402450799683179,0.0622321305779181,0.7691879629745485,Asxl1,FALSE,FALSE,FALSE,FALSE,0.056795488200893196,FALSE,FALSE,0.01455809488437972
Mindy4,0.11500764870197955,0.5124271059653782,0.03767241123672793,0.8515548019739525,-0.017578582288882316,0.9561166086653877,Mindy4,FALSE,FALSE,FALSE,FALSE,0.05675288074252993,FALSE,FALSE,0.014546574360302888
Golga4,-0.083187411828475,0.6171475452320623,-0.055340549590311205,0.7657765098525056,-0.03172575075894102,0.9096517207354082,Golga4,FALSE,FALSE,FALSE,FALSE,0.05675123739257574,FALSE,FALSE,0.014546130019019901
Cnbp,-0.042803203764322006,0.8159070777345977,0.061967233642278075,0.7463155402635303,-0.06544148278575257,0.8036837211093257,Cnbp,FALSE,FALSE,FALSE,FALSE,0.05673730673078422,FALSE,FALSE,0.01454236334222808
Trim37,0.05493985249097477,0.6945963050161138,-0.0445593021022157,0.7720473539031679,-0.07064927350999728,0.7239680484406767,Trim37,FALSE,FALSE,FALSE,FALSE,0.05671614270106259,FALSE,FALSE,0.01453664085317717
Wdr92,-0.034905723875016115,0.8369913955854817,0.040462316656071806,0.8179500099031246,-0.0947333768251486,0.6646887837926196,Wdr92,FALSE,FALSE,FALSE,FALSE,0.05670047245207884,FALSE,FALSE,0.014532403813756326
Chrnb4,0.08251218409515848,0.9337545590213527,-0.055622780156586615,0.9579388687573442,-0.0319388428832007,0.982594135685605,Chrnb4,FALSE,FALSE,FALSE,FALSE,0.05669126904498193,FALSE,FALSE,0.014529915327535324
Ubtd2,-0.01482507194277316,0.9565774635494294,0.06939857221553458,0.7898040878613553,0.0857289248176869,0.8054242398747026,Ubtd2,FALSE,FALSE,FALSE,FALSE,0.056650856325331546,FALSE,FALSE,0.014518988233368545
Herc3,0.048119736172209215,0.783023964843452,-0.0644623049190276,0.7239467996144686,0.05733608894305231,0.8225607008959642,Herc3,FALSE,FALSE,FALSE,FALSE,0.056639376678096376,FALSE,FALSE,0.014515884280270973
Prpf38a,0.021552248333284396,0.9040759195866345,0.07578778063172109,0.6555985770886636,0.07256176639132761,0.7521739080758146,Prpf38a,FALSE,FALSE,FALSE,FALSE,0.05663393178544437,FALSE,FALSE,0.014514412049368148
Arid3a,0.031186863587243874,0.8883210495609691,-0.022607253667228377,0.9221829979444641,-0.11601009358218217,0.6813412246544414,Arid3a,FALSE,FALSE,FALSE,FALSE,0.05660140361221814,FALSE,FALSE,0.014505616837984424
Ppp2cb,-0.024853661165377794,0.8555001538839837,-0.07988532963167305,0.5496489631317408,-0.06506043579754195,0.7242727051936655,Ppp2cb,FALSE,FALSE,FALSE,FALSE,0.056599808864864265,FALSE,FALSE,0.01450518563823695
Mecp2,-0.0473341593447234,0.7481511034732725,0.014397370780089958,0.9316718451155889,0.10801137775047209,0.582654613205264,Mecp2,FALSE,FALSE,FALSE,FALSE,0.05658096929176182,FALSE,FALSE,0.014500091653196268
Tspyl4,0.06297734022380208,0.677077890908168,-0.004228678835952238,0.9816012175687252,-0.10250712320360122,0.6237560045259619,Tspyl4,FALSE,FALSE,FALSE,FALSE,0.056571047421118514,FALSE,FALSE,0.01449740890341432
Fut8,0.08891339821222477,0.5102278859632107,0.03355716678930065,0.8310215491155629,0.047193407883550975,0.823618339460721,Fut8,FALSE,FALSE,FALSE,FALSE,0.0565546576283588,FALSE,FALSE,0.014492977308351954
Crispld1,-0.0072420122550949095,0.9851505700348486,0.05528751744743188,0.8906227346965425,0.10703190551963182,0.8444290313865073,Crispld1,FALSE,FALSE,FALSE,FALSE,0.0565204784073862,FALSE,FALSE,0.014483735674298474
Zxdc,-0.11018324227907428,0.40542281728070184,-0.055826594945650676,0.70836786721416245,0.0034751273239992386,0.988120843995933,Zxdc,FALSE,FALSE,FALSE,FALSE,0.05649498818290807,FALSE,FALSE,0.014476843436270087
Lysmd2,0.017226931214366914,0.9393759508764281,-0.06483572177779173,0.7657765098525056,-0.08721644354774227,0.7639596208252041,Lysmd2,FALSE,FALSE,FALSE,FALSE,0.056426365513300304,FALSE,FALSE,0.014458288724306458
Arhgap44,0.03881330451187548,0.8234883285968926,-0.09634027555595459,0.5752385211395096,-0.034047046483096643,0.900583645595518,Arhgap44,FALSE,FALSE,FALSE,FALSE,0.05640020885030891,FALSE,FALSE,0.014451216289635683
Prim2,0.06485050831111794,0.773647452938871,-0.07330070748123019,0.7551806132235795,-0.03088295100413818,0.9331422927130665,Prim2,FALSE,FALSE,FALSE,FALSE,0.05634472226549544,FALSE,FALSE,0.014436213410777369
Synrg,-0.09361972724511514,0.5682578731985979,-0.043874366194130765,0.8172678003298937,-0.03151960293915934,0.9096517207354082,Synrg,FALSE,FALSE,FALSE,FALSE,0.056337898792801745,FALSE,FALSE,0.014434368429065833
Esd,-0.04191801286701757,0.7454592874022482,0.03690531991955659,0.7904971084357699,-0.09004131948807448,0.598803497404075,Esd,FALSE,FALSE,FALSE,FALSE,0.05628821742488288,FALSE,FALSE,0.014420935208280885
Pold3,-0.038205766925612394,0.7738867894311833,0.06562305149436476,0.6199869466694317,-0.06502447623172714,0.718921139533702,Pold3,FALSE,FALSE,FALSE,FALSE,0.056284431550568094,FALSE,FALSE,0.014419911555195937
B3gntl1,-0.03026873751362613,0.922485600548607,0.09969177086592262,0.7289305038563337,-0.038854144730385176,0.933557781691836,B3gntl1,FALSE,FALSE,FALSE,FALSE,0.05627155103664464,FALSE,FALSE,0.014416428825259033
2310009A05Rik,0.04770067993069427,0.8503692303208469,-0.1187892457409987,0.6355523046750203,0.0023205744509304793,0.9947277351816677,2310009A05Rik,FALSE,FALSE,FALSE,FALSE,0.05627016670754115,FALSE,FALSE,0.014416054519975881
Fam169b,-0.0799664507940443,0.854259144084631,0.06729622997514961,0.8796986181910761,0.021467145465746018,0.9753058324761829,Fam169b,FALSE,FALSE,FALSE,FALSE,0.05624327541164664,FALSE,FALSE,0.014408783449752247
Hspa5,0.019182199871423222,0.9547915690770244,0.003682479312178799,0.9910379525192425,-0.1456687837029822,0.7387467393828504,Hspa5,FALSE,FALSE,FALSE,FALSE,0.05617782096219474,FALSE,FALSE,0.014391085384910702
Alkbh3,-0.020510966338972647,0.9429174200290282,0.12513288406013956,0.619953456660641,0.022885532692975108,0.9579048903642041,Alkbh3,FALSE,FALSE,FALSE,FALSE,0.05617646103069577,FALSE,FALSE,0.014390717676434803
Arf2,0.051044523622412186,0.7992442070345959,0.04352457189469572,0.8391994805081338,0.07389773280540979,0.7943877437512337,Arf2,FALSE,FALSE,FALSE,FALSE,0.05615560944083923,FALSE,FALSE,0.014385079667217393
Erg,0.005667937323432515,0.9885205236558865,0.14338745592192348,0.699775373375869,0.019287780324037884,0.9751963425512756,Erg,FALSE,FALSE,FALSE,FALSE,0.05611439118979796,FALSE,FALSE,0.014373934767433011
Tmem184b,0.050327884224182995,0.8139073441303787,-0.0662906661931233,0.7677963168227736,0.05168081750302811,0.8744741004081787,Tmem184b,FALSE,FALSE,FALSE,FALSE,0.056099789306778135,FALSE,FALSE,0.014369986600812444
Rad9b,-0.06037522057679068,0.8371940708603808,-0.07297086397640307,0.8103073013280263,-0.03488236439504311,0.9395339963683986,Rad9b,FALSE,FALSE,FALSE,FALSE,0.05607614964941229,FALSE,FALSE,0.014363594732996032
Ndufaf7,0.04654464613052056,0.7636181367590618,-0.050542515313062975,0.7553290955341714,-0.07111514821227338,0.7387467393828504,Ndufaf7,FALSE,FALSE,FALSE,FALSE,0.05606743655195231,FALSE,FALSE,0.014361238820371167
Gtf2i,-0.047865401140866126,0.6984878518360237,-0.07606819086960037,0.5514025908245263,-0.04424725002571428,0.8112491650045689,Gtf2i,FALSE,FALSE,FALSE,FALSE,0.056060280678726926,FALSE,FALSE,0.014359303961711424
Mon1b,-0.05878562890038097,0.7247342828657735,-0.07370672811421208,0.669036785402845,-0.03559591044850041,0.8918518592021099,Mon1b,FALSE,FALSE,FALSE,FALSE,0.05602942248769782,FALSE,FALSE,0.014350960292636229
Ripor1,-0.11345502529737761,0.6140562775975715,0.011177296035949524,0.9665658378870856,0.04303893257828584,0.9057514884053787,Ripor1,FALSE,FALSE,FALSE,FALSE,0.055890417970537655,FALSE,FALSE,0.01431337520898541
Rabgef1,-0.05563669393094006,0.7153039452917368,-0.06596212281038838,0.6765591757588116,-0.04597859172030372,0.8403131682530609,Rabgef1,FALSE,FALSE,FALSE,FALSE,0.05585913615387739,FALSE,FALSE,0.014304916996835577
Dph3,-0.05665437961241082,0.7509286067650043,-0.006856328870793682,0.9734514808923594,-0.10399886406725756,0.6638438508360562,Dph3,FALSE,FALSE,FALSE,FALSE,0.055836524183487356,FALSE,FALSE,0.014298803002729616
Exoc6,0.0646762453277967,0.6441683223075605,0.03230717161089647,0.8365141401062411,-0.07047241076020061,0.7254589286652431,Exoc6,FALSE,FALSE,FALSE,FALSE,0.05581860923296459,FALSE,FALSE,0.014293959024075148
Zmat3,0.0034979870693669923,0.989234037391622,0.10199157449389595,0.7026495585257175,0.06183163883319143,0.8766490443993098,Zmat3,FALSE,FALSE,FALSE,FALSE,0.05577373346548479,FALSE,FALSE,0.01428182517757087
CAAA01118383.1,0.0236287809877318,0.9117151376448204,-0.13236304402570687,0.4949063090792735,-0.0113087402127241,0.9721532070737475,CAAA01118383.1,FALSE,FALSE,FALSE,FALSE,0.05576685507538759,FALSE,FALSE,0.014279965346879983
Pi4kb,-0.07465499309927282,0.5947976225105759,-0.077585461773924,0.6026894675571494,0.015054181593367133,0.9521666502456246,Pi4kb,FALSE,FALSE,FALSE,FALSE,0.05576487882218798,FALSE,FALSE,0.014279430992721285
Nsmce4a,0.08421458997861819,0.5799078923651311,0.058029403303775595,0.7286324590731519,0.02500739417427056,0.9246932735739727,Nsmce4a,FALSE,FALSE,FALSE,FALSE,0.055750462485554785,FALSE,FALSE,0.014275532995524023
Pkd2l2,0.14162244093925214,0.47018935216910934,0.022451606241702393,0.9228429958478582,-0.0031586591239953776,0.9921270698297222,Pkd2l2,FALSE,FALSE,FALSE,FALSE,0.0557442354349833,FALSE,FALSE,0.014273849278898056
Rnf150,-0.020851604080602826,0.9312557884800687,-0.032804700395448805,0.8929041297281517,0.11331792449909894,0.7052238284027338,Rnf150,FALSE,FALSE,FALSE,FALSE,0.05565807632505019,FALSE,FALSE,0.014250552932705328
Bbs9,-0.047740101451591244,0.766551347749995,-0.03565019791699697,0.8379475336311463,-0.08353235134751724,0.7037044683489674,Bbs9,FALSE,FALSE,FALSE,FALSE,0.05564088357203515,FALSE,FALSE,0.014245904227228271
Hist1h2ac,0.10333283186544584,0.7934554519776311,-0.06127282176431503,0.8867014880623032,0.0022982804649802624,0.9962685492673117,Hist1h2ac,FALSE,FALSE,FALSE,FALSE,0.05563464469824705,FALSE,FALSE,0.01424421731375234
Mlx,0.014205915046336948,0.9476998884576602,-0.07886120543240605,0.7001186721685346,-0.07381289361183363,0.7936895045475404,Mlx,FALSE,FALSE,FALSE,FALSE,0.05562667136352554,FALSE,FALSE,0.014242061423723683
Ralgapb,0.11914503897689421,0.26964923695038856,0.045407328400388636,0.7163836545880186,0.00231552254797851,0.9901796608639275,Ralgapb,FALSE,FALSE,FALSE,FALSE,0.05562262997508712,FALSE,FALSE,0.01424096868281406
Mrpl44,0.09574896609311079,0.6048630558040001,0.060290777006934526,0.7678042259625246,0.01081607807282925,0.9735962397793568,Mrpl44,FALSE,FALSE,FALSE,FALSE,0.05561860705762486,FALSE,FALSE,0.01423988093622547
Iqgap1,-0.14532744267149944,0.3401251877545111,-0.00893398761587072,0.9632062155822276,-0.012264825755528008,0.9674806741726476,Iqgap1,FALSE,FALSE,FALSE,FALSE,0.05550875201429939,FALSE,FALSE,0.014210177505882307
Ryk,-0.041333476869177765,0.7531750945111955,-0.04417848534613711,0.7495625412954798,-0.08092475715624214,0.6442905195745641,Ryk,FALSE,FALSE,FALSE,FALSE,0.05547890645718567,FALSE,FALSE,0.014202107640358213
Nudt19,0.06272219343970242,0.759131502924979,-0.06650136266013273,0.7592735151483322,-0.037027321297355975,0.9094238797334332,Nudt19,FALSE,FALSE,FALSE,FALSE,0.055416959132397046,FALSE,FALSE,0.014185357858180687
Stab1,0.026326628276243547,0.9520461081079828,-0.011403673123980163,0.9804441993613267,0.1284966651458248,0.8240084815704596,Stab1,FALSE,FALSE,FALSE,FALSE,0.05540898884868284,FALSE,FALSE,0.01418320279310626
Selenok,0.022845127866843562,0.8917757877458959,-0.06561113840772492,0.6934321841329113,-0.07770646529463132,0.7252052222409459,Selenok,FALSE,FALSE,FALSE,FALSE,0.05538757718973327,FALSE,FALSE,0.014177413348207898
Grik4,0.06035802600920359,0.8840620838108372,-0.0845820053442139,0.8423371822296623,-0.021168107588179108,0.9743458695695477,Grik4,FALSE,FALSE,FALSE,FALSE,0.05536937964719887,FALSE,FALSE,0.014172492960206357
Auh,-0.07115678519310986,0.5627096578494497,0.08383063376169275,0.5095174395975943,-0.011027005019040637,0.9613283967492714,Auh,FALSE,FALSE,FALSE,FALSE,0.05533814132461442,FALSE,FALSE,0.014164046508310877
Unc79,-0.1347435960230916,0.30418368028333165,-0.02867891072716322,0.8563240543389854,0.0025843663852445076,0.9907500529601377,Unc79,FALSE,FALSE,FALSE,FALSE,0.05533562437849978,FALSE,FALSE,0.014163365957547521
Khnyn,-0.1064875342836471,0.6237492612706659,0.00834459270546617,0.9742135550050105,0.05106788966063469,0.8825184669752741,Khnyn,FALSE,FALSE,FALSE,FALSE,0.05530000554991599,FALSE,FALSE,0.01415373507159348
Zfyve1,-0.06914997471188489,0.6973792971964393,-0.023736604071834755,0.9052282015479978,0.0729778152960261,0.7760673947746256,Zfyve1,FALSE,FALSE,FALSE,FALSE,0.05528813135991525,FALSE,FALSE,0.014150524439064545
Prkar1a,-0.05118806039755519,0.72224859825763,0.030699915178702852,0.8484004953908906,-0.08371598102216993,0.6722563399731482,Prkar1a,FALSE,FALSE,FALSE,FALSE,0.05520131886614266,FALSE,FALSE,0.014127051426050015
Ppat,7.639242355867992e-4,0.9965775315391365,-0.04199385983990922,0.8290397500629814,-0.1227260477736607,0.6040907740219245,Ppat,FALSE,FALSE,FALSE,FALSE,0.055161277283052236,FALSE,FALSE,0.014116224682569222
Hars,0.0020086685332723064,0.9921568686723885,-0.04178199847223674,0.8461905348907915,-0.12164593127979906,0.6456741252008051,Hars,FALSE,FALSE,FALSE,FALSE,0.05514553276176937,FALSE,FALSE,0.01411196756084722
Sh2b1,-0.11015585141213347,0.439427667166188,0.011600702922257788,0.9470076666506394,0.043618977802780456,0.8499803372028568,Sh2b1,FALSE,FALSE,FALSE,FALSE,0.055125177379057234,FALSE,FALSE,0.014106463719838239
Nepro,0.007233178541716345,0.9777830202850841,0.14260045487387263,0.5523140940060793,-0.015525374205779485,0.9699521455828801,Nepro,FALSE,FALSE,FALSE,FALSE,0.05511966920712282,FALSE,FALSE,0.014104974379008548
Rffl,-0.013450783135183109,0.9535874216732406,-0.04130870574118228,0.8551774679427568,0.11043678021974523,0.6895030120233478,Rffl,FALSE,FALSE,FALSE,FALSE,0.055065423032036875,FALSE,FALSE,0.014090306891433356
Cnst,-0.029577314386290077,0.8385072814965092,-0.07695646980123083,0.5898251138003908,0.05860955056155692,0.7684608242538039,Cnst,FALSE,FALSE,FALSE,FALSE,0.05504777824969261,FALSE,FALSE,0.014085535962876802
Washc3,0.07927668160480295,0.6602648849467625,-0.06366436731406999,0.7458644774828005,0.021683093890853655,0.9445516473539869,Washc3,FALSE,FALSE,FALSE,FALSE,0.054874714269908864,FALSE,FALSE,0.014038741626332897
Dpysl2,-0.09319735672288854,0.504124697996635,-0.03061855867757668,0.8517689281326057,0.040710428355743566,0.859619677030203,Dpysl2,FALSE,FALSE,FALSE,FALSE,0.054842114585402925,FALSE,FALSE,0.01402992707919315
Ifnar2,-0.04434368026838609,0.8108672809266859,-0.1159450008963141,0.5159303382213982,-0.004177632978277224,0.988414301980834,Ifnar2,FALSE,FALSE,FALSE,FALSE,0.0548221047143258,FALSE,FALSE,0.0140245166602108
Zscan12,-0.1178033509802896,0.4170615974209655,-0.04550222098792123,0.783614369741983,9.998742641199598e-4,0.9960124879643014,Zscan12,FALSE,FALSE,FALSE,FALSE,0.054768482077443593,FALSE,FALSE,0.014010017769570627
Chrm1,-0.015543296612773538,0.9737274304367124,-0.07360647021020328,0.8745575630081998,0.07510110515373603,0.9094844105675552,Chrm1,FALSE,FALSE,FALSE,FALSE,0.05475029065890428,FALSE,FALSE,0.014005099037420797
Gm4925,0.06983928761872327,0.9099771004227072,0.06444466187354464,0.9170420547585214,-0.029731211677402003,0.9752834775725387,Gm4925,FALSE,FALSE,FALSE,FALSE,0.05467172038988997,FALSE,FALSE,0.013983854618939293
Cat,0.03031023465217597,0.907724138806489,-0.11504747341262078,0.6441382198098015,-0.0185100796758757,0.9661443300099136,Cat,FALSE,FALSE,FALSE,FALSE,0.05462259591355748,FALSE,FALSE,0.013970571974677224
Ss18,0.08701885399714371,0.41742492720655666,0.05456552686848326,0.6509250462490143,0.022211165447649783,0.9052165136027727,Ss18,FALSE,FALSE,FALSE,FALSE,0.05459851543775892,FALSE,FALSE,0.013964060915067574
Plvap,0.016802298741405153,0.9515055212023712,-0.13020689675241215,0.6135813637354249,-0.016727449084334545,0.9689945811482406,Plvap,FALSE,FALSE,FALSE,FALSE,0.054578881526050615,FALSE,FALSE,0.01395875215079843
Zcchc9,0.041859437875262806,0.8030897823797065,-0.06373293603798746,0.7101803473550362,-0.058101536722749536,0.806828674163578,Zcchc9,FALSE,FALSE,FALSE,FALSE,0.054564636878666604,FALSE,FALSE,0.013954900576227745
Gm17435,-0.00490810749826931,0.9899278673773672,0.11014797915600139,0.7803517539510787,0.048595562814207405,0.9361739029450005,Gm17435,FALSE,FALSE,FALSE,FALSE,0.05455054982282603,FALSE,FALSE,0.013951091612440248
Ccdc32,-0.02378058534450389,0.8978816938872811,-0.013033349792300974,0.9469783047149088,-0.1266581644878606,0.5755672605791118,Ccdc32,FALSE,FALSE,FALSE,FALSE,0.05449069987488849,FALSE,FALSE,0.013934908934742531
Zadh2,0.08273744963004148,0.5676440718861945,0.04545452457981014,0.7814968655293738,0.03524996272477665,0.8817102844923025,Zadh2,FALSE,FALSE,FALSE,FALSE,0.05448064564487609,FALSE,FALSE,0.013932190396641893
Farp2,0.06250508947537359,0.7588725339509642,-0.02694969916754797,0.9033284362246219,-0.07394563282686129,0.8005718964673141,Farp2,FALSE,FALSE,FALSE,FALSE,0.05446680715659428,FALSE,FALSE,0.013928448642414774
Adpgk,0.016554818956886486,0.9476998884576602,0.017407137897570202,0.9469875862393473,-0.12907326065297386,0.6779313885590653,Adpgk,FALSE,FALSE,FALSE,FALSE,0.05434507250247685,FALSE,FALSE,0.013895533113828499
Gpr146,-0.03695877111221524,0.8520116517019637,-0.011725624763456288,0.9575416357154535,-0.11433141763426669,0.6567154068593041,Gpr146,FALSE,FALSE,FALSE,FALSE,0.05433860450331274,FALSE,FALSE,0.013893784247715344
Paxip1,0.093625772249748,0.49356123885722664,0.056710979160454755,0.7084074417436858,0.012625773411186536,0.9609730014174996,Paxip1,FALSE,FALSE,FALSE,FALSE,0.054320841607129765,FALSE,FALSE,0.013888981382653423
Nos1ap,-0.08784665252259982,0.8439810416432786,-0.06886824276358094,0.8824461600280687,0.0062326432088744,0.9921477012853597,Nos1ap,FALSE,FALSE,FALSE,FALSE,0.05431584616501839,FALSE,FALSE,0.0138876306775579
Sumo1,0.06889356034151639,0.623319169843742,0.05843026960855191,0.7023333915531896,-0.03561863090112816,0.8761166282108077,Sumo1,FALSE,FALSE,FALSE,FALSE,0.054314153617065486,FALSE,FALSE,0.013887173033751121
Aktip,0.07220313283070112,0.5676350040012188,0.07214862621719931,0.5929836440877708,0.018434578315103423,0.9338189684089776,Aktip,FALSE,FALSE,FALSE,FALSE,0.05426211245433462,FALSE,FALSE,0.013873101753950394
Plpbp,-0.019976112818240743,0.8927758816569763,-0.0019631687917707197,0.9892279679695519,-0.14077787889527116,0.43208725836388395,Plpbp,FALSE,FALSE,FALSE,FALSE,0.05423905350176087,FALSE,FALSE,0.013866866901449983
Rprd1b,-0.08140047492220148,0.594063250265784,-0.07503569832932655,0.6470911002565032,-0.006238346854319232,0.9812767460372922,Rprd1b,FALSE,FALSE,FALSE,FALSE,0.05422484003528242,FALSE,FALSE,0.013863023757806348
Zfp236,-0.059091862210642,0.6498955454197061,-0.09673847428080773,0.46935026650160827,-0.006691888702762938,0.9768235377710855,Zfp236,FALSE,FALSE,FALSE,FALSE,0.05417407506473756,FALSE,FALSE,0.013849297544418177
Inip,-0.08215091978114986,0.7538524443183404,-0.017671614557808635,0.9519582175613842,-0.06262299228611878,0.8733598739494844,Inip,FALSE,FALSE,FALSE,FALSE,0.05414850887502576,FALSE,FALSE,0.0138423847663403
Ctps2,-0.024131611753640314,0.8568296000142852,0.040214756169555166,0.772781008486405,-0.09798041916137645,0.5693714416310308,Ctps2,FALSE,FALSE,FALSE,FALSE,0.054108929028190644,FALSE,FALSE,0.013831682870570466
Unc80,0.03811690812016266,0.7753562754898639,0.05341959581906863,0.7023333915531896,0.07075409475404904,0.6990664125254931,Unc80,FALSE,FALSE,FALSE,FALSE,0.05409686623109344,FALSE,FALSE,0.01382842124104055
Bptf,-0.07211264287732355,0.6049965519758311,-0.0362280568247737,0.8215409439157584,-0.05378801296418079,0.8004408393466139,Bptf,FALSE,FALSE,FALSE,FALSE,0.05404290422209268,FALSE,FALSE,0.01381383058842224
Ccdc15,0.030602648179554492,0.9096123868350321,0.051379618799264115,0.8469951858843008,0.08013409533107341,0.8213161172466814,Ccdc15,FALSE,FALSE,FALSE,FALSE,0.054038787436630674,FALSE,FALSE,0.013812717461100028
Ift57,-0.033989836794949824,0.8334695206249759,0.07330252331018983,0.6441382198098015,-0.05480829743513116,0.8084371874587771,Ift57,FALSE,FALSE,FALSE,FALSE,0.0540335525134236,FALSE,FALSE,0.013811302003310143
Prpf18,-0.04028525805660621,0.7554414085801889,-0.03266732111313608,0.8174127368748638,-0.08913810386312271,0.6035925886040827,Prpf18,FALSE,FALSE,FALSE,FALSE,0.05403022767762167,FALSE,FALSE,0.013810403009275317
Lrp12,-0.05054386636304997,0.7471583482763738,0.0843012002700787,0.593025078442873,-0.027205521070426286,0.9137998771714123,Lrp12,FALSE,FALSE,FALSE,FALSE,0.05401686256785165,FALSE,FALSE,0.013806789250679763
Clp1,0.06041339358612596,0.7527443712314791,0.038655663877796176,0.8512456468653252,-0.06294249040678901,0.8210777185923199,Clp1,FALSE,FALSE,FALSE,FALSE,0.05400384929023705,FALSE,FALSE,0.013803270623100541
Nsmce2,0.09285149209094179,0.6179101246331101,0.04341046952068739,0.8345360084605521,0.025543016143606767,0.9355352885294924,Nsmce2,FALSE,FALSE,FALSE,FALSE,0.053934992585078646,FALSE,FALSE,0.013784652630849855
Sertad2,0.1201173085692595,0.5542401922045476,-0.00800412726997024,0.9742256728418379,-0.03363789988895771,0.9245961247180302,Sertad2,FALSE,FALSE,FALSE,FALSE,0.053919778576062484,FALSE,FALSE,0.01378053895301248
Ccdc34,-0.037290244469050826,0.8730744030607788,0.12057254309123833,0.5729093088276478,0.0038527816261297865,0.9907500529601377,Ccdc34,FALSE,FALSE,FALSE,FALSE,0.05390518972880631,FALSE,FALSE,0.013776594311099438
Rras2,0.03343380393094808,0.9073923834313126,0.0981414028272467,0.7163836545880186,-0.029870953165096026,0.9461884452642243,Rras2,FALSE,FALSE,FALSE,FALSE,0.05381538664109694,FALSE,FALSE,0.013752312678871835
Mr1,-0.12956807148098282,0.5726225908140004,-0.013369444948324372,0.9607323099305475,-0.018503158027379563,0.9653773707378508,Mr1,FALSE,FALSE,FALSE,FALSE,0.053813558152228914,FALSE,FALSE,0.013751818278341096
Epb41,-0.035466413573513655,0.811680766793197,-0.06055914982790256,0.6934321841329113,0.0653754372319213,0.7503435379632916,Epb41,FALSE,FALSE,FALSE,FALSE,0.053800333544445834,FALSE,FALSE,0.013748242509726298
Canx,0.0695427280082157,0.7201731651902461,0.0052315783231264845,0.9818356329647663,-0.08657180293942801,0.7548642741621032,Canx,FALSE,FALSE,FALSE,FALSE,0.053782036423590064,FALSE,FALSE,0.013743295196991556
Top3a,-0.09821689455413551,0.6361266041439754,-0.04714504522316787,0.8363181970397431,0.01598179149141865,0.9661443300099136,Top3a,FALSE,FALSE,FALSE,FALSE,0.05378124375624068,FALSE,FALSE,0.013743080869649952
Tmem35a,0.07797753688024311,0.7033097077079514,-0.003431406051926267,0.9875969213948317,-0.07985566370289465,0.7895479915138292,Tmem35a,FALSE,FALSE,FALSE,FALSE,0.05375486887835468,FALSE,FALSE,0.013735949432399726
Tmsb4x,-0.020387882444629746,0.925263589180471,0.002070763909209461,0.9922530622373938,-0.13864537043576597,0.6041394070368787,Tmsb4x,FALSE,FALSE,FALSE,FALSE,0.05370133892986839,FALSE,FALSE,0.013721475603543051
Dpf3,-0.010203838294725376,0.9777830202850841,-0.14093746431632037,0.699775373375869,0.009710043657729761,0.9857664252260658,Dpf3,FALSE,FALSE,FALSE,FALSE,0.05361711542292517,FALSE,FALSE,0.01369870262020051
Nrp1,0.07277821088830283,0.7325120620234451,-0.06280006339133148,0.7856567323388254,-0.02512561678264902,0.9445578108505627,Nrp1,FALSE,FALSE,FALSE,FALSE,0.05356796368742778,FALSE,FALSE,0.013685412605401036
Osbpl11,-0.1297180874047128,0.3868687036028147,-0.012541932503602915,0.944866651972727,0.01826422445653275,0.9456608272272778,Osbpl11,FALSE,FALSE,FALSE,FALSE,0.05350808145494949,FALSE,FALSE,0.013669221198367113
BC052040,0.03290269118189215,0.9099460154954013,0.01778742271427136,0.9532535306953184,0.10982224834304022,0.764099394312501,BC052040,FALSE,FALSE,FALSE,FALSE,0.05350412074640124,FALSE,FALSE,0.013668150272291159
Adi1,-0.02002716517845826,0.9149814098589731,-0.08488352276156341,0.6323159106917241,-0.05551944055136726,0.8282781612449489,Adi1,FALSE,FALSE,FALSE,FALSE,0.05347670949712965,FALSE,FALSE,0.013660738613174647
Washc5,0.00445424451004417,0.977443001888163,-0.09246080420868719,0.5408777857251592,-0.06350133877794661,0.7669696688057195,Washc5,FALSE,FALSE,FALSE,FALSE,0.05347212916555932,FALSE,FALSE,0.013659500148779848
Bmf,0.03997493047271172,0.9256123442067072,-0.05089961713435187,0.9059589266713349,0.06947635705288535,0.9097708286991968,Bmf,FALSE,FALSE,FALSE,FALSE,0.053450301553316315,FALSE,FALSE,0.013653598235311051
Rph3al,-0.047989521943745395,0.8435173821875369,-0.08900557236013373,0.7166628903274198,0.0230220498713658,0.9538085229725968,Rph3al,FALSE,FALSE,FALSE,FALSE,0.053339048058414974,FALSE,FALSE,0.013623516681144759
Cutc,-0.03441549183818271,0.8850110964822872,-0.0485201143384586,0.839563470101262,0.07708012313984103,0.8052566304449001,Cutc,FALSE,FALSE,FALSE,FALSE,0.053338576438827445,FALSE,FALSE,0.013623389161104327
Gtf2h5,0.046664076687596534,0.7436259240095232,-0.110552514849795,0.4331216284173846,0.0027395160408110186,0.9901796608639275,Gtf2h5,FALSE,FALSE,FALSE,FALSE,0.05331870252606752,FALSE,FALSE,0.01361801550355124
C530005A16Rik,0.00928104061363122,0.977443001888163,0.12945395179366637,0.6734226066607982,0.021075625536482345,0.9679665286152154,C530005A16Rik,FALSE,FALSE,FALSE,FALSE,0.05327020598125998,FALSE,FALSE,0.013604902644123321
Sec14l2,0.10701782919274916,0.7704283392644234,-0.02316046120776316,0.9557381998009242,-0.029589622846897368,0.9630623165232519,Sec14l2,FALSE,FALSE,FALSE,FALSE,0.0532559710824699,FALSE,FALSE,0.013601053705450561
Gypc,0.06600363934935927,0.9064896169586579,-0.05396997439656448,0.9252086321143492,0.03960258958266938,0.9652311294692906,Gypc,FALSE,FALSE,FALSE,FALSE,0.053192067776197706,FALSE,FALSE,0.013583775050332923
Bvht,-0.018565002912362183,0.9752033158012211,-0.00924736341199034,0.9871922040049484,-0.13174005564140473,0.8748433176847077,Bvht,FALSE,FALSE,FALSE,FALSE,0.05318414065525242,FALSE,FALSE,0.013581631655931608
Irak1,0.021732230670173713,0.8841633115909773,-0.06282989196138988,0.6696654980007825,-0.07487344995545886,0.7011342508281666,Irak1,FALSE,FALSE,FALSE,FALSE,0.05314519086234082,FALSE,FALSE,0.013571100118865961
Phka1,0.052910721542900774,0.7423126995069955,-0.05124184914574759,0.7657765098525056,-0.05504103156598106,0.8160706567923424,Phka1,FALSE,FALSE,FALSE,FALSE,0.05306453408487647,FALSE,FALSE,0.013549291534584415
Ttpal,-0.020979020744014143,0.9252518645869081,0.13404174463544472,0.5103235813214593,-0.004045093143106193,0.9901796608639275,Ttpal,FALSE,FALSE,FALSE,FALSE,0.053021952840855015,FALSE,FALSE,0.013537778098537885
Phf12,-0.07165641863167949,0.6959834271583445,-0.0076112616347199236,0.9718821478815053,0.07971459087852839,0.7614822701776649,Phf12,FALSE,FALSE,FALSE,FALSE,0.0529940903816426,FALSE,FALSE,0.013530244437894258
Klhl23,0.010427173978797555,0.9635429533947826,0.059752090827287496,0.7895411538990473,0.08869609345401663,0.7611811657218196,Klhl23,FALSE,FALSE,FALSE,FALSE,0.052958452753367226,FALSE,FALSE,0.01352060846873864
A830082N09Rik,-0.0134991708043537,0.9721933262056326,0.12971761096551804,0.705860334460487,-0.015499288004473755,0.9778529655215197,A830082N09Rik,FALSE,FALSE,FALSE,FALSE,0.052905356591448495,FALSE,FALSE,0.013506251930346774
Ptpn21,0.05521455306642231,0.7753174359057148,-0.07889024985163928,0.6941711597365163,0.024564129923395406,0.9382131319933964,Ptpn21,FALSE,FALSE,FALSE,FALSE,0.05288964428048567,FALSE,FALSE,0.01350200351789263
Exoc2,0.028754584812848982,0.849608591745376,-0.09177808607689109,0.534128914394433,-0.038117801540763274,0.8672400334355805,Exoc2,FALSE,FALSE,FALSE,FALSE,0.05288349081016778,FALSE,FALSE,0.013500339696447358
Arhgap26,0.00750568307464583,0.9661835926881887,0.1326241944475175,0.3922145011678662,0.01840660631528568,0.945701908359968,Arhgap26,FALSE,FALSE,FALSE,FALSE,0.052845494612483,FALSE,FALSE,0.013490065999609507
Acadm,-0.06029001132383449,0.6945930591904032,-0.0556312496424578,0.7324390300153066,-0.042579462584437344,0.8571383763328336,Acadm,FALSE,FALSE,FALSE,FALSE,0.05283357451690988,FALSE,FALSE,0.013486842954787694
Rlf,0.014908179733057025,0.9232961322069747,0.07649796964542954,0.5979234642233446,-0.06699612394685683,0.7375481966833609,Rlf,FALSE,FALSE,FALSE,FALSE,0.05280075777511447,FALSE,FALSE,0.013477969718070455
Ddah1,0.08078082814316012,0.7723506031867249,-0.002283474199757052,0.9936408291678288,-0.0750791078939077,0.8595500930257407,Ddah1,FALSE,FALSE,FALSE,FALSE,0.052714470078941623,FALSE,FALSE,0.013454638603766047
Phf20,-0.019890112106093483,0.8743724729127668,-0.03400077937696544,0.7952074876949027,-0.10420948724772394,0.5047016529599085,Phf20,FALSE,FALSE,FALSE,FALSE,0.05270012624359429,FALSE,FALSE,0.013450760210010095
Tfcp2l1,-0.03127632641850253,0.888623238035097,-0.12414127957554388,0.5542507366581968,-0.0025789839939220904,0.9937120728690529,Tfcp2l1,FALSE,FALSE,FALSE,FALSE,0.0526655299959895,FALSE,FALSE,0.013441405817168803
Mmd2,0.016531625441140285,0.942746261607731,-0.03330826278941501,0.8846436018303956,-0.10813859536058512,0.7041590533168067,Mmd2,FALSE,FALSE,FALSE,FALSE,0.05265949453038014,FALSE,FALSE,0.01343977390272146
Dync1li1,-0.12192476716058831,0.3680841401355247,-0.006421597115092048,0.9700906586173547,0.029603698799324007,0.900223254715002,Dync1li1,FALSE,FALSE,FALSE,FALSE,0.05265002102500146,FALSE,FALSE,0.01343721238530175
Mab21l2,-0.004654006466321289,0.9933764719371758,-0.08672141881869001,0.8836727456948127,0.06648987055364496,0.9386131353208192,Mab21l2,FALSE,FALSE,FALSE,FALSE,0.052621765279552084,FALSE,FALSE,0.013429572384976385
Gm20743,0.05373990206528839,0.9291382089721865,0.02594952140453982,0.9674263612980659,0.07811297711282589,0.9306331787148083,Gm20743,FALSE,FALSE,FALSE,FALSE,0.052600800194218034,FALSE,FALSE,0.013423903688000739
Pick1,4.6746534299968445e-4,0.998064940467765,-0.15565549025240832,0.4553044104791549,-0.0014550425492259045,0.9958136259774507,Pick1,FALSE,FALSE,FALSE,FALSE,0.05252599938154464,FALSE,FALSE,0.0134036784833893
Hat1,-0.009416893500436174,0.9596119158919534,-0.007305525596129847,0.9699133989087664,-0.14078725958444238,0.5195940360349798,Hat1,FALSE,FALSE,FALSE,FALSE,0.0525032262270028,FALSE,FALSE,0.013397520907103761
Ap3s2,-0.04498830819456234,0.7690065120827052,-0.056777940169109975,0.7195777453863679,-0.05568318177444542,0.7988200690067017,Ap3s2,FALSE,FALSE,FALSE,FALSE,0.05248314337937258,FALSE,FALSE,0.013392090756173784
Fancc,-0.12238987702999982,0.6359637358425538,-0.005886694780887769,0.9844447664691861,0.0290699289828642,0.9465656818331815,Fancc,FALSE,FALSE,FALSE,FALSE,0.052448833597917265,FALSE,FALSE,0.013382813820198002
Gab2,-0.14083220912549654,0.4865616920926739,-0.0014160922821746524,0.9947138443688209,-0.015052247792955331,0.9674826908719548,Gab2,FALSE,FALSE,FALSE,FALSE,0.052433516400208845,FALSE,FALSE,0.013378672241428273
Srsf12,-0.08468293446766628,0.7750155972175784,-0.03137869309025998,0.921713345347907,0.04103455558433655,0.929640695099024,Srsf12,FALSE,FALSE,FALSE,FALSE,0.05236539438075427,FALSE,FALSE,0.0133602528990071
Zcchc2,0.05670893752932393,0.7199971078699032,0.04739808520101896,0.7814968655293738,0.05269144557017924,0.8199714266724727,Zcchc2,FALSE,FALSE,FALSE,FALSE,0.052266156100174044,FALSE,FALSE,0.013333420108582933
Stk19,-0.04939827940737462,0.8089088635014313,0.04523705733798655,0.8304392844821563,-0.06197571943255831,0.8307548810453048,Stk19,FALSE,FALSE,FALSE,FALSE,0.05220368539263983,FALSE,FALSE,0.013316528810254162
Bach1,0.06427132940454516,0.657700757456528,0.07651783950544466,0.615975993722988,-0.015793283580396,0.9507066075698293,Bach1,FALSE,FALSE,FALSE,FALSE,0.052194150830128606,FALSE,FALSE,0.013313950783749128
Kat6a,-0.08982040235039523,0.5721746240635706,0.03270494672404123,0.8588497892239813,0.034016143071801785,0.8992847156757122,Kat6a,FALSE,FALSE,FALSE,FALSE,0.052180497382079416,FALSE,FALSE,0.013310259062087595
Tmem209,0.09763447315935814,0.580520626823089,-0.049619220664884445,0.805883949846198,-0.008746871173532789,0.9777503992234355,Tmem209,FALSE,FALSE,FALSE,FALSE,0.05200018833259179,FALSE,FALSE,0.01326150574927127
Eif2d,0.02860516045900585,0.8503250365861832,-0.02433934806497362,0.8800136356756216,-0.10299938019530597,0.595783602486316,Eif2d,FALSE,FALSE,FALSE,FALSE,0.05198129623976181,FALSE,FALSE,0.013256397563552846
Slc35e1,-0.04898217272118366,0.8312357612494871,-0.01709312255242601,0.947164147420348,-0.08984994096011789,0.7806289651507068,Slc35e1,FALSE,FALSE,FALSE,FALSE,0.05197507874457585,FALSE,FALSE,0.013254716430583667
Gxylt1,0.05192834969464322,0.7199971078699032,0.024168980904541115,0.8812354581302589,0.079826004416363,0.6867045081950023,Gxylt1,FALSE,FALSE,FALSE,FALSE,0.051974445005182446,FALSE,FALSE,0.013254545075374494
Ampd3,-0.12679068905328617,0.4140195955950043,-0.01600576747066018,0.9312969031898305,0.013106512515759228,0.9645496544366667,Ampd3,FALSE,FALSE,FALSE,FALSE,0.051967656346568525,FALSE,FALSE,0.013252709506954893
Abhd14b,-0.017952730476590517,0.9585883516430124,0.04103535811197512,0.902787951907609,-0.09689391406981018,0.8344958022363661,Abhd14b,FALSE,FALSE,FALSE,FALSE,0.05196066755279194,FALSE,FALSE,0.013250819824489333
2310061I04Rik,-0.042378320362328026,0.8883812186611214,-0.11078911116904822,0.7050696408249073,-0.0026710881927733965,0.9947277351816677,2310061I04Rik,FALSE,FALSE,FALSE,FALSE,0.05194617324138321,FALSE,FALSE,0.013246900743887582
Zkscan16,-0.1288814071734894,0.42389166192644223,-0.022270139251024723,0.9076451855600349,-0.004675089091280782,0.9867010881791168,Zkscan16,FALSE,FALSE,FALSE,FALSE,0.0519422118385983,FALSE,FALSE,0.013245829630098712
9930104L06Rik,0.08576866977691866,0.636696736418841,0.036293599259812126,0.8579138441675312,-0.033755128045210636,0.9096517207354082,9930104L06Rik,FALSE,FALSE,FALSE,FALSE,0.05193913236064714,FALSE,FALSE,0.013244996977759351
Mtif3,-0.06868870720829623,0.7313856004985976,-0.009759446854593623,0.965968932971312,-0.07724359807616432,0.7845045557111937,Mtif3,FALSE,FALSE,FALSE,FALSE,0.05189725071301806,FALSE,FALSE,0.013233672703831193
Mtmr4,-0.056813921818081425,0.7538524443183404,-0.07692355666642126,0.6856923141589526,0.021932968669243103,0.9427152226464806,Mtmr4,FALSE,FALSE,FALSE,FALSE,0.05189014905124859,FALSE,FALSE,0.013231752503271396
Mrs2,-0.08948067840619167,0.5971489340398048,-0.040652078441246076,0.8312393428559643,-0.02549060735023545,0.9298655398525311,Mrs2,FALSE,FALSE,FALSE,FALSE,0.05187445473255773,FALSE,FALSE,0.013227508955702658
Pars2,-0.0788949761672968,0.7522254866845065,0.033659240856394046,0.8984292323025337,-0.04292709402293404,0.9105390510228171,Pars2,FALSE,FALSE,FALSE,FALSE,0.051827103682208296,FALSE,FALSE,0.013214705823655611
BC064078,-0.08048250832780335,0.8353709034119571,0.042104823986266915,0.9163143936162838,-0.03285410197894123,0.9586602010760729,BC064078,FALSE,FALSE,FALSE,FALSE,0.05181381143100383,FALSE,FALSE,0.013211111765105327
Wipf2,-0.02593673961243237,0.8881160318129836,0.01577956123891422,0.9351484543694195,0.11348672567276274,0.6162317647096978,Wipf2,FALSE,FALSE,FALSE,FALSE,0.05173434217470311,FALSE,FALSE,0.013189624271700423
Nfya,0.027120670734798402,0.8819226446177186,-0.026277309305731578,0.8904010417874563,-0.10160450533304655,0.6630093655894229,Nfya,FALSE,FALSE,FALSE,FALSE,0.05166749512452551,FALSE,FALSE,0.013171549665032492
Pptc7,-0.028969919219394846,0.8417935078720976,0.0762246748926465,0.5919562887723278,-0.04980701145236299,0.8072004780906422,Pptc7,FALSE,FALSE,FALSE,FALSE,0.05166720185480145,FALSE,FALSE,0.01317147036856547
Ppm1b,-0.06358344413486261,0.5744183130479459,0.034022493524945574,0.7919386594201421,0.05736041343631282,0.7298672384813677,Ppm1b,FALSE,FALSE,FALSE,FALSE,0.05165545036537367,FALSE,FALSE,0.013168292912737498
Eloa,-0.0730665522437226,0.5763732953449657,-0.03959596895268991,0.7900623300184164,-0.042152022862756766,0.8391335057651813,Eloa,FALSE,FALSE,FALSE,FALSE,0.05160484801972309,FALSE,FALSE,0.01315461067108766
Ano7,0.036874819098337897,0.9104536015627139,0.01886321415814307,0.9557381998009242,0.0989866984804959,0.8162230695333773,Ano7,FALSE,FALSE,FALSE,FALSE,0.05157491057899229,FALSE,FALSE,0.013146515961382206
Gpatch11,-0.012027201217930994,0.9519109941435451,0.029654160546677133,0.8814028564311727,-0.11302439728722025,0.6420061961874249,Gpatch11,FALSE,FALSE,FALSE,FALSE,0.05156858635060946,FALSE,FALSE,0.013144805969090933
Maz,-0.049350221145003204,0.75699685456821,-0.1038908265247489,0.5111467256490784,0.0013801207133807836,0.9956400549009106,Maz,FALSE,FALSE,FALSE,FALSE,0.0515403894610443,FALSE,FALSE,0.013137181882660862
A830052D11Rik,0.03706004140675445,0.9603047986705526,-0.02447133598827178,0.9752080810850566,-0.09306299044111804,0.9347491177293159,A830052D11Rik,FALSE,FALSE,FALSE,FALSE,0.05153145594538142,FALSE,FALSE,0.01313476637170953
Dhx57,0.037879613871832696,0.7822494887273695,-0.08408728860220638,0.53711898713442,-0.032590228040422886,0.8776229971007429,Dhx57,FALSE,FALSE,FALSE,FALSE,0.05151904350482065,FALSE,FALSE,0.013131410202958195
Rragd,0.027170716459786526,0.8976240721352945,-0.08030855554009442,0.6989128057096087,-0.0469989608232213,0.8796884147096544,Rragd,FALSE,FALSE,FALSE,FALSE,0.05149274427436742,FALSE,FALSE,0.013124299219828071
Ptcd1,-0.01600811957427206,0.9500491578184969,0.01865838479577997,0.9430094073196065,0.11964652065430537,0.6973448077547628,Ptcd1,FALSE,FALSE,FALSE,FALSE,0.05143767500811913,FALSE,FALSE,0.013109409178692601
Mgat4a,-0.0061459482774370855,0.9745380302797549,0.0228715727573805,0.9055150088444389,0.12522830046163236,0.5834785963223479,Mgat4a,FALSE,FALSE,FALSE,FALSE,0.05141527383214998,FALSE,FALSE,0.013103352180762763
Tmem14a,0.1522303122085571,0.42178109123109053,0.001187365932616924,0.995520204468751,7.813084472396703e-4,0.997766082285734,Tmem14a,FALSE,FALSE,FALSE,FALSE,0.051399662196137896,FALSE,FALSE,0.013099130989556694
Pum1,-0.12995325388433798,0.2634576151010893,-0.0172647398255501,0.902588536138873,-0.006895113265067643,0.9751963425512756,Pum1,FALSE,FALSE,FALSE,FALSE,0.051371035658318576,FALSE,FALSE,0.01309139073161002
Plcg1,-0.022111351380973865,0.8809537270206775,-0.1295172419737467,0.3450328677911886,0.0023152288278494026,0.9913286600395865,Plcg1,FALSE,FALSE,FALSE,FALSE,0.05131460739418999,FALSE,FALSE,0.013076133234437468
Etl4,-0.07032782016348005,0.7362958619583062,0.04041612555679741,0.8579540176111327,-0.04317424040987117,0.8952889382053867,Etl4,FALSE,FALSE,FALSE,FALSE,0.05130606204338287,FALSE,FALSE,0.013073822678410422
Vps13d,-0.0686168125526132,0.5945516468934541,-0.05451155260840945,0.7002659992144384,-0.030699327417159417,0.8850335541039216,Vps13d,FALSE,FALSE,FALSE,FALSE,0.05127589752606069,FALSE,FALSE,0.013065666570033493
Zfp3,-0.04034713199101114,0.8410221253931728,-0.07838569528296979,0.6949882780748464,0.03503517768418529,0.9068543727518614,Zfp3,FALSE,FALSE,FALSE,FALSE,0.05125600165272207,FALSE,FALSE,0.013060286974614473
Adgrl2,0.03452692814397906,0.8489717954540641,-0.022453119260363863,0.9082088532591461,-0.0965989275769843,0.6862286944589383,Adgrl2,FALSE,FALSE,FALSE,FALSE,0.05119299166044241,FALSE,FALSE,0.013043249860432494
Mtch2,-0.10207298733912484,0.34130728123365595,-0.045362649935349886,0.710411053746016,0.006118822675354352,0.9755716489156836,Mtch2,FALSE,FALSE,FALSE,FALSE,0.05118481998327636,FALSE,FALSE,0.013041040341086448
Casp8,-0.028312142170648258,0.8972888395298936,-0.07925248781901617,0.705860334460487,0.04591244136236172,0.8811480874391052,Casp8,FALSE,FALSE,FALSE,FALSE,0.05115902378400872,FALSE,FALSE,0.013034065371300174
Pisd,-0.011523202989650372,0.9544350566272825,0.05843270668141365,0.760229595261023,-0.08304751822669987,0.7440145915484206,Pisd,FALSE,FALSE,FALSE,FALSE,0.05100114263258796,FALSE,FALSE,0.012991376281734838
Epb41l5,-0.10196557603107159,0.5703103870710311,-0.010488623570903854,0.9613245358694231,0.04044220009366217,0.8915071457053368,Epb41l5,FALSE,FALSE,FALSE,FALSE,0.05096546656521254,FALSE,FALSE,0.01298172991912712
Maml1,0.026725622508077862,0.8799411674139243,0.11071481533602867,0.5034150234998475,0.01539960280044994,0.9578501646983947,Maml1,FALSE,FALSE,FALSE,FALSE,0.05094668021485216,FALSE,FALSE,0.01297665032485052
Gramd1b,0.01314563539419833,0.9542146649188906,-0.107720262434019,0.6168093857033098,-0.031820962850654944,0.927666141415618,Gramd1b,FALSE,FALSE,FALSE,FALSE,0.05089562022629076,FALSE,FALSE,0.012962844342278897
Faf1,0.06993081108001142,0.5512377835422337,0.0028440973508798706,0.9844447664691861,-0.07937810667029499,0.6341059812141951,Faf1,FALSE,FALSE,FALSE,FALSE,0.05071767170039543,FALSE,FALSE,0.01291472928553143
Clk2,-0.08657574196522289,0.7414846125457955,0.004265119853344768,0.9874818132315694,0.06124611670175506,0.8761546103293756,Clk2,FALSE,FALSE,FALSE,FALSE,0.05069565950677424,FALSE,FALSE,0.012908777463565549
Smpd4,-0.015929311614394148,0.9444764086262997,0.0798557891985241,0.7028206369793212,0.05622967023622083,0.8535952850759757,Smpd4,FALSE,FALSE,FALSE,FALSE,0.050671590349713025,FALSE,FALSE,0.012902269464400975
Adap1,1.6091229780612615e-4,0.999780981843086,0.0747123711066704,0.8889670722340692,-0.0771337240871246,0.9248627502252181,Adap1,FALSE,FALSE,FALSE,FALSE,0.050669002497200376,FALSE,FALSE,0.012901569741434046
Nipsnap3b,-0.048404061130911114,0.8444793096986785,-0.024420582215320508,0.9253661336570236,-0.0791685485636866,0.816326635188023,Nipsnap3b,FALSE,FALSE,FALSE,FALSE,0.050664397303306075,FALSE,FALSE,0.012900324554577663
Twsg1,0.07068718908771388,0.5657519132869538,0.019846570590544843,0.8903669425551053,-0.06137368062271431,0.7351420034823858,Twsg1,FALSE,FALSE,FALSE,FALSE,0.050635813433657674,FALSE,FALSE,0.012892595833570983
Foxo3,-0.02510589371715355,0.8942179676809057,0.07016652600339146,0.7063945853339134,0.05646018716432444,0.8318350650987535,Foxo3,FALSE,FALSE,FALSE,FALSE,0.050577535628289816,FALSE,FALSE,0.012876838243569694
Sulf2,0.031320866316121965,0.9073991193207841,-0.10141766395059637,0.6985310078579873,0.018826822580561675,0.9668564428691834,Sulf2,FALSE,FALSE,FALSE,FALSE,0.05052178428242667,FALSE,FALSE,0.012861763776633504
Rfxap,-0.07518652268195636,0.6859052694429165,0.02990800452155895,0.8836727456948127,-0.046324389140952604,0.8718083502679265,Rfxap,FALSE,FALSE,FALSE,FALSE,0.050472972114822635,FALSE,FALSE,0.012848565576747226
Tmed10,0.13661586234370127,0.29302109257088416,0.007237170171618068,0.9657289886988031,-0.00749441720345434,0.9757812148940554,Tmed10,FALSE,FALSE,FALSE,FALSE,0.050449149906257894,FALSE,FALSE,0.012842124349368827
Sorl1,0.06150444453018267,0.74318065565272,-0.08417927560515714,0.6683065132174748,0.005654963623927145,0.9850830907354353,Sorl1,FALSE,FALSE,FALSE,FALSE,0.05044622791975565,FALSE,FALSE,0.012841334280748346
Cox15,0.07440198999722547,0.6521264849800239,-0.06580022876123603,0.7127283851687464,-0.01078200640156357,0.9702827424909112,Cox15,FALSE,FALSE,FALSE,FALSE,0.05032807505334169,FALSE,FALSE,0.012809387222778742
Fam114a2,0.05168889877253324,0.7150369263540726,-0.07061644741932849,0.6301310129814817,-0.0286476510675282,0.9006832817682866,Fam114a2,FALSE,FALSE,FALSE,FALSE,0.05031766575312998,FALSE,FALSE,0.012806572678135184
Derl1,0.12378323479741482,0.2631746878450922,0.010762732948049525,0.938713551068722,-0.016362947399892747,0.9356591082848801,Derl1,FALSE,FALSE,FALSE,FALSE,0.05030297171511903,FALSE,FALSE,0.012802599593957109
Cttnbp2nl,-0.07115882044892885,0.7854884088470282,0.06728044198425387,0.8081420796178124,-0.012314821240627438,0.9773137750178806,Cttnbp2nl,FALSE,FALSE,FALSE,FALSE,0.050251361224603386,FALSE,FALSE,0.012788644762539256
Gpatch2,-0.06769295746608162,0.6295992814807424,0.029119081808839375,0.8523376933732237,-0.05391558715709799,0.7955229439764211,Gpatch2,FALSE,FALSE,FALSE,FALSE,0.05024254214400633,FALSE,FALSE,0.01278626019339909
Zfp422,-0.07017577671115838,0.6702779948928159,-0.006868159731167722,0.9716612846935505,-0.07364424905380584,0.7532323228074294,Zfp422,FALSE,FALSE,FALSE,FALSE,0.05022939516537731,FALSE,FALSE,0.012782705414737057
Abhd10,0.04463424570844898,0.7823813563255155,0.06016161187682334,0.714016611582768,-0.04588188303663454,0.8486262782510343,Abhd10,FALSE,FALSE,FALSE,FALSE,0.050225913540635624,FALSE,FALSE,0.012781764026933045
Cldn23,-0.016601960727605558,0.9599992873151463,-0.12320071771982377,0.6936824619503789,0.010754346539246118,0.98191308644532,Cldn23,FALSE,FALSE,FALSE,FALSE,0.05018567499555848,FALSE,FALSE,0.012770884027393398
Tspan3,-0.03030207313063471,0.8198257566770064,-0.004712503235536403,0.9752080810850566,-0.1153750927488737,0.49424565482601784,Tspan3,FALSE,FALSE,FALSE,FALSE,0.05012988970501494,FALSE,FALSE,0.012755800382239994
Arih2,-0.09848758515796252,0.403606478052306,-0.026811591132628543,0.8483555855756129,-0.025075024561631132,0.9029953454455604,Arih2,FALSE,FALSE,FALSE,FALSE,0.0501247336174074,FALSE,FALSE,0.012754406240610647
Ptch1,0.030219719736860107,0.8451810229791712,0.0032700934479876764,0.9848019905188304,0.11672308168412382,0.555306053726521,Ptch1,FALSE,FALSE,FALSE,FALSE,0.05007096495632387,FALSE,FALSE,0.012739867866851983
Fzd5,-0.06519384975775555,0.8311315414206716,0.010296957545320673,0.9759626797307552,-0.07449829699340249,0.8712455382111127,Fzd5,FALSE,FALSE,FALSE,FALSE,0.04999636809882624,FALSE,FALSE,0.012719697809170288
Hars2,0.06767369407940205,0.6917932805010855,0.05530386220374517,0.763547194533297,0.027010228398020253,0.924858937714984,Hars2,FALSE,FALSE,FALSE,FALSE,0.04999592822705582,FALSE,FALSE,0.0127195788733427
Mob1a,0.06631618568229136,0.585674708737975,0.011077186595836785,0.9392114696671224,0.07255214973331814,0.6718313669562516,Mob1a,FALSE,FALSE,FALSE,FALSE,0.04998184067048209,FALSE,FALSE,0.012715769774163218
Cdh1,-0.04358804320998377,0.8666714758643518,-0.06505581573483887,0.8093934504174721,-0.04129167266045819,0.9187745177073334,Cdh1,FALSE,FALSE,FALSE,FALSE,0.04997851053509361,FALSE,FALSE,0.012714869347186443
Slc35g2,0.060768545208701674,0.7501193757729133,0.04544008054150339,0.8258442264929822,0.043470763862733186,0.8825184669752741,Slc35g2,FALSE,FALSE,FALSE,FALSE,0.049893129870979415,FALSE,FALSE,0.012691783483011275
Terf2ip,-0.09298736052151924,0.40823723660017003,-0.04043960614653752,0.7522462675896534,0.016239221962138117,0.935472185357236,Terf2ip,FALSE,FALSE,FALSE,FALSE,0.04988872954339829,FALSE,FALSE,0.012690593689444803
Rab22a,-0.11308674302743338,0.39386526633198665,0.0018394683692584124,0.9903440033530366,0.034645897827778604,0.8780961547788988,Rab22a,FALSE,FALSE,FALSE,FALSE,0.04985736974149013,FALSE,FALSE,0.012682114391058888
Gpalpp1,0.038552557777524754,0.7697310725379312,0.08103064426335749,0.5326423531520628,0.029988466669228053,0.8825184669752741,Gpalpp1,FALSE,FALSE,FALSE,FALSE,0.0498572229033701,FALSE,FALSE,0.012682074687866954
Olfml3,0.053824228888124104,0.8488731316952847,-0.05554026640066656,0.8521273059230045,-0.04010169482732806,0.9293088593967773,Olfml3,FALSE,FALSE,FALSE,FALSE,0.04982206337203957,FALSE,FALSE,0.01267256799014821
Ccdc115,0.045291122179635934,0.8055735652227958,-0.04198543474362637,0.831283924681598,-0.061976521872169954,0.8148506031839494,Ccdc115,FALSE,FALSE,FALSE,FALSE,0.049751026265144084,FALSE,FALSE,0.012653360444526491
Pde4dip,-0.04853125041983475,0.6868411168356394,-0.03810374479327905,0.7745849548121588,-0.06243722024406306,0.7158198493268959,Pde4dip,FALSE,FALSE,FALSE,FALSE,0.04969073848572562,FALSE,FALSE,0.012637059382669959
Prdm9,-0.01747977350390606,0.9705890166650986,-0.1060543406201107,0.8154276758735671,-0.02540443580520195,0.9703486891162046,Prdm9,FALSE,FALSE,FALSE,FALSE,0.04964618330973957,FALSE,FALSE,0.01262501222009766
Pfn4,-0.03561316746822074,0.9512738051567929,0.044852199259683534,0.9387374694716745,-0.06836354147624979,0.9359647325823228,Pfn4,FALSE,FALSE,FALSE,FALSE,0.049609636068051355,FALSE,FALSE,0.012615130302846903
Rnf14,0.06999398394601553,0.5621311618406595,-0.05516445409641246,0.6787914695286462,-0.02341917353031686,0.908966810542714,Rnf14,FALSE,FALSE,FALSE,FALSE,0.04952587052424828,FALSE,FALSE,0.012592481147012153
Adgra3,0.05907745723926183,0.7453695230068842,0.007516006107009865,0.9715204193193284,-0.08198323278199648,0.747523310477557,Adgra3,FALSE,FALSE,FALSE,FALSE,0.049525565376089396,FALSE,FALSE,0.012592398638764853
Pknox1,-0.04374186740159658,0.8414663089592489,-0.007109671337417911,0.9761870331842307,-0.09772345272006033,0.7361398167309516,Pknox1,FALSE,FALSE,FALSE,FALSE,0.04952499715302494,FALSE,FALSE,0.012592244998351964
Zmynd19,-0.00542993396967173,0.977443001888163,-0.07683107088119812,0.6758849612139411,-0.06619754142689693,0.7946166345841131,Zmynd19,FALSE,FALSE,FALSE,FALSE,0.049486182092588926,FALSE,FALSE,0.012581749891263334
Pdcd2l,-0.04305258150901192,0.8663249068953319,-0.05386540074330304,0.8379475336311463,-0.05128707986928038,0.8923244820420421,Pdcd2l,FALSE,FALSE,FALSE,FALSE,0.04940168737386511,FALSE,FALSE,0.012558903575645923
Pdcl3,-0.030243867243327394,0.8484879655813623,-0.04259460455206021,0.7956485866055945,-0.07532137519120408,0.7192625320922958,Pdcl3,FALSE,FALSE,FALSE,FALSE,0.04938661566219723,FALSE,FALSE,0.012554828373232569
Kansl3,-0.058562459359807306,0.6425237363568023,-0.045139749260997064,0.7438020931602227,0.04393653447959256,0.8181716244912557,Kansl3,FALSE,FALSE,FALSE,FALSE,0.04921291436679898,FALSE,FALSE,0.012507861714514014
Zfp324,-0.05475652066360048,0.7772996108409297,-0.04074481229432525,0.8452795884225343,-0.05210823950491683,0.8587137009672529,Zfp324,FALSE,FALSE,FALSE,FALSE,0.04920319082094752,FALSE,FALSE,0.01250523258927639
Dock8,0.03828517784859242,0.8898750374535386,-0.0417887689804286,0.8834414054950931,-0.06749976530484236,0.8645933649066465,Dock8,FALSE,FALSE,FALSE,FALSE,0.049191237377954465,FALSE,FALSE,0.012502000527729127
Fam20c,0.035566872039812125,0.9139958584694825,-0.0685031810054042,0.8369812659940099,0.043355221746033124,0.9318519881198369,Fam20c,FALSE,FALSE,FALSE,FALSE,0.049141758263749814,FALSE,FALSE,0.012488621993819992
Ets1,0.09707940081609134,0.5020345317882818,0.034322234150754305,0.8379475336311463,0.015958104398392514,0.9515620989493591,Ets1,FALSE,FALSE,FALSE,FALSE,0.04911991312174605,FALSE,FALSE,0.01248271534052304
Kif5c,-0.014709502821270704,0.9369374487853295,0.1294789073484619,0.4429378296229593,0.003156066251115419,0.990746802729228,Kif5c,FALSE,FALSE,FALSE,FALSE,0.04911482547361601,FALSE,FALSE,0.0124813397040728
Smug1,-0.05538313171777176,0.7804093264484677,0.010782251242626995,0.9611397758908948,-0.08103597556111897,0.7675441208700251,Smug1,FALSE,FALSE,FALSE,FALSE,0.049067119507172574,FALSE,FALSE,0.01246844060715098
Rad51c,-0.03211770228666877,0.9173468849548408,0.05758429386998509,0.8484004953908906,0.056907949837315286,0.8956161821245161,Rad51c,FALSE,FALSE,FALSE,FALSE,0.04886998199798972,FALSE,FALSE,0.012415137089216996
Sgpl1,0.02112400374587775,0.9000934404799463,-0.06281765220489355,0.7038142486676165,-0.06253837206653845,0.7832806856132243,Sgpl1,FALSE,FALSE,FALSE,FALSE,0.04882667600576992,FALSE,FALSE,0.012403427690318202
Tmem2,-0.10133685576213303,0.5226710905798392,-0.018141546131636765,0.922723266923098,0.02700113461640985,0.9221466599294056,Tmem2,FALSE,FALSE,FALSE,FALSE,0.04882651217005988,FALSE,FALSE,0.012403383391190426
Cherp,-0.0845897842962966,0.6318125306958925,0.010090323036029858,0.9610480774138921,0.051797527261904897,0.8484868724727372,Cherp,FALSE,FALSE,FALSE,FALSE,0.04882587819807712,FALSE,FALSE,0.012403211973092
Dgkq,-0.016082573649411014,0.9477870987582863,0.04772552923495432,0.8412932181915236,0.08260201597022077,0.7910411544701778,Dgkq,FALSE,FALSE,FALSE,FALSE,0.0488033729515287,FALSE,FALSE,0.012397126835778585
Zfp251,-0.047639310462590956,0.6830244732202357,-0.07428986709863672,0.5337040200883406,-0.02441165643179577,0.8980109680559168,Zfp251,FALSE,FALSE,FALSE,FALSE,0.04878027799767448,FALSE,FALSE,0.012390882248982011
Gemin2,0.00694857026870821,0.9769726589384577,0.06528378510962307,0.7761814532078746,-0.07406746907548589,0.8160706567923424,Gemin2,FALSE,FALSE,FALSE,FALSE,0.04876660815127239,FALSE,FALSE,0.012387186093410862
Prrg3,-0.0808027014179169,0.6219385830820481,0.05540490051585856,0.7545812078544809,-0.010090927673828354,0.97138086550869,Prrg3,FALSE,FALSE,FALSE,FALSE,0.048766176535867935,FALSE,FALSE,0.012387069390001412
Wdr20,0.04115170476201069,0.7991378186065385,-0.02108842535278388,0.9035033193800752,-0.08388246587344561,0.6980043900451174,Wdr20,FALSE,FALSE,FALSE,FALSE,0.04870753199608006,FALSE,FALSE,0.012371212639597744
Pacsin2,-0.08181687758187817,0.5799808099425886,-0.062351080211120014,0.6998446811082264,0.0018682092746047374,0.9940687398172053,Pacsin2,FALSE,FALSE,FALSE,FALSE,0.04867872235586764,FALSE,FALSE,0.012363422873053065
Golga5,0.11941486627202202,0.40182491172315377,0.003138032399659707,0.9853747491583585,-0.02341386126263245,0.9277681321383151,Golga5,FALSE,FALSE,FALSE,FALSE,0.0486555866447714,FALSE,FALSE,0.012357167266007779
Hnrnpf,0.032867435311839444,0.8765253317262869,0.05704984709222227,0.794894914655946,-0.05602648788900133,0.8563132512776508,Hnrnpf,FALSE,FALSE,FALSE,FALSE,0.04864792343102101,FALSE,FALSE,0.012355095228812684
Cspg4,0.07278718513640592,0.8483995515431672,-0.02324963712708228,0.9557381998009242,0.04979066193612636,0.9337510406985972,Cspg4,FALSE,FALSE,FALSE,FALSE,0.048609161399871516,FALSE,FALSE,0.012344614460180174
Nek4,0.05554255285083798,0.6865493732954131,-0.07830099538139645,0.5828950579577854,-0.01174858064835771,0.9625254956400278,Nek4,FALSE,FALSE,FALSE,FALSE,0.048530709626864045,FALSE,FALSE,0.012323402081537519
Atg16l1,0.016038498905273535,0.9343770708393827,0.10996677115901043,0.5335605159546664,0.01944062993425444,0.9485308026156166,Atg16l1,FALSE,FALSE,FALSE,FALSE,0.04848196666617947,FALSE,FALSE,0.01231022259433706
Ciao1,-0.01896133687634549,0.8863325285728939,0.002412984254954509,0.9858351131511112,-0.12402918871508284,0.441179262246431,Ciao1,FALSE,FALSE,FALSE,FALSE,0.048467836615460946,FALSE,FALSE,0.012306402005272072
Emc3,0.024993664521860914,0.8373254375769722,-0.02254457191553616,0.8623634466399802,-0.09779849454275524,0.52681363362745115,Emc3,FALSE,FALSE,FALSE,FALSE,0.04844557699338411,FALSE,FALSE,0.012300383281745056
4930579K19Rik,0.047505809647600206,0.8983416279811269,0.09202382723391711,0.8007538151329715,-0.00566063370475911,0.9912594550106479,4930579K19Rik,FALSE,FALSE,FALSE,FALSE,0.04839675686209214,FALSE,FALSE,0.012287182928577119
Snhg5,0.022410589626846278,0.9432192079030063,0.08028167408459908,0.787460961461397,0.04232231608529924,0.9260668732862938,Snhg5,FALSE,FALSE,FALSE,FALSE,0.04833819326558153,FALSE,FALSE,0.012271348064223699
Taf1b,-0.07744696871848555,0.7153039452917368,0.03457826922359741,0.8796986181910761,0.032860544716085016,0.9233850598113494,Taf1b,FALSE,FALSE,FALSE,FALSE,0.04829526088605599,FALSE,FALSE,0.012259739685526646
Txndc11,-0.10974309829832585,0.5966192177147059,0.032397810959012396,0.8922125061008807,-0.0025645166348589044,0.9941541606685009,Txndc11,FALSE,FALSE,FALSE,FALSE,0.04823514196406572,FALSE,FALSE,0.012243484280607697
Usp48,-0.07123379472327152,0.5498491851033201,-0.06694616931725683,0.6022826912727471,0.006154488448578022,0.9772034077750943,Usp48,FALSE,FALSE,FALSE,FALSE,0.048111484163035456,FALSE,FALSE,0.012210048757138749
Idua,-0.006358949630398403,0.9791133381172096,-0.04916695705815943,0.8417887333090803,0.08874820742386191,0.7795054729393572,Idua,FALSE,FALSE,FALSE,FALSE,0.04809137137080658,FALSE,FALSE,0.012204610509563651
Impact,0.029210516694224253,0.85618343298118,0.09699336532546354,0.5402866307583487,-0.017987688562168813,0.9466514822894627,Impact,FALSE,FALSE,FALSE,FALSE,0.04806385686061887,FALSE,FALSE,0.012197170929986357
Zscan29,0.02832416622852829,0.875478606377038,0.06826290888538189,0.700891356335671,0.04748364931986071,0.8550087583135406,Zscan29,FALSE,FALSE,FALSE,FALSE,0.048023574811256964,FALSE,FALSE,0.012186279167431984
Lrrfip1,-0.09154403642339082,0.7097113643190435,0.045208523285322766,0.8642129958714063,0.007130167389934883,0.9851083842817367,Lrrfip1,FALSE,FALSE,FALSE,FALSE,0.047960909032882824,FALSE,FALSE,0.01216933512438681
Ccnf,-0.005028810228304703,0.9920569322299377,0.02981871597054675,0.9560596230845937,0.10899727982021123,0.8800863548037948,Ccnf,FALSE,FALSE,FALSE,FALSE,0.0479482686730209,FALSE,FALSE,0.012165917329105816
Ddi2,-0.06609778097646402,0.5489140285503549,0.034158106927708154,0.7863939145988115,-0.04346716604386991,0.7974452164467698,Ddi2,FALSE,FALSE,FALSE,FALSE,0.04790768464934736,FALSE,FALSE,0.012154943916472762
Gm43460,0.0496258600482436,0.9351757238072139,0.012804735314258575,0.9842027294665273,-0.0812482475000961,0.929640695099024,Gm43460,FALSE,FALSE,FALSE,FALSE,0.04789294762086609,FALSE,FALSE,0.012150959208208969
Sod3,0.08728038361209434,0.7570051655133361,1.293806919795415e-4,0.9996525890304454,0.05623959396909539,0.8976109099523567,Sod3,FALSE,FALSE,FALSE,FALSE,0.047883119424389754,FALSE,FALSE,0.012148301786750684
Pard3,-0.08094473914196065,0.6230423106780212,-0.045237933959319854,0.8079358312977126,-0.017284511019638238,0.9527816940550564,Pard3,FALSE,FALSE,FALSE,FALSE,0.047822394706972915,FALSE,FALSE,0.012131882582321849
Lmo7,0.051015419423645625,0.7510333418248767,0.07865603193958837,0.6354037668339887,0.013791151997873285,0.9615865207700058,Lmo7,FALSE,FALSE,FALSE,FALSE,0.04782086778703576,FALSE,FALSE,0.012131469722259898
2810021J22Rik,0.071204891371901,0.6968142612006656,0.003164539002141531,0.9872386800326817,0.06892895836054036,0.7936895045475404,2810021J22Rik,FALSE,FALSE,FALSE,FALSE,0.047766129578194295,FALSE,FALSE,0.012116669194908461
Acsl3,0.049998905830575424,0.7927517784326407,0.06593362614232401,0.7402939903293799,-0.027319218189606254,0.9308707838816256,Acsl3,FALSE,FALSE,FALSE,FALSE,0.0477505833875019,FALSE,FALSE,0.01211246569929866
Zfp12,-0.05439502787721118,0.6534664783674164,-0.013332476699577711,0.9240172487828724,-0.0754809463252295,0.6554152948432577,Zfp12,FALSE,FALSE,FALSE,FALSE,0.0477361503006728,FALSE,FALSE,0.012108563173057831
Med18,0.018366808994042305,0.9404557485912693,-0.05301600299438958,0.8254676662774778,0.07155332717877494,0.8204718255310779,Med18,FALSE,FALSE,FALSE,FALSE,0.04764537972240227,FALSE,FALSE,0.012084019943477745
Cfap97d2,0.1232774792447997,0.7889343236082392,0.014521782509913983,0.9780742577866532,0.005124478905652818,0.9942437822308332,Cfap97d2,FALSE,FALSE,FALSE,FALSE,0.047641246886788835,FALSE,FALSE,0.01208290247639524
Cnppd1,-0.056574493441595486,0.7784865207472623,-0.07948766177004796,0.699775373375869,0.006810923470639274,0.982839003890021,Cnppd1,FALSE,FALSE,FALSE,FALSE,0.04762435956076091,FALSE,FALSE,0.01207833635455715
Rims2,-0.09154577237448969,0.43869472043063173,0.04147318440476333,0.7613938597388709,-0.009808249002815295,0.9665950650377201,Rims2,FALSE,FALSE,FALSE,FALSE,0.04760906859402277,FALSE,FALSE,0.012074201868313853
Slc25a53,0.06566789172300957,0.6911368494185379,-0.04316275858496388,0.8136602485043299,0.033987588552556236,0.8976109099523567,Slc25a53,FALSE,FALSE,FALSE,FALSE,0.047606079620176565,FALSE,FALSE,0.012073393687153018
Katnal1,-0.09328144942675554,0.5843227573010185,-0.02771886418769398,0.8867014880623032,-0.0216825021519913,0.9412518702728205,Katnal1,FALSE,FALSE,FALSE,FALSE,0.047560938588813606,FALSE,FALSE,0.012061188116610975
Fyco1,0.05499382361005978,0.7488993517455269,-0.014535057168931331,0.9414937342746121,0.07307435103319104,0.7656749554956809,Fyco1,FALSE,FALSE,FALSE,FALSE,0.04753441060406072,FALSE,FALSE,0.012054015281178037
Cebpb,0.06118296915343979,0.8575272222822475,0.015523038879980966,0.9674263612980659,0.06567366939490427,0.8983653363537589,Cebpb,FALSE,FALSE,FALSE,FALSE,0.047459892476108344,FALSE,FALSE,0.012033866510981128
Meox1,0.07463036378310406,0.7929806553038287,-3.616253536797842e-5,0.9998955001927102,0.06755746048658562,0.8733134990011442,Meox1,FALSE,FALSE,FALSE,FALSE,0.04740799560168588,FALSE,FALSE,0.01201983424493515
Hps5,-0.0040180847792292695,0.977443001888163,3.3482975858589725e-7,0.9999968643977475,0.1381821462039765,0.41245719076191895,Hps5,FALSE,FALSE,FALSE,FALSE,0.04740018860432146,FALSE,FALSE,0.012017723330448352
Gyg,-0.006001572646387565,0.9722693303078865,-0.0820008833455681,0.59525220907074194,-0.0541968011877314,0.8054242398747026,Gyg,FALSE,FALSE,FALSE,FALSE,0.04739975239322902,FALSE,FALSE,0.012017605384422328
Aifm1,0.031330754816919715,0.8724555071357822,-0.09840053143768746,0.6019007121631815,0.012312786835772194,0.9688448947437457,Aifm1,FALSE,FALSE,FALSE,FALSE,0.047348024363459786,FALSE,FALSE,0.01200361877185974
Ssbp2,-0.08960353683410283,0.5393726566805787,0.044903895274053696,0.785690269630288,0.007353381317793506,0.9774643133100254,Ssbp2,FALSE,FALSE,FALSE,FALSE,0.04728693780865001,FALSE,FALSE,0.01198710173112343
Ifi35,0.0551485782315968,0.8025369483993166,0.021537742794761172,0.9289127455983878,0.06514073050761038,0.8388739323983523,Ifi35,FALSE,FALSE,FALSE,FALSE,0.047275683844656115,FALSE,FALSE,0.011984058799952879
Parm1,-0.03373308021145949,0.8736608472009498,0.00932291641102978,0.9687228752364762,0.09854595243370756,0.7281231251795859,Parm1,FALSE,FALSE,FALSE,FALSE,0.04720064968539894,FALSE,FALSE,0.011963770501342409
AI597479,0.009730700728789898,0.9476998884576602,-0.026150183789649617,0.8591024069466269,-0.10564441571938143,0.5516967539178483,AI597479,FALSE,FALSE,FALSE,FALSE,0.04717510007927365,FALSE,FALSE,0.011956862207259
Mapre1,0.07025523443608872,0.6109762107281816,0.003659019573904132,0.9826311089050495,-0.06756302323587615,0.7376116363550428,Mapre1,FALSE,FALSE,FALSE,FALSE,0.04715909241528967,FALSE,FALSE,0.011952533935040345
Ubl3,0.013192271367838515,0.9547915690770244,-0.017376382324844286,0.9435923151708532,-0.11081215990025495,0.7071874787184879,Ubl3,FALSE,FALSE,FALSE,FALSE,0.04712693786431258,FALSE,FALSE,0.011943839746441885
Grpel2,-0.029871855895586386,0.8418061887853066,0.029252532557459965,0.8507827865075759,-0.08225359928114884,0.6692229348201579,Grpel2,FALSE,FALSE,FALSE,FALSE,0.0471259959113984,FALSE,FALSE,0.011943585054149879
Ndufs4,0.059999505325929015,0.672713049114027,0.06112991438884574,0.6874368190640778,-0.020143277087084854,0.9338189684089776,Ndufs4,FALSE,FALSE,FALSE,FALSE,0.047090898933953206,FALSE,FALSE,0.011934095270219703
Efl1,-0.04033717610892129,0.8064460983495583,0.09938825138036567,0.5289245150107589,0.0011739048650110107,0.9958136259774507,Efl1,FALSE,FALSE,FALSE,FALSE,0.046966444118099325,FALSE,FALSE,0.011900444243906468
Zbtb4,-0.05916334548611779,0.680484492265737,0.03361288447669786,0.8351259815012695,0.04784582317881636,0.8270181272744213,Zbtb4,FALSE,FALSE,FALSE,FALSE,0.046874017713877336,FALSE,FALSE,0.011875453299689705
Aqr,-0.06348076137425718,0.6294518748264551,0.010896198889565056,0.9448227235561487,-0.06623828455172909,0.7287233337446296,Aqr,FALSE,FALSE,FALSE,FALSE,0.04687174827185044,FALSE,FALSE,0.011874839670937458
Clip1,0.004895182701493361,0.9769897327863356,-0.0487604370022483,0.7721099075715933,0.08688253182628358,0.684460514347188,Clip1,FALSE,FALSE,FALSE,FALSE,0.04684605051000842,FALSE,FALSE,0.011867891317400441
Pcid2,-0.06438739751209699,0.7400386994600465,-0.02653075149487183,0.8988135904205636,-0.04941981285549435,0.8665832855839324,Pcid2,FALSE,FALSE,FALSE,FALSE,0.046779320620821054,FALSE,FALSE,0.01184984838959956
Myo6,0.08320183950409987,0.538310756267582,-0.04043671704441376,0.7962672342616983,0.016475304291724946,0.9465656818331815,Myo6,FALSE,FALSE,FALSE,FALSE,0.046704620280079524,FALSE,FALSE,0.011829650351342431
Pomk,-0.10227016870916561,0.4744603272627129,0.004137455625562225,0.981107856256611,-0.03368207367973852,0.8855111438723956,Pomk,FALSE,FALSE,FALSE,FALSE,0.04669656600482212,FALSE,FALSE,0.011827472576004758
Cdc40,0.09918798363234504,0.5290467927902026,0.04067101151966579,0.8230418415863799,-1.6800006370676357e-4,0.9993867281593405,Cdc40,FALSE,FALSE,FALSE,FALSE,0.04667566507190587,FALSE,FALSE,0.011821821225040875
Secisbp2,-0.01814926239914394,0.9467747513116678,0.07709026717003997,0.7622017209520391,0.044780152047392274,0.9063411176352346,Secisbp2,FALSE,FALSE,FALSE,FALSE,0.04667322720552539,FALSE,FALSE,0.011821162056449007
Prkra,0.002760785557953227,0.9885205236558865,-0.10900305680810618,0.547211943431453,0.028209027672258635,0.9238379561946951,Prkra,FALSE,FALSE,FALSE,FALSE,0.046657623346106014,FALSE,FALSE,0.011816942967936386
Gne,-0.09218602410368959,0.554868083957639,0.03649231948023157,0.8381803390958856,0.011161574812758701,0.9688448947437457,Gne,FALSE,FALSE,FALSE,FALSE,0.04661330613222662,FALSE,FALSE,0.0118049601473428
Dph7,-0.06693738049762432,0.7186441050114559,0.05150386209740887,0.7940088589803304,-0.021141087048470286,0.9456608272272778,Dph7,FALSE,FALSE,FALSE,FALSE,0.04652744321450116,FALSE,FALSE,0.011781743887820124
Dera,-0.012604679936849994,0.9629860032601232,-0.053356590815742067,0.841833150876923,-0.07355566201336483,0.8414764610206322,Dera,FALSE,FALSE,FALSE,FALSE,0.046505644255318966,FALSE,FALSE,0.01177584972178076
Mto1,0.06868683181924329,0.6912884255392073,0.04592836077722229,0.807591072899108,0.024868566036284623,0.9308707838816256,Mto1,FALSE,FALSE,FALSE,FALSE,0.04649458621091673,FALSE,FALSE,0.011772859764818473
Tmem87a,0.12123095708726073,0.34041198683205637,0.014558946904995373,0.9261295396164604,0.0036854876330139064,0.987007007124099,Tmem87a,FALSE,FALSE,FALSE,FALSE,0.046491797208423336,FALSE,FALSE,0.011772105653411462
Hadhb,0.04246354625433835,0.7035256581551068,-0.02052270469438522,0.8707688059825108,-0.07636715017649554,0.6148362710341319,Hadhb,FALSE,FALSE,FALSE,FALSE,0.04645113370840637,FALSE,FALSE,0.011761110751368733
Cox17,0.03822551278665731,0.9019933750590494,0.058741611156313045,0.8487452464359322,0.04228841037068376,0.927666141415618,Cox17,FALSE,FALSE,FALSE,FALSE,0.0464185114378847,FALSE,FALSE,0.011752290097252698
Sfi1,0.04431385941196231,0.8739170233442352,0.04335027978105188,0.8814028564311727,0.051245176872099396,0.9029953454455604,Sfi1,FALSE,FALSE,FALSE,FALSE,0.046303105355037864,FALSE,FALSE,0.011721085735220247
Rbsn,-0.044879766124975795,0.7078182577324293,0.032697071338563255,0.8036730773741343,-0.061022412467911735,0.716232446307076,Rbsn,FALSE,FALSE,FALSE,FALSE,0.04619974997715026,FALSE,FALSE,0.011693139733154778
Ogfod1,-0.10770184469051092,0.4030986271871822,-0.016570716444926248,0.9148045333997679,0.014277678176958908,0.9516881841369234,Ogfod1,FALSE,FALSE,FALSE,FALSE,0.04618341310413202,FALSE,FALSE,0.011688722446928923
Bloc1s1,-0.0377941864910738,0.9134830384664459,0.029091601024906932,0.9340516398779469,-0.0716068263836287,0.8838836053512061,Bloc1s1,FALSE,FALSE,FALSE,FALSE,0.04616420463320314,FALSE,FALSE,0.011683528716527813
Zfp287,-0.07739012107352616,0.6357973105769757,0.03915269360870832,0.827262784984416,-0.021923652374761016,0.9357073281801604,Zfp287,FALSE,FALSE,FALSE,FALSE,0.0461554890189985,FALSE,FALSE,0.011681172123406653
Gm5112,0.03364025783515168,0.9466897044625076,-0.07069322420868429,0.8869714686334509,0.033942254264547445,0.9663612842230114,Gm5112,FALSE,FALSE,FALSE,FALSE,0.04609191210279447,FALSE,FALSE,0.011663981720083025
Arhgef11,-0.033537692698783594,0.8421338866050331,-0.059449792462823225,0.7296384937143758,0.04517448030394089,0.8569630352562625,Arhgef11,FALSE,FALSE,FALSE,FALSE,0.046053988488515905,FALSE,FALSE,0.0116537276488908
Glud1,0.12481593417617542,0.3197026262656737,0.013268415359509511,0.9325419112678132,1.9075438514981613e-5,0.9998868007949945,Glud1,FALSE,FALSE,FALSE,FALSE,0.046034474991399975,FALSE,FALSE,0.01164845144322205
Ildr1,0.022072294612276444,0.9047328302991072,0.016208030362209414,0.9329505076022696,0.09980900345778476,0.6617589399246302,Ildr1,FALSE,FALSE,FALSE,FALSE,0.046029776144090206,FALSE,FALSE,0.01164718093365295
Riiad1,0.04171680831841562,0.898870563990437,0.037774834682170244,0.9096707566535972,0.05854445630710914,0.9020969085596396,Riiad1,FALSE,FALSE,FALSE,FALSE,0.046012033102565,FALSE,FALSE,0.011642383437042271
Ralgps2,0.08026607030067101,0.565373989783788,0.006074317346478786,0.971524239879163,0.051618961910461,0.8079261030591502,Ralgps2,FALSE,FALSE,FALSE,FALSE,0.045986449852536936,FALSE,FALSE,0.01163546604606816
Mmadhc,-0.0785121617935518,0.6152278271886618,-0.03681541071843952,0.834338038486935,-0.022578849812224355,0.9333062118677539,Mmadhc,FALSE,FALSE,FALSE,FALSE,0.045968807441405225,FALSE,FALSE,0.011630695758657834
Fbxo28,-0.06390634218135105,0.6158836603003052,-0.022024254113928166,0.8801242812758323,-0.05189938984023357,0.7847233869529875,Fbxo28,FALSE,FALSE,FALSE,FALSE,0.045943328711837594,FALSE,FALSE,0.011623806628709543
Nav3,-0.013189049572913891,0.9796547920141699,-0.012664536891084488,0.9818356329647663,0.11195348795679383,0.8776229971007429,Nav3,FALSE,FALSE,FALSE,FALSE,0.045935691473597405,FALSE,FALSE,0.011621741614967665
Mmaa,-0.05531227733336408,0.7936847096420291,0.017661494947369683,0.9393756206991457,0.06476217621907931,0.8282781612449489,Mmaa,FALSE,FALSE,FALSE,FALSE,0.045911982833271026,FALSE,FALSE,0.011615331095021128
Prox1,-0.03614625836708729,0.8754504325480919,-0.044281721722323475,0.8541143963455538,0.05729122078865512,0.8667306917353391,Prox1,FALSE,FALSE,FALSE,FALSE,0.04590640029268863,FALSE,FALSE,0.011613821645838756
Gm6723,0.033021335287670595,0.9482913767761041,-0.04862342355221161,0.9243505475259968,-0.05597488439494713,0.9419910193282648,Gm6723,FALSE,FALSE,FALSE,FALSE,0.045873214411609776,FALSE,FALSE,0.011604848598474132
Tmem39a,0.04050438186535121,0.8382571774369845,-0.009292980740101875,0.966661166888352,-0.08750036648231418,0.7458570462849016,Tmem39a,FALSE,FALSE,FALSE,FALSE,0.045765909695922424,FALSE,FALSE,0.011575834744840948
Zfp865,-0.06143613120953795,0.7718311823203609,0.04831327350551451,0.8287349659384533,0.027523392054498608,0.935472185357236,Zfp865,FALSE,FALSE,FALSE,FALSE,0.045757598923183686,FALSE,FALSE,0.011573587615790972
Zfp319,0.04595350148829258,0.8024138892794933,-0.021345615278934638,0.9153946180281364,0.06957372725392208,0.786454588531769,Zfp319,FALSE,FALSE,FALSE,FALSE,0.0456242813403831,FALSE,FALSE,0.01153754020809478
Fbxo32,0.0037668352105724168,0.986529250119619,-0.09119001458267029,0.6874368190640778,-0.04132116286178089,0.9051000094912823,Fbxo32,FALSE,FALSE,FALSE,FALSE,0.0454260042183412,FALSE,FALSE,0.011483928553090779
Elac1,-0.08111130233032338,0.6881357120986459,-0.04281929800931916,0.8473168791938605,-0.012291440261374298,0.9709984408155377,Elac1,FALSE,FALSE,FALSE,FALSE,0.045407346867005614,FALSE,FALSE,0.01147888383853778
Klhl12,0.004291827906839352,0.977443001888163,-0.01336542146320685,0.9325419112678132,-0.11856383093798062,0.5138195973015232,Klhl12,FALSE,FALSE,FALSE,FALSE,0.045407026769342274,FALSE,FALSE,0.011478797288131368
Rabepk,-0.02499401728427708,0.9115367309584356,-0.08637831561948905,0.687324795084317,0.024254718173141843,0.9430701955918814,Rabepk,FALSE,FALSE,FALSE,FALSE,0.04520901702563599,FALSE,FALSE,0.011425257928886642
Tspyl1,0.03383661684035122,0.8547263809219464,0.006505361346103911,0.9752304876059403,-0.0949341329084934,0.7024748625539515,Tspyl1,FALSE,FALSE,FALSE,FALSE,0.04509203703164951,FALSE,FALSE,0.011393628000958559
Fgf14,0.036311293587856674,0.8701648660845764,-0.05775096751548947,0.8025270073236583,-0.041126277724562676,0.9041100524624835,Fgf14,FALSE,FALSE,FALSE,FALSE,0.045062846275969605,FALSE,FALSE,0.011385735185556052
Med27,0.013729946381078495,0.9491931736096061,0.08349308764629981,0.6747639714375684,0.03793754609002242,0.9018918981113057,Med27,FALSE,FALSE,FALSE,FALSE,0.04505352670580024,FALSE,FALSE,0.011383215290292494
Kcnq5,-0.07971593092438911,0.9331241318511525,-0.0532621471618166,0.9570023458030545,-0.002074868421059306,0.9984665294583277,Kcnq5,FALSE,FALSE,FALSE,FALSE,0.04501764883575501,FALSE,FALSE,0.011373514362765732
Rnf149,0.014441643437753449,0.9294875520023422,-0.004822830699091618,0.9780742577866532,0.11568956151778664,0.5510282534209763,Rnf149,FALSE,FALSE,FALSE,FALSE,0.0449846785515439,FALSE,FALSE,0.011364599610098825
Ctbp2,-0.029293129297566445,0.8781662585210782,0.08584592693315685,0.6412925321518502,-0.019777622166135878,0.9484493382892624,Ctbp2,FALSE,FALSE,FALSE,FALSE,0.04497222613228639,FALSE,FALSE,0.01136123263160769
Aldh5a1,0.04507084338564571,0.8326677062641759,-0.0370565842234063,0.8707174735581007,0.052782917728862344,0.8670046508474297,Aldh5a1,FALSE,FALSE,FALSE,FALSE,0.04497011511263812,FALSE,FALSE,0.01136066183828608
Mrps17,-0.03463893916545757,0.8280169008527083,-0.020540404863426787,0.9033284362246219,-0.07972226751930744,0.7057522572795495,Mrps17,FALSE,FALSE,FALSE,FALSE,0.044967203849397265,FALSE,FALSE,0.01135987466910142
Prkx,-0.011968522409138593,0.9621597735464885,0.11934265245868492,0.6032385663319856,-0.003561328956494414,0.9918215601205835,Prkx,FALSE,FALSE,FALSE,FALSE,0.04495750127477264,FALSE,FALSE,0.011357251214221355
Atp6v1c1,0.034270045854033704,0.7698160128301149,0.01771644220391977,0.890696339920087,-0.08284142430436958,0.5932787828900294,Atp6v1c1,FALSE,FALSE,FALSE,FALSE,0.04494263745410768,FALSE,FALSE,0.011353232222936206
Ccdc181,0.07377436973568496,0.6836476513130562,0.03845651389253568,0.8486708871688365,0.02243784333330634,0.9421114768290293,Ccdc181,FALSE,FALSE,FALSE,FALSE,0.04488957565384233,FALSE,FALSE,0.011338884975505833
Higd1a,-0.029340477337162163,0.8708444510323124,-0.013428880799599696,0.9457216487369564,-0.09168646219424126,0.6960860788110131,Higd1a,FALSE,FALSE,FALSE,FALSE,0.04481860677700104,FALSE,FALSE,0.011319695878437779
Snx19,-0.09665125648837325,0.47660497531738855,-0.03449870700243274,0.828816718964439,0.003149629405875487,0.9894104490465868,Snx19,FALSE,FALSE,FALSE,FALSE,0.04476653096556049,FALSE,FALSE,0.011305615230059123
Hsf1,-0.054200573279833186,0.7877836196621282,0.015102505251878284,0.9464032564976835,0.06467541758346407,0.8204718255310779,Hsf1,FALSE,FALSE,FALSE,FALSE,0.04465949870505851,FALSE,FALSE,0.011276675044901917
4933427D14Rik,-0.02742253626528912,0.9000934404799463,0.048525693833048056,0.823412665324271,-0.05791469746254263,0.8491848091589685,4933427D14Rik,FALSE,FALSE,FALSE,FALSE,0.0446209758536266,FALSE,FALSE,0.011266258947474895
1700030K09Rik,0.055973806250377844,0.8257507507992201,-0.014270219768835801,0.9593131050005839,0.06361085558131352,0.8630078587834915,1700030K09Rik,FALSE,FALSE,FALSE,FALSE,0.044618293866842386,FALSE,FALSE,0.01126553377177777
Gmip,0.02540805233049337,0.9459828401064664,0.05276559460852481,0.8851171247904628,0.05566918848189695,0.9176153727935377,Gmip,FALSE,FALSE,FALSE,FALSE,0.04461427847363838,FALSE,FALSE,0.011264448059654547
Tomm20,0.05435761015872487,0.7780685243384204,-0.03986581431595759,0.8501734148435279,-0.03957947404481832,0.8975717799593478,Tomm20,FALSE,FALSE,FALSE,FALSE,0.044600966173166924,FALSE,FALSE,0.01126084858003312
Unc50,-0.0047513318996355025,0.9745380302797549,-0.08207163233082593,0.5495566405246419,-0.04697854922218703,0.8133735059283488,Unc50,FALSE,FALSE,FALSE,FALSE,0.04460050448421615,FALSE,FALSE,0.011260723745112717
Cep72,0.017275561138581308,0.9715174033339965,0.02281462691506264,0.962119187047126,0.09357806616671427,0.8828053563926969,Cep72,FALSE,FALSE,FALSE,FALSE,0.044556084740119406,FALSE,FALSE,0.011248713201630157
Eif2a,0.07266902885278537,0.666005626826304,0.05191614892645635,0.7824344771669626,-0.009035234050076113,0.9758980317260209,Eif2a,FALSE,FALSE,FALSE,FALSE,0.044540137276439275,FALSE,FALSE,0.011244401206821058
Hnrnpul1,-0.05243930322714441,0.7355928856659207,-0.07529889148368962,0.6402039264313335,0.005861148794033433,0.9817462572109429,Hnrnpul1,FALSE,FALSE,FALSE,FALSE,0.044533114501622485,FALSE,FALSE,0.011242502336307046
Nrp2,-0.05130209804004515,0.841633916945392,0.01285537024208594,0.9634586037358654,-0.0693590007914704,0.8523293301643531,Nrp2,FALSE,FALSE,FALSE,FALSE,0.044505489691200495,FALSE,FALSE,0.01123503293292534
Mcm4,0.03946015780293077,0.8219145930130007,-0.08327525621973209,0.6342105031479075,-0.01070589523026566,0.9702827424909112,Mcm4,FALSE,FALSE,FALSE,FALSE,0.04448043641764284,FALSE,FALSE,0.011228258840963233
Kpna6,-0.007991299332505974,0.9519110270980794,-0.07722162959570866,0.5247467058423441,-0.048141108607373084,0.783446509362906,Kpna6,FALSE,FALSE,FALSE,FALSE,0.04445134584519591,FALSE,FALSE,0.011220393113854463
Hnrnpul2,0.012352269559284146,0.9484675465706103,0.055953236219638214,0.7656731180805703,0.0650185974493045,0.7988200690067017,Hnrnpul2,FALSE,FALSE,FALSE,FALSE,0.04444136774274229,FALSE,FALSE,0.011217695159693997
Gm49172,-0.04110382544363089,0.8540208654139824,0.06656858621843798,0.7645143298512636,-0.02535488021746124,0.9426454360650182,Gm49172,FALSE,FALSE,FALSE,FALSE,0.044342430626510033,FALSE,FALSE,0.011190943800344464
Sdccag8,0.10537013121924499,0.41686158825734904,-0.02085958318842973,0.8936168166555836,0.006501035613161399,0.9779166711917642,Sdccag8,FALSE,FALSE,FALSE,FALSE,0.044243583340278704,FALSE,FALSE,0.011164216729904156
Cacna1d,-0.05934275896555086,0.6816448255137901,0.06370121262281003,0.6819331253046157,0.009666962878899454,0.9694028544285731,Cacna1d,FALSE,FALSE,FALSE,FALSE,0.04423697815575345,FALSE,FALSE,0.011162430770584396
Msh6,-0.09280234926572284,0.4935489554702369,-0.034490853935994714,0.8258442264929822,-0.005179906589393823,0.9822347844287155,Msh6,FALSE,FALSE,FALSE,FALSE,0.044157703263703794,FALSE,FALSE,0.011140995830843102
Maob,0.05807545379902246,0.8283785657199007,0.03966878781827532,0.8876802752163762,0.03468183730311125,0.9347491177293159,Maob,FALSE,FALSE,FALSE,FALSE,0.04414202630680301,FALSE,FALSE,0.011136756977685349
Zfp106,-0.044865796280499026,0.7604817906815721,-0.04351130195580488,0.7846302515942066,-0.04393610525977465,0.8439428898523196,Zfp106,FALSE,FALSE,FALSE,FALSE,0.04410440116535952,FALSE,FALSE,0.011126583609816318
Mtmr14,-0.005899270453283201,0.9828265725632246,-0.08336420023863411,0.7585606943084089,0.04303187064615743,0.9160193455363832,Mtmr14,FALSE,FALSE,FALSE,FALSE,0.044098447112691584,FALSE,FALSE,0.011124973708410538
Atxn7l3b,-0.021584746706494684,0.8553499103856236,0.044313529139878405,0.7144916469297542,-0.06624430306723728,0.6722563399731482,Atxn7l3b,FALSE,FALSE,FALSE,FALSE,0.04404752630453679,FALSE,FALSE,0.011111205358480874
Fkbp1a,-0.0016087976439411733,0.9912845510823695,-0.10762172403763337,0.44412079536502663,-0.02231538262072963,0.9248627502252181,Fkbp1a,FALSE,FALSE,FALSE,FALSE,0.043848634767434724,FALSE,FALSE,0.011057427573325822
Ppard,-0.0328575850100874,0.9048923975507692,-0.07331200376098357,0.7864317939540669,-0.025313414380520705,0.9526275414227284,Ppard,FALSE,FALSE,FALSE,FALSE,0.043827667717197226,FALSE,FALSE,0.01105175834506485
Gucd1,-0.03129089450449385,0.8795425804861593,-0.09127536103516887,0.6479078805231097,-0.008914384758893057,0.9779166711917642,Gucd1,FALSE,FALSE,FALSE,FALSE,0.04382688009951859,FALSE,FALSE,0.011051545383091088
Asah2,0.005705192869598363,0.976817449956721,-0.0758134921927569,0.6879013319875991,0.049913756523006114,0.8562065291092719,Asah2,FALSE,FALSE,FALSE,FALSE,0.043810813861787125,FALSE,FALSE,0.01104720127326338
Mfsd11,-0.0241745107820579,0.8941580535065783,-0.04916104444437419,0.7865164881774891,0.05799011139824373,0.8114875410869471,Mfsd11,FALSE,FALSE,FALSE,FALSE,0.04377522220822527,FALSE,FALSE,0.01103757773509554
P4ha2,0.015872179407081966,0.9465073144007027,-0.054024482179602096,0.8170907160596984,-0.06141357751499843,0.8499803372028568,P4ha2,FALSE,FALSE,FALSE,FALSE,0.04377007970056083,FALSE,FALSE,0.011036187265313033
Prdm11,-0.023515678052942413,0.907724138806489,0.03813860672664937,0.8501734148435279,0.06965192264756759,0.7921458943676372,Prdm11,FALSE,FALSE,FALSE,FALSE,0.043768735809053126,FALSE,FALSE,0.011035823893850246
Tmem81,0.012520075316854395,0.9727608137041912,0.01795747735025177,0.9609438433770285,-0.1007955909582039,0.8352770023937149,Tmem81,FALSE,FALSE,FALSE,FALSE,0.04375771454177002,FALSE,FALSE,0.011032843880961195
Filip1,-0.11433929310178614,0.6153352913067358,1.9954424548318528e-4,0.9993224926527218,0.01672608778230833,0.9672576142655462,Filip1,FALSE,FALSE,FALSE,FALSE,0.043754975043192555,FALSE,FALSE,0.011032103154794169
Ints10,0.06399180423497697,0.6473325756357623,0.03700059059794647,0.8137108074299843,0.030231617072443484,0.8944089075616969,Ints10,FALSE,FALSE,FALSE,FALSE,0.043741337301788974,FALSE,FALSE,0.01102841568001325
Rreb1,0.016462665078514682,0.9397256511729748,0.00537188032259639,0.9814468803949147,0.10938299177437649,0.6823141404963076,Rreb1,FALSE,FALSE,FALSE,FALSE,0.04373917905849586,FALSE,FALSE,0.011027832118008448
Fam192a,-0.11410525891717693,0.39865202889450524,0.0024745324580450756,0.9872386800326817,-0.014615324007857922,0.9527816940550564,Fam192a,FALSE,FALSE,FALSE,FALSE,0.04373170512769331,FALSE,FALSE,0.011025811260556092
Slc25a17,0.007626693584034783,0.9635429533947826,-0.07120646403714126,0.6550084877994476,-0.0523334358089258,0.816326635188023,Slc25a17,FALSE,FALSE,FALSE,FALSE,0.04372219781003395,FALSE,FALSE,0.011023240600718397
Gimap8,0.009800146713832447,0.9828381926149269,0.009154755601731956,0.9848019905188304,0.11217417556883147,0.8594400507660206,Gimap8,FALSE,FALSE,FALSE,FALSE,0.04370969262813196,FALSE,FALSE,0.011019859355867818
Mus81,-0.08593401818193946,0.7197981884940671,0.02765263842649146,0.9153946180281364,-0.017445521552672982,0.9670708066057202,Mus81,FALSE,FALSE,FALSE,FALSE,0.04367739272036797,FALSE,FALSE,0.011011125864611383
Usp22,-0.0494577995681551,0.7180726455235084,-0.0790328974676644,0.5736446295507583,-0.0023851192448489655,0.9910557379524035,Usp22,FALSE,FALSE,FALSE,FALSE,0.043625272093556156,FALSE,FALSE,0.010997033098716602
Tspan14,-0.10537662552257032,0.5698439347772224,0.004281013199161077,0.9844447664691861,0.021194623907092147,0.9467569751207735,Tspan14,FALSE,FALSE,FALSE,FALSE,0.043617420876274515,FALSE,FALSE,0.010994910227717014
Dhrs7b,0.005175513414412247,0.9813926823377852,-0.09446075969517853,0.6577906926225174,-0.03118857671310904,0.9260668732862938,Dhrs7b,FALSE,FALSE,FALSE,FALSE,0.04360828327423327,FALSE,FALSE,0.010992439534360392
Thap12,-0.07140403882742685,0.6466935961916682,-0.025224273793488905,0.8868757231198057,-0.03410245555340463,0.8932268037816014,Thap12,FALSE,FALSE,FALSE,FALSE,0.04357692272477346,FALSE,FALSE,0.010983960033845856
Trim68,-0.009951182149670501,0.9779398629987309,-0.10732699416334235,0.7664927771844515,0.01329418046710984,0.9812328423861192,Trim68,FALSE,FALSE,FALSE,FALSE,0.043524118926707565,FALSE,FALSE,0.010969682546984758
Utp14a,-0.05530676384495292,0.7975341929955513,0.03471915255354707,0.8781640176836818,-0.040535795446483114,0.9023882759351294,Utp14a,FALSE,FALSE,FALSE,FALSE,0.04352057061499437,FALSE,FALSE,0.010968723127857348
Tnrc6b,-0.07359913667644946,0.6883035288091467,0.02125621123752186,0.9200342992975193,-0.035621245337493335,0.9057359980288691,Tnrc6b,FALSE,FALSE,FALSE,FALSE,0.043492197750488217,FALSE,FALSE,0.010961051460003214
Hmgcr,-0.038836953051060163,0.8302789139535253,0.012233043574609859,0.9522594676760692,-0.07938942502185142,0.7487729754804859,Hmgcr,FALSE,FALSE,FALSE,FALSE,0.04348647388250715,FALSE,FALSE,0.01095950379765907
C2cd5,-0.018891396322163523,0.9036015458278333,0.0202019815350285,0.8988135904205636,0.09135352929196472,0.6372343955628968,C2cd5,FALSE,FALSE,FALSE,FALSE,0.04348230238305225,FALSE,FALSE,0.010958375876357196
Pigb,-0.083509759409238,0.6557533385399981,0.0012281654316743662,0.9948975462735716,-0.04560049916424269,0.8766720781795934,Pigb,FALSE,FALSE,FALSE,FALSE,0.04344614133505168,FALSE,FALSE,0.01094859838105151
Psmd12,-0.0466535476906067,0.7665922120432017,0.023963327221555808,0.8891309500952022,-0.059674430620919594,0.7907515501976368,Psmd12,FALSE,FALSE,FALSE,FALSE,0.043430435177694036,FALSE,FALSE,0.010944351632455277
Bloc1s2,0.04010136022927746,0.8636327840242288,-0.06610042997274679,0.7840659324761762,-0.023870927647295925,0.9493256254672628,Bloc1s2,FALSE,FALSE,FALSE,FALSE,0.043357572616440056,FALSE,FALSE,0.010924650506796257
Ppm1f,-0.0464944685824209,0.7854884088470282,-0.02407207344802753,0.8960844905744875,0.059246943200723656,0.80660148337424,Ppm1f,FALSE,FALSE,FALSE,FALSE,0.04327116174372403,FALSE,FALSE,0.010901286087094487
Atg16l2,-0.11576369196137737,0.6172032269796517,-0.0038810960509287895,0.9875152088831879,-0.010115310006705958,0.9793278079387262,Atg16l2,FALSE,FALSE,FALSE,FALSE,0.04325336600633737,FALSE,FALSE,0.010896474342181658
Sec23b,0.038375061352049045,0.8883804977561187,-0.03784716036380775,0.8949158674823591,-0.05342961926060408,0.8976109099523567,Sec23b,FALSE,FALSE,FALSE,FALSE,0.04321728032548696,FALSE,FALSE,0.010886717225211161
Ints14,0.032149091303012245,0.8636327840242288,0.09614893712715977,0.5908528396494197,-7.556494253666557e-4,0.9975661282236203,Ints14,FALSE,FALSE,FALSE,FALSE,0.04301789261851289,FALSE,FALSE,0.010832805281925673
Cnih4,0.03368688354875626,0.8828327380062386,0.00703277095512167,0.9777575155972512,0.08824119564344457,0.7692783031888908,Cnih4,FALSE,FALSE,FALSE,FALSE,0.0429869500491075,FALSE,FALSE,0.0108244387979924
Faap24,0.03970502479658622,0.8771848029584649,-0.04111188862386239,0.8771787821635543,-0.04809535739918447,0.9004814735361005,Faap24,FALSE,FALSE,FALSE,FALSE,0.042970756939877695,FALSE,FALSE,0.01082006038369765
Ddx46,0.08306857206265672,0.5650748680287438,0.010607918210896905,0.9519860909921702,-0.035050337083973204,0.8825184669752741,Ddx46,FALSE,FALSE,FALSE,FALSE,0.042908942452508946,FALSE,FALSE,0.010803346519097768
Mapk6,0.02709813258837812,0.8605165270086321,-0.003969580860326616,0.9818356329647663,-0.09739758302964052,0.6274826732165347,Mapk6,FALSE,FALSE,FALSE,FALSE,0.04282176549278175,FALSE,FALSE,0.010779774959045548
Ccdc93,0.03214556947553593,0.8391087004260513,-0.015518733546596941,0.9281130026416327,0.08078703801445375,0.6973286750662631,Ccdc93,FALSE,FALSE,FALSE,FALSE,0.042817113678862206,FALSE,FALSE,0.01077851716671717
Tcirg1,0.00442339149726978,0.9867277655576671,-0.039181147384956816,0.8876802752163762,0.08479341149810304,0.8129730381358007,Tcirg1,FALSE,FALSE,FALSE,FALSE,0.04279931679344321,FALSE,FALSE,0.01077370511139075
Ei24,0.0756329332195973,0.6017548081536199,0.035192880727342946,0.8320381306956754,-0.01757095268115272,0.945701908359968,Ei24,FALSE,FALSE,FALSE,FALSE,0.04279892220936432,FALSE,FALSE,0.01077359842078878
Zfp180,-0.048944074078942634,0.674813176875578,0.03990835433180262,0.7520036526393976,-0.03948722842536334,0.821948704418931,Zfp180,FALSE,FALSE,FALSE,FALSE,0.042779885612036196,FALSE,FALSE,0.010768451162860607
Rac1,-0.07948196679806951,0.5290467927902026,-0.017592085462382556,0.9059589266713349,-0.03121430487409871,0.8822015082835521,Rac1,FALSE,FALSE,FALSE,FALSE,0.042762785711516926,FALSE,FALSE,0.010763827563537593
Ina,-0.011718502386037777,0.9550584379111469,0.06740649932112586,0.7360339963487571,0.04903064558453618,0.8676876584333398,Ina,FALSE,FALSE,FALSE,FALSE,0.04271854909723327,FALSE,FALSE,0.010751866536067066
Mitd1,0.035858135578570316,0.8732245618818788,0.05276581167958527,0.8179201457453857,0.039381958685665186,0.9056447773285725,Mitd1,FALSE,FALSE,FALSE,FALSE,0.04266863531460693,FALSE,FALSE,0.01073837047325079
Gskip,-0.013648584843503286,0.9408353254753232,-0.015436961355086432,0.9338700448336849,-0.09873383703657534,0.656222858170358,Gskip,FALSE,FALSE,FALSE,FALSE,0.04260646107838836,FALSE,FALSE,0.010721559337059379
Epb41l2,-0.07308616981382787,0.5436939937712716,-0.03071435801298872,0.8251250029368248,0.024003130136721396,0.9054114982218228,Epb41l2,FALSE,FALSE,FALSE,FALSE,0.04260121932117933,FALSE,FALSE,0.010720142031440803
Ube2h,-0.07280715798181614,0.607717444606092,-0.051317932487252804,0.7431746674302483,-0.003499722349799228,0.988414301980834,Ube2h,FALSE,FALSE,FALSE,FALSE,0.04254160427295606,FALSE,FALSE,0.010704022867689185
Rnf6,0.0707407799154085,0.522574420641151,0.005045033456070769,0.9705266381921799,-0.051815862193017814,0.7551726154891273,Rnf6,FALSE,FALSE,FALSE,FALSE,0.04253389185483236,FALSE,FALSE,0.010701937526246683
Mrpl40,0.07710967638256694,0.7157921339353154,-0.008921171135918726,0.9711253155214011,-0.0415492853833026,0.903169279293507,Mrpl40,FALSE,FALSE,FALSE,FALSE,0.04252671096726276,FALSE,FALSE,0.010699995904020985
Fbln5,0.11029661708976057,0.657763374481447,-0.008236111211759045,0.9780742577866532,-0.00902571687527498,0.982468736176161,Fbln5,FALSE,FALSE,FALSE,FALSE,0.0425194817255982,FALSE,FALSE,0.010698041207452517
Araf,-0.06722119935929971,0.5281627505623109,-0.006578715477381536,0.959879936544824,-0.05375707964915577,0.7346430624746948,Araf,FALSE,FALSE,FALSE,FALSE,0.042518998161945674,FALSE,FALSE,0.01069791045788623
Kcnd3,0.016828081209466994,0.9331681073237243,0.00959826749250503,0.9642871401159587,-0.10110849604085459,0.6870962481459709,Kcnd3,FALSE,FALSE,FALSE,FALSE,0.04251161491427554,FALSE,FALSE,0.010695914120019188
Stk38l,0.03848381023088088,0.8108672809266859,-0.026936093508998837,0.8764196653597753,-0.06211020917773702,0.7831932775786569,Stk38l,FALSE,FALSE,FALSE,FALSE,0.04251003763920558,FALSE,FALSE,0.01069548764455885
Aasdh,-0.015545326799910164,0.9446168079650545,0.0441297295068388,0.8379475336311463,0.06764158250245123,0.8142363946834172,Aasdh,FALSE,FALSE,FALSE,FALSE,0.04243887960306673,FALSE,FALSE,0.010676247401181543
Zc3h14,-0.08372727304561067,0.46478984941420415,-0.02347065950611782,0.8629876166484284,-0.020086203122142265,0.9217800069562034,Zc3h14,FALSE,FALSE,FALSE,FALSE,0.04242804522462359,FALSE,FALSE,0.010673317920698396
Zfp746,-0.05304408667683269,0.7267243349044055,-0.01077932081194799,0.9509268200092391,0.06342507657335972,0.7658239997536922,Zfp746,FALSE,FALSE,FALSE,FALSE,0.0424161613540468,FALSE,FALSE,0.01067010467066272
Ptcd2,0.0028421677641103926,0.9856158200239189,-0.02226563965740347,0.8925115521837028,-0.10211432714337576,0.6080226483103439,Ptcd2,FALSE,FALSE,FALSE,FALSE,0.04240737818829654,FALSE,FALSE,0.010667729812448132
Nifk,0.014192283574685938,0.9599992873151463,-0.0260744448010648,0.9284619012865832,-0.0867387304449263,0.8181396409537227,Nifk,FALSE,FALSE,FALSE,FALSE,0.04233515294022568,FALSE,FALSE,0.010648201008306348
Dhx16,-0.0885313859198682,0.6437756297955918,0.022594174014066937,0.9164912561723552,-0.01586878385199242,0.9630623165232519,Dhx16,FALSE,FALSE,FALSE,FALSE,0.04233144792864252,FALSE,FALSE,0.01064719921949311
Rtf1,-0.02910387109816792,0.8539988703181723,0.038821585388209456,0.8145471908623207,0.05904457859510437,0.7857274676140475,Rtf1,FALSE,FALSE,FALSE,FALSE,0.042323345027160585,FALSE,FALSE,0.010645008296232236
Dennd5a,-0.049684528247027515,0.6788399015474161,-0.039363304730709814,0.7655880140985618,-0.03785777952762892,0.8392716934107318,Dennd5a,FALSE,FALSE,FALSE,FALSE,0.04230187083512208,FALSE,FALSE,0.010639201943168393
Sccpdh,-0.046706946909522706,0.827461347477147,-0.025733026344592957,0.9112488555938023,-0.054293529753855374,0.8656456863327289,Sccpdh,FALSE,FALSE,FALSE,FALSE,0.04224450100265701,FALSE,FALSE,0.010623689857688835
Lyn,0.002174805459576934,0.9937370840094825,-0.08292580241883574,0.7703358802425647,-0.041603894082458126,0.9241588504559974,Lyn,FALSE,FALSE,FALSE,FALSE,0.04223483398695693,FALSE,FALSE,0.010621076017497422
Vps33b,0.05294289401330721,0.7423126995069955,-0.04067999196250316,0.8159164896321595,-0.03290828663858614,0.8966648998907782,Vps33b,FALSE,FALSE,FALSE,FALSE,0.04217705753813217,FALSE,FALSE,0.01060545398803759
Pramef8,0.016522195025291175,0.923092034268591,0.03843963664723837,0.8219877634467087,0.0715237522687584,0.7424085677028015,Pramef8,FALSE,FALSE,FALSE,FALSE,0.04216186131376265,FALSE,FALSE,0.01060134511894633
Kcnj2,-0.0654769627342251,0.8105383281143932,0.007905352432152402,0.97929014791207,-0.052952483056891264,0.8986462564818284,Kcnj2,FALSE,FALSE,FALSE,FALSE,0.04211159940775625,FALSE,FALSE,0.01058775492792021
Map2k1,0.03038340148798735,0.8400875606468986,-0.045837431573958476,0.7702898227936618,0.05004982596653296,0.8160706567923424,Map2k1,FALSE,FALSE,FALSE,FALSE,0.04209021967615959,FALSE,FALSE,0.010581974115778929
Stk4,-0.11064633096396204,0.43694891882721515,0.004055312927616406,0.9818356329647663,0.011553649061685434,0.9669037809700132,Stk4,FALSE,FALSE,FALSE,FALSE,0.042085097651087956,FALSE,FALSE,0.010580589184233451
Fam206a,0.05872695078801282,0.780860689365937,-0.011746166071627151,0.9607826465329624,-0.05575963857226718,0.8613257929285411,Fam206a,FALSE,FALSE,FALSE,FALSE,0.04207758514396905,FALSE,FALSE,0.010578557896227421
Tut7,-0.09294252298054229,0.4323106672024489,0.004517941606380305,0.9755349907785842,-0.028675804303063934,0.8855089028036605,Tut7,FALSE,FALSE,FALSE,FALSE,0.04204542296332884,FALSE,FALSE,0.010569861644663435
Zfp580,0.06848540368584688,0.8641611637027569,-0.0530785348429057,0.8993063692255349,-0.004551092471124951,0.9940687398172053,Zfp580,FALSE,FALSE,FALSE,FALSE,0.042038343666625844,FALSE,FALSE,0.010567947491338013
Trim9,-0.09235802634109191,0.7351336800375011,0.02677382967586972,0.929348685155057,-0.006820238336945117,0.9874628765277282,Trim9,FALSE,FALSE,FALSE,FALSE,0.04198403145130225,FALSE,FALSE,0.010553262147308175
Dazap2,-0.030708164855841602,0.8271434392695509,-0.0754000157355641,0.5879241867775603,-0.01976301976192918,0.9308707838816256,Dazap2,FALSE,FALSE,FALSE,FALSE,0.04195706678444496,FALSE,FALSE,0.010545971238493464
Kcnk2,0.05303670226271873,0.7201731651902461,0.025944500380019164,0.8752763825986378,0.04686584579170372,0.833965400118035,Kcnk2,FALSE,FALSE,FALSE,FALSE,0.04194901614481387,FALSE,FALSE,0.010543794446183696
Cdkn2aipnl,0.005772069577035133,0.9731588906552014,-0.06973199818800957,0.6621497678318063,-0.05024623852779442,0.8246727412403727,Cdkn2aipnl,FALSE,FALSE,FALSE,FALSE,0.04191676876427971,FALSE,FALSE,0.01053507515763353
3830406C13Rik,-0.03656033706330897,0.8419096556088695,-0.023503348554771097,0.9020054132818716,-0.06562725277584658,0.7934233043066964,3830406C13Rik,FALSE,FALSE,FALSE,FALSE,0.041896979464642214,FALSE,FALSE,0.010529724378410942
Jmjd4,0.06980200155981509,0.6831796222309101,-0.04236527252837918,0.8238077465532988,0.013384594321010912,0.9660228873405773,Jmjd4,FALSE,FALSE,FALSE,FALSE,0.041850622803068394,FALSE,FALSE,0.010517190116657296
C920006O11Rik,0.05751212911407699,0.8889724260330875,-0.06727241614641444,0.873820780080455,-7.531464211751882e-4,0.9988142172743153,C920006O11Rik,FALSE,FALSE,FALSE,FALSE,0.041845897227222206,FALSE,FALSE,0.0105159123800261
Zdhhc23,-0.07921647776343921,0.6023592489983949,0.04041768891815334,0.8125334934856646,-0.005902816445166437,0.9817462572109429,Zdhhc23,FALSE,FALSE,FALSE,FALSE,0.04184566104225299,FALSE,FALSE,0.010515848518563131
Tnfrsf1b,-0.011918616078190558,0.9760644966215054,0.0722043976562079,0.8510115161525863,-0.04125530681003431,0.9456608272272778,Tnfrsf1b,FALSE,FALSE,FALSE,FALSE,0.04179277351481092,FALSE,FALSE,0.010501548392325474
Rab8b,-0.013791897859971591,0.9432224631433643,0.043307279625006245,0.820199299983728,-0.0681562938311302,0.7857274676140475,Rab8b,FALSE,FALSE,FALSE,FALSE,0.04175182377203601,FALSE,FALSE,0.010490476093819512
Slc22a15,-0.005944671046994365,0.977443001888163,-0.022380004587425173,0.9176572582963894,-0.09680350143388905,0.7193797073223972,Slc22a15,FALSE,FALSE,FALSE,FALSE,0.04170939235610286,FALSE,FALSE,0.010479003169414957
Set,0.03685481993252715,0.8503563139679576,-0.010897295471465007,0.9605364784795938,-0.07729730758363029,0.7769492750440156,Set,FALSE,FALSE,FALSE,FALSE,0.04168314099587415,FALSE,FALSE,0.010471905129795086
Trp53bp2,-0.11918810133326119,0.5860429944916169,-0.004420223398045486,0.9855771610883826,9.351122212137852e-4,0.9975661282236203,Trp53bp2,FALSE,FALSE,FALSE,FALSE,0.041514478984173486,FALSE,FALSE,0.010426301030388874
Dnajc12,0.0860835474094781,0.5924056903157515,9.023469195685863e-4,0.995720636624395,-0.037372061072985296,0.8866275749362488,Dnajc12,FALSE,FALSE,FALSE,FALSE,0.04145265180067733,FALSE,FALSE,0.010409583732914864
Krr1,0.0015024719392995323,0.9926039374485179,0.05832374809979779,0.7210469300460696,-0.06430761445016042,0.7730735839940973,Krr1,FALSE,FALSE,FALSE,FALSE,0.04137794482975258,FALSE,FALSE,0.01038938390193908
Rtn3,0.008025187810335233,0.9476998884576602,0.017686307296745696,0.8868757231198057,0.0983813533125586,0.49883722582828194,Rtn3,FALSE,FALSE,FALSE,FALSE,0.041364282806546505,FALSE,FALSE,0.01038568986166233
Hmbox1,0.06030969766558858,0.7035823774251775,-0.006305300534076963,0.9731053265941999,0.05740366590681045,0.8052249974798057,Hmbox1,FALSE,FALSE,FALSE,FALSE,0.041339554702158665,FALSE,FALSE,0.01037900369137858
Dgkd,-0.060788317474848697,0.6645973129281354,0.05083216397701573,0.7384753908227154,0.012315533863239914,0.9617581914673364,Dgkd,FALSE,FALSE,FALSE,FALSE,0.04131200510503478,FALSE,FALSE,0.01037155462473239
Layn,0.041765121197006566,0.9467726627207749,0.0044967739747863444,0.9936408291678288,0.07766767057585774,0.9324386717910251,Layn,FALSE,FALSE,FALSE,FALSE,0.04130985524921688,FALSE,FALSE,0.01037097333059603
Cdc26,-0.0076962488320519995,0.9628376276257795,-0.06194030874111878,0.6936945732933254,-0.054178063468516946,0.8034181599254954,Cdc26,FALSE,FALSE,FALSE,FALSE,0.04127154034722924,FALSE,FALSE,0.010360613460099023
Bloc1s6,0.02956663256082459,0.8634912524750551,-0.030321815602756264,0.8657283681631889,0.06380107488963027,0.7833303220119272,Bloc1s6,FALSE,FALSE,FALSE,FALSE,0.041229841017737044,FALSE,FALSE,0.010349338482715796
Il17rc,-0.09090751584144163,0.7365142386454488,0.018812413684043072,0.9504136809904847,-0.013878361108267345,0.975372159600298,Il17rc,FALSE,FALSE,FALSE,FALSE,0.041199430211250686,FALSE,FALSE,0.010341115780827902
Ccnd2,-0.05520366725583692,0.72224859825763,0.023979201917935455,0.8907752743617093,-0.044183778159789355,0.8547363898740418,Ccnd2,FALSE,FALSE,FALSE,FALSE,0.04112221577785391,FALSE,FALSE,0.010320237963347162
Eml4,0.04160856638249921,0.7571339843420103,0.04211078234080112,0.7681826969674601,-0.039439000005580205,0.846126091169351,Eml4,FALSE,FALSE,FALSE,FALSE,0.04105278290962685,FALSE,FALSE,0.010301464183805713
Mettl8,0.05000897411771099,0.8232743757640736,-0.02774736842261838,0.9077895039654449,-0.04540117898073248,0.8942686713611929,Mettl8,FALSE,FALSE,FALSE,FALSE,0.04105250717368728,FALSE,FALSE,0.010301389628254816
Usp7,0.010327531297297021,0.9536141171313318,0.10907965124137231,0.5015641337957069,-0.003692783130740729,0.9890612592287737,Usp7,FALSE,FALSE,FALSE,FALSE,0.041033321889803354,FALSE,FALSE,0.010296202167340784
Plekha5,0.01959285684432288,0.9065987661560426,0.07043751890675587,0.6605208244776477,-0.03271919135473844,0.8942686713611929,Plekha5,FALSE,FALSE,FALSE,FALSE,0.04091652236860573,FALSE,FALSE,0.010264621036998597
Frmd5,0.035796724704741045,0.8119449258498551,0.013207101874971983,0.9376324836556821,-0.07373760268274321,0.718921139533702,Frmd5,FALSE,FALSE,FALSE,FALSE,0.040913809754152076,FALSE,FALSE,0.010263887579962551
Mtx3,-0.0032669492912322795,0.9801290900745543,-0.05831021478469278,0.6447070995154743,-0.06114183117083627,0.7192697961052301,Mtx3,FALSE,FALSE,FALSE,FALSE,0.040906331748920444,FALSE,FALSE,0.010261865620835508
N6amt1,0.0815580172583168,0.7732228032297453,-0.030867319666685766,0.921259269758188,0.010179776978964217,0.9818729939356213,N6amt1,FALSE,FALSE,FALSE,FALSE,0.04086837130132226,FALSE,FALSE,0.010251601590374138
Ybx3,-0.013639606595968523,0.947081902187843,-0.037584734700453204,0.8533529608023613,-0.07126662473945089,0.790781522904457,Ybx3,FALSE,FALSE,FALSE,FALSE,0.04083032201195754,FALSE,FALSE,0.010241313538209765
Trmt2a,-0.05547938100226535,0.682085993414405,-0.032442593462113756,0.8292636001807084,-0.03447850223504645,0.8714866105415033,Trmt2a,FALSE,FALSE,FALSE,FALSE,0.040800158899808515,FALSE,FALSE,0.010233157809774091
Cdca4,0.04175074038119453,0.811227221267684,-0.04240550356271733,0.8197823851102084,-0.038036673459673764,0.8856245666017052,Cdca4,FALSE,FALSE,FALSE,FALSE,0.04073097246786187,FALSE,FALSE,0.010214450663522003
Snap29,0.0056520957218806345,0.9735428783984378,-0.01886071594122729,0.9124100155028764,-0.09759363520565678,0.6372343955628968,Snap29,FALSE,FALSE,FALSE,FALSE,0.0407021489562549,FALSE,FALSE,0.01020665714632565
Mrpl35,0.010712219526494149,0.9598640230896464,0.08557323990758636,0.6606938866920491,-0.025340248504507112,0.9356595057239877,Mrpl35,FALSE,FALSE,FALSE,FALSE,0.04054190264619587,FALSE,FALSE,0.01016332854743297
Uap1,0.049526255037089406,0.7861142964377225,0.06072477256521225,0.7486554133734907,0.011291891802874154,0.9702827424909112,Uap1,FALSE,FALSE,FALSE,FALSE,0.040514306468391936,FALSE,FALSE,0.01015586688595323
Vps36,0.06145646771817681,0.6671549822768991,-0.016229248558492948,0.9212951537993651,-0.04374998525554874,0.8426818235002771,Vps36,FALSE,FALSE,FALSE,FALSE,0.040478567177406166,FALSE,FALSE,0.010146203428471678
Dock7,-0.041610290460992516,0.7356483688935047,-0.04875679271929112,0.7074387053934659,0.031053791046220525,0.8722920238991596,Dock7,FALSE,FALSE,FALSE,FALSE,0.040473624742168056,FALSE,FALSE,0.01014486705577201
Tmem126b,0.0926133324878462,0.5144723058565456,-0.017182888411453767,0.9190618800437417,0.01160211815009582,0.9661443300099136,Tmem126b,FALSE,FALSE,FALSE,FALSE,0.040466113016465265,FALSE,FALSE,0.01014283597905113
Hyi,-5.916777634555892e-4,0.998064940467765,-0.09500369149562271,0.7297256426661298,0.025681631323196896,0.9529790522272761,Hyi,FALSE,FALSE,FALSE,FALSE,0.0404256668607584,FALSE,FALSE,0.010131899844192684
Rfwd3,-0.05559146472682652,0.698488569487172,-0.02374671199152001,0.8827077317490603,-0.04174232221021601,0.8502309021099668,Rfwd3,FALSE,FALSE,FALSE,FALSE,0.04036016630952085,FALSE,FALSE,0.010114189314004651
Vwa8,-0.02760237344810701,0.843098509124636,-0.03399611935106961,0.8192371258346984,-0.059430302513113986,0.7553997797811811,Vwa8,FALSE,FALSE,FALSE,FALSE,0.040342931770763535,FALSE,FALSE,0.010109529310185276
Mrpl45,-0.029546429318184853,0.8731476256321876,-0.06493608917263183,0.7210780482663569,-0.02649675143091601,0.9260668732862938,Mrpl45,FALSE,FALSE,FALSE,FALSE,0.04032642330724423,FALSE,FALSE,0.010105065628033101
Mgme1,0.008040800816906835,0.977443001888163,-0.0036757168199179624,0.9892279679695519,0.10913526033969356,0.7643604753588661,Mgme1,FALSE,FALSE,FALSE,FALSE,0.04028392599217279,FALSE,FALSE,0.0100935748853254
Ulk1,0.01869945936951911,0.9385370335333622,-0.08062111695128849,0.7268803051152575,0.021196151001873886,0.9553553424533673,Ulk1,FALSE,FALSE,FALSE,FALSE,0.040172242440893825,FALSE,FALSE,0.010063377049291026
Nfrkb,-0.08375974899581173,0.5934039126674538,-0.005938144533446987,0.9746935570433157,0.030630435639625198,0.9051000094912823,Nfrkb,FALSE,FALSE,FALSE,FALSE,0.04010944305629464,FALSE,FALSE,0.0100463968807929
Mir17hg,-0.010962474137243633,0.9885205236558865,-0.0027640346392506787,0.9971110557766457,-0.10618610091051059,0.927918118166699,Mir17hg,FALSE,FALSE,FALSE,FALSE,0.0399708698956683,FALSE,FALSE,0.010008928430556148
Erc1,0.034569124196819345,0.8240116164184408,0.028128947770412083,0.8654102220600822,-0.05720959145892479,0.7934462791602516,Erc1,FALSE,FALSE,FALSE,FALSE,0.03996922114205207,FALSE,FALSE,0.010008482628190502
Med13l,-0.0867239890603706,0.5377176786355589,-0.02151642383421848,0.8963647433773563,-0.011356319405615878,0.9669037809700132,Med13l,FALSE,FALSE,FALSE,FALSE,0.039865577433401654,FALSE,FALSE,0.009980458665091386
Slc25a51,0.007165820460113714,0.9608908006792275,-0.09228087728167989,0.4910922569308603,0.020130421270255994,0.9285470595069916,Slc25a51,FALSE,FALSE,FALSE,FALSE,0.039859039670683195,FALSE,FALSE,0.009978690935785298
Rab12,0.013002484598994002,0.9275133418882343,-0.06585422837618182,0.6253900233874495,-0.04057472020981834,0.8379878925494353,Rab12,FALSE,FALSE,FALSE,FALSE,0.039810477728331385,FALSE,FALSE,0.009965560393678987
Tmem248,-0.00939806885673633,0.9599992873151463,-0.03497000893840063,0.852553998981795,-0.07489480853283936,0.7581312337012789,Tmem248,FALSE,FALSE,FALSE,FALSE,0.03975429544265877,FALSE,FALSE,0.009950369406005787
Mtr,-0.021071832915735556,0.9026983910221476,-0.09295592476617287,0.5666609803940204,-0.005204246263896373,0.9839893009785011,Mtr,FALSE,FALSE,FALSE,FALSE,0.039744001315268264,FALSE,FALSE,0.009947586002653228
Ppp1r3e,-0.02911166317588254,0.9325613000908827,-0.03402486681778516,0.9214343148834708,0.056001825078894285,0.9077626308190386,Ppp1r3e,FALSE,FALSE,FALSE,FALSE,0.039712785024187326,FALSE,FALSE,0.009939145507800867
Ifnar1,0.06808814859816437,0.5977534692386802,0.026512762392227884,0.857517584056431,0.024400811238362685,0.9097323162867696,Ifnar1,FALSE,FALSE,FALSE,FALSE,0.03966724074291831,FALSE,FALSE,0.009926830903525525
Vps26b,-0.08719586504914734,0.49771476578296586,0.012788900266981429,0.934441614637457,-0.018919836459025063,0.9342749805313149,Vps26b,FALSE,FALSE,FALSE,FALSE,0.03963486725838461,FALSE,FALSE,0.009918077518030392
Slc37a3,0.06740278432577274,0.6602648849467625,-0.023229976569544952,0.8948784582772933,-0.028257410350509105,0.9116128101925804,Slc37a3,FALSE,FALSE,FALSE,FALSE,0.03963005708194226,FALSE,FALSE,0.009916776906455644
Foxn3,-0.11100051893933838,0.36909542044980576,0.007297675163698614,0.9629615831461203,-4.6565540112197823e-4,0.9979487573017866,Foxn3,FALSE,FALSE,FALSE,FALSE,0.03958794983471966,FALSE,FALSE,0.009905391633217771
Trem2,-0.002021567539977065,0.9969228940490537,-0.07824706278521809,0.8947138189570142,0.038423663207304615,0.9674806741726476,Trem2,FALSE,FALSE,FALSE,FALSE,0.03956409784416659,FALSE,FALSE,0.009898942353162054
Pdpr,-0.06343793938980813,0.727484799642633,-0.039207808042985626,0.8416806571104318,-0.01568423556914933,0.9607489754353197,Pdpr,FALSE,FALSE,FALSE,FALSE,0.039443327667314364,FALSE,FALSE,0.009866287607170706
Parl,0.0688517499536827,0.7350915465714858,-0.0010870699980074505,0.995720636624395,-0.04825190432672333,0.8795705401576321,Parl,FALSE,FALSE,FALSE,FALSE,0.039396908092804495,FALSE,FALSE,0.009853736334545669
Larp6,-0.07280912698740227,0.7843907862820694,-0.023269493648755635,0.9360581629510522,-0.022059161790085824,0.9609730014174996,Larp6,FALSE,FALSE,FALSE,FALSE,0.03937926080874791,FALSE,FALSE,0.009848964729557378
Serpinb6a,0.011233227406239443,0.9467747513116678,-0.06015710842238953,0.7079546049838367,-0.0466817189812625,0.8403967525496364,Serpinb6a,FALSE,FALSE,FALSE,FALSE,0.039357351603297154,FALSE,FALSE,0.00984304075430526
Psmd5,-0.06035389132813762,0.6328680201640815,0.04183786573452952,0.763547194533297,-0.015742863688946507,0.9427296633325991,Psmd5,FALSE,FALSE,FALSE,FALSE,0.03931154025053788,FALSE,FALSE,0.009830653937237793
Depdc5,-0.07184090358767037,0.740462153612328,-0.03646308210213434,0.8781640176836818,0.009594150353389175,0.9787701713023492,Depdc5,FALSE,FALSE,FALSE,FALSE,0.039299378681064624,FALSE,FALSE,0.009827365600892212
Rab7,-0.05104848062290479,0.6978302973113918,-0.06597422714729628,0.6336786502065647,8.357684673931942e-4,0.9962326378381484,Rab7,FALSE,FALSE,FALSE,FALSE,0.039286158745864753,FALSE,FALSE,0.0098237910956855
Med15,-0.019206581071576245,0.9119504417316059,0.0021850728634840166,0.9893311686346192,0.0964491635022986,0.6487905668716706,Med15,FALSE,FALSE,FALSE,FALSE,0.03928027247911962,FALSE,FALSE,0.009822199522745809
Pex5l,-0.030073167575014992,0.896554916452373,0.03281350550730622,0.8881537112572448,0.05493384957590575,0.8662045680027711,Pex5l,FALSE,FALSE,FALSE,FALSE,0.039273507552742316,FALSE,FALSE,0.009820370371226298
Prkacb,0.050414078539695595,0.6919812588413807,0.04002683248554728,0.7759598690255403,0.027296660406712192,0.8952889382053867,Prkacb,FALSE,FALSE,FALSE,FALSE,0.03924585714398502,FALSE,FALSE,0.009812894046374747
Atp2a2,-0.021998086325691446,0.9053762087164086,0.03521754331424809,0.8522940447177537,-0.06047294774136702,0.81071647123102,Atp2a2,FALSE,FALSE,FALSE,FALSE,0.03922952579376885,FALSE,FALSE,0.009808478253445527
C9orf72,0.04815406783729159,0.7377047008601422,0.06251896307189853,0.6742493160935846,0.006956565332529863,0.9772217118927953,C9orf72,FALSE,FALSE,FALSE,FALSE,0.03920986541390666,FALSE,FALSE,0.00980316233251847
Wdr12,-0.028115724145456156,0.9000934404799463,0.01093552780029583,0.9632062155822276,-0.07829220617009103,0.7927797519038418,Wdr12,FALSE,FALSE,FALSE,FALSE,0.03911448603861434,FALSE,FALSE,0.009777372941841372
Six1,0.00696262537283765,0.9621134824049895,0.07197928646745311,0.598343199061655,0.03831216369314738,0.8519587778884545,Six1,FALSE,FALSE,FALSE,FALSE,0.03908469184447938,FALSE,FALSE,0.00976931696422461
Lrrc1,0.06693988876350243,0.6377259246053082,0.04921084263584774,0.7534211749920784,8.071916554017733e-4,0.9965966962287021,Lrrc1,FALSE,FALSE,FALSE,FALSE,0.038985974351583984,FALSE,FALSE,0.009742624988279703
Ldah,-0.023171347624720617,0.886300981778948,-0.06978367997510038,0.6569386222773944,-0.023979588793427098,0.9239862983882662,Ldah,FALSE,FALSE,FALSE,FALSE,0.03897820546441603,FALSE,FALSE,0.00974052437831359
Galnt4,-0.004117076196978431,0.9885205236558865,0.038053298217644915,0.8971726546852642,0.07475280036197329,0.8527851721980949,Galnt4,FALSE,FALSE,FALSE,FALSE,0.03897439159219888,FALSE,FALSE,0.009739493154945864
Rnasel,-0.015468025599648882,0.9587974388340018,0.04995849056715329,0.8655906073549144,0.05136952592744315,0.9047723279972844,Rnasel,FALSE,FALSE,FALSE,FALSE,0.03893201403141511,FALSE,FALSE,0.009728034792300421
Pik3c3,-0.032102610785138985,0.8483942298099809,-0.08157277817482722,0.6224402162290014,-0.0030959785512649773,0.9901796608639275,Pik3c3,FALSE,FALSE,FALSE,FALSE,0.038923789170410394,FALSE,FALSE,0.009725810892709286
Ola1,-0.019895280231149393,0.8919094424107918,-0.010760921302302329,0.9456647740598831,-0.08603819164622895,0.640954211863209,Ola1,FALSE,FALSE,FALSE,FALSE,0.03889813105989356,FALSE,FALSE,0.00971887326039489
Ankrd24,-0.0764859322355953,0.6446313899160242,-0.028303836552268535,0.8801242812758323,-0.011598780738783177,0.9688372780310917,Ankrd24,FALSE,FALSE,FALSE,FALSE,0.038796183175549004,FALSE,FALSE,0.009691307826987437
Fto,0.07919856469453812,0.5966474984526148,-0.008175031425955659,0.9642871401159587,0.0282645581627472,0.9100554618787647,Fto,FALSE,FALSE,FALSE,FALSE,0.038546051427746995,FALSE,FALSE,0.009623675329447579
Baz2a,0.005361550401427273,0.9771149286675743,-0.06114135624606831,0.7375753377592498,0.04874896560894637,0.8537132223151842,Baz2a,FALSE,FALSE,FALSE,FALSE,0.038417290752147316,FALSE,FALSE,0.009588860052489538
Zfp790,0.0069555984338212085,0.9631115815869717,0.09349428344902133,0.49020757311778435,-0.014792778411676366,0.9493256254672628,Zfp790,FALSE,FALSE,FALSE,FALSE,0.03841422009817297,FALSE,FALSE,0.009588029786043194
2810013P06Rik,-0.01204562660267161,0.9484795934656515,-0.06550061088217785,0.71290973763707,-0.03743057455301724,0.8884675093623506,2810013P06Rik,FALSE,FALSE,FALSE,FALSE,0.03832560401262223,FALSE,FALSE,0.00956406910435977
Gm21811,-0.037061014686018634,0.9136818576567579,0.05149261848902542,0.8781640176836818,-0.026383858302463814,0.9609913644866437,Gm21811,FALSE,FALSE,FALSE,FALSE,0.03831249715916929,FALSE,FALSE,0.009560525175043718
Traf3ip2,-0.042425867187063204,0.8367165391909643,0.016652283621144903,0.9405061795282027,-0.055534164628392446,0.8526947556618973,Traf3ip2,FALSE,FALSE,FALSE,FALSE,0.03820410514553352,FALSE,FALSE,0.009531217329638325
Cpd,0.01968606004253104,0.8790431196298472,0.08195505173709972,0.506753746414647,0.012943139266263337,0.9515238890755664,Cpd,FALSE,FALSE,FALSE,FALSE,0.038194750348631366,FALSE,FALSE,0.009528687909506615
Fan1,-0.008824420822166612,0.9631115815869717,0.0974054073470545,0.5697708781679829,0.008215900720449643,0.9774643133100254,Fan1,FALSE,FALSE,FALSE,FALSE,0.038148576296556914,FALSE,FALSE,0.009516203023078674
Plekhn1,0.023790568161800252,0.9025225095166206,-0.014898184754336796,0.9418119204477002,0.0757069201548699,0.7618521586830532,Plekhn1,FALSE,FALSE,FALSE,FALSE,0.038131891023668985,FALSE,FALSE,0.009511691533883634
Ep400,-0.04773161180168728,0.7431247268779382,-0.012771679384803392,0.9393878828337506,0.053750763923639866,0.8007407999651911,Ep400,FALSE,FALSE,FALSE,FALSE,0.03808468503671018,FALSE,FALSE,0.009498927625163878
Ankrd29,0.0448364249363189,0.9000934404799463,0.039194459816676464,0.9141526161164573,-0.029794071461602734,0.958202876447988,Ankrd29,FALSE,FALSE,FALSE,FALSE,0.037941652071532696,FALSE,FALSE,0.009460253299531525
Gtf2h1,0.06851239987384705,0.5994479009225905,0.004079132984902145,0.9796921580683701,-0.041108881473761905,0.8418355745169922,Gtf2h1,FALSE,FALSE,FALSE,FALSE,0.037900138110837034,FALSE,FALSE,0.009449028443553461
Dync1li2,-0.02323120959410918,0.8522593603815087,-0.07683488987662823,0.5269315540479896,-0.013620423723165409,0.9474093284805494,Dync1li2,FALSE,FALSE,FALSE,FALSE,0.03789550773130094,FALSE,FALSE,0.0094477764468144
Smg7,-0.06322994083452915,0.5762397480932356,0.0014187207674014601,0.9909490084630185,-0.04901766657750262,0.7733181677124853,Smg7,FALSE,FALSE,FALSE,FALSE,0.03788877605981108,FALSE,FALSE,0.009445956287000712
Ppm1d,-0.040600232686807125,0.8040923747660542,0.003597526956080621,0.9844447664691861,0.0694398486086305,0.7519287162890521,Ppm1d,FALSE,FALSE,FALSE,FALSE,0.03787920275050608,FALSE,FALSE,0.00944336778384704
Mllt3,-0.011470188613375676,0.9519109941435451,0.07261647861473985,0.6847056402194772,-0.02919202669534915,0.9174137091750887,Mllt3,FALSE,FALSE,FALSE,FALSE,0.037759564641154895,FALSE,FALSE,0.009411019134755234
Fubp3,0.04434368534503985,0.7840040358012701,-0.03709507677458301,0.8321323751297399,0.03163992112093972,0.9018918981113057,Fubp3,FALSE,FALSE,FALSE,FALSE,0.03769289441352086,FALSE,FALSE,0.009392992338692507
Zfp202,-0.018986014864688983,0.9566901842496026,0.03380011243767811,0.9226556392504058,-0.060253779389193074,0.9044557673763675,Zfp202,FALSE,FALSE,FALSE,FALSE,0.03767996889718672,FALSE,FALSE,0.00938949744066636
Wdfy3,-0.026995550232486565,0.8400415960978438,0.032828214814659695,0.8179299626824186,0.052870285548925366,0.7766926604580916,Wdfy3,FALSE,FALSE,FALSE,FALSE,0.03756468353202388,FALSE,FALSE,0.009358325719186489
Tet2,0.039172960545566404,0.8369694763428169,0.05616273241909209,0.779019038507743,-0.01714333938462076,0.9578501646983947,Tet2,FALSE,FALSE,FALSE,FALSE,0.037493010783093084,FALSE,FALSE,0.009338946303905011
Tk2,-0.03666194513120047,0.8202497212241897,0.007875965180643263,0.9653080060911616,0.06784531764085688,0.7532323228074294,Tk2,FALSE,FALSE,FALSE,FALSE,0.03746107598423354,FALSE,FALSE,0.009330311533531865
Exoc1,0.07550297399557593,0.635234618693988,0.017854918437370415,0.9226556392504058,0.018613266409382767,0.9467569751207735,Exoc1,FALSE,FALSE,FALSE,FALSE,0.037323719614109706,FALSE,FALSE,0.009293172088235073
Dsn1,0.031861063505581155,0.9363653860145414,0.04139163210119978,0.9167119145366047,0.03867879503524052,0.9487966484922725,Dsn1,FALSE,FALSE,FALSE,FALSE,0.03731049688067382,FALSE,FALSE,0.009289596826420325
Ocrl,0.04752286266931538,0.7894473215993921,0.030544551159204403,0.8758552361065195,0.03372591707927697,0.9051000094912823,Ocrl,FALSE,FALSE,FALSE,FALSE,0.03726444363593225,FALSE,FALSE,0.009277144604784902
Nsf,0.018189838549715454,0.9130052065055254,-0.07375544909157661,0.6427093824447818,-0.018742068980499127,0.9423815786646674,Nsf,FALSE,FALSE,FALSE,FALSE,0.03689578554059706,FALSE,FALSE,0.009177464064649941
Zfp786,-0.023356984996152796,0.9312248860726334,-0.03513845814731864,0.8951169996629497,-0.05214262195618735,0.8910329044496753,Zfp786,FALSE,FALSE,FALSE,FALSE,0.036879355033219596,FALSE,FALSE,0.009173021460863939
Stx17,-0.058474558248000186,0.7185692656511643,0.035539451354556384,0.8391994805081338,0.01640486531320917,0.9526275414227284,Stx17,FALSE,FALSE,FALSE,FALSE,0.03680629163858858,FALSE,FALSE,0.009153266032370523
Usp42,0.04998727660986635,0.7881447348603259,-0.04280966018858834,0.8310215491155629,-0.017497431354549953,0.9561016607246711,Usp42,FALSE,FALSE,FALSE,FALSE,0.03676478938433488,FALSE,FALSE,0.009142044341668015
Zfpl1,-0.06043681617465424,0.803302579036918,-0.04273198931082112,0.8666213779026278,0.007087225565408417,0.9847097751008489,Zfpl1,FALSE,FALSE,FALSE,FALSE,0.036752010350294594,FALSE,FALSE,0.00913858905062285
Sh3bp5,-0.007312072388059754,0.972156338536397,-0.01939792792920292,0.9230400010976557,0.08351501634010461,0.7351420034823858,Sh3bp5,FALSE,FALSE,FALSE,FALSE,0.036741672219122425,FALSE,FALSE,0.009135793749197851
Ddx31,0.020956249475835076,0.923768633748206,0.04172386430802133,0.8462842776521395,0.04751577871927415,0.8762110423510856,Ddx31,FALSE,FALSE,FALSE,FALSE,0.036731964167710185,FALSE,FALSE,0.009133168813462884
Klhdc8a,-0.06572825937417692,0.9269964079172021,-0.028198635531585414,0.9697468508330094,0.016118252184002202,0.9874564486400245,Klhdc8a,FALSE,FALSE,FALSE,FALSE,0.03668171569658818,FALSE,FALSE,0.009119582255061548
Pdcd4,0.07376044551576477,0.585674708737975,-0.01358308313211598,0.9329177574445945,0.022635965212070452,0.9238469057095813,Pdcd4,FALSE,FALSE,FALSE,FALSE,0.0366598312866504,FALSE,FALSE,0.009113664984206151
Wdr11,0.07260544538746938,0.5621311618406595,0.002107250290698026,0.9878412426789697,-0.03484499500856053,0.8645344729382035,Wdr11,FALSE,FALSE,FALSE,FALSE,0.036519230228909315,FALSE,FALSE,0.009075648215941683
Zgrf1,-0.031449838405215313,0.9135115974008865,-0.0018357384843783464,0.994463827103667,-0.07600783542215739,0.8483049081037436,Zgrf1,FALSE,FALSE,FALSE,FALSE,0.03643113743725035,FALSE,FALSE,0.009051829026384546
Rala,0.0692636619940794,0.6231399755535271,0.018432022788028135,0.9099703942147284,-0.021569281601260037,0.9294950688482757,Rala,FALSE,FALSE,FALSE,FALSE,0.036421655461122526,FALSE,FALSE,0.009049265218580167
Pik3r1,-0.0022479568984037357,0.990651899895079,0.09260649238798102,0.6305232293340162,-0.014130013048021972,0.9669037809700132,Pik3r1,FALSE,FALSE,FALSE,FALSE,0.03632815411146891,FALSE,FALSE,0.00902398362255731
Ikbkb,-0.08332533780275053,0.6089246770604045,-0.02503821679221563,0.8925115521837028,5.405463550518519e-4,0.9980188469276462,Ikbkb,FALSE,FALSE,FALSE,FALSE,0.036301366983339335,FALSE,FALSE,0.00901674071799504
Asah1,0.07164617750317959,0.5855032682344918,-0.009379419126617883,0.9532535306953184,-0.027612744129386968,0.9008815372739194,Asah1,FALSE,FALSE,FALSE,FALSE,0.03621278025306148,FALSE,FALSE,0.008992787973610417
Ttc17,-0.01882820944888497,0.9271157056173112,-0.04516328869456654,0.8262631180585953,-0.04456115818881479,0.8797388443604395,Ttc17,FALSE,FALSE,FALSE,FALSE,0.036184218777422096,FALSE,FALSE,0.008985065307663812
Sash1,-0.0232401761737151,0.9208857219308652,-0.06995593980283932,0.7615796780205838,-0.015078552923307953,0.9684125961631742,Sash1,FALSE,FALSE,FALSE,FALSE,0.03609155629995412,FALSE,FALSE,0.008960010532192645
C2cd3,-0.0019032667370728618,0.9906471360695293,-0.03801077645144524,0.8254896364846287,0.06800275041940118,0.7601106553166588,C2cd3,FALSE,FALSE,FALSE,FALSE,0.035972264535973096,FALSE,FALSE,0.008927755530559033
Atp2b4,0.03302985682036308,0.8326677062641759,0.004420764264167154,0.9804441993613267,0.07025264015403732,0.7424085677028015,Atp2b4,FALSE,FALSE,FALSE,FALSE,0.03590108707952252,FALSE,FALSE,0.008908510036172221
Tgfb2,-0.049309689565031345,0.8508666404864131,-0.024542437045738108,0.9297026595306346,0.03352157064643757,0.9346527986232642,Tgfb2,FALSE,FALSE,FALSE,FALSE,0.03579123241906901,FALSE,FALSE,0.008878806709352849
Sbf2,-0.08657329601728936,0.4746428037006073,0.0034768013500245942,0.9816459731008854,-0.017067971380259728,0.9361739029450005,Sbf2,FALSE,FALSE,FALSE,FALSE,0.03570602291585789,FALSE,FALSE,0.008855767124946075
Brox,-0.029502794229480322,0.8029752161245679,-0.03173158314918112,0.8015087927708301,-0.04586787118352209,0.7842715445684607,Brox,FALSE,FALSE,FALSE,FALSE,0.03570074952072785,FALSE,FALSE,0.008854341264829183
Chd8,0.04273565348457797,0.7552390880451748,0.04888313124096033,0.7357075440648443,-0.014891461015567486,0.9493256254672628,Chd8,FALSE,FALSE,FALSE,FALSE,0.035503415247035264,FALSE,FALSE,0.008800984544231654
Fam149b,-0.017578234738802045,0.9066489825996683,0.0036402426717279113,0.9818356329647663,-0.08524780565992796,0.6444753230168732,Fam149b,FALSE,FALSE,FALSE,FALSE,0.03548876102348597,FALSE,FALSE,0.008797022225386265
Bnip2,0.011236063700200916,0.9317369831991619,-0.022376915087147786,0.8659240866044124,-0.07269785436870979,0.6559364401879924,Bnip2,FALSE,FALSE,FALSE,FALSE,0.03543694438535283,FALSE,FALSE,0.008783011654229832
Arnt,0.05568532450506147,0.7431247268779382,0.043880168664859553,0.8134458973208262,0.00667413243920123,0.9812767460372922,Arnt,FALSE,FALSE,FALSE,FALSE,0.035413208536374086,FALSE,FALSE,0.008776593777403847
Inpp5a,-0.07647760162785744,0.5668932433690002,-0.028005145415641586,0.8539740514783065,-0.0016981514827998367,0.9940631937360723,Inpp5a,FALSE,FALSE,FALSE,FALSE,0.03539363284209962,FALSE,FALSE,0.008771300754401
Bcas2,-0.024509728950724785,0.857940222617799,-0.06728690243484348,0.6194944981947214,-0.013955316553742492,0.9506614471040018,Bcas2,FALSE,FALSE,FALSE,FALSE,0.03525064931310359,FALSE,FALSE,0.008732639795694074
Marveld1,-0.06050865034083586,0.7680251335312576,-0.021358327551859624,0.9234917431326676,0.023864554972088392,0.9428746150327464,Marveld1,FALSE,FALSE,FALSE,FALSE,0.03524384428826129,FALSE,FALSE,0.008730799802050927
Mpeg1,0.030572795704883582,0.8767374804646186,-0.043644107276704425,0.8310215491155629,-0.03147203047170777,0.9179542400288835,Mpeg1,FALSE,FALSE,FALSE,FALSE,0.03522964448443192,FALSE,FALSE,0.008726960352616797
Gid4,0.05090393754258926,0.7271048266369106,0.019250402526057364,0.9055150088444389,-0.03552775771703054,0.8766490443993098,Gid4,FALSE,FALSE,FALSE,FALSE,0.03522736592855905,FALSE,FALSE,0.008726344259594537
Nrcam,-0.06860039997561085,0.6336055108610656,-0.005190463370108311,0.9761278786698618,0.03164099991521674,0.8942686713611929,Nrcam,FALSE,FALSE,FALSE,FALSE,0.035143954420311964,FALSE,FALSE,0.008703790830548088
Lrch3,-0.01789210495673821,0.9087871297721845,-0.011331781713407985,0.9456647740598831,0.07606925551053045,0.6990664125254931,Lrch3,FALSE,FALSE,FALSE,FALSE,0.03509771406022555,FALSE,FALSE,0.008691288015262673
Chchd4,-0.06858468926670636,0.7012477807409916,0.028319816157949873,0.8862765729970913,0.007725028550413349,0.9794657520987993,Chchd4,FALSE,FALSE,FALSE,FALSE,0.034876511325023195,FALSE,FALSE,0.00863147756106865
Chsy1,-0.018402928068219637,0.9352174840060052,-0.05294573271763792,0.811959235721534,-0.033267695710254674,0.9211006069645289,Chsy1,FALSE,FALSE,FALSE,FALSE,0.03487211883203741,FALSE,FALSE,0.008630289885878814
Clip4,0.003093056398432381,0.9891091063992168,0.07072008254855078,0.7622799929367606,0.03078695838757195,0.9333155147750901,Clip4,FALSE,FALSE,FALSE,FALSE,0.03486669911151837,FALSE,FALSE,0.008628824461206051
Taf11,-0.016307309123932967,0.9295685624797186,0.047700655207786546,0.7916225905825509,0.0404650716877315,0.8761642284825374,Taf11,FALSE,FALSE,FALSE,FALSE,0.03482434533981701,FALSE,FALSE,0.008617372530831087
Agtpbp1,0.05087473060514647,0.6692918725757526,0.05268192074625322,0.6826500010258256,-5.902049201793602e-4,0.9970870613593223,Agtpbp1,FALSE,FALSE,FALSE,FALSE,0.03471561875719301,FALSE,FALSE,0.008587974222153955
B230322F03Rik,-0.01031258194623036,0.980102112583464,-0.07581100456467138,0.8551177320027812,0.01770720947167781,0.9777382153537937,B230322F03Rik,FALSE,FALSE,FALSE,FALSE,0.034610265327526514,FALSE,FALSE,0.008559487971866465
Usp33,0.039697296045600794,0.8032582265235536,0.02035126440906776,0.907039973799885,0.04366716095484424,0.855888697745216,Usp33,FALSE,FALSE,FALSE,FALSE,0.034571907136504265,FALSE,FALSE,0.008549116396555687
Ice1,0.010552140797512877,0.9437810297417439,0.04262183525552121,0.7697642298172486,-0.05052896981976929,0.7983917031109229,Ice1,FALSE,FALSE,FALSE,FALSE,0.03456764862426779,FALSE,FALSE,0.008547964948085478
Ppt2,-0.012213929269962787,0.9675169145347993,-0.04176713360305939,0.8874806215289917,0.04963632697878584,0.9056447773285725,Ppt2,FALSE,FALSE,FALSE,FALSE,0.034539129950602675,FALSE,FALSE,0.00854025385525762
Ksr2,-0.030688057548395875,0.9054523173367793,0.037260696513827796,0.8887082313493175,0.03558437357559363,0.9293088593967773,Ksr2,FALSE,FALSE,FALSE,FALSE,0.0345110425459391,FALSE,FALSE,0.008532659372176192
Mapre2,-0.04962954478721038,0.7176972006771015,-0.02798196210226145,0.8538204601155904,0.025895814541688544,0.9071729892334421,Mapre2,FALSE,FALSE,FALSE,FALSE,0.034502440477053455,FALSE,FALSE,0.008530333480289783
Fbxo4,-0.02179585104213011,0.9176590991975372,0.004080539255329363,0.9848019905188304,0.07761170407443796,0.7723544461869971,Fbxo4,FALSE,FALSE,FALSE,FALSE,0.034496031457299146,FALSE,FALSE,0.0085286005614717
Zfp941,0.012872833622749269,0.9467747513116678,0.051022114254108075,0.7848569709584272,0.0393459619696257,0.8845296362698789,Zfp941,FALSE,FALSE,FALSE,FALSE,0.03441363661549435,FALSE,FALSE,0.008506322026321213
Pak2,0.028951475893451928,0.8287240232652702,0.06431372896219223,0.6315340359330885,0.00987020152522522,0.9669037809700132,Pak2,FALSE,FALSE,FALSE,FALSE,0.03437846879362313,FALSE,FALSE,0.008496813086943913
Ddhd2,0.08003266514892893,0.505924869637317,-0.018076255215788706,0.8984292323025337,-0.004954990623464717,0.9814938883311297,Ddhd2,FALSE,FALSE,FALSE,FALSE,0.03435463699606078,FALSE,FALSE,0.00849036926682044
Ino80,-0.05651711134765769,0.6942033171372752,0.004022429265396532,0.9811607539557792,0.042360512730805766,0.8482340272567118,Ino80,FALSE,FALSE,FALSE,FALSE,0.03430001778128666,FALSE,FALSE,0.008475600913977187
Dync1i2,-0.07762263183226903,0.4965990104567024,0.016971053621533727,0.8993063692255349,0.008222614608086154,0.9688448947437457,Dync1i2,FALSE,FALSE,FALSE,FALSE,0.03427210002062964,FALSE,FALSE,0.008468052300514298
Fam96a,-0.049173670587767226,0.8040892328813348,-0.035798888887359936,0.8655433631347637,0.017821140578317518,0.9570370994203127,Fam96a,FALSE,FALSE,FALSE,FALSE,0.03426456668448156,FALSE,FALSE,0.008466015380599176
Gm30238,-0.014544133016842264,0.9758444915187687,0.02968690626816789,0.952078574268894,0.058344272477025505,0.9338189684089776,Gm30238,FALSE,FALSE,FALSE,FALSE,0.03419177058734522,FALSE,FALSE,0.008446332226006653
Kif1bp,0.0235307594795664,0.8522593603815087,0.0299531631689538,0.8236192420387175,0.04863392266693811,0.7831932775786569,Kif1bp,FALSE,FALSE,FALSE,FALSE,0.03403928177181944,FALSE,FALSE,0.008405101156654089
Eif2ak3,0.04320508043435112,0.8066805973067976,-0.03563262021268265,0.8515548019739525,-0.023258136731273638,0.9356595057239877,Eif2ak3,FALSE,FALSE,FALSE,FALSE,0.034031945792769136,FALSE,FALSE,0.008403117599630913
Rmc1,-0.05763268678745481,0.7207278065533224,0.009232493619649063,0.95945827115141,0.03519750416613121,0.8863812325088617,Rmc1,FALSE,FALSE,FALSE,FALSE,0.03402089485774503,FALSE,FALSE,0.008400129564955592
Mrps35,-0.003838786806051875,0.9862075249864664,0.0396794265959759,0.8631774136283178,0.05842222405290842,0.8540121048916062,Mrps35,FALSE,FALSE,FALSE,FALSE,0.03398014581831207,FALSE,FALSE,0.008389111534124164
Unc13b,-0.0535173860432705,0.673436851978341,-8.729992882603455e-4,0.9948103897547076,-0.04740542407444259,0.8028263885382418,Unc13b,FALSE,FALSE,FALSE,FALSE,0.03393193646865781,FALSE,FALSE,0.008376076328675272
Csnk2a1,0.08433262813567222,0.5234049748127977,0.00960990551861407,0.9532535306953184,-0.0072279671992268035,0.9761707433445408,Csnk2a1,FALSE,FALSE,FALSE,FALSE,0.03372350028450436,FALSE,FALSE,0.008319717790281603
B4galt7,-0.057818213249205996,0.7367345130685548,0.010804295609797343,0.955711199717011,-0.032283750191491656,0.9046866159210569,B4galt7,FALSE,FALSE,FALSE,FALSE,0.033635419683498334,FALSE,FALSE,0.008295901896924616
Nup98,0.006284031006776658,0.9721933262056326,0.0926512655618561,0.5683424070917398,-0.0016254762747847096,0.9946967334510257,Nup98,FALSE,FALSE,FALSE,FALSE,0.03352025761447249,FALSE,FALSE,0.008264763513178782
Cited2,-0.02374909156530869,0.9476998884576602,0.024989451080814185,0.9471304700322603,-0.051668159805984715,0.9245961247180302,Cited2,FALSE,FALSE,FALSE,FALSE,0.033468900817369196,FALSE,FALSE,0.008250877277288035
Upf3b,0.08644097862432698,0.6724981360081108,-0.001871321972436668,0.993212413205484,-0.012072982990718018,0.9728027462399549,Upf3b,FALSE,FALSE,FALSE,FALSE,0.03346176119582722,FALSE,FALSE,0.008248946812880313
Ankrd46,0.02233350841306425,0.860213514807459,-0.03155095715749656,0.8138831620533922,-0.046472615394408834,0.7934233043066964,Ankrd46,FALSE,FALSE,FALSE,FALSE,0.03345236032165655,FALSE,FALSE,0.008246404934031237
Pard6g,-0.03455952596547851,0.9100762166539483,0.009514273200236012,0.9759626797307552,0.055752780417583914,0.8966648998907782,Pard6g,FALSE,FALSE,FALSE,FALSE,0.03327552652776614,FALSE,FALSE,0.008198591286881883
Hinfp,0.07360277499776124,0.7130244253692969,-8.939797420168816e-4,0.9966279795488079,-0.0252829662824956,0.9401402264877434,Hinfp,FALSE,FALSE,FALSE,FALSE,0.03325990700742457,FALSE,FALSE,0.008194367963851687
Aggf1,-0.03642967714342937,0.7813863487109887,-0.019508353171859838,0.8918933140428124,0.04376934451053227,0.8171979380423273,Aggf1,FALSE,FALSE,FALSE,FALSE,0.03323579160860716,FALSE,FALSE,0.008187847461494336
Tbcel,8.269069449706734e-4,0.9948286280768392,-0.05716252537047861,0.6657896739389066,-0.04165444510860805,0.824839150523796,Tbcel,FALSE,FALSE,FALSE,FALSE,0.033214625808019115,FALSE,FALSE,0.008182124493623289
Herc1,0.05152487982973408,0.6782826506837439,0.013151459831313161,0.9274876901823405,0.03451831456912746,0.8613064216025911,Herc1,FALSE,FALSE,FALSE,FALSE,0.033064884743391566,FALSE,FALSE,0.008141636381762116
Zzef1,0.008314694681141432,0.9492821075377913,-0.042044286008378506,0.7404329912018836,-0.048620974703744047,0.7778034294198124,Zzef1,FALSE,FALSE,FALSE,FALSE,0.03299331846442133,FALSE,FALSE,0.00812228575462692
Timm9,0.042926069853693516,0.8615856698243141,0.03990440392605654,0.8769657769140891,0.01573270827398865,0.9688448947437457,Timm9,FALSE,FALSE,FALSE,FALSE,0.0328543940179129,FALSE,FALSE,0.008084722321079315
2900093K20Rik,-0.010281542500086616,0.9727608137041912,0.019706544520015523,0.9475047307582762,0.06837705149474527,0.8633567936378185,2900093K20Rik,FALSE,FALSE,FALSE,FALSE,0.03278837950494914,FALSE,FALSE,0.008066872822065897
Fermt2,-0.054003721830333085,0.7201731651902461,0.04086796625600897,0.8038686047489358,0.003469857461390724,0.9888991093061027,Fermt2,FALSE,FALSE,FALSE,FALSE,0.032780515182577595,FALSE,FALSE,0.008064746407613833
Uevld,0.03302587672253576,0.843018447905601,0.06352489455028643,0.7023333915531896,-0.0017764333273460053,0.9942437822308332,Uevld,FALSE,FALSE,FALSE,FALSE,0.03277573486672273,FALSE,FALSE,0.008063453869968634
Noc3l,0.0025107609974925893,0.9915593581171284,0.07726279091848465,0.7438343021973431,-0.018330215542369466,0.9639196569286287,Noc3l,FALSE,FALSE,FALSE,FALSE,0.0327012558194489,FALSE,FALSE,0.008043315666698629
Phkb,0.007202720236730187,0.9628376276257795,0.047866375368420755,0.7505641650802822,-0.04294135037083269,0.8414764610206322,Phkb,FALSE,FALSE,FALSE,FALSE,0.03267014865866121,FALSE,FALSE,0.00803490467931325
Snupn,-0.03675137050363242,0.8550154602398083,0.011828690721656265,0.9570023458030545,-0.04892494106844847,0.8680444900924768,Snupn,FALSE,FALSE,FALSE,FALSE,0.03250166743124572,FALSE,FALSE,0.007989349461717641
Crnkl1,-0.006056333469508957,0.9715059531828109,0.006922983394104243,0.9683350518011496,-0.08441041615125666,0.6765392028715754,Crnkl1,FALSE,FALSE,FALSE,FALSE,0.032463244338289954,FALSE,FALSE,0.007978960337735421
Zfp1,-0.02908411618245621,0.8803252129201155,-0.06345730257361959,0.7375753377592498,0.004665530814537355,0.987007007124099,Zfp1,FALSE,FALSE,FALSE,FALSE,0.03240231652353772,FALSE,FALSE,0.007962486218326154
Nedd4,-0.0019082807184709338,0.9885205236558865,-0.05629765916685514,0.677045277132317,-0.038961900955738926,0.8426818235002771,Nedd4,FALSE,FALSE,FALSE,FALSE,0.032389280280355,FALSE,FALSE,0.007958961381144422
Pam,0.04240823589427478,0.8328780343588346,0.014107216400839562,0.9509268200092391,-0.04040717182047082,0.8979675837268537,Pam,FALSE,FALSE,FALSE,FALSE,0.032307541371861724,FALSE,FALSE,0.007936860202161104
Fbxw11,0.02498170074280459,0.8488731316952847,0.06064763522170047,0.6445614016257643,0.011067136652295417,0.9609730014174996,Fbxw11,FALSE,FALSE,FALSE,FALSE,0.03223215753893349,FALSE,FALSE,0.007916477356161486
CAAA01147332.1,-0.04597449436216339,0.9070651432640913,-0.037632250818107504,0.9240924464309581,0.01306932412477435,0.9817462572109429,CAAA01147332.1,FALSE,FALSE,FALSE,FALSE,0.03222535643501508,FALSE,FALSE,0.007914638422687139
Tbl2,-0.04425565395015951,0.8163777744807458,0.015123190785095275,0.9435046009359409,-0.03718170345182781,0.9009290478891588,Tbl2,FALSE,FALSE,FALSE,FALSE,0.032186849395694196,FALSE,FALSE,0.00790422660065726
Adck2,-0.03597699220054551,0.8615856698243141,-0.00211760110237158,0.9917836592558158,-0.05837719384268247,0.8432135897879016,Adck2,FALSE,FALSE,FALSE,FALSE,0.032157262381866523,FALSE,FALSE,0.007896226642005488
6030458C11Rik,0.034431580610872814,0.8481675916275203,-0.05264008386586205,0.7775709586798314,-0.00917542628925272,0.9753058324761829,6030458C11Rik,FALSE,FALSE,FALSE,FALSE,0.03208236358866253,FALSE,FALSE,0.007875974944683494
Ccdc159,-0.04748699289273928,0.8733298430977592,0.03845816623604037,0.8984292323025337,-0.010182074915076722,0.981872477972119,Ccdc159,FALSE,FALSE,FALSE,FALSE,0.032042411347952125,FALSE,FALSE,0.007865172358265327
Ifngr1,0.00331547857597414,0.9834917455015093,0.02808067416070159,0.8655172189277051,0.06449325481056789,0.7618521586830532,Ifngr1,FALSE,FALSE,FALSE,FALSE,0.031963135849081205,FALSE,FALSE,0.007843737254447149
Plxna1,-0.01463001661640373,0.9491466864294082,-0.0029126450031755624,0.9892279679695519,0.07834049595357317,0.7934233043066964,Plxna1,FALSE,FALSE,FALSE,FALSE,0.03196105252438416,FALSE,FALSE,0.007843173949494115
Wdr3,-0.025096528990535383,0.8979700126267609,0.04574750491322099,0.8173954428888863,-0.024987826321784645,0.934080055478921,Wdr3,FALSE,FALSE,FALSE,FALSE,0.03194395340851367,FALSE,FALSE,0.007838550562330324
Pls1,0.06687198553765494,0.6959603792131347,-0.018033377039536447,0.9261295396164604,0.01079260146129446,0.9703171669614905,Pls1,FALSE,FALSE,FALSE,FALSE,0.03189932134616195,FALSE,FALSE,0.007826482610645955
Kif1b,0.03371502032680418,0.8209760429125968,0.0422358079190861,0.7897011709081826,0.019380670799201027,0.9361739029450005,Kif1b,FALSE,FALSE,FALSE,FALSE,0.03177716634836377,FALSE,FALSE,0.007793453426383404
Rbak,0.023026820471426568,0.8786569610269255,0.0028809706442105565,0.9853747491583585,-0.06937781490199457,0.7255789235387619,Rbak,FALSE,FALSE,FALSE,FALSE,0.0317618686725439,FALSE,FALSE,0.007789317126088282
Smarce1,0.009753830449950485,0.9477633038610763,-0.02411181942420093,0.8728684962141573,-0.061214533264935866,0.748960791640454,Smarce1,FALSE,FALSE,FALSE,FALSE,0.03169339437969576,FALSE,FALSE,0.0077708025333454965
Cnot1,-0.0203930631458622,0.9026983910221476,-0.017918474462268463,0.9186321164515572,-0.05662633737684786,0.8034181599254954,Cnot1,FALSE,FALSE,FALSE,FALSE,0.031645958328326174,FALSE,FALSE,0.007757976418085255
Rcc1l,0.052370868585673414,0.8491178782293864,-0.011858242183179879,0.9691806255519286,-0.030368543728544584,0.945701908359968,Rcc1l,FALSE,FALSE,FALSE,FALSE,0.03153255149913262,FALSE,FALSE,0.007727312629246635
Dst,-0.06510078617998438,0.6522178962308395,-0.004464700700273383,0.9798816543002445,0.024973814613250767,0.920131005887114,Dst,FALSE,FALSE,FALSE,FALSE,0.03151310049783618,FALSE,FALSE,0.007722053321666172
Ehbp1,0.0059674643686635775,0.9665709118684602,0.06307690980286385,0.6339856567426926,0.02532965246753438,0.9031244502444933,Ehbp1,FALSE,FALSE,FALSE,FALSE,0.03145800887968727,FALSE,FALSE,0.00770715723685621
Zfyve21,0.012498846025057908,0.9466217865154063,-0.061802803348056656,0.7260984285256967,-0.019987511716179185,0.9433481053506453,Zfyve21,FALSE,FALSE,FALSE,FALSE,0.031429720363097914,FALSE,FALSE,0.007699508375624288
Tusc2,0.04069626733159737,0.8450786438329377,0.014928481367529223,0.948313157449703,-0.03863086408532901,0.9044011772078193,Tusc2,FALSE,FALSE,FALSE,FALSE,0.03141853759481853,FALSE,FALSE,0.007696484694884876
Sf3a1,-0.050935705311889734,0.726036438774396,-2.1404716272499513e-4,0.9987761116764836,-0.04300709477848752,0.8464790669780483,Sf3a1,FALSE,FALSE,FALSE,FALSE,0.03138561575103408,FALSE,FALSE,0.007687583039903751
Mtus1,-0.03808831300898241,0.8218118797567512,0.03824184819553711,0.8318517477965436,-0.017752370697268205,0.949550045250608,Mtus1,FALSE,FALSE,FALSE,FALSE,0.031360843967262575,FALSE,FALSE,0.007680885059260724
Dpp8,0.023847036596939652,0.8369694763428169,0.026184295640706345,0.8321323751297399,-0.043977239175542415,0.786939508443944,Dpp8,FALSE,FALSE,FALSE,FALSE,0.03133619047106281,FALSE,FALSE,0.007674219062098303
Gm11752,0.009513948470578681,0.9885205236558865,0.06754811180232939,0.9214343148834708,0.01671012738750105,0.986647693216973,Gm11752,FALSE,FALSE,FALSE,FALSE,0.03125739588680304,FALSE,FALSE,0.007652913991578743
Iah1,0.040539242541062226,0.8966581700942374,0.04630042838942616,0.8834417142577972,0.006888510428152639,0.988120843995933,Iah1,FALSE,FALSE,FALSE,FALSE,0.03124272711954701,FALSE,FALSE,0.007648947740296872
Ccdc174,0.03951631482152074,0.8175214074583759,0.05222267043348694,0.7657765098525056,0.0016473945471133788,0.9946967334510257,Ccdc174,FALSE,FALSE,FALSE,FALSE,0.031128793267373684,FALSE,FALSE,0.007618141451033191
Jak1,0.028147994242091023,0.7941864246681385,0.030087222965629934,0.7962672342616983,-0.03502091991812151,0.8250796698268446,Jak1,FALSE,FALSE,FALSE,FALSE,0.031085379041947487,FALSE,FALSE,0.007606402787228482
Trim32,-0.03741906069069145,0.7977168860597718,-0.03365191355405095,0.8297465202647845,0.022162535362609148,0.9254249867141772,Trim32,FALSE,FALSE,FALSE,FALSE,0.03107783653578385,FALSE,FALSE,0.007604363387855795
Ncor1,0.036874196207803855,0.7688800558324689,0.04676674551462057,0.7217439263141449,0.009373957829696522,0.9670708066057202,Ncor1,FALSE,FALSE,FALSE,FALSE,0.03100496651737365,FALSE,FALSE,0.00758466024587496
Bace1,-0.015092193767978657,0.9351757238072139,5.414525357823052e-4,0.9977002913849227,0.07666657682848044,0.7473680811939173,Bace1,FALSE,FALSE,FALSE,FALSE,0.030766741044080465,FALSE,FALSE,0.0075202470561139155
Olig1,0.005667374318620966,0.9928888452503587,-0.08198367436887341,0.902588536138873,0.004613158402126866,0.9958136259774507,Olig1,FALSE,FALSE,FALSE,FALSE,0.030754735696540414,FALSE,FALSE,0.007517000960226039
Entpd5,0.022362567781076592,0.8946282996740045,-0.030823264462586764,0.8579138441675312,-0.038711359665556166,0.8741731036079976,Entpd5,FALSE,FALSE,FALSE,FALSE,0.030632397303073173,FALSE,FALSE,0.007483922188067325
Pgm3,0.009836002711060665,0.9621134824049895,-0.061397502799336756,0.7599152457660783,-0.02063348026222034,0.9485308026156166,Pgm3,FALSE,FALSE,FALSE,FALSE,0.030622328590872588,FALSE,FALSE,0.007481199734164054
Hc,0.006341444576668853,0.9908167757665236,0.003942327794000944,0.9940961273865506,0.08151869271866863,0.9238469057095813,Hc,FALSE,FALSE,FALSE,FALSE,0.03060082169644614,FALSE,FALSE,0.007475384538783347
Akap8,-0.03409280067162168,0.7994968381486598,0.03708484284713176,0.7950893985135867,-0.02047317440560814,0.9254249867141772,Akap8,FALSE,FALSE,FALSE,FALSE,0.030550272641453862,FALSE,FALSE,0.007461716706261289
Sptbn1,-0.03471757452024171,0.7956658998870397,-0.05220024140937696,0.7081261440288927,-0.004631041004616421,0.9830524834077203,Sptbn1,FALSE,FALSE,FALSE,FALSE,0.03051628564474503,FALSE,FALSE,0.007452527047245606
Rgs9,-0.0563789543516906,0.8219145930130007,0.03057411255922915,0.9096707566535972,0.004068610789768279,0.9912594550106479,Rgs9,FALSE,FALSE,FALSE,FALSE,0.030340559233562676,FALSE,FALSE,0.0074050128225363705
Trak2,0.0013177697126645072,0.9931358034090481,-0.030552859148460065,0.851990126759122,0.05902907675958513,0.7842715445684607,Trak2,FALSE,FALSE,FALSE,FALSE,0.0302999018735699,FALSE,FALSE,0.007394019580679424
Mapk10,-0.03016176968829587,0.854259144084631,0.03748718230284265,0.8305600803544603,-0.023114942085142864,0.9308707838816256,Mapk10,FALSE,FALSE,FALSE,FALSE,0.03025463135876046,FALSE,FALSE,0.007381778999432212
Riok3,0.058228128631644616,0.6175229781291639,-0.004892137568979216,0.9724747165864035,0.027613348258709536,0.8849391110914909,Riok3,FALSE,FALSE,FALSE,FALSE,0.030244538153111122,FALSE,FALSE,0.007379049922806607
Ppcs,0.003408398636552512,0.9875022336594274,-0.0614462154499722,0.7795174263948295,0.02570481554159887,0.9387785308827091,Ppcs,FALSE,FALSE,FALSE,FALSE,0.030186476542707858,FALSE,FALSE,0.007363350789220945
Cep85,-0.06181809094787294,0.7755909426883453,0.0016147522472067521,0.9940136680777225,-0.026764250396456468,0.938907882023053,Cep85,FALSE,FALSE,FALSE,FALSE,0.030065697863845386,FALSE,FALSE,0.007330693744392317
Thap4,0.06039085368791319,0.7261406382413431,-0.01493931337030796,0.9392114696671224,-0.014651381128432117,0.9614677600542052,Thap4,FALSE,FALSE,FALSE,FALSE,0.02999384939555109,FALSE,FALSE,0.007311266816791736
Rbm43,0.013350705679218144,0.942455569745003,0.011269618266808834,0.9529403133170532,-0.06520961586486518,0.7839033333427435,Rbm43,FALSE,FALSE,FALSE,FALSE,0.029943313270297384,FALSE,FALSE,0.007297602480309345
Txndc12,-0.0010989320750267595,0.9938368010036847,0.0451894320986197,0.760229595261023,0.043500750380287556,0.8340184405674306,Txndc12,FALSE,FALSE,FALSE,FALSE,0.02992970485131134,FALSE,FALSE,0.007293922933943549
Ppfibp1,0.04836247877083011,0.7582718511200082,0.026903980976336506,0.8769657769140891,-0.0139260665351717,0.9601809141617176,Ppfibp1,FALSE,FALSE,FALSE,FALSE,0.02973084209411277,FALSE,FALSE,0.007240152930514606
Scaf8,-0.012048330399087703,0.9285780040939375,0.06854654044494168,0.5884727130028171,0.008247793372026635,0.9692527582689531,Scaf8,FALSE,FALSE,FALSE,FALSE,0.02961422140535201,FALSE,FALSE,0.00720862015422764
Tmc3,-0.03809609351444365,0.9218066773543658,0.027425579802262234,0.944863613634565,-0.02321969696579851,0.9690565592363042,Tmc3,FALSE,FALSE,FALSE,FALSE,0.0295804567608348,FALSE,FALSE,0.007199490616464797
Mief1,-0.018513267145489287,0.9161513862652888,0.015506188785169961,0.9322956179012569,-0.054658576234522194,0.8171979380423273,Mief1,FALSE,FALSE,FALSE,FALSE,0.029559344055060482,FALSE,FALSE,0.007193782004767607
Stau2,0.0240115530802143,0.9079752144443256,0.04966643696171147,0.8115014529003158,-0.01492689592526375,0.965741105261516,Stau2,FALSE,FALSE,FALSE,FALSE,0.029534961989063174,FALSE,FALSE,0.007187189398938598
Zfp410,-0.02698526603050322,0.8539988703181723,0.00958429236112579,0.9532535306953184,-0.0519607356760412,0.7992157107143911,Zfp410,FALSE,FALSE,FALSE,FALSE,0.029510098022556736,FALSE,FALSE,0.007180466493236485
Trim25,0.019968720014979624,0.8883804977561187,-0.04483412504116835,0.7540610681807652,-0.02345901820307983,0.9141851175332956,Trim25,FALSE,FALSE,FALSE,FALSE,0.029420621086409266,FALSE,FALSE,0.00715627304831378
Mtrr,-0.019853559412399413,0.9087871297721845,0.008551740833558696,0.9625712852812645,-0.0594852429472601,0.7948121390962244,Mtrr,FALSE,FALSE,FALSE,FALSE,0.029296847731072734,FALSE,FALSE,0.007122806280405038
Ikbkg,0.06314963478832603,0.606297121124431,-0.006981701251382866,0.9623007156814386,-0.01678169925978068,0.9365508379727022,Ikbkg,FALSE,FALSE,FALSE,FALSE,0.028971011766496524,FALSE,FALSE,0.0070347043090789475
Nvl,0.07621702025947208,0.6461005003684941,0.008317621916342333,0.966661166888352,-0.00236405845560661,0.9928339410985901,Nvl,FALSE,FALSE,FALSE,FALSE,0.028966233543807007,FALSE,FALSE,0.00703341233739949
Zbtb5,-0.016813203297525448,0.9253011619654473,0.052075616259178226,0.7651356135541912,-0.017766473454918774,0.9490386880259917,Zbtb5,FALSE,FALSE,FALSE,FALSE,0.028885097670540816,FALSE,FALSE,0.007011474211602625
Zfp369,0.03417598556855417,0.8439726348219005,0.034256225378549665,0.8507827865075759,0.018138042571596458,0.9488359364521712,Zfp369,FALSE,FALSE,FALSE,FALSE,0.028856751172900097,FALSE,FALSE,0.007003809673019275
Cux1,0.03969709894912299,0.8168583397129657,0.01445664859688911,0.9401684026673452,-0.03222392756866643,0.9050521467595347,Cux1,FALSE,FALSE,FALSE,FALSE,0.02879255837155951,FALSE,FALSE,0.006986452742054317
Tnrc6a,-0.04696709602206184,0.7412867823466421,0.015384987648858761,0.9232675946724149,0.02365692660748664,0.9204418674145185,Tnrc6a,FALSE,FALSE,FALSE,FALSE,0.028669670092802413,FALSE,FALSE,0.006953225287787714
Amer1,0.010034388536774852,0.9700287891620235,0.05167366182845878,0.8386524658038499,0.024063229122797125,0.9516881841369234,Amer1,FALSE,FALSE,FALSE,FALSE,0.028590426496010252,FALSE,FALSE,0.006931798809892803
Kcmf1,0.014469199465936278,0.9174831664404683,0.05510445656626661,0.680987934980521,0.016014383800577292,0.9408306343998061,Kcmf1,FALSE,FALSE,FALSE,FALSE,0.028529346610926726,FALSE,FALSE,0.006915283572567087
Gm11734,0.020519198705016395,0.9608908006792275,0.012396756702038214,0.9774569122878872,-0.052471271020794186,0.9337036850760244,Gm11734,FALSE,FALSE,FALSE,FALSE,0.02846240880928293,FALSE,FALSE,0.006897184427837243
Ubr5,-0.05956739822873125,0.6143281210958628,0.02317145976257784,0.8653606664262735,-0.0025017065913566228,0.9901796608639275,Ubr5,FALSE,FALSE,FALSE,FALSE,0.028413521527555236,FALSE,FALSE,0.00688396591803098
Fkbp15,-0.025921533718483936,0.8419660537807193,-0.05594873563835545,0.6675602429089323,0.0032059685390875003,0.9874564486400245,Fkbp15,FALSE,FALSE,FALSE,FALSE,0.028358745965308962,FALSE,FALSE,0.006869155290785862
Cdc25a,0.00471779644835113,0.9809806318227161,-0.04428151835373839,0.8262631180585953,-0.03607405640116568,0.903169279293507,Cdc25a,FALSE,FALSE,FALSE,FALSE,0.028357790401085065,FALSE,FALSE,0.006868896918165873
Pex7,0.03854475638035382,0.8261073225526435,0.015070444869218491,0.9383426533163334,-0.031190156818742487,0.9084788632421901,Pex7,FALSE,FALSE,FALSE,FALSE,0.028268452689438266,FALSE,FALSE,0.0068447411178076106
Pik3cg,-0.022777985867457717,0.9440242896807219,0.028303323888933196,0.9293978949527539,0.0334324524260321,0.9437964359422066,Pik3cg,FALSE,FALSE,FALSE,FALSE,0.02817125406080767,FALSE,FALSE,0.006818459823771559
Abhd17c,-0.07372758535540624,0.7228612791795048,0.009469823087948193,0.9680494534362097,-0.0011357699182954484,0.9965517213952446,Abhd17c,FALSE,FALSE,FALSE,FALSE,0.028111059453883296,FALSE,FALSE,0.0068021839545926175
Nom1,-0.001836860778682059,0.9893908435516102,0.07993130880814991,0.5565253621846682,0.0022505520133746515,0.9913286600395865,Nom1,FALSE,FALSE,FALSE,FALSE,0.02800624053340221,FALSE,FALSE,0.006773842228906604
Zbtb25,0.046844020790703045,0.8182151864725161,-0.030944494334611772,0.8866624061289303,0.005776354703606046,0.9850830907354353,Zbtb25,FALSE,FALSE,FALSE,FALSE,0.027854956609640286,FALSE,FALSE,0.00673293694722382
Ddx42,-0.038044564333761244,0.771034052743557,-0.029722935996737476,0.8345360084605521,0.01572525316378659,0.9425914928571756,Ddx42,FALSE,FALSE,FALSE,FALSE,0.027830917831428437,FALSE,FALSE,0.006726437162120328
Ckap5,0.042645945332940194,0.7466429711425173,0.03364779043012245,0.8174928815921367,0.007063208842659208,0.97549333794473,Ckap5,FALSE,FALSE,FALSE,FALSE,0.027785648201907282,FALSE,FALSE,0.006714196820244001
Dido1,-0.06461544626028282,0.6310962927342219,0.008425433779493119,0.9587402038115811,-0.010273419637490733,0.9674806741726476,Dido1,FALSE,FALSE,FALSE,FALSE,0.027771433225755555,FALSE,FALSE,0.0067103532684035854
Sod2,-0.062116750194066483,0.637443530457137,-0.010762126036694575,0.9457216487369564,0.010276930302576481,0.9670708066057202,Sod2,FALSE,FALSE,FALSE,FALSE,0.02771860217777918,FALSE,FALSE,0.006696068413507362
Trappc11,0.07178253935898304,0.5138786736500255,-0.0062705292200977425,0.9632062155822276,0.0041413553642186685,0.9827650500887918,Trappc11,FALSE,FALSE,FALSE,FALSE,0.02739814131443315,FALSE,FALSE,0.006609419802356144
Qrich1,-0.04509835012058705,0.7558465353989141,0.004880895407922914,0.9771072322773872,0.03179005994685813,0.8897943050158532,Qrich1,FALSE,FALSE,FALSE,FALSE,0.027256435158456032,FALSE,FALSE,0.006571104229344232
Dnajc13,-0.0064528573434143865,0.9611581704890443,0.016905343703511377,0.8999158369190376,0.057833139561709324,0.734817723572929,Dnajc13,FALSE,FALSE,FALSE,FALSE,0.027063780202878363,FALSE,FALSE,0.006519012737865663
Ppp1r12b,0.0063734073606678265,0.9721933262056326,0.06523353350569039,0.6982551619162,0.009235097287721317,0.9729700390588504,Ppp1r12b,FALSE,FALSE,FALSE,FALSE,0.026947346051359844,FALSE,FALSE,0.0064875303989169715
Pdk3,0.013002337019577759,0.9435049947885501,0.01931765779912542,0.9159366344120757,0.04832810107507779,0.8445246801033858,Pdk3,FALSE,FALSE,FALSE,FALSE,0.026882698631260322,FALSE,FALSE,0.006470050544723093
Huwe1,-0.040244432954477105,0.803856296060817,0.009457523467554907,0.9593131050005839,-0.030811906970908964,0.9046923010525015,Huwe1,FALSE,FALSE,FALSE,FALSE,0.026837954464313658,FALSE,FALSE,0.0064579522813577464
Lancl2,0.02577014353233409,0.8488731316952847,-0.01987520533896081,0.8906888258678177,0.03464960002495765,0.8631390393801527,Lancl2,FALSE,FALSE,FALSE,FALSE,0.026764982965417516,FALSE,FALSE,0.00643822170032219
Zfp862-ps,-0.03506290424688441,0.8610914806216803,-0.009396472028998737,0.96646171554254,-0.0355460934565075,0.9071726619101126,Zfp862-ps,FALSE,FALSE,FALSE,FALSE,0.026668489910796882,FALSE,FALSE,0.006412131184677574
Tanc2,0.002050224535359746,0.9908167757665236,0.07365080820325076,0.6852650263389148,0.004238535587616887,0.988120843995933,Tanc2,FALSE,FALSE,FALSE,FALSE,0.02664652277540913,FALSE,FALSE,0.0064061915458947126
Col12a1,-0.005545911483864074,0.9937370840094825,-0.0606381492832444,0.9381304621102886,-0.013043670079092351,0.9901796608639275,Col12a1,FALSE,FALSE,FALSE,FALSE,0.026409243615400275,FALSE,FALSE,0.006342034227415249
Rpl6l,-0.04548090237377027,0.9234402964357723,0.0064441236960101275,0.9882212661135092,0.026863902158535284,0.9699942959686968,Rpl6l,FALSE,FALSE,FALSE,FALSE,0.026262976076105227,FALSE,FALSE,0.0063024853133791005
Arap3,-0.003423780841254942,0.9928888452503587,0.007310621150077745,0.9853747491583585,0.06762981774571131,0.9051000094912823,Arap3,FALSE,FALSE,FALSE,FALSE,0.026121406579014666,FALSE,FALSE,0.006264206691221648
Kdm2a,0.0032712409746933346,0.982618839071238,0.02825745499997545,0.8550801040540479,0.04596695046066657,0.826418259206848,Kdm2a,FALSE,FALSE,FALSE,FALSE,0.025831882145111784,FALSE,FALSE,0.006185922903834673
Il18r1,-0.001060458590443375,0.9987090097496838,0.013775398108932052,0.9853747491583585,-0.062435775038835295,0.9583111755761053,Il18r1,FALSE,FALSE,FALSE,FALSE,0.025757210579403573,FALSE,FALSE,0.0061657326459868145
Wars2,0.010168405119083346,0.9721933262056326,0.013469579413372568,0.9629776916769931,-0.05354175156689278,0.8935943976413897,Wars2,FALSE,FALSE,FALSE,FALSE,0.025726578699782898,FALSE,FALSE,0.006157450168687187
Rprd1a,-0.00838139797588866,0.9506467332372138,-0.010121238780525843,0.9430094073196065,-0.058600751562551956,0.7340760635387051,Rprd1a,FALSE,FALSE,FALSE,FALSE,0.025701129439655485,FALSE,FALSE,0.006150569006907112
Gm6297,0.06180176448158681,0.9020331213596974,-0.00387219151239393,0.9936408291678288,-0.011197006152921851,0.9881042059930285,Gm6297,FALSE,FALSE,FALSE,FALSE,0.02562365404896753,FALSE,FALSE,0.00612962062983724
Cbx1,0.020464974808826142,0.9068066710460227,0.04407384953121518,0.8018037856128933,-0.011430089417922673,0.9680956045254354,Cbx1,FALSE,FALSE,FALSE,FALSE,0.025322971252654664,FALSE,FALSE,0.006048319760752824
Zfp239,0.014270525747422269,0.945814376067984,-0.033108189939664356,0.8729325978184398,0.028425552080408867,0.9260668732862938,Zfp239,FALSE,FALSE,FALSE,FALSE,0.025268089255831832,FALSE,FALSE,0.006033480354928815
Gm15417,0.05340620016144815,0.8978816938872811,-0.015490206492126957,0.9721903862214971,0.006748425043115791,0.9907500529601377,Gm15417,FALSE,FALSE,FALSE,FALSE,0.025214943898896964,FALSE,FALSE,0.006019110514819605
Robo1,-1.002332051882604e-4,0.999506118097698,0.054620897980028005,0.7636732883036986,0.020473936454416197,0.9430426570598229,Robo1,FALSE,FALSE,FALSE,FALSE,0.025065022546544153,FALSE,FALSE,0.00597857365541142
Fam118a,0.043173998915224665,0.8046730577987786,0.01262049054425507,0.9492086314580075,0.0192972561530107,0.9471414168427535,Fam118a,FALSE,FALSE,FALSE,FALSE,0.025030581870830144,FALSE,FALSE,0.005969261327264485
Thumpd2,-0.012306327399957517,0.9728090369237448,7.740470814017186e-4,0.9981597437078088,-0.0608266552274106,0.9041100524624835,Thumpd2,FALSE,FALSE,FALSE,FALSE,0.024635676569589943,FALSE,FALSE,0.005862483870786847
Gm44699,-0.011700013487487726,0.988520560761655,0.013978082658142654,0.986684853912154,0.048170842189855845,0.9703171669614905,Gm44699,FALSE,FALSE,FALSE,FALSE,0.02461631277849541,FALSE,FALSE,0.005857248143754708
Agl,0.011236125185745571,0.9575521659928596,-0.04292169740224683,0.8390951856955604,-0.019427400206489587,0.9528063179104878,Agl,FALSE,FALSE,FALSE,FALSE,0.024528407598160662,FALSE,FALSE,0.005833479681954183
Gmpr2,-0.04721879354370717,0.8765253317262869,0.001137470263139706,0.9970223517977368,0.02498813440202019,0.9592666996925733,Gmpr2,FALSE,FALSE,FALSE,FALSE,0.024448132736289024,FALSE,FALSE,0.005811774362874322
Hira,-0.015640430253910598,0.9568626152808558,-0.025968224075141322,0.929348685155057,0.0317305866954678,0.9412518702728205,Hira,FALSE,FALSE,FALSE,FALSE,0.024446413674839906,FALSE,FALSE,0.005811309550149628
Hmg20a,-0.026468536373819518,0.8812406008392932,-0.0309872741087025,0.8657283681631889,0.01515793526803666,0.9586602010760729,Hmg20a,FALSE,FALSE,FALSE,FALSE,0.02420458191685289,FALSE,FALSE,0.005745921266091971
Macf1,0.0432055049179052,0.7281990842227601,0.02561280447504366,0.85249596877973,0.003639966159466823,0.9856077629477604,Macf1,FALSE,FALSE,FALSE,FALSE,0.024152758517471895,FALSE,FALSE,0.005731908866778643
Zeb1,0.07067650632574107,0.5946333932472736,0.0011252107529111655,0.9936408291678288,5.865998224585667e-4,0.9975661282236203,Zeb1,FALSE,FALSE,FALSE,FALSE,0.024129438967036936,FALSE,FALSE,0.00572560355187447
Cyfip1,-0.04047163797017106,0.7326291460049549,0.017593801878648563,0.8940625581402567,-0.014297802659482883,0.9432010126571673,Cyfip1,FALSE,FALSE,FALSE,FALSE,0.024121080836100834,FALSE,FALSE,0.005723343617759984
Natd1,-0.05395325626499181,0.8527738080803908,0.007695496834948301,0.9808435983780279,0.010291025236301543,0.9817057028990995,Natd1,FALSE,FALSE,FALSE,FALSE,0.023979926112080552,FALSE,FALSE,0.005685177145055377
4930402H24Rik,-0.044440822276285985,0.7548204125078137,-0.014008942845021188,0.9303278967126183,0.012980857676481605,0.9583078940668376,4930402H24Rik,FALSE,FALSE,FALSE,FALSE,0.023810207599262927,FALSE,FALSE,0.0056392873809551726
Med1,0.020886803209950067,0.8722145858668351,0.04098200549909503,0.7558121940129418,0.0094029555750339,0.9669037809700132,Med1,FALSE,FALSE,FALSE,FALSE,0.023757254761359665,FALSE,FALSE,0.005624969595585297
Skap1,0.007004261727290628,0.9885205236558865,0.005488493177549403,0.9907342976464008,0.05850763412539206,0.9369141997487906,Skap1,FALSE,FALSE,FALSE,FALSE,0.023666796343410696,FALSE,FALSE,0.005600510770253634
Aamdc,0.01449118258883031,0.9478992768557705,-0.004478678268565517,0.9845530785231784,-0.05146607011114135,0.8675185310423398,Aamdc,FALSE,FALSE,FALSE,FALSE,0.02347864365617906,FALSE,FALSE,0.005549636635849936
Sec31a,0.04521361395549839,0.7814119999699551,-0.014418307521538942,0.9383725037711669,-0.010751728021028306,0.9692527582689531,Sec31a,FALSE,FALSE,FALSE,FALSE,0.023461216499355213,FALSE,FALSE,0.005544924550513418
Kdm5b,-0.03019397535170132,0.7903154263170158,0.02318675362876199,0.8515462942269872,-0.01697745364066172,0.927918118166699,Kdm5b,FALSE,FALSE,FALSE,FALSE,0.02345272754037501,FALSE,FALSE,0.005542629242131378
Plekhm3,-0.016393987622611128,0.9257340885058463,0.04899531739128005,0.7780309947583437,0.004007805552648236,0.9879742609839856,Plekhm3,FALSE,FALSE,FALSE,FALSE,0.02313237018884647,FALSE,FALSE,0.0054560086192815375
Cnksr3,-0.06182741461842012,0.817629546824355,0.005929205615310629,0.984131543830274,-8.299686112773763e-4,0.9980188469276462,Cnksr3,FALSE,FALSE,FALSE,FALSE,0.022862196281669373,FALSE,FALSE,0.0053829569724072185
Zfp280b,-0.03868211940802979,0.8311315414206716,-0.014950229729579156,0.9399613685819036,0.012996902261906307,0.9669037809700132,Zfp280b,FALSE,FALSE,FALSE,FALSE,0.022209750466505085,FALSE,FALSE,0.0052065437806523
Lta4h,-0.018960297826845718,0.9119504417316059,-0.011114461907039797,0.9516860807117151,-0.03653014924489906,0.882278110317206,Lta4h,FALSE,FALSE,FALSE,FALSE,0.022201636326261525,FALSE,FALSE,0.005204349818570785
Lrrc52,-0.003943536012196713,0.9955994460445872,0.017011644324394504,0.9826311089050495,-0.04552739399596101,0.968873768739113,Lrrc52,FALSE,FALSE,FALSE,FALSE,0.02216085811085074,FALSE,FALSE,0.005193323898919703
Atp9b,0.02485981265848025,0.8328557837434486,0.030266086532154013,0.8088012624461236,-0.009991530987819353,0.9609730014174996,Atp9b,FALSE,FALSE,FALSE,FALSE,0.021705810059484538,FALSE,FALSE,0.005070284594693108
Wdr48,0.03697094649662169,0.8027845825709766,0.010934075936530618,0.9477376772432287,-0.015843293598615915,0.9488555570407582,Wdr48,FALSE,FALSE,FALSE,FALSE,0.021249438677256077,FALSE,FALSE,0.0049468874783452094
Ngrn,0.014622131856824261,0.9149814098589731,0.0235930229968897,0.865075252178035,-0.02478453398121072,0.9029953454455604,Ngrn,FALSE,FALSE,FALSE,FALSE,0.020999896278308228,FALSE,FALSE,0.00487941433336767
Lrpprc,0.057334791921174855,0.6293446382068589,-0.00480227372245956,0.9734116562442177,7.370598065072897e-4,0.9962685492673117,Lrpprc,FALSE,FALSE,FALSE,FALSE,0.0209580418167139,FALSE,FALSE,0.004868097410203438
Arid1b,-0.015525303727824458,0.9271157056173112,0.02767953530632017,0.8737442540023469,0.019482456457107666,0.9412518702728205,Arid1b,FALSE,FALSE,FALSE,FALSE,0.020895765163750763,FALSE,FALSE,0.004851258581804678
Gmeb2,0.011451958076854396,0.9469078496461142,0.019929820228121287,0.9074315686361326,-0.031025452454330527,0.900583645595518,Gmeb2,FALSE,FALSE,FALSE,FALSE,0.02080241025310207,FALSE,FALSE,0.004826016581058019
Crtc2,3.156188050601472e-5,0.999888119139624,0.0392458121331658,0.8733287868848558,0.022895672506867637,0.9523174754691905,Crtc2,FALSE,FALSE,FALSE,FALSE,0.020724348840179818,FALSE,FALSE,0.004804909750902253
Cyp4v3,-0.023265353446866754,0.9081630137162336,0.012067839340203612,0.954850703362207,0.02673114220810735,0.9301326179938325,Cyp4v3,FALSE,FALSE,FALSE,FALSE,0.02068811166505924,FALSE,FALSE,0.004795111671775033
Ddo,-0.020011293675509023,0.9226765025211753,0.015243793526158456,0.9435046009359409,-0.026438569657827315,0.9332987033616144,Ddo,FALSE,FALSE,FALSE,FALSE,0.020564552286498266,FALSE,FALSE,0.004761702760511334
Htt,-0.031380933874369354,0.8285905052267287,0.010897698590130567,0.9469225150241932,0.018593677086764515,0.936770172268695,Htt,FALSE,FALSE,FALSE,FALSE,0.02029076985042148,FALSE,FALSE,0.004687675412535194
Nsd1,-0.030373226652447904,0.8029707381905552,-0.01115805796374314,0.9347742278051466,-0.01926516098873421,0.9233321711285933,Nsd1,FALSE,FALSE,FALSE,FALSE,0.020265481868308417,FALSE,FALSE,0.004680837858313955
Ube2e1,-0.032713875363820755,0.8297431738817868,-0.012040708682856227,0.9426136439222846,-0.016006027129892964,0.9483326646949312,Ube2e1,FALSE,FALSE,FALSE,FALSE,0.020253537058856647,FALSE,FALSE,0.004677608131168321
Ube2n,-0.01615233623639245,0.9166003002854625,-0.022276562736900374,0.8874806215289917,-0.021428441820699362,0.9277681321383151,Ube2n,FALSE,FALSE,FALSE,FALSE,0.01995244693133073,FALSE,FALSE,0.004596197124816219
Golgb1,-0.020903449780099947,0.903306710403295,-0.03370666359365515,0.8489786525090338,0.004917438142618025,0.9847544527698506,Golgb1,FALSE,FALSE,FALSE,FALSE,0.019842517172124374,FALSE,FALSE,0.004566473492232937
Tsen15,0.0025063868374295417,0.9883930212674147,-0.05318073919451427,0.7514682621695153,0.003636140286739753,0.9887284094523476,Tsen15,FALSE,FALSE,FALSE,FALSE,0.019774422106227856,FALSE,FALSE,0.004548061437716898
Tulp4,0.015390334448891707,0.9089922644429754,0.020392599067120543,0.8838689075693484,-0.02278661510737745,0.9097323162867696,Tulp4,FALSE,FALSE,FALSE,FALSE,0.019523182874463234,FALSE,FALSE,0.004480129490358955
Mre11a,0.008717892518188997,0.9685608990870875,0.04054438624755008,0.8508207258732684,-0.0077470832945802925,0.9812767460372922,Mre11a,FALSE,FALSE,FALSE,FALSE,0.019003120686773123,FALSE,FALSE,0.004339511176455975
Irf2bp2,-0.024113442006600927,0.8526952476799218,0.0027968081311469106,0.9847568724621412,0.029822987444524607,0.8797388443604395,Irf2bp2,FALSE,FALSE,FALSE,FALSE,0.018911079194090814,FALSE,FALSE,0.004314624307507502
Sri,-0.047380042984698,0.6437756297955918,-0.0051821242157021885,0.9665658378870856,-0.003532543071888661,0.9835144308273872,Sri,FALSE,FALSE,FALSE,FALSE,0.018698236757429616,FALSE,FALSE,0.0042570743735212725
Wdr31,-0.0294497878980593,0.9213621211712479,-0.007117869107988728,0.9818107795859259,0.01842515775573572,0.9682346250815639,Wdr31,FALSE,FALSE,FALSE,FALSE,0.018330938253927915,FALSE,FALSE,0.004157761450020914
Pcmt1,-0.030364444374431088,0.7963215845432813,0.007969946062145183,0.9529584704513279,0.01621822392094785,0.9337036850760244,Pcmt1,FALSE,FALSE,FALSE,FALSE,0.018184204785841374,FALSE,FALSE,0.004118086554664436
Tmem203,-0.020695903742798727,0.945814376067984,-0.009697449281355741,0.9752080810850566,-0.024047695477583897,0.959301037166555,Tmem203,FALSE,FALSE,FALSE,FALSE,0.01814701616724612,FALSE,FALSE,0.004108031217116301
Nhlrc2,-8.797887113178859e-4,0.9948233448362056,0.00800539649319365,0.9587402038115811,-0.04544184958761299,0.8167296301391461,Nhlrc2,FALSE,FALSE,FALSE,FALSE,0.018109011597374842,FALSE,FALSE,0.004097755256543887
Gramd1a,0.010294255897433935,0.9536536419482008,-0.019591917534268255,0.9130802680762017,-0.024427374266234203,0.9269782174922921,Gramd1a,FALSE,FALSE,FALSE,FALSE,0.01810451589931213,FALSE,FALSE,0.004096539675991485
Pcdhga5,-0.03429109214804171,0.9022080756043157,0.011710171104504674,0.9683815639506266,-0.007971849689242028,0.9843825118748687,Pcdhga5,FALSE,FALSE,FALSE,FALSE,0.017991037647262804,FALSE,FALSE,0.0040658565753055684
1700025G04Rik,-0.022382749194573393,0.922485600548607,-0.01736249848155591,0.9430094073196065,-0.014185417741021666,0.968873768739113,1700025G04Rik,FALSE,FALSE,FALSE,FALSE,0.017976888472383656,FALSE,FALSE,0.004062030815306632
Ddx19b,-0.018601079268745657,0.9140676309653469,0.004518799171485455,0.9805568407985608,-0.030579567677701647,0.9041100524624835,Ddx19b,FALSE,FALSE,FALSE,FALSE,0.017899815372644252,FALSE,FALSE,0.004041191212679937
Osbp,0.016272465954665805,0.9280070394153169,-0.004583203868627095,0.9813541906367171,0.03238400764148075,0.9041100524624835,Osbp,FALSE,FALSE,FALSE,FALSE,0.01774655915492455,FALSE,FALSE,0.003999752647367949
Alg2,0.0041366788968577595,0.9817669632929185,-0.013333035651927005,0.9461102658106595,0.033341446893374815,0.9038261855921822,Alg2,FALSE,FALSE,FALSE,FALSE,0.016937053814053193,FALSE,FALSE,0.003780872523368977
Etfrf1,0.01752567336216515,0.9251320683015571,0.03168103104043407,0.865075252178035,-0.0015252681597290874,0.9954055078022188,Etfrf1,FALSE,FALSE,FALSE,FALSE,0.016910657520776102,FALSE,FALSE,0.00377373529566473
Sgce,-0.03265465416917834,0.817629546824355,-0.0029890035899500234,0.9848019905188304,-0.014591785753275133,0.9505548486674656,Sgce,FALSE,FALSE,FALSE,FALSE,0.016745147837467833,FALSE,FALSE,0.0037289835464464362
Ddx6,0.041258989480521535,0.7750155972175784,0.00587973350955906,0.9719796761789126,0.0021332589472518038,0.992428319674086,Ddx6,FALSE,FALSE,FALSE,FALSE,0.0164239939791108,FALSE,FALSE,0.0036421475581078413
Gng12,0.025322155532418122,0.8630284973737933,0.02276996250468688,0.8841631230666537,-9.31827927831641e-4,0.9960124879643014,Gng12,FALSE,FALSE,FALSE,FALSE,0.01634131532164555,FALSE,FALSE,0.0036197922827509383
Kat6b,-0.008391350480163595,0.9516661757319491,-0.0039024558160800638,0.9792090510666531,0.03639241491976719,0.8511190888576822,Kat6b,FALSE,FALSE,FALSE,FALSE,0.01622874040533695,FALSE,FALSE,0.003589353432756105
Ntan1,0.019636847491227627,0.9181046587850028,-0.003419114155333247,0.9855771610883826,0.025345702056696062,0.9301326179938325,Ntan1,FALSE,FALSE,FALSE,FALSE,0.016133887901085647,FALSE,FALSE,0.0035637065014217286
Tbc1d20,-0.020348001019455886,0.8936571916464815,-0.019781357230463037,0.8999158369190376,0.008010791633611625,0.9737125519878691,Tbc1d20,FALSE,FALSE,FALSE,FALSE,0.016046716627843516,FALSE,FALSE,0.0035401364789239796
Desi1,0.011818995368201968,0.9521138355000625,-0.014855592210341939,0.9421333380025724,-0.020381866584023633,0.9465656818331815,Desi1,FALSE,FALSE,FALSE,FALSE,0.015685484720855847,FALSE,FALSE,0.0034424638872783972
Atp11a,-0.0012539263458091199,0.9931354263134826,-0.026753684933912503,0.8641415997279318,-0.01865141074460741,0.9365508379727022,Atp11a,FALSE,FALSE,FALSE,FALSE,0.015553007341443012,FALSE,FALSE,0.0034066436600743025
Cdan1,-0.008317070584840103,0.9684290258895502,-0.014601166270978183,0.9457216487369564,0.023373128137548882,0.9395305302721263,Cdan1,FALSE,FALSE,FALSE,FALSE,0.015430454997789056,FALSE,FALSE,0.003373507038459838
Dnal1,-0.007515483774197307,0.9551721912568223,-0.034132905224038446,0.7981597689196641,0.004095481257299305,0.9835144308273872,Dnal1,FALSE,FALSE,FALSE,FALSE,0.015247956751845019,FALSE,FALSE,0.0033241617942903205
Mtmr9,0.01565444787981818,0.9150409784258532,-0.022131702528490393,0.8836727456948127,-0.007917629869618636,0.9726791585577116,Mtmr9,FALSE,FALSE,FALSE,FALSE,0.015234593425975737,FALSE,FALSE,0.003320548518039223
Fbxo25,0.02701836417404646,0.8647830761278076,-0.007625088508667943,0.965968932971312,0.008788065241248866,0.9729700390588504,Fbxo25,FALSE,FALSE,FALSE,FALSE,0.01447717264132109,FALSE,FALSE,0.003115751406897058
Ankfy1,0.011944553657198043,0.9366128121060485,0.029331274838531485,0.8460621638377169,-0.001919235429703292,0.992718586099489,Ankfy1,FALSE,FALSE,FALSE,FALSE,0.01439835464181094,FALSE,FALSE,0.0030944400051865235
Msantd3,9.112650636811104e-4,0.9969949935861478,-0.012603101808299044,0.9665658378870856,-0.029616967884912526,0.9457686888827447,Msantd3,FALSE,FALSE,FALSE,FALSE,0.014377111585630894,FALSE,FALSE,0.0030886961483692224
Polr3e,-5.670742962866626e-4,0.9969949935861478,-0.02110970589238992,0.9047497625789792,-0.020938633240654703,0.9365508379727022,Polr3e,FALSE,FALSE,FALSE,FALSE,0.014205137809777094,FALSE,FALSE,0.003042196589338601
Vta1,-0.004672786320772282,0.977443001888163,-0.018969005359374513,0.9100845658391176,-0.01739019026898081,0.9457319773526798,Vta1,FALSE,FALSE,FALSE,FALSE,0.013677327316375868,FALSE,FALSE,0.0028994832304381343
Pcdhb17,-0.01264739423648198,0.9476998884576602,0.011792942967265851,0.9532535306953184,-0.014807967853947446,0.9615748313912464,Pcdhb17,FALSE,FALSE,FALSE,FALSE,0.013082768352565092,FALSE,FALSE,0.0027387219196066057
Cdk19,0.017095643472440525,0.9283718274489106,-0.014464960992186526,0.9418119204477002,0.00760953723554314,0.9790346417318468,Cdk19,FALSE,FALSE,FALSE,FALSE,0.01305671390005673,FALSE,FALSE,0.0027316771213726407
Gnai3,0.007756413924846939,0.9598640230896464,0.02037916146279084,0.8960844905744875,0.008599452921387751,0.9709984408155377,Gnai3,FALSE,FALSE,FALSE,FALSE,0.012245009436341844,FALSE,FALSE,0.002512202382049498
Numb,0.00620208132445299,0.9731126653806509,-0.023150942727364843,0.8983750712383071,0.006518808175979274,0.9812328423861192,Numb,FALSE,FALSE,FALSE,FALSE,0.011957277409265702,FALSE,FALSE,0.0024344032390603847
Phtf1,0.0038218869578221515,0.977443001888163,-0.02067208030246448,0.8828655505759795,-0.009613785653821871,0.9668564428691834,Phtf1,FALSE,FALSE,FALSE,FALSE,0.011369250971369501,FALSE,FALSE,0.002275408241568642
Mdc1,-0.012596401561370207,0.9431673409691217,-0.020039405084650852,0.9096707566535972,-0.0012918147144640457,0.9957254050020347,Mdc1,FALSE,FALSE,FALSE,FALSE,0.011309207120161702,FALSE,FALSE,0.0022591731348507635
E330009J07Rik,0.007274797120466303,0.9575521659928596,-0.00193287656905472,0.9882076017973906,0.024287703168861974,0.9041100524624835,E330009J07Rik,FALSE,FALSE,FALSE,FALSE,0.011165125619461,FALSE,FALSE,0.002220215298321382
Supt16,0.010727665894856742,0.9415146816460311,-0.005227855228140399,0.9731053265941999,-0.014141058185048294,0.9503375515041603,Supt16,FALSE,FALSE,FALSE,FALSE,0.010032193102681811,FALSE,FALSE,0.0019138845093383567
Paqr8,0.018301432380778415,0.9160763849140325,0.0017538810727160126,0.9917704937079204,0.0076118157906419626,0.9776367727529727,Paqr8,FALSE,FALSE,FALSE,FALSE,0.00922237641471213,FALSE,FALSE,0.0016949202009763585
Plxna2,-0.0011833756219878921,0.9964562992131245,0.02297412639369867,0.9387374694716745,0.0030871306548370114,0.9941541606685009,Plxna2,FALSE,FALSE,FALSE,FALSE,0.009081544223507857,FALSE,FALSE,0.0016568409371130002
Tnik,0.002237805032231144,0.9885205236558865,-0.0017624021518347632,0.991078925493891,-0.02029128773626976,0.9356595057239877,Tnik,FALSE,FALSE,FALSE,FALSE,0.008097164973445222,FALSE,FALSE,0.0013906770942854775
Atp6v1a,0.001899883190294993,0.9888274369536861,0.01854468816924193,0.8988135904205636,-0.001492284399688515,0.9942437822308332,Atp6v1a,FALSE,FALSE,FALSE,FALSE,0.007312285253075146,FALSE,FALSE,0.0011784554302085493
Utp3,0.0036631739101595784,0.9845600650364394,0.0051860530599965315,0.9804441993613267,1.2444793781263286e-5,0.9999130652025092,Utp3,FALSE,FALSE,FALSE,FALSE,0.0029538905879791244,FALSE,FALSE,0
